symbol,tf,time,open,high,low,close,tick_volume,spread,real_volume
WIN$D,M15,1617613200,178570.0,178910.0,178560.0,178890.0,131826,5,378461
WIN$D,M15,1617614100,178890.0,179225.0,178890.0,179165.0,148886,5,462068
WIN$D,M15,1617615000,179170.0,179370.0,179145.0,179320.0,108481,5,364676
WIN$D,M15,1617615900,179320.0,179360.0,179140.0,179205.0,110846,5,385474
WIN$D,M15,1617616800,179205.0,179745.0,179155.0,179690.0,208919,5,781189
WIN$D,M15,1617617700,179690.0,179910.0,179660.0,179775.0,186255,5,761968
WIN$D,M15,1617618600,179780.0,179940.0,179680.0,179745.0,160898,5,647009
WIN$D,M15,1617619500,179740.0,179950.0,179710.0,179770.0,129434,5,483563
WIN$D,M15,1617620400,179770.0,180055.0,179730.0,179955.0,162767,5,681541
WIN$D,M15,1617621300,179955.0,180120.0,179810.0,179875.0,168616,5,693604
WIN$D,M15,1617622200,179875.0,180055.0,179795.0,180040.0,139624,5,601136
WIN$D,M15,1617623100,180040.0,180240.0,179985.0,180070.0,156363,5,623730
WIN$D,M15,1617624000,180075.0,180145.0,179955.0,180055.0,98935,5,401603
WIN$D,M15,1617624900,180050.0,180130.0,179930.0,179975.0,85632,5,337914
WIN$D,M15,1617625800,179975.0,180180.0,179955.0,180165.0,89144,5,349761
WIN$D,M15,1617626700,180165.0,180220.0,180095.0,180205.0,81491,5,329722
WIN$D,M15,1617627600,180205.0,180240.0,179960.0,179975.0,98425,5,404021
WIN$D,M15,1617628500,179975.0,179980.0,179715.0,179730.0,120837,5,497504
WIN$D,M15,1617629400,179725.0,179805.0,179500.0,179590.0,166165,5,725030
WIN$D,M15,1617630300,179585.0,179980.0,179565.0,179830.0,140215,5,580767
WIN$D,M15,1617631200,179830.0,179940.0,179710.0,179835.0,98427,5,396678
WIN$D,M15,1617632100,179835.0,180070.0,179790.0,179840.0,121118,5,493819
WIN$D,M15,1617633000,179840.0,179920.0,179680.0,179825.0,110864,5,460553
WIN$D,M15,1617633900,179825.0,180240.0,179815.0,180080.0,161003,5,679301
WIN$D,M15,1617634800,180085.0,180125.0,179945.0,180120.0,101774,5,433095
WIN$D,M15,1617635700,180115.0,180455.0,180060.0,180310.0,162851,5,690212
WIN$D,M15,1617636600,180315.0,180430.0,180260.0,180370.0,87915,5,394283
WIN$D,M15,1617637500,180370.0,180655.0,180340.0,180380.0,146020,5,647755
WIN$D,M15,1617638400,180385.0,180445.0,180245.0,180390.0,102348,5,443052
WIN$D,M15,1617639300,180390.0,180550.0,180290.0,180450.0,97017,5,410765
WIN$D,M15,1617640200,180450.0,180720.0,180340.0,180670.0,116047,5,496157
WIN$D,M15,1617641100,180675.0,180745.0,180540.0,180630.0,87575,5,396355
WIN$D,M15,1617642000,180625.0,180670.0,180555.0,180640.0,50012,5,209891
WIN$D,M15,1617642900,180640.0,180725.0,180555.0,180660.0,47170,5,187376
WIN$D,M15,1617643800,180655.0,180810.0,180620.0,180700.0,50201,5,187756
WIN$D,M15,1617644700,180705.0,180710.0,180580.0,180580.0,23744,5,98506
WIN$D,M15,1617699600,180270.0,180515.0,180115.0,180255.0,172071,5,485323
WIN$D,M15,1617700500,180255.0,180290.0,180120.0,180195.0,94321,5,303033
WIN$D,M15,1617701400,180200.0,180255.0,180080.0,180205.0,108217,5,373116
WIN$D,M15,1617702300,180210.0,180565.0,180165.0,180555.0,176591,5,591650
WIN$D,M15,1617703200,180555.0,180760.0,180470.0,180555.0,239460,5,845138
WIN$D,M15,1617704100,180555.0,180620.0,180415.0,180445.0,147198,5,539521
WIN$D,M15,1617705000,180445.0,180850.0,180250.0,180750.0,306325,5,1113421
WIN$D,M15,1617705900,180750.0,180790.0,180330.0,180595.0,214267,5,789727
WIN$D,M15,1617706800,180600.0,180645.0,180240.0,180410.0,181332,5,663389
WIN$D,M15,1617707700,180405.0,180590.0,180265.0,180305.0,185537,5,762529
WIN$D,M15,1617708600,180305.0,180665.0,180160.0,180655.0,199255,5,841939
WIN$D,M15,1617709500,180655.0,181195.0,180505.0,181055.0,236863,5,926865
WIN$D,M15,1617710400,181055.0,181115.0,180905.0,180965.0,113311,5,441765
WIN$D,M15,1617711300,180965.0,180980.0,180590.0,180760.0,130669,5,496045
WIN$D,M15,1617712200,180760.0,180790.0,180545.0,180570.0,111270,5,424177
WIN$D,M15,1617713100,180570.0,180730.0,180555.0,180655.0,89142,5,381900
WIN$D,M15,1617714000,180650.0,180840.0,180600.0,180830.0,95285,5,414048
WIN$D,M15,1617714900,180830.0,181240.0,180795.0,181070.0,158859,5,610705
WIN$D,M15,1617715800,181070.0,181080.0,180780.0,180815.0,112158,5,433145
WIN$D,M15,1617716700,180810.0,180840.0,180720.0,180740.0,83646,5,344314
WIN$D,M15,1617717600,180735.0,180775.0,180460.0,180660.0,124921,5,493558
WIN$D,M15,1617718500,180665.0,180755.0,180345.0,180505.0,141104,5,539824
WIN$D,M15,1617719400,180510.0,180745.0,180380.0,180630.0,143508,5,551336
WIN$D,M15,1617720300,180630.0,180730.0,180495.0,180660.0,99729,5,381409
WIN$D,M15,1617721200,180660.0,181110.0,180580.0,180770.0,175822,5,699961
WIN$D,M15,1617722100,180770.0,180865.0,180690.0,180840.0,87102,5,353432
WIN$D,M15,1617723000,180845.0,180860.0,180670.0,180780.0,78669,5,327563
WIN$D,M15,1617723900,180780.0,180850.0,180595.0,180700.0,86881,5,363739
WIN$D,M15,1617724800,180700.0,180705.0,180300.0,180495.0,147031,5,608352
WIN$D,M15,1617725700,180495.0,180520.0,180360.0,180425.0,83052,5,349872
WIN$D,M15,1617726600,180420.0,180600.0,180325.0,180455.0,105940,5,445796
WIN$D,M15,1617727500,180455.0,180575.0,180315.0,180430.0,83683,5,338945
WIN$D,M15,1617728400,180430.0,180660.0,180395.0,180630.0,65362,5,256567
WIN$D,M15,1617729300,180630.0,180675.0,180580.0,180625.0,33665,5,129991
WIN$D,M15,1617730200,180625.0,180750.0,180615.0,180725.0,31960,5,111716
WIN$D,M15,1617731100,180730.0,180840.0,180685.0,180775.0,21227,5,74174
WIN$D,M15,1617786000,180600.0,180745.0,180370.0,180460.0,136089,5,389571
WIN$D,M15,1617786900,180460.0,180470.0,180190.0,180405.0,146262,5,464856
WIN$D,M15,1617787800,180400.0,180645.0,180400.0,180530.0,131262,5,422736
WIN$D,M15,1617788700,180530.0,180545.0,180185.0,180255.0,162964,5,547577
WIN$D,M15,1617789600,180255.0,180420.0,180050.0,180365.0,225878,5,773687
WIN$D,M15,1617790500,180360.0,180755.0,180240.0,180725.0,196862,5,716092
WIN$D,M15,1617791400,180725.0,181130.0,180650.0,180805.0,267355,5,998042
WIN$D,M15,1617792300,180810.0,181000.0,180695.0,180925.0,181790,5,661835
WIN$D,M15,1617793200,180925.0,180955.0,180655.0,180850.0,143738,5,530259
WIN$D,M15,1617794100,180845.0,180985.0,180690.0,180930.0,136237,5,494823
WIN$D,M15,1617795000,180930.0,181065.0,180840.0,180870.0,145453,5,575067
WIN$D,M15,1617795900,180870.0,180925.0,180490.0,180570.0,170173,5,692900
WIN$D,M15,1617796800,180565.0,180700.0,180315.0,180625.0,172711,5,646344
WIN$D,M15,1617797700,180625.0,180645.0,180435.0,180605.0,113608,5,439002
WIN$D,M15,1617798600,180605.0,180605.0,179705.0,179710.0,200045,5,767866
WIN$D,M15,1617799500,179710.0,180120.0,179660.0,179915.0,174095,5,663305
WIN$D,M15,1617800400,179910.0,180080.0,179865.0,180020.0,85138,5,334894
WIN$D,M15,1617801300,180025.0,180060.0,179810.0,180015.0,90434,5,344997
WIN$D,M15,1617802200,180020.0,180395.0,179995.0,180380.0,123803,5,469561
WIN$D,M15,1617803100,180380.0,181070.0,180365.0,180955.0,200415,5,823887
WIN$D,M15,1617804000,180960.0,181180.0,180865.0,180975.0,142585,5,587482
WIN$D,M15,1617804900,180970.0,181050.0,180890.0,180955.0,65697,5,263924
WIN$D,M15,1617805800,180955.0,181480.0,180850.0,181225.0,135415,5,535563
WIN$D,M15,1617806700,181220.0,181315.0,181080.0,181105.0,78198,5,325877
WIN$D,M15,1617807600,181105.0,181335.0,181030.0,181185.0,94907,5,371727
WIN$D,M15,1617808500,181190.0,181290.0,181005.0,181175.0,112956,5,464126
WIN$D,M15,1617809400,181180.0,181310.0,180800.0,181050.0,146266,5,598790
WIN$D,M15,1617810300,181050.0,181055.0,180490.0,180530.0,174288,5,740066
WIN$D,M15,1617811200,180530.0,180755.0,180340.0,180490.0,111840,5,437528
WIN$D,M15,1617812100,180490.0,180575.0,180360.0,180500.0,82978,5,343973
WIN$D,M15,1617813000,180500.0,180730.0,180420.0,180700.0,73851,5,290727
WIN$D,M15,1617813900,180700.0,180710.0,180430.0,180530.0,80980,5,331387
WIN$D,M15,1617814800,180535.0,180600.0,180490.0,180565.0,39979,5,154335
WIN$D,M15,1617815700,180565.0,180720.0,180500.0,180600.0,48831,5,184980
WIN$D,M15,1617816600,180605.0,180680.0,180550.0,180650.0,28991,5,102489
WIN$D,M15,1617817500,180650.0,180975.0,180600.0,180975.0,31411,5,110589
WIN$D,M15,1617872400,181225.0,181400.0,181005.0,181120.0,141046,5,391828
WIN$D,M15,1617873300,181120.0,181220.0,180990.0,181155.0,78998,5,237941
WIN$D,M15,1617874200,181155.0,181185.0,181020.0,181040.0,82372,5,261389
WIN$D,M15,1617875100,181040.0,181080.0,180715.0,180870.0,166362,5,536859
WIN$D,M15,1617876000,180870.0,180900.0,180610.0,180770.0,176803,5,582810
WIN$D,M15,1617876900,180770.0,180895.0,180630.0,180745.0,142150,5,483437
WIN$D,M15,1617877800,180745.0,181020.0,180545.0,180805.0,278763,5,978061
WIN$D,M15,1617878700,180805.0,180960.0,180640.0,180895.0,165714,5,610221
WIN$D,M15,1617879600,180900.0,180925.0,180510.0,180640.0,174563,5,640866
WIN$D,M15,1617880500,180640.0,180820.0,180495.0,180685.0,154872,5,569665
WIN$D,M15,1617881400,180680.0,180805.0,180440.0,180795.0,125760,5,479763
WIN$D,M15,1617882300,180800.0,180830.0,180530.0,180605.0,106723,5,395445
WIN$D,M15,1617883200,180605.0,180735.0,180465.0,180500.0,100601,5,343959
WIN$D,M15,1617884100,180495.0,180855.0,180390.0,180840.0,130528,5,462507
WIN$D,M15,1617885000,180840.0,181245.0,180825.0,181220.0,146136,5,524674
WIN$D,M15,1617885900,181215.0,181590.0,181140.0,181415.0,167898,5,624362
WIN$D,M15,1617886800,181415.0,181540.0,181360.0,181410.0,71725,5,263551
WIN$D,M15,1617887700,181410.0,182000.0,181335.0,181830.0,134283,5,486043
WIN$D,M15,1617888600,181830.0,181860.0,181585.0,181585.0,116958,5,405452
WIN$D,M15,1617889500,181590.0,181665.0,181280.0,181365.0,122274,5,458520
WIN$D,M15,1617890400,181360.0,181405.0,181195.0,181255.0,106752,5,401794
WIN$D,M15,1617891300,181255.0,181305.0,181110.0,181225.0,88452,5,331020
WIN$D,M15,1617892200,181230.0,181265.0,181015.0,181145.0,118668,5,497343
WIN$D,M15,1617893100,181140.0,181245.0,181025.0,181075.0,104750,5,449011
WIN$D,M15,1617894000,181070.0,181360.0,180945.0,181335.0,128822,5,520616
WIN$D,M15,1617894900,181335.0,181405.0,181210.0,181375.0,103103,5,422640
WIN$D,M15,1617895800,181380.0,181530.0,181180.0,181200.0,148539,5,642255
WIN$D,M15,1617896700,181205.0,181335.0,180965.0,181290.0,154213,5,711076
WIN$D,M15,1617897600,181290.0,181525.0,181245.0,181380.0,121242,5,537232
WIN$D,M15,1617898500,181385.0,181550.0,181335.0,181480.0,112129,5,524384
WIN$D,M15,1617899400,181480.0,181490.0,181305.0,181375.0,63701,5,248527
WIN$D,M15,1617900300,181380.0,181465.0,181325.0,181350.0,56210,5,231318
WIN$D,M15,1617901200,181350.0,181425.0,181140.0,181150.0,72313,5,257527
WIN$D,M15,1617902100,181150.0,181280.0,181065.0,181210.0,50860,5,178701
WIN$D,M15,1617903000,181205.0,181240.0,181115.0,181195.0,29134,5,94397
WIN$D,M15,1617903900,181190.0,181380.0,181190.0,181230.0,24098,5,76609
WIN$D,M15,1617958800,181020.0,181105.0,180675.0,180725.0,122198,5,344578
WIN$D,M15,1617959700,180725.0,180785.0,180515.0,180615.0,106434,5,320764
WIN$D,M15,1617960600,180615.0,180690.0,180430.0,180510.0,121465,5,370605
WIN$D,M15,1617961500,180510.0,180675.0,180445.0,180670.0,126267,5,399561
WIN$D,M15,1617962400,180670.0,180675.0,180185.0,180410.0,228885,5,753680
WIN$D,M15,1617963300,180410.0,180625.0,180350.0,180550.0,156511,5,529844
WIN$D,M15,1617964200,180550.0,180825.0,180445.0,180790.0,239828,5,870097
WIN$D,M15,1617965100,180790.0,180910.0,180655.0,180775.0,152018,5,558035
WIN$D,M15,1617966000,180770.0,180915.0,180695.0,180730.0,146630,5,531626
WIN$D,M15,1617966900,180735.0,180975.0,180655.0,180965.0,185467,5,654791
WIN$D,M15,1617967800,180965.0,181125.0,180795.0,180950.0,173992,5,641944
WIN$D,M15,1617968700,180955.0,181255.0,180880.0,181155.0,176117,5,655894
WIN$D,M15,1617969600,181155.0,181240.0,180920.0,181000.0,121177,5,444401
WIN$D,M15,1617970500,180995.0,181075.0,180835.0,180960.0,98262,5,350897
WIN$D,M15,1617971400,180965.0,181205.0,180900.0,181205.0,109597,5,399808
WIN$D,M15,1617972300,181200.0,181675.0,181150.0,181570.0,189142,5,736831
WIN$D,M15,1617973200,181570.0,181570.0,181235.0,181240.0,114644,5,434746
WIN$D,M15,1617974100,181235.0,181430.0,181130.0,181370.0,95642,5,330193
WIN$D,M15,1617975000,181365.0,181410.0,181240.0,181360.0,60732,5,220342
WIN$D,M15,1617975900,181355.0,181520.0,181280.0,181495.0,86328,5,343592
WIN$D,M15,1617976800,181495.0,181505.0,181215.0,181255.0,83718,5,315964
WIN$D,M15,1617977700,181260.0,181355.0,181085.0,181145.0,98360,5,364754
WIN$D,M15,1617978600,181150.0,181305.0,181115.0,181200.0,82156,5,305267
WIN$D,M15,1617979500,181195.0,181290.0,180710.0,180755.0,118578,5,478412
WIN$D,M15,1617980400,180755.0,181050.0,180425.0,181010.0,202272,5,797512
WIN$D,M15,1617981300,181010.0,181210.0,180965.0,181085.0,131102,5,507962
WIN$D,M15,1617982200,181085.0,181125.0,180845.0,180995.0,115265,5,449787
WIN$D,M15,1617983100,180995.0,180995.0,180680.0,180795.0,102818,5,393476
WIN$D,M15,1617984000,180795.0,180985.0,180785.0,180905.0,81514,5,310499
WIN$D,M15,1617984900,180905.0,181100.0,180690.0,180700.0,102181,5,396650
WIN$D,M15,1617985800,180700.0,180950.0,180680.0,180795.0,95025,5,373932
WIN$D,M15,1617986700,180795.0,180935.0,180745.0,180815.0,74067,5,313168
WIN$D,M15,1617987600,180815.0,180865.0,180480.0,180500.0,73346,5,267033
WIN$D,M15,1617988500,180500.0,180730.0,180465.0,180670.0,50067,5,174220
WIN$D,M15,1617989400,180670.0,180825.0,180580.0,180665.0,57442,5,186030
WIN$D,M15,1617990300,180670.0,180960.0,180625.0,180780.0,28445,5,79314
WIN$D,M15,1618218000,180455.0,181020.0,180410.0,180950.0,122099,5,351685
WIN$D,M15,1618218900,180950.0,181115.0,180895.0,180925.0,103587,5,323855
WIN$D,M15,1618219800,180925.0,181035.0,180865.0,180945.0,96105,5,335074
WIN$D,M15,1618220700,180950.0,181020.0,180885.0,181000.0,64847,5,227109
WIN$D,M15,1618221600,181005.0,181500.0,180835.0,181380.0,265942,5,936216
WIN$D,M15,1618222500,181380.0,181445.0,181285.0,181365.0,117014,5,422068
WIN$D,M15,1618223400,181365.0,181425.0,181120.0,181200.0,198007,5,727298
WIN$D,M15,1618224300,181200.0,181520.0,181105.0,181270.0,193333,5,701499
WIN$D,M15,1618225200,181265.0,181485.0,181215.0,181340.0,148313,5,561766
WIN$D,M15,1618226100,181345.0,181545.0,181305.0,181380.0,137442,5,517507
WIN$D,M15,1618227000,181380.0,181465.0,181290.0,181355.0,96270,5,372413
WIN$D,M15,1618227900,181350.0,181510.0,181300.0,181435.0,96412,5,366882
WIN$D,M15,1618228800,181435.0,181525.0,181225.0,181310.0,112120,5,435965
WIN$D,M15,1618229700,181310.0,181460.0,181265.0,181460.0,91640,5,352963
WIN$D,M15,1618230600,181455.0,181660.0,181450.0,181515.0,144413,5,556713
WIN$D,M15,1618231500,181510.0,181605.0,181340.0,181395.0,91669,5,338516
WIN$D,M15,1618232400,181390.0,181455.0,181255.0,181310.0,88548,5,329157
WIN$D,M15,1618233300,181310.0,181580.0,181285.0,181445.0,121564,5,471882
WIN$D,M15,1618234200,181450.0,181600.0,181435.0,181510.0,69424,5,266254
WIN$D,M15,1618235100,181515.0,181550.0,181405.0,181430.0,72501,5,265381
WIN$D,M15,1618236000,181430.0,181615.0,181385.0,181450.0,92666,5,364296
WIN$D,M15,1618236900,181450.0,181465.0,181350.0,181445.0,68381,5,258730
WIN$D,M15,1618237800,181445.0,181505.0,181355.0,181440.0,76563,5,290082
WIN$D,M15,1618238700,181440.0,181770.0,181440.0,181750.0,135001,5,532928
WIN$D,M15,1618239600,181750.0,181820.0,181630.0,181740.0,110651,5,436591
WIN$D,M15,1618240500,181735.0,181795.0,181650.0,181740.0,67833,5,259318
WIN$D,M15,1618241400,181735.0,181770.0,181315.0,181380.0,147786,5,593266
WIN$D,M15,1618242300,181375.0,181605.0,181235.0,181585.0,161232,5,648513
WIN$D,M15,1618243200,181585.0,181600.0,181490.0,181515.0,70337,5,292282
WIN$D,M15,1618244100,181510.0,181800.0,181485.0,181715.0,113047,5,444546
WIN$D,M15,1618245000,181715.0,181730.0,181565.0,181640.0,70137,5,285944
WIN$D,M15,1618245900,181640.0,181800.0,181580.0,181780.0,86927,5,357935
WIN$D,M15,1618246800,181780.0,181910.0,181750.0,181820.0,67116,5,257691
WIN$D,M15,1618247700,181820.0,181930.0,181815.0,181885.0,44983,5,166514
WIN$D,M15,1618248600,181890.0,181890.0,181685.0,181760.0,48623,5,179936
WIN$D,M15,1618249500,181755.0,181810.0,181640.0,181695.0,31620,5,126215
WIN$D,M15,1618304400,181135.0,181205.0,180860.0,181160.0,156862,5,440536
WIN$D,M15,1618305300,181155.0,181450.0,181030.0,181395.0,158708,5,501945
WIN$D,M15,1618306200,181390.0,181640.0,181315.0,181570.0,150098,5,529583
WIN$D,M15,1618307100,181570.0,181590.0,181480.0,181550.0,62432,5,233495
WIN$D,M15,1618308000,181550.0,181710.0,181415.0,181505.0,188617,5,714115
WIN$D,M15,1618308900,181505.0,181565.0,180930.0,181070.0,246215,5,835620
WIN$D,M15,1618309800,181075.0,181275.0,180970.0,181125.0,205240,5,822643
WIN$D,M15,1618310700,181125.0,181545.0,181020.0,181265.0,212146,5,813691
WIN$D,M15,1618311600,181265.0,181400.0,181105.0,181240.0,177700,5,663918
WIN$D,M15,1618312500,181240.0,181490.0,181030.0,181475.0,176770,5,674351
WIN$D,M15,1618313400,181470.0,181570.0,181265.0,181380.0,146468,5,559717
WIN$D,M15,1618314300,181380.0,181855.0,181350.0,181510.0,199049,5,780082
WIN$D,M15,1618315200,181505.0,181575.0,181430.0,181500.0,82256,5,302994
WIN$D,M15,1618316100,181505.0,182080.0,181450.0,182010.0,172285,5,667904
WIN$D,M15,1618317000,182010.0,182240.0,181955.0,182235.0,142050,5,555486
WIN$D,M15,1618317900,182235.0,182325.0,182135.0,182280.0,98642,5,380753
WIN$D,M15,1618318800,182285.0,182420.0,182240.0,182375.0,81095,5,326970
WIN$D,M15,1618319700,182370.0,182425.0,182270.0,182330.0,71387,5,286232
WIN$D,M15,1618320600,182335.0,182405.0,182280.0,182400.0,62107,5,242535
WIN$D,M15,1618321500,182400.0,182455.0,182310.0,182420.0,71357,5,282711
WIN$D,M15,1618322400,182425.0,182520.0,182355.0,182375.0,86078,5,347392
WIN$D,M15,1618323300,182375.0,182520.0,182330.0,182365.0,81592,5,320584
WIN$D,M15,1618324200,182370.0,182545.0,182335.0,182485.0,80219,5,316197
WIN$D,M15,1618325100,182485.0,182510.0,182380.0,182415.0,60921,5,241739
WIN$D,M15,1618326000,182415.0,182445.0,182300.0,182320.0,77335,5,331873
WIN$D,M15,1618326900,182320.0,182340.0,182085.0,182135.0,105755,5,421752
WIN$D,M15,1618327800,182135.0,182400.0,182115.0,182245.0,120529,5,490721
WIN$D,M15,1618328700,182250.0,182290.0,182130.0,182190.0,83868,5,336856
WIN$D,M15,1618329600,182185.0,182350.0,182105.0,182290.0,93678,5,396600
WIN$D,M15,1618330500,182295.0,182300.0,182150.0,182165.0,77994,5,327531
WIN$D,M15,1618331400,182170.0,182175.0,182010.0,182115.0,97862,5,421167
WIN$D,M15,1618332300,182115.0,182170.0,182065.0,182120.0,58778,5,265914
WIN$D,M15,1618333200,182120.0,182260.0,182105.0,182255.0,45857,5,189304
WIN$D,M15,1618334100,182255.0,182305.0,182080.0,182140.0,47105,5,178543
WIN$D,M15,1618335000,182145.0,182290.0,182110.0,182150.0,43036,5,162318
WIN$D,M15,1618335900,182140.0,182205.0,181990.0,181990.0,24636,5,83407
WIN$D,M15,1618390800,181880.0,182410.0,181880.0,182295.0,103913,5,301418
WIN$D,M15,1618391700,182290.0,182380.0,182155.0,182185.0,82516,5,255775
WIN$D,M15,1618392600,182180.0,182250.0,182120.0,182155.0,75706,5,260456
WIN$D,M15,1618393500,182160.0,182270.0,182025.0,182095.0,115608,5,412915
WIN$D,M15,1618394400,182090.0,182655.0,182015.0,182575.0,204100,5,759579
WIN$D,M15,1618395300,182580.0,182630.0,182340.0,182490.0,136416,5,509050
WIN$D,M15,1618396200,182485.0,182940.0,182480.0,182785.0,205813,5,788097
WIN$D,M15,1618397100,182790.0,183065.0,182750.0,182985.0,129968,5,514807
WIN$D,M15,1618398000,182985.0,183085.0,182930.0,183000.0,84787,5,329212
WIN$D,M15,1618398900,182995.0,183070.0,182940.0,182975.0,72935,5,310672
WIN$D,M15,1618399800,182975.0,183220.0,182970.0,183150.0,108519,5,433426
WIN$D,M15,1618400700,183155.0,183340.0,183135.0,183315.0,78634,5,322426
WIN$D,M15,1618401600,183315.0,183350.0,183205.0,183270.0,66600,5,263497
WIN$D,M15,1618402500,183270.0,183340.0,183165.0,183320.0,64191,5,261083
WIN$D,M15,1618403400,183315.0,183335.0,183195.0,183220.0,40675,5,166676
WIN$D,M15,1618404300,183215.0,183290.0,183210.0,183280.0,34069,5,150572
WIN$D,M15,1618405200,183275.0,183290.0,183145.0,183185.0,64377,5,264634
WIN$D,M15,1618406100,183190.0,183275.0,183170.0,183210.0,38698,5,156764
WIN$D,M15,1618407000,183210.0,183590.0,183195.0,183465.0,82251,5,360963
WIN$D,M15,1618407900,183460.0,183760.0,183375.0,183690.0,118919,5,501339
WIN$D,M15,1618408800,183690.0,183700.0,183455.0,183580.0,73401,5,311231
WIN$D,M15,1618409700,183585.0,183735.0,183545.0,183595.0,77126,5,341209
WIN$D,M15,1618410600,183600.0,183630.0,183360.0,183435.0,83761,5,371496
WIN$D,M15,1618411500,183430.0,183480.0,183245.0,183345.0,83126,5,370281
WIN$D,M15,1618412400,183350.0,183375.0,182935.0,183210.0,158423,5,650852
WIN$D,M15,1618413300,183215.0,183350.0,183150.0,183235.0,84396,5,357361
WIN$D,M15,1618414200,183235.0,183275.0,183065.0,183185.0,80463,5,358094
WIN$D,M15,1618415100,183180.0,183205.0,182945.0,183035.0,76273,5,363290
WIN$D,M15,1618416000,183040.0,183130.0,182875.0,183125.0,114166,5,516570
WIN$D,M15,1618416900,183125.0,183215.0,183065.0,183165.0,75286,5,338230
WIN$D,M15,1618417800,183165.0,183290.0,183070.0,183250.0,74665,5,336473
WIN$D,M15,1618418700,183255.0,183270.0,183070.0,183120.0,63431,5,293813
WIN$D,M15,1618419600,183125.0,183200.0,183035.0,183060.0,42704,5,184914
WIN$D,M15,1618420500,183060.0,183120.0,183015.0,183100.0,31701,5,131829
WIN$D,M15,1618421400,183095.0,183180.0,183075.0,183125.0,26293,5,102833
WIN$D,M15,1618422300,183125.0,183215.0,183045.0,183215.0,18466,5,70689
WIN$D,M15,1618477200,183390.0,183460.0,183210.0,183375.0,134951,5,392133
WIN$D,M15,1618478100,183380.0,183485.0,183270.0,183360.0,107247,5,343531
WIN$D,M15,1618479000,183360.0,183455.0,183150.0,183310.0,111469,5,394421
WIN$D,M15,1618479900,183305.0,183640.0,183280.0,183555.0,141738,5,473468
WIN$D,M15,1618480800,183550.0,183885.0,183430.0,183855.0,188058,5,694438
WIN$D,M15,1618481700,183860.0,184070.0,183715.0,183970.0,190019,5,715657
WIN$D,M15,1618482600,183975.0,184270.0,183940.0,183965.0,196817,5,788469
WIN$D,M15,1618483500,183970.0,184135.0,183825.0,184000.0,161983,5,592396
WIN$D,M15,1618484400,183995.0,184035.0,183700.0,183855.0,176673,5,627971
WIN$D,M15,1618485300,183855.0,183910.0,183665.0,183720.0,144466,5,614505
WIN$D,M15,1618486200,183715.0,183780.0,183510.0,183570.0,145125,5,639544
WIN$D,M15,1618487100,183570.0,183615.0,183090.0,183365.0,178863,5,788283
WIN$D,M15,1618488000,183360.0,183555.0,183295.0,183455.0,129159,5,578309
WIN$D,M15,1618488900,183455.0,183575.0,183345.0,183550.0,116108,5,530426
WIN$D,M15,1618489800,183550.0,183650.0,183385.0,183580.0,122411,5,495511
WIN$D,M15,1618490700,183575.0,183630.0,183360.0,183575.0,111726,5,421570
WIN$D,M15,1618491600,183580.0,183730.0,183500.0,183525.0,99963,5,384974
WIN$D,M15,1618492500,183520.0,183895.0,183505.0,183840.0,99005,5,398263
WIN$D,M15,1618493400,183840.0,183950.0,183750.0,183765.0,103690,5,448173
WIN$D,M15,1618494300,183765.0,183775.0,183520.0,183535.0,114264,5,485902
WIN$D,M15,1618495200,183530.0,183690.0,183435.0,183470.0,120502,5,513712
WIN$D,M15,1618496100,183470.0,183550.0,183260.0,183325.0,111888,5,446172
WIN$D,M15,1618497000,183325.0,183500.0,183230.0,183490.0,115528,5,491065
WIN$D,M15,1618497900,183490.0,183630.0,183230.0,183550.0,170702,5,749257
WIN$D,M15,1618498800,183550.0,183590.0,182990.0,182990.0,161240,5,691883
WIN$D,M15,1618499700,182990.0,183375.0,182930.0,183345.0,136155,5,503384
WIN$D,M15,1618500600,183350.0,183460.0,183245.0,183445.0,109518,5,437230
WIN$D,M15,1618501500,183440.0,183525.0,183385.0,183455.0,86080,5,356413
WIN$D,M15,1618502400,183460.0,183505.0,183315.0,183405.0,94506,5,402867
WIN$D,M15,1618503300,183400.0,183570.0,183210.0,183240.0,109762,5,413109
WIN$D,M15,1618504200,183240.0,183525.0,183235.0,183510.0,91093,5,351473
WIN$D,M15,1618505100,183505.0,183535.0,183215.0,183490.0,84787,5,331393
WIN$D,M15,1618506000,183490.0,183590.0,183310.0,183355.0,59255,5,210939
WIN$D,M15,1618506900,183355.0,183465.0,183325.0,183455.0,30832,5,100415
WIN$D,M15,1618507800,183450.0,183575.0,183390.0,183560.0,33553,5,115885
WIN$D,M15,1618508700,183555.0,183685.0,183510.0,183640.0,21997,5,71940
WIN$D,M15,1618563600,183590.0,183800.0,183485.0,183615.0,134773,5,392546
WIN$D,M15,1618564500,183615.0,183725.0,183400.0,183440.0,135033,5,416359
WIN$D,M15,1618565400,183440.0,183440.0,183270.0,183345.0,103909,5,354931
WIN$D,M15,1618566300,183345.0,183435.0,183280.0,183360.0,94160,5,329293
WIN$D,M15,1618567200,183365.0,183415.0,183175.0,183290.0,203237,5,750010
WIN$D,M15,1618568100,183290.0,183605.0,183205.0,183590.0,198121,5,728375
WIN$D,M15,1618569000,183590.0,183860.0,183350.0,183410.0,264455,5,1070777
WIN$D,M15,1618569900,183410.0,183465.0,183045.0,183100.0,179144,5,754481
WIN$D,M15,1618570800,183100.0,183290.0,183010.0,183250.0,155921,5,608839
WIN$D,M15,1618571700,183245.0,183320.0,183140.0,183300.0,106483,5,431984
WIN$D,M15,1618572600,183305.0,183730.0,183295.0,183620.0,193150,5,781426
WIN$D,M15,1618573500,183620.0,183760.0,183515.0,183520.0,130146,5,522755
WIN$D,M15,1618574400,183515.0,183790.0,183490.0,183620.0,128275,5,533805
WIN$D,M15,1618575300,183615.0,183870.0,183570.0,183735.0,122002,5,522943
WIN$D,M15,1618576200,183740.0,183775.0,183560.0,183600.0,91529,5,398477
WIN$D,M15,1618577100,183595.0,183960.0,183570.0,183760.0,124217,5,510500
WIN$D,M15,1618578000,183760.0,183865.0,183700.0,183845.0,91638,5,386026
WIN$D,M15,1618578900,183850.0,184055.0,183810.0,183815.0,114776,5,465963
WIN$D,M15,1618579800,183820.0,183875.0,183745.0,183765.0,80063,5,395669
WIN$D,M15,1618580700,183770.0,183795.0,183585.0,183760.0,101635,5,446936
WIN$D,M15,1618581600,183755.0,183825.0,183680.0,183725.0,71688,5,337114
WIN$D,M15,1618582500,183720.0,183915.0,183695.0,183880.0,96158,5,431434
WIN$D,M15,1618583400,183880.0,183965.0,183780.0,183895.0,74658,5,322882
WIN$D,M15,1618584300,183900.0,184140.0,183855.0,184055.0,107177,5,480309
WIN$D,M15,1618585200,184060.0,184235.0,184030.0,184125.0,106789,5,445727
WIN$D,M15,1618586100,184125.0,184250.0,184050.0,184065.0,88526,5,389828
WIN$D,M15,1618587000,184060.0,184075.0,183920.0,183960.0,84221,5,419701
WIN$D,M15,1618587900,183955.0,184000.0,183870.0,183940.0,83394,5,395037
WIN$D,M15,1618588800,183945.0,183980.0,183790.0,183940.0,77238,5,339607
WIN$D,M15,1618589700,183940.0,184010.0,183715.0,183835.0,94108,5,402404
WIN$D,M15,1618590600,183835.0,183875.0,183705.0,183860.0,72736,5,314008
WIN$D,M15,1618591500,183860.0,183975.0,183805.0,183895.0,78057,5,351000
WIN$D,M15,1618592400,183890.0,184035.0,183855.0,184020.0,40927,5,175281
WIN$D,M15,1618593300,184025.0,184060.0,183930.0,183990.0,36236,5,146479
WIN$D,M15,1618594200,183985.0,184015.0,183885.0,183935.0,27465,5,115611
WIN$D,M15,1618595100,183930.0,184010.0,183910.0,184010.0,16085,5,65745
WIN$D,M15,1618822800,183890.0,184315.0,183855.0,184070.0,129913,5,389048
WIN$D,M15,1618823700,184070.0,184125.0,183980.0,184060.0,93994,5,305196
WIN$D,M15,1618824600,184060.0,184065.0,183870.0,183940.0,116361,5,398467
WIN$D,M15,1618825500,183940.0,184000.0,183910.0,183920.0,52120,5,187063
WIN$D,M15,1618826400,183925.0,183940.0,183695.0,183760.0,173689,5,615887
WIN$D,M15,1618827300,183760.0,183930.0,183655.0,183670.0,171217,5,596347
WIN$D,M15,1618828200,183675.0,184100.0,183610.0,183900.0,253986,5,935839
WIN$D,M15,1618829100,183900.0,184025.0,183720.0,183830.0,178396,5,652993
WIN$D,M15,1618830000,183830.0,183880.0,183480.0,183700.0,211913,5,823350
WIN$D,M15,1618830900,183705.0,184185.0,183580.0,184175.0,204481,5,837169
WIN$D,M15,1618831800,184170.0,184455.0,184145.0,184160.0,182735,5,768312
WIN$D,M15,1618832700,184160.0,184280.0,184010.0,184015.0,126046,5,562156
WIN$D,M15,1618833600,184015.0,184485.0,183915.0,184345.0,195024,5,826972
WIN$D,M15,1618834500,184350.0,184820.0,184230.0,184785.0,158785,5,673993
WIN$D,M15,1618835400,184785.0,184865.0,184500.0,184515.0,114487,5,447088
WIN$D,M15,1618836300,184510.0,184625.0,184455.0,184560.0,81150,5,331150
WIN$D,M15,1618837200,184560.0,184685.0,184430.0,184510.0,99004,5,380048
WIN$D,M15,1618838100,184510.0,184750.0,184430.0,184475.0,80841,5,300927
WIN$D,M15,1618839000,184470.0,184480.0,184110.0,184115.0,121237,5,481566
WIN$D,M15,1618839900,184115.0,184230.0,184015.0,184185.0,99108,5,394581
WIN$D,M15,1618840800,184180.0,184345.0,184155.0,184210.0,91362,5,367256
WIN$D,M15,1618841700,184205.0,184365.0,184170.0,184330.0,71005,5,263735
WIN$D,M15,1618842600,184330.0,184500.0,184255.0,184345.0,110512,5,397697
WIN$D,M15,1618843500,184350.0,184395.0,184210.0,184315.0,73680,5,284684
WIN$D,M15,1618844400,184310.0,184415.0,184215.0,184400.0,83474,5,314435
WIN$D,M15,1618845300,184400.0,184750.0,184335.0,184510.0,130756,5,488954
WIN$D,M15,1618846200,184505.0,184515.0,184120.0,184230.0,127750,5,527457
WIN$D,M15,1618847100,184235.0,184325.0,184155.0,184270.0,76441,5,317722
WIN$D,M15,1618848000,184270.0,184340.0,184115.0,184185.0,88250,5,348215
WIN$D,M15,1618848900,184180.0,184205.0,183440.0,183525.0,182561,5,778777
WIN$D,M15,1618849800,183520.0,183900.0,183460.0,183860.0,107592,5,461493
WIN$D,M15,1618850700,183860.0,183930.0,183815.0,183865.0,72577,5,317678
WIN$D,M15,1618851600,183865.0,183890.0,183655.0,183720.0,50573,5,208297
WIN$D,M15,1618852500,183725.0,183800.0,183685.0,183710.0,32165,5,128304
WIN$D,M15,1618853400,183710.0,183815.0,183650.0,183795.0,32826,5,131344
WIN$D,M15,1618854300,183800.0,183840.0,183720.0,183735.0,16016,5,68042
WIN$D,M15,1618909200,183290.0,183495.0,183185.0,183385.0,117182,5,348231
WIN$D,M15,1618910100,183385.0,183590.0,183355.0,183375.0,124030,5,388034
WIN$D,M15,1618911000,183375.0,183440.0,183335.0,183405.0,69784,5,241015
WIN$D,M15,1618911900,183410.0,183455.0,183310.0,183430.0,77359,5,278337
WIN$D,M15,1618912800,183430.0,183910.0,183340.0,183895.0,249115,5,926036
WIN$D,M15,1618913700,183895.0,184155.0,183850.0,183900.0,199366,5,778087
WIN$D,M15,1618914600,183900.0,184005.0,183635.0,183665.0,202380,5,812137
WIN$D,M15,1618915500,183665.0,183670.0,183125.0,183315.0,277376,5,1161974
WIN$D,M15,1618916400,183315.0,183810.0,183240.0,183780.0,175953,5,722053
WIN$D,M15,1618917300,183785.0,183880.0,183645.0,183730.0,167940,5,656524
WIN$D,M15,1618918200,183735.0,183745.0,183265.0,183305.0,165575,5,674363
WIN$D,M15,1618919100,183305.0,183485.0,183170.0,183395.0,160891,5,661929
WIN$D,M15,1618920000,183400.0,183540.0,183235.0,183485.0,127417,5,504387
WIN$D,M15,1618920900,183485.0,183505.0,182900.0,183025.0,179176,5,756060
WIN$D,M15,1618921800,183025.0,183115.0,182800.0,183085.0,152030,5,628170
WIN$D,M15,1618922700,183085.0,183255.0,182940.0,183240.0,108219,5,454582
WIN$D,M15,1618923600,183235.0,183320.0,183025.0,183080.0,104373,5,423942
WIN$D,M15,1618924500,183080.0,183150.0,182895.0,182975.0,89417,5,360956
WIN$D,M15,1618925400,182975.0,183065.0,182900.0,182920.0,69292,5,281126
WIN$D,M15,1618926300,182925.0,183000.0,182705.0,182860.0,90241,5,379537
WIN$D,M15,1618927200,182860.0,182865.0,182650.0,182810.0,92481,5,376136
WIN$D,M15,1618928100,182810.0,182925.0,182655.0,182805.0,96974,5,396024
WIN$D,M15,1618929000,182805.0,183020.0,182760.0,182960.0,89110,5,367266
WIN$D,M15,1618929900,182955.0,183160.0,182850.0,183090.0,99904,5,414438
WIN$D,M15,1618930800,183090.0,183240.0,182865.0,182890.0,109389,5,453365
WIN$D,M15,1618931700,182890.0,183020.0,182755.0,182840.0,99488,5,391662
WIN$D,M15,1618932600,182845.0,182960.0,182715.0,182950.0,88647,5,365759
WIN$D,M15,1618933500,182950.0,182955.0,182720.0,182795.0,78719,5,321769
WIN$D,M15,1618934400,182790.0,183000.0,182780.0,182990.0,68750,5,286304
WIN$D,M15,1618935300,182990.0,183020.0,182785.0,182785.0,65716,5,262985
WIN$D,M15,1618936200,182790.0,182980.0,182660.0,182965.0,99740,5,416352
WIN$D,M15,1618937100,182960.0,183040.0,182880.0,182945.0,73879,5,302530
WIN$D,M15,1618938000,182945.0,182960.0,182725.0,182765.0,59645,5,242115
WIN$D,M15,1618938900,182770.0,182800.0,182665.0,182705.0,32833,5,132160
WIN$D,M15,1618939800,182705.0,182745.0,182670.0,182715.0,26223,5,103932
WIN$D,M15,1618940700,182720.0,182780.0,182645.0,182660.0,22038,5,70993
WIN$D,M15,1619082000,183165.0,183370.0,182855.0,183295.0,155385,5,434234
WIN$D,M15,1619082900,183290.0,183435.0,183240.0,183285.0,112531,5,348288
WIN$D,M15,1619083800,183290.0,183480.0,183260.0,183410.0,111523,5,359665
WIN$D,M15,1619084700,183410.0,183565.0,183405.0,183545.0,93902,5,325315
WIN$D,M15,1619085600,183550.0,183810.0,183530.0,183600.0,192386,5,649082
WIN$D,M15,1619086500,183595.0,183660.0,183380.0,183640.0,173516,5,611992
WIN$D,M15,1619087400,183640.0,183850.0,183480.0,183550.0,238029,5,896073
WIN$D,M15,1619088300,183550.0,183600.0,182615.0,182665.0,285786,5,1127726
WIN$D,M15,1619089200,182670.0,182765.0,182400.0,182575.0,213015,5,836592
WIN$D,M15,1619090100,182575.0,183255.0,182570.0,183230.0,208430,5,819993
WIN$D,M15,1619091000,183230.0,183725.0,183180.0,183195.0,198071,5,823833
WIN$D,M15,1619091900,183195.0,183290.0,182905.0,183000.0,157279,5,644987
WIN$D,M15,1619092800,183000.0,183180.0,182930.0,183095.0,111952,5,474356
WIN$D,M15,1619093700,183095.0,183205.0,182915.0,182950.0,93339,5,393120
WIN$D,M15,1619094600,182950.0,183180.0,182805.0,183145.0,139774,5,547501
WIN$D,M15,1619095500,183145.0,183240.0,182990.0,183020.0,99201,5,376573
WIN$D,M15,1619096400,183020.0,183210.0,182915.0,183140.0,95866,5,374958
WIN$D,M15,1619097300,183140.0,183410.0,183115.0,183205.0,128876,5,503157
WIN$D,M15,1619098200,183205.0,183320.0,183025.0,183200.0,98970,5,383108
WIN$D,M15,1619099100,183200.0,183220.0,183005.0,183055.0,91057,5,349812
WIN$D,M15,1619100000,183055.0,183170.0,182065.0,182360.0,251007,5,1030964
WIN$D,M15,1619100900,182355.0,182620.0,182015.0,182565.0,186241,5,722792
WIN$D,M15,1619101800,182565.0,182640.0,182130.0,182155.0,145358,5,572638
WIN$D,M15,1619102700,182155.0,182590.0,182110.0,182445.0,146622,5,582480
WIN$D,M15,1619103600,182445.0,182540.0,182130.0,182535.0,130726,5,494192
WIN$D,M15,1619104500,182535.0,182810.0,182430.0,182755.0,110116,5,462160
WIN$D,M15,1619105400,182760.0,182780.0,182450.0,182615.0,94227,5,383462
WIN$D,M15,1619106300,182610.0,182615.0,182285.0,182430.0,98379,5,387626
WIN$D,M15,1619107200,182430.0,182490.0,182145.0,182200.0,104199,5,417826
WIN$D,M15,1619108100,182195.0,182255.0,182005.0,182200.0,118972,5,468137
WIN$D,M15,1619109000,182200.0,182405.0,182145.0,182175.0,102587,5,433817
WIN$D,M15,1619109900,182175.0,182265.0,182025.0,182135.0,82366,5,362519
WIN$D,M15,1619110800,182135.0,182305.0,182120.0,182285.0,51422,5,196093
WIN$D,M15,1619111700,182285.0,182385.0,182255.0,182370.0,36100,5,135115
WIN$D,M15,1619112600,182365.0,182515.0,182280.0,182440.0,40977,5,141469
WIN$D,M15,1619113500,182440.0,182655.0,182420.0,182645.0,31961,5,109081
WIN$D,M15,1619168400,183090.0,183255.0,182925.0,182935.0,169135,5,430333
WIN$D,M15,1619169300,182935.0,183050.0,182810.0,182895.0,138970,5,415313
WIN$D,M15,1619170200,182895.0,183075.0,182880.0,182930.0,97346,5,302420
WIN$D,M15,1619171100,182935.0,183125.0,182900.0,182965.0,93426,5,297536
WIN$D,M15,1619172000,182965.0,183295.0,182790.0,183180.0,216479,5,721061
WIN$D,M15,1619172900,183180.0,183190.0,182845.0,183035.0,210216,5,696610
WIN$D,M15,1619173800,183030.0,183655.0,182915.0,183585.0,311359,5,1108026
WIN$D,M15,1619174700,183585.0,183700.0,183260.0,183300.0,205737,5,740023
WIN$D,M15,1619175600,183300.0,183385.0,183060.0,183150.0,186699,5,693724
WIN$D,M15,1619176500,183150.0,183345.0,183010.0,183200.0,181589,5,667147
WIN$D,M15,1619177400,183195.0,183475.0,182910.0,182915.0,192058,5,695129
WIN$D,M15,1619178300,182915.0,183155.0,182795.0,182900.0,177249,5,693820
WIN$D,M15,1619179200,182905.0,183260.0,182860.0,183035.0,149779,5,569582
WIN$D,M15,1619180100,183035.0,183075.0,182690.0,182815.0,120382,5,449064
WIN$D,M15,1619181000,182820.0,183040.0,182750.0,182910.0,101728,5,348698
WIN$D,M15,1619181900,182905.0,183190.0,182800.0,182910.0,119290,5,408875
WIN$D,M15,1619182800,182915.0,183140.0,182900.0,183020.0,80121,5,271715
WIN$D,M15,1619183700,183025.0,183040.0,182905.0,182945.0,55388,5,187585
WIN$D,M15,1619184600,182950.0,183320.0,182945.0,183110.0,111258,5,392829
WIN$D,M15,1619185500,183110.0,183255.0,182950.0,183225.0,80064,5,288534
WIN$D,M15,1619186400,183220.0,183370.0,183195.0,183335.0,92511,5,321193
WIN$D,M15,1619187300,183335.0,183370.0,183235.0,183265.0,67196,5,241058
WIN$D,M15,1619188200,183260.0,183385.0,183245.0,183245.0,58863,5,217642
WIN$D,M15,1619189100,183245.0,183250.0,183030.0,183055.0,96792,5,337631
WIN$D,M15,1619190000,183055.0,183135.0,182940.0,183020.0,71886,5,247420
WIN$D,M15,1619190900,183020.0,183290.0,182980.0,183170.0,94476,5,327735
WIN$D,M15,1619191800,183175.0,183370.0,183070.0,183300.0,78435,5,294924
WIN$D,M15,1619192700,183295.0,183340.0,183220.0,183315.0,61760,5,244581
WIN$D,M15,1619193600,183320.0,183335.0,183160.0,183225.0,58450,5,219950
WIN$D,M15,1619194500,183225.0,183590.0,183225.0,183525.0,104597,5,391483
WIN$D,M15,1619195400,183530.0,183555.0,183425.0,183450.0,55066,5,205441
WIN$D,M15,1619196300,183445.0,183465.0,183325.0,183325.0,59592,5,238191
WIN$D,M15,1619197200,183325.0,183420.0,183260.0,183410.0,44858,5,168395
WIN$D,M15,1619198100,183415.0,183560.0,183390.0,183490.0,47880,5,167141
WIN$D,M15,1619199000,183490.0,183535.0,183380.0,183505.0,35997,5,124099
WIN$D,M15,1619199900,183505.0,183645.0,183470.0,183610.0,29361,5,73180
WIN$D,M15,1619427600,183850.0,183985.0,183705.0,183745.0,130617,5,314424
WIN$D,M15,1619428500,183745.0,183780.0,183600.0,183670.0,92690,5,275335
WIN$D,M15,1619429400,183665.0,183730.0,183570.0,183715.0,106142,5,335752
WIN$D,M15,1619430300,183715.0,183930.0,183685.0,183860.0,140565,5,463858
WIN$D,M15,1619431200,183865.0,184100.0,183770.0,183990.0,229645,5,746091
WIN$D,M15,1619432100,183990.0,184140.0,183910.0,184005.0,171985,5,553148
WIN$D,M15,1619433000,184005.0,184035.0,183565.0,183700.0,284286,5,986448
WIN$D,M15,1619433900,183700.0,183910.0,183480.0,183805.0,215437,5,782725
WIN$D,M15,1619434800,183810.0,183830.0,183440.0,183580.0,183548,5,723987
WIN$D,M15,1619435700,183580.0,183715.0,183415.0,183580.0,141126,5,539518
WIN$D,M15,1619436600,183580.0,183785.0,183515.0,183750.0,140570,5,544897
WIN$D,M15,1619437500,183750.0,183805.0,183555.0,183685.0,132741,5,496495
WIN$D,M15,1619438400,183690.0,183825.0,183370.0,183520.0,160461,5,599815
WIN$D,M15,1619439300,183520.0,183540.0,183380.0,183425.0,90895,5,330638
WIN$D,M15,1619440200,183425.0,183425.0,183120.0,183320.0,143772,5,546672
WIN$D,M15,1619441100,183315.0,183360.0,183130.0,183305.0,92049,5,335351
WIN$D,M15,1619442000,183305.0,183350.0,183200.0,183300.0,60167,5,227399
WIN$D,M15,1619442900,183300.0,183485.0,183255.0,183335.0,94954,5,340232
WIN$D,M15,1619443800,183330.0,183400.0,183270.0,183350.0,55548,5,203332
WIN$D,M15,1619444700,183350.0,183370.0,183210.0,183290.0,70187,5,246388
WIN$D,M15,1619445600,183290.0,183355.0,183130.0,183275.0,73409,5,269401
WIN$D,M15,1619446500,183270.0,183320.0,182990.0,183075.0,103654,5,371379
WIN$D,M15,1619447400,183075.0,183260.0,182975.0,183145.0,116361,5,426108
WIN$D,M15,1619448300,183150.0,183255.0,183085.0,183210.0,64807,5,230868
WIN$D,M15,1619449200,183210.0,183350.0,183205.0,183215.0,85603,5,307733
WIN$D,M15,1619450100,183210.0,183270.0,183165.0,183250.0,55243,5,203410
WIN$D,M15,1619451000,183250.0,183290.0,183075.0,183150.0,87491,5,334529
WIN$D,M15,1619451900,183155.0,183320.0,183090.0,183305.0,76448,5,288447
WIN$D,M15,1619452800,183305.0,183425.0,183240.0,183355.0,78560,5,294553
WIN$D,M15,1619453700,183355.0,183420.0,182915.0,182965.0,97157,5,379484
WIN$D,M15,1619454600,182970.0,183305.0,182535.0,183260.0,160851,5,637356
WIN$D,M15,1619455500,183265.0,183475.0,183190.0,183440.0,91551,5,370770
WIN$D,M15,1619456400,183445.0,183540.0,183350.0,183405.0,68781,5,252425
WIN$D,M15,1619457300,183410.0,183470.0,183315.0,183350.0,29438,5,106272
WIN$D,M15,1619458200,183345.0,183590.0,183340.0,183475.0,41245,5,151790
WIN$D,M15,1619459100,183470.0,183685.0,183445.0,183680.0,29760,5,107871
WIN$D,M15,1619514000,183690.0,183815.0,183525.0,183660.0,109356,5,289008
WIN$D,M15,1619514900,183655.0,183675.0,183485.0,183505.0,79796,5,251069
WIN$D,M15,1619515800,183505.0,183515.0,183370.0,183445.0,95332,5,324945
WIN$D,M15,1619516700,183445.0,183505.0,183390.0,183505.0,58817,5,202704
WIN$D,M15,1619517600,183505.0,183550.0,183205.0,183275.0,209024,5,741615
WIN$D,M15,1619518500,183275.0,183345.0,183100.0,183300.0,169351,5,620705
WIN$D,M15,1619519400,183295.0,183580.0,183130.0,183555.0,256665,5,1011584
WIN$D,M15,1619520300,183560.0,183825.0,183395.0,183760.0,222725,5,962200
WIN$D,M15,1619521200,183755.0,183930.0,183290.0,183300.0,212625,5,902445
WIN$D,M15,1619522100,183305.0,183380.0,183190.0,183280.0,148161,5,642657
WIN$D,M15,1619523000,183275.0,183295.0,183040.0,183070.0,140187,5,575945
WIN$D,M15,1619523900,183070.0,183170.0,182925.0,183100.0,145873,5,619805
WIN$D,M15,1619524800,183100.0,183105.0,182840.0,183015.0,130674,5,516273
WIN$D,M15,1619525700,183015.0,183090.0,182725.0,182760.0,121288,5,483318
WIN$D,M15,1619526600,182760.0,182945.0,182710.0,182855.0,111126,5,445682
WIN$D,M15,1619527500,182855.0,183020.0,182750.0,182920.0,96778,5,400193
WIN$D,M15,1619528400,182920.0,182975.0,182845.0,182945.0,59453,5,285430
WIN$D,M15,1619529300,182945.0,183015.0,182850.0,182935.0,69305,5,331610
WIN$D,M15,1619530200,182930.0,182975.0,182860.0,182945.0,54964,5,265885
WIN$D,M15,1619531100,182945.0,182955.0,182490.0,182585.0,143276,5,580896
WIN$D,M15,1619532000,182590.0,182670.0,182445.0,182640.0,114678,5,461766
WIN$D,M15,1619532900,182645.0,182730.0,182205.0,182325.0,176480,5,692628
WIN$D,M15,1619533800,182325.0,182370.0,182145.0,182305.0,105276,5,417923
WIN$D,M15,1619534700,182300.0,182405.0,182050.0,182180.0,118404,5,475170
WIN$D,M15,1619535600,182175.0,182190.0,181890.0,181985.0,134701,5,547126
WIN$D,M15,1619536500,181985.0,182105.0,181745.0,181800.0,123413,5,527824
WIN$D,M15,1619537400,181800.0,182015.0,181790.0,181955.0,71620,5,314105
WIN$D,M15,1619538300,181955.0,182135.0,181915.0,181965.0,93984,5,404741
WIN$D,M15,1619539200,181970.0,182165.0,181925.0,182100.0,79283,5,333772
WIN$D,M15,1619540100,182095.0,182155.0,181990.0,182030.0,58242,5,255499
WIN$D,M15,1619541000,182030.0,182270.0,182020.0,182205.0,86751,5,415572
WIN$D,M15,1619541900,182205.0,182235.0,182055.0,182170.0,73347,5,349942
WIN$D,M15,1619542800,182170.0,182240.0,182075.0,182095.0,44379,5,185055
WIN$D,M15,1619543700,182095.0,182115.0,182005.0,182060.0,44585,5,173150
WIN$D,M15,1619544600,182060.0,182100.0,181550.0,181860.0,63309,5,235741
WIN$D,M15,1619545500,181860.0,181940.0,181590.0,181590.0,41211,5,125729
WIN$D,M15,1619600400,182000.0,182370.0,181915.0,182370.0,139455,5,386623
WIN$D,M15,1619601300,182370.0,182510.0,182275.0,182495.0,147792,5,483054
WIN$D,M15,1619602200,182495.0,182605.0,182410.0,182575.0,128494,5,440419
WIN$D,M15,1619603100,182575.0,182725.0,182460.0,182705.0,121496,5,437135
WIN$D,M15,1619604000,182710.0,182930.0,182675.0,182875.0,151358,5,580131
WIN$D,M15,1619604900,182875.0,182950.0,182765.0,182815.0,129421,5,462870
WIN$D,M15,1619605800,182815.0,183125.0,182785.0,183050.0,170780,5,665291
WIN$D,M15,1619606700,183050.0,183105.0,182935.0,183050.0,102582,5,399573
WIN$D,M15,1619607600,183055.0,183240.0,183025.0,183050.0,151517,5,604864
WIN$D,M15,1619608500,183050.0,183115.0,182960.0,182980.0,109883,5,466860
WIN$D,M15,1619609400,182985.0,183285.0,182945.0,183210.0,134774,5,555925
WIN$D,M15,1619610300,183215.0,183255.0,183045.0,183235.0,122821,5,481006
WIN$D,M15,1619611200,183235.0,183375.0,183195.0,183225.0,131800,5,503661
WIN$D,M15,1619612100,183225.0,183440.0,183170.0,183420.0,98623,5,374909
WIN$D,M15,1619613000,183425.0,183580.0,183285.0,183415.0,119364,5,465576
WIN$D,M15,1619613900,183420.0,183575.0,183395.0,183460.0,92695,5,360215
WIN$D,M15,1619614800,183460.0,183535.0,183400.0,183480.0,56878,5,236399
WIN$D,M15,1619615700,183480.0,183565.0,183435.0,183475.0,61592,5,257424
WIN$D,M15,1619616600,183480.0,183660.0,183470.0,183590.0,66011,5,265183
WIN$D,M15,1619617500,183590.0,183660.0,183475.0,183485.0,68766,5,281655
WIN$D,M15,1619618400,183485.0,183540.0,183325.0,183340.0,113164,5,449906
WIN$D,M15,1619619300,183340.0,183525.0,183335.0,183505.0,69598,5,275667
WIN$D,M15,1619620200,183510.0,183550.0,183405.0,183475.0,77054,5,299048
WIN$D,M15,1619621100,183470.0,183815.0,183340.0,183595.0,122484,5,428428
WIN$D,M15,1619622000,183605.0,183800.0,183470.0,183615.0,147149,5,542426
WIN$D,M15,1619622900,183610.0,183815.0,183595.0,183705.0,91513,5,383865
WIN$D,M15,1619623800,183700.0,184010.0,183625.0,183950.0,140406,5,625631
WIN$D,M15,1619624700,183945.0,183990.0,183870.0,183935.0,67670,5,320588
WIN$D,M15,1619625600,183935.0,184080.0,183860.0,183915.0,105681,5,489572
WIN$D,M15,1619626500,183915.0,183965.0,183830.0,183860.0,61262,5,291083
WIN$D,M15,1619627400,183855.0,184050.0,183830.0,183965.0,73722,5,318716
WIN$D,M15,1619628300,183960.0,184060.0,183745.0,183815.0,86380,5,379070
WIN$D,M15,1619629200,183810.0,183885.0,183745.0,183795.0,61610,5,252324
WIN$D,M15,1619630100,183800.0,183975.0,183785.0,183950.0,42797,5,157334
WIN$D,M15,1619631000,183950.0,184225.0,183930.0,184090.0,81023,5,296749
WIN$D,M15,1619631900,184085.0,184380.0,184070.0,184350.0,36311,5,139719
WIN$D,M15,1619686800,184095.0,184440.0,184080.0,184345.0,147812,5,385898
WIN$D,M15,1619687700,184350.0,184375.0,184070.0,184135.0,112085,5,358533
WIN$D,M15,1619688600,184135.0,184200.0,184010.0,184140.0,117787,5,382529
WIN$D,M15,1619689500,184140.0,184265.0,184045.0,184055.0,113230,5,379444
WIN$D,M15,1619690400,184055.0,184155.0,183860.0,184115.0,198256,5,735360
WIN$D,M15,1619691300,184115.0,184285.0,183950.0,184150.0,209445,5,758119
WIN$D,M15,1619692200,184150.0,184200.0,183800.0,183800.0,198145,5,775573
WIN$D,M15,1619693100,183800.0,183805.0,183555.0,183575.0,179308,5,734529
WIN$D,M15,1619694000,183570.0,183575.0,183260.0,183305.0,186250,5,806583
WIN$D,M15,1619694900,183305.0,183515.0,183290.0,183400.0,140613,5,624618
WIN$D,M15,1619695800,183400.0,183440.0,183175.0,183370.0,169822,5,697711
WIN$D,M15,1619696700,183365.0,183375.0,182960.0,183080.0,193020,5,845793
WIN$D,M15,1619697600,183080.0,183085.0,182900.0,183005.0,123476,5,527093
WIN$D,M15,1619698500,183010.0,183010.0,182830.0,182900.0,104098,5,452687
WIN$D,M15,1619699400,182900.0,182925.0,182760.0,182820.0,83129,5,367815
WIN$D,M15,1619700300,182825.0,182845.0,182515.0,182550.0,120250,5,533366
WIN$D,M15,1619701200,182550.0,182620.0,182470.0,182600.0,117244,5,532475
WIN$D,M15,1619702100,182600.0,182730.0,182550.0,182710.0,106584,5,452045
WIN$D,M15,1619703000,182715.0,182885.0,182680.0,182800.0,98271,5,417109
WIN$D,M15,1619703900,182800.0,182970.0,182750.0,182960.0,90136,5,394323
WIN$D,M15,1619704800,182955.0,183010.0,182820.0,182915.0,98723,5,406608
WIN$D,M15,1619705700,182920.0,182940.0,182630.0,182770.0,127165,5,512048
WIN$D,M15,1619706600,182765.0,182955.0,182750.0,182945.0,88000,5,369897
WIN$D,M15,1619707500,182950.0,183080.0,182850.0,183080.0,104992,5,450935
WIN$D,M15,1619708400,183080.0,183140.0,182915.0,182960.0,103513,5,443519
WIN$D,M15,1619709300,182965.0,183120.0,182950.0,183055.0,82938,5,349940
WIN$D,M15,1619710200,183060.0,183135.0,183015.0,183080.0,66386,5,311337
WIN$D,M15,1619711100,183080.0,183160.0,183025.0,183060.0,72036,5,320467
WIN$D,M15,1619712000,183065.0,183080.0,182745.0,182875.0,131248,5,546143
WIN$D,M15,1619712900,182875.0,182890.0,182560.0,182685.0,124472,5,522232
WIN$D,M15,1619713800,182685.0,182865.0,182685.0,182825.0,69017,5,294441
WIN$D,M15,1619714700,182820.0,182910.0,182750.0,182820.0,76041,5,354570
WIN$D,M15,1619715600,182820.0,182830.0,182610.0,182655.0,56152,5,241555
WIN$D,M15,1619716500,182655.0,182740.0,182625.0,182645.0,37070,5,150396
WIN$D,M15,1619717400,182645.0,182790.0,182640.0,182770.0,29697,5,107514
WIN$D,M15,1619718300,182775.0,182880.0,182650.0,182655.0,36435,5,108652
WIN$D,M15,1619773200,182425.0,182485.0,182095.0,182135.0,172252,5,483143
WIN$D,M15,1619774100,182135.0,182220.0,181960.0,182080.0,135503,5,450755
WIN$D,M15,1619775000,182080.0,182090.0,181865.0,181940.0,160089,5,539242
WIN$D,M15,1619775900,181945.0,182155.0,181910.0,182070.0,113098,5,393395
WIN$D,M15,1619776800,182065.0,182150.0,181740.0,182130.0,232194,5,831632
WIN$D,M15,1619777700,182125.0,182630.0,182010.0,182485.0,253387,5,967225
WIN$D,M15,1619778600,182485.0,182855.0,182420.0,182620.0,212677,5,852642
WIN$D,M15,1619779500,182625.0,182790.0,182560.0,182675.0,147024,5,630539
WIN$D,M15,1619780400,182670.0,182690.0,182130.0,182135.0,201750,5,796554
WIN$D,M15,1619781300,182130.0,182360.0,182105.0,182270.0,138952,5,571473
WIN$D,M15,1619782200,182270.0,182305.0,182015.0,182170.0,144696,5,600385
WIN$D,M15,1619783100,182165.0,182340.0,182000.0,182110.0,152846,5,612691
WIN$D,M15,1619784000,182110.0,182260.0,182005.0,182130.0,142549,5,578258
WIN$D,M15,1619784900,182125.0,182325.0,181905.0,182270.0,154615,5,622810
WIN$D,M15,1619785800,182270.0,182775.0,182210.0,182605.0,179596,5,757534
WIN$D,M15,1619786700,182605.0,182610.0,182255.0,182300.0,112358,5,445975
WIN$D,M15,1619787600,182300.0,182565.0,182240.0,182500.0,113197,5,466106
WIN$D,M15,1619788500,182500.0,182640.0,182415.0,182495.0,96777,5,378354
WIN$D,M15,1619789400,182495.0,182560.0,182400.0,182455.0,77541,5,315940
WIN$D,M15,1619790300,182455.0,182600.0,182355.0,182550.0,85738,5,346947
WIN$D,M15,1619791200,182550.0,182625.0,182400.0,182410.0,75493,5,310272
WIN$D,M15,1619792100,182410.0,182625.0,182410.0,182435.0,84925,5,350883
WIN$D,M15,1619793000,182435.0,182530.0,182270.0,182485.0,102837,5,414849
WIN$D,M15,1619793900,182485.0,182495.0,182000.0,182160.0,150006,5,599733
WIN$D,M15,1619794800,182160.0,182750.0,182010.0,182640.0,166099,5,663161
WIN$D,M15,1619795700,182645.0,182930.0,182520.0,182875.0,167921,5,656625
WIN$D,M15,1619796600,182875.0,182905.0,182545.0,182560.0,108997,5,448268
WIN$D,M15,1619797500,182565.0,182565.0,182270.0,182300.0,130080,5,548115
WIN$D,M15,1619798400,182305.0,182325.0,182100.0,182115.0,107875,5,449090
WIN$D,M15,1619799300,182110.0,182130.0,181865.0,181980.0,118233,5,506691
WIN$D,M15,1619800200,181980.0,182050.0,181870.0,181925.0,78615,5,326087
WIN$D,M15,1619801100,181930.0,181935.0,181570.0,181690.0,124791,5,526007
WIN$D,M15,1619802000,181695.0,181810.0,181605.0,181780.0,58805,5,241809
WIN$D,M15,1619802900,181785.0,181800.0,181295.0,181325.0,79795,5,327685
WIN$D,M15,1619803800,181325.0,181440.0,181315.0,181425.0,32982,5,113266
WIN$D,M15,1619804700,181425.0,181525.0,181385.0,181445.0,28331,5,79237
WIN$D,M15,1620032400,182190.0,182315.0,181940.0,181975.0,121223,5,340312
WIN$D,M15,1620033300,181975.0,182210.0,181910.0,182090.0,111462,5,357231
WIN$D,M15,1620034200,182085.0,182155.0,182045.0,182105.0,59690,5,211728
WIN$D,M15,1620035100,182110.0,182120.0,182005.0,182080.0,67660,5,243823
WIN$D,M15,1620036000,182080.0,182100.0,181700.0,182030.0,233143,5,815138
WIN$D,M15,1620036900,182030.0,182160.0,181890.0,182150.0,170800,5,604634
WIN$D,M15,1620037800,182155.0,182330.0,181790.0,182195.0,255105,5,919581
WIN$D,M15,1620038700,182195.0,182230.0,181515.0,181740.0,276750,5,1035702
WIN$D,M15,1620039600,181745.0,182065.0,181590.0,181960.0,212932,5,767719
WIN$D,M15,1620040500,181960.0,182515.0,181925.0,182450.0,200254,5,772835
WIN$D,M15,1620041400,182450.0,182725.0,182435.0,182590.0,148208,5,565808
WIN$D,M15,1620042300,182585.0,182700.0,182320.0,182365.0,140470,5,527833
WIN$D,M15,1620043200,182370.0,182400.0,182055.0,182115.0,133112,5,497589
WIN$D,M15,1620044100,182115.0,182185.0,181880.0,181900.0,105057,5,425507
WIN$D,M15,1620045000,181900.0,181940.0,181675.0,181735.0,114038,5,486071
WIN$D,M15,1620045900,181740.0,181775.0,181335.0,181385.0,138006,5,551570
WIN$D,M15,1620046800,181385.0,181505.0,181205.0,181450.0,132487,5,556689
WIN$D,M15,1620047700,181450.0,181505.0,181345.0,181445.0,66726,5,254745
WIN$D,M15,1620048600,181445.0,181590.0,181435.0,181515.0,79630,5,294425
WIN$D,M15,1620049500,181515.0,181625.0,181485.0,181565.0,71326,5,290688
WIN$D,M15,1620050400,181565.0,181605.0,181415.0,181495.0,97781,5,402701
WIN$D,M15,1620051300,181495.0,181600.0,181470.0,181570.0,70678,5,313767
WIN$D,M15,1620052200,181570.0,181610.0,181310.0,181560.0,114077,5,487235
WIN$D,M15,1620053100,181565.0,181725.0,181540.0,181655.0,96752,5,409870
WIN$D,M15,1620054000,181650.0,181895.0,181625.0,181795.0,103533,5,412330
WIN$D,M15,1620054900,181795.0,181805.0,181550.0,181630.0,92403,5,379561
WIN$D,M15,1620055800,181635.0,181915.0,181610.0,181890.0,96170,5,396181
WIN$D,M15,1620056700,181895.0,182375.0,181845.0,182260.0,152143,5,636336
WIN$D,M15,1620057600,182260.0,182275.0,182055.0,182070.0,85859,5,374632
WIN$D,M15,1620058500,182070.0,182070.0,181700.0,181740.0,114772,5,475576
WIN$D,M15,1620059400,181740.0,181805.0,181650.0,181720.0,84409,5,354773
WIN$D,M15,1620060300,181720.0,182020.0,181680.0,181955.0,98861,5,410969
WIN$D,M15,1620061200,181955.0,181990.0,181790.0,181850.0,58179,5,226105
WIN$D,M15,1620062100,181845.0,181930.0,181825.0,181905.0,30990,5,119352
WIN$D,M15,1620063000,181905.0,182040.0,181895.0,181960.0,40386,5,147149
WIN$D,M15,1620063900,181960.0,182100.0,181915.0,181915.0,24659,5,85394
WIN$D,M15,1620118800,181650.0,181755.0,181445.0,181460.0,138725,5,386487
WIN$D,M15,1620119700,181460.0,181500.0,181335.0,181405.0,123351,5,385887
WIN$D,M15,1620120600,181410.0,181615.0,181370.0,181525.0,132640,5,421591
WIN$D,M15,1620121500,181525.0,181820.0,181470.0,181780.0,152471,5,538418
WIN$D,M15,1620122400,181780.0,182090.0,181760.0,181855.0,228868,5,869204
WIN$D,M15,1620123300,181860.0,181885.0,181225.0,181360.0,288470,5,1048635
WIN$D,M15,1620124200,181365.0,181455.0,181015.0,181295.0,281130,5,1073832
WIN$D,M15,1620125100,181300.0,181310.0,180990.0,181090.0,177054,5,737033
WIN$D,M15,1620126000,181085.0,181280.0,180860.0,181020.0,211326,5,824385
WIN$D,M15,1620126900,181025.0,181110.0,180790.0,181035.0,157260,5,619412
WIN$D,M15,1620127800,181030.0,181170.0,180915.0,181060.0,129666,5,540196
WIN$D,M15,1620128700,181060.0,181095.0,180665.0,180750.0,163085,5,654115
WIN$D,M15,1620129600,180745.0,180970.0,180615.0,180700.0,164845,5,650887
WIN$D,M15,1620130500,180695.0,180870.0,180600.0,180870.0,134520,5,520983
WIN$D,M15,1620131400,180870.0,181070.0,180820.0,180995.0,113551,5,454929
WIN$D,M15,1620132300,180995.0,181155.0,180985.0,181055.0,103621,5,410969
WIN$D,M15,1620133200,181060.0,181410.0,181045.0,181280.0,127212,5,519914
WIN$D,M15,1620134100,181280.0,181440.0,181235.0,181295.0,107657,5,425367
WIN$D,M15,1620135000,181295.0,181315.0,180935.0,180990.0,139468,5,560303
WIN$D,M15,1620135900,180990.0,181130.0,180895.0,181090.0,90013,5,356415
WIN$D,M15,1620136800,181085.0,181205.0,180995.0,181200.0,100311,5,381513
WIN$D,M15,1620137700,181200.0,181285.0,181040.0,181085.0,119493,5,463481
WIN$D,M15,1620138600,181085.0,181145.0,180955.0,181045.0,81020,5,318930
WIN$D,M15,1620139500,181045.0,181060.0,180690.0,180785.0,153808,5,631005
WIN$D,M15,1620140400,180790.0,180805.0,180615.0,180745.0,123895,5,505960
WIN$D,M15,1620141300,180745.0,180910.0,180610.0,180670.0,114604,5,486520
WIN$D,M15,1620142200,180665.0,180780.0,180400.0,180455.0,123275,5,510357
WIN$D,M15,1620143100,180455.0,180565.0,180420.0,180495.0,81224,5,361544
WIN$D,M15,1620144000,180495.0,180500.0,180310.0,180445.0,99700,5,456276
WIN$D,M15,1620144900,180445.0,180480.0,180310.0,180430.0,69959,5,304362
WIN$D,M15,1620145800,180430.0,180585.0,180365.0,180520.0,79206,5,330541
WIN$D,M15,1620146700,180515.0,180540.0,180370.0,180410.0,63243,5,268492
WIN$D,M15,1620147600,180405.0,180420.0,180305.0,180330.0,46092,5,179854
WIN$D,M15,1620148500,180330.0,180455.0,180315.0,180435.0,27849,5,115021
WIN$D,M15,1620149400,180435.0,180580.0,180390.0,180555.0,37433,5,136653
WIN$D,M15,1620150300,180545.0,180570.0,180435.0,180570.0,24218,5,76173
WIN$D,M15,1620205200,181090.0,181315.0,181070.0,181150.0,120100,5,322864
WIN$D,M15,1620206100,181150.0,181220.0,180985.0,181010.0,106131,5,334500
WIN$D,M15,1620207000,181005.0,181010.0,180890.0,180910.0,95813,5,334195
WIN$D,M15,1620207900,180910.0,181215.0,180860.0,181190.0,133251,5,461685
WIN$D,M15,1620208800,181190.0,181225.0,180930.0,181050.0,198836,5,702002
WIN$D,M15,1620209700,181050.0,181355.0,181025.0,181240.0,192499,5,722851
WIN$D,M15,1620210600,181240.0,181630.0,181015.0,181395.0,322194,5,1168911
WIN$D,M15,1620211500,181395.0,181545.0,181330.0,181530.0,160108,5,630693
WIN$D,M15,1620212400,181530.0,181875.0,181360.0,181870.0,255408,5,940451
WIN$D,M15,1620213300,181870.0,182025.0,181780.0,181945.0,164935,5,618106
WIN$D,M15,1620214200,181945.0,182180.0,181860.0,182095.0,144739,5,605823
WIN$D,M15,1620215100,182100.0,182345.0,182060.0,182210.0,141870,5,603035
WIN$D,M15,1620216000,182205.0,182360.0,182195.0,182230.0,107394,5,475901
WIN$D,M15,1620216900,182225.0,182370.0,182210.0,182295.0,82828,5,369230
WIN$D,M15,1620217800,182295.0,182355.0,182180.0,182205.0,81568,5,352154
WIN$D,M15,1620218700,182205.0,182340.0,182145.0,182280.0,91147,5,403886
WIN$D,M15,1620219600,182280.0,182355.0,182195.0,182275.0,82729,5,353263
WIN$D,M15,1620220500,182275.0,182300.0,182175.0,182245.0,64387,5,287980
WIN$D,M15,1620221400,182250.0,182305.0,182195.0,182260.0,49363,5,220034
WIN$D,M15,1620222300,182260.0,182265.0,182160.0,182175.0,48486,5,213822
WIN$D,M15,1620223200,182175.0,182520.0,182160.0,182380.0,142202,5,562306
WIN$D,M15,1620224100,182385.0,182455.0,182365.0,182390.0,63902,5,263003
WIN$D,M15,1620225000,182390.0,182440.0,182295.0,182300.0,70896,5,317899
WIN$D,M15,1620225900,182300.0,182390.0,182265.0,182285.0,73571,5,321069
WIN$D,M15,1620226800,182290.0,182425.0,182280.0,182370.0,75132,5,354397
WIN$D,M15,1620227700,182370.0,182375.0,182245.0,182255.0,57624,5,290529
WIN$D,M15,1620228600,182250.0,182315.0,182210.0,182230.0,65567,5,320968
WIN$D,M15,1620229500,182235.0,182380.0,182230.0,182365.0,74254,5,344297
WIN$D,M15,1620230400,182365.0,182370.0,182090.0,182135.0,110819,5,461905
WIN$D,M15,1620231300,182135.0,182180.0,182010.0,182130.0,102930,5,456995
WIN$D,M15,1620232200,182135.0,182425.0,182110.0,182315.0,108266,5,469963
WIN$D,M15,1620233100,182310.0,182515.0,182265.0,182450.0,92850,5,415714
WIN$D,M15,1620234000,182445.0,182450.0,182325.0,182370.0,45277,5,179599
WIN$D,M15,1620234900,182370.0,182445.0,182345.0,182355.0,28140,5,111494
WIN$D,M15,1620235800,182355.0,182400.0,182305.0,182375.0,31426,5,114141
WIN$D,M15,1620236700,182375.0,182595.0,182365.0,182435.0,29559,5,113176
WIN$D,M15,1620291600,182415.0,182490.0,182200.0,182235.0,143052,5,410875
WIN$D,M15,1620292500,182235.0,182465.0,182190.0,182330.0,110147,5,352413
WIN$D,M15,1620293400,182335.0,182410.0,182250.0,182305.0,88373,5,304026
WIN$D,M15,1620294300,182310.0,182650.0,182255.0,182535.0,159109,5,560253
WIN$D,M15,1620295200,182535.0,182545.0,182050.0,182300.0,274469,5,983845
WIN$D,M15,1620296100,182295.0,182645.0,182210.0,182480.0,219850,5,799398
WIN$D,M15,1620297000,182485.0,182705.0,182285.0,182430.0,259053,5,945683
WIN$D,M15,1620297900,182435.0,182510.0,182035.0,182160.0,207244,5,845339
WIN$D,M15,1620298800,182165.0,182200.0,181910.0,181960.0,215775,5,814554
WIN$D,M15,1620299700,181960.0,182080.0,181745.0,181805.0,194929,5,761202
WIN$D,M15,1620300600,181805.0,181935.0,181750.0,181880.0,111290,5,463545
WIN$D,M15,1620301500,181880.0,182145.0,181865.0,182140.0,126744,5,533676
WIN$D,M15,1620302400,182135.0,182155.0,181935.0,182115.0,128344,5,492370
WIN$D,M15,1620303300,182115.0,182225.0,182025.0,182170.0,100983,5,404626
WIN$D,M15,1620304200,182165.0,182255.0,182070.0,182120.0,87224,5,385490
WIN$D,M15,1620305100,182125.0,182300.0,182030.0,182205.0,101220,5,417054
WIN$D,M15,1620306000,182205.0,182240.0,181845.0,181895.0,114300,5,450809
WIN$D,M15,1620306900,181895.0,181965.0,181710.0,181865.0,116422,5,455821
WIN$D,M15,1620307800,181860.0,182125.0,181810.0,182095.0,96810,5,386872
WIN$D,M15,1620308700,182090.0,182270.0,181970.0,182260.0,102487,5,411610
WIN$D,M15,1620309600,182260.0,182460.0,182150.0,182435.0,116903,5,455242
WIN$D,M15,1620310500,182435.0,182505.0,182320.0,182425.0,90472,5,356911
WIN$D,M15,1620311400,182425.0,182460.0,182260.0,182375.0,92260,5,376220
WIN$D,M15,1620312300,182380.0,182385.0,182090.0,182130.0,107229,5,434525
WIN$D,M15,1620313200,182130.0,182215.0,181835.0,181975.0,155820,5,626641
WIN$D,M15,1620314100,181975.0,182110.0,181820.0,181900.0,129140,5,497385
WIN$D,M15,1620315000,181905.0,182060.0,181760.0,181955.0,117425,5,476281
WIN$D,M15,1620315900,181955.0,182145.0,181930.0,182055.0,86595,5,368102
WIN$D,M15,1620316800,182055.0,182315.0,182050.0,182255.0,95898,5,404464
WIN$D,M15,1620317700,182255.0,182305.0,182155.0,182200.0,72268,5,292498
WIN$D,M15,1620318600,182200.0,182345.0,182100.0,182285.0,71781,5,312436
WIN$D,M15,1620319500,182280.0,182585.0,182210.0,182570.0,94735,5,408693
WIN$D,M15,1620320400,182570.0,182635.0,182500.0,182555.0,60119,5,235876
WIN$D,M15,1620321300,182555.0,182590.0,182510.0,182525.0,24111,5,92121
WIN$D,M15,1620322200,182525.0,182680.0,182520.0,182645.0,32876,5,120273
WIN$D,M15,1620323100,182645.0,182810.0,182640.0,182770.0,29250,5,103836
WIN$D,M15,1620378000,183020.0,183055.0,182770.0,182865.0,124518,5,342894
WIN$D,M15,1620378900,182865.0,183045.0,182790.0,183000.0,76818,5,237668
WIN$D,M15,1620379800,183000.0,183390.0,182900.0,183210.0,228668,5,717395
WIN$D,M15,1620380700,183205.0,183235.0,183120.0,183215.0,75149,5,254891
WIN$D,M15,1620381600,183215.0,183405.0,183030.0,183285.0,176027,5,616455
WIN$D,M15,1620382500,183285.0,183370.0,182960.0,183120.0,182792,5,634630
WIN$D,M15,1620383400,183120.0,183495.0,182930.0,183460.0,267571,5,998593
WIN$D,M15,1620384300,183460.0,183660.0,183350.0,183655.0,187335,5,751633
WIN$D,M15,1620385200,183655.0,183780.0,183645.0,183725.0,112637,5,464193
WIN$D,M15,1620386100,183725.0,183840.0,183665.0,183810.0,107625,5,422800
WIN$D,M15,1620387000,183805.0,183900.0,183780.0,183815.0,88273,5,376502
WIN$D,M15,1620387900,183815.0,183835.0,183725.0,183810.0,75919,5,335019
WIN$D,M15,1620388800,183805.0,183820.0,183555.0,183560.0,93937,5,413523
WIN$D,M15,1620389700,183560.0,183570.0,183475.0,183480.0,70778,5,334810
WIN$D,M15,1620390600,183480.0,183650.0,183360.0,183435.0,126613,5,527057
WIN$D,M15,1620391500,183435.0,183570.0,183400.0,183510.0,72750,5,304490
WIN$D,M15,1620392400,183505.0,183600.0,183495.0,183560.0,51438,5,218132
WIN$D,M15,1620393300,183560.0,183625.0,183445.0,183525.0,67697,5,269191
WIN$D,M15,1620394200,183520.0,183565.0,183415.0,183470.0,49752,5,216479
WIN$D,M15,1620395100,183465.0,183540.0,183440.0,183515.0,38922,5,159494
WIN$D,M15,1620396000,183515.0,183580.0,183465.0,183465.0,46041,5,193572
WIN$D,M15,1620396900,183465.0,183540.0,183415.0,183465.0,57700,5,242661
WIN$D,M15,1620397800,183470.0,183675.0,183445.0,183630.0,72523,5,300965
WIN$D,M15,1620398700,183635.0,183750.0,183615.0,183655.0,74319,5,296315
WIN$D,M15,1620399600,183655.0,183775.0,183625.0,183730.0,74199,5,295643
WIN$D,M15,1620400500,183730.0,183750.0,183675.0,183730.0,47684,5,189686
WIN$D,M15,1620401400,183735.0,183920.0,183720.0,183895.0,83240,5,361498
WIN$D,M15,1620402300,183890.0,184170.0,183890.0,184155.0,118287,5,529642
WIN$D,M15,1620403200,184160.0,184470.0,184130.0,184435.0,129226,5,598377
WIN$D,M15,1620404100,184435.0,184485.0,184280.0,184320.0,77707,5,333548
WIN$D,M15,1620405000,184325.0,184540.0,184320.0,184515.0,98021,5,434771
WIN$D,M15,1620405900,184515.0,184780.0,184510.0,184770.0,118926,5,566759
WIN$D,M15,1620406800,184770.0,184865.0,184700.0,184755.0,67151,5,301362
WIN$D,M15,1620407700,184760.0,184830.0,184745.0,184770.0,27344,5,115582
WIN$D,M15,1620408600,184770.0,184810.0,184740.0,184765.0,27104,5,104435
WIN$D,M15,1620409500,184770.0,185095.0,184765.0,184795.0,51697,5,135122
WIN$D,M15,1620637200,184685.0,185410.0,184685.0,185210.0,188594,5,529123
WIN$D,M15,1620638100,185210.0,185270.0,185040.0,185120.0,128414,5,385643
WIN$D,M15,1620639000,185120.0,185170.0,185050.0,185155.0,79256,5,266595
WIN$D,M15,1620639900,185155.0,185385.0,185140.0,185285.0,158059,5,526273
WIN$D,M15,1620640800,185285.0,185435.0,185080.0,185285.0,221188,5,791510
WIN$D,M15,1620641700,185285.0,185360.0,185105.0,185135.0,145066,5,514911
WIN$D,M15,1620642600,185140.0,185235.0,184995.0,185025.0,201747,5,789071
WIN$D,M15,1620643500,185025.0,185035.0,184795.0,184850.0,176336,5,672235
WIN$D,M15,1620644400,184850.0,184920.0,184730.0,184780.0,143970,5,553218
WIN$D,M15,1620645300,184780.0,184890.0,184750.0,184815.0,97627,5,427448
WIN$D,M15,1620646200,184820.0,184820.0,184550.0,184605.0,158910,5,607127
WIN$D,M15,1620647100,184610.0,184730.0,184515.0,184705.0,120946,5,485599
WIN$D,M15,1620648000,184705.0,184715.0,184575.0,184600.0,80135,5,345082
WIN$D,M15,1620648900,184605.0,184640.0,184505.0,184640.0,90677,5,374725
WIN$D,M15,1620649800,184640.0,185035.0,184625.0,184990.0,152068,5,611627
WIN$D,M15,1620650700,184985.0,185065.0,184880.0,184960.0,104466,5,385588
WIN$D,M15,1620651600,184965.0,185055.0,184915.0,184950.0,65548,5,257669
WIN$D,M15,1620652500,184950.0,185045.0,184925.0,184965.0,52986,5,207144
WIN$D,M15,1620653400,184965.0,185090.0,184950.0,185055.0,68150,5,265261
WIN$D,M15,1620654300,185055.0,185155.0,184975.0,184995.0,84380,5,329393
WIN$D,M15,1620655200,184995.0,185030.0,184750.0,184820.0,109431,5,418461
WIN$D,M15,1620656100,184820.0,184885.0,184710.0,184840.0,94049,5,381207
WIN$D,M15,1620657000,184840.0,184910.0,184785.0,184840.0,67225,5,285459
WIN$D,M15,1620657900,184840.0,184870.0,184720.0,184805.0,82568,5,352145
WIN$D,M15,1620658800,184810.0,185015.0,184735.0,184970.0,105667,5,462169
WIN$D,M15,1620659700,184975.0,185005.0,184460.0,184530.0,191720,5,790940
WIN$D,M15,1620660600,184525.0,184725.0,184435.0,184625.0,130497,5,532505
WIN$D,M15,1620661500,184625.0,184850.0,184555.0,184835.0,88864,5,393668
WIN$D,M15,1620662400,184840.0,184875.0,184700.0,184740.0,72616,5,325590
WIN$D,M15,1620663300,184740.0,184805.0,184615.0,184720.0,82256,5,348968
WIN$D,M15,1620664200,184725.0,184780.0,184625.0,184725.0,61436,5,247013
WIN$D,M15,1620665100,184730.0,184735.0,184495.0,184580.0,91389,5,366020
WIN$D,M15,1620666000,184585.0,184620.0,184495.0,184580.0,46914,5,177662
WIN$D,M15,1620666900,184585.0,184715.0,184560.0,184710.0,42870,5,149220
WIN$D,M15,1620667800,184705.0,184785.0,184645.0,184645.0,40668,5,137816
WIN$D,M15,1620668700,184645.0,184685.0,184530.0,184590.0,24532,5,80756
WIN$D,M15,1620723600,183680.0,183940.0,183615.0,183795.0,156430,5,409538
WIN$D,M15,1620724500,183800.0,183815.0,183590.0,183645.0,110547,5,354150
WIN$D,M15,1620725400,183645.0,183650.0,183315.0,183425.0,157875,5,548440
WIN$D,M15,1620726300,183425.0,183475.0,183180.0,183280.0,120259,5,415207
WIN$D,M15,1620727200,183280.0,183330.0,182880.0,182945.0,210079,5,783187
WIN$D,M15,1620728100,182945.0,183280.0,182855.0,183280.0,207464,5,768893
WIN$D,M15,1620729000,183275.0,183955.0,183170.0,183885.0,315840,5,1197048
WIN$D,M15,1620729900,183885.0,184305.0,183790.0,184290.0,220298,5,868941
WIN$D,M15,1620730800,184290.0,184310.0,183995.0,184005.0,146603,5,583214
WIN$D,M15,1620731700,184005.0,184300.0,183905.0,183915.0,209617,5,816094
WIN$D,M15,1620732600,183915.0,183925.0,183725.0,183795.0,154567,5,645038
WIN$D,M15,1620733500,183800.0,184395.0,183620.0,184280.0,233861,5,945372
WIN$D,M15,1620734400,184280.0,184625.0,184165.0,184595.0,182975,5,717290
WIN$D,M15,1620735300,184595.0,184760.0,184505.0,184530.0,128842,5,561378
WIN$D,M15,1620736200,184530.0,184820.0,184520.0,184550.0,122487,5,501130
WIN$D,M15,1620737100,184550.0,184795.0,184545.0,184730.0,87825,5,384764
WIN$D,M15,1620738000,184735.0,184755.0,184610.0,184635.0,67552,5,296740
WIN$D,M15,1620738900,184635.0,184715.0,184380.0,184435.0,99669,5,390405
WIN$D,M15,1620739800,184435.0,184660.0,184365.0,184450.0,108894,5,429901
WIN$D,M15,1620740700,184450.0,184525.0,184350.0,184420.0,68995,5,273339
WIN$D,M15,1620741600,184420.0,184630.0,184390.0,184510.0,92476,5,390686
WIN$D,M15,1620742500,184515.0,184815.0,184495.0,184765.0,104230,5,449499
WIN$D,M15,1620743400,184770.0,185010.0,184690.0,184995.0,113085,5,483211
WIN$D,M15,1620744300,185000.0,185075.0,184855.0,185015.0,107831,5,469824
WIN$D,M15,1620745200,185015.0,185135.0,184810.0,184830.0,118134,5,508863
WIN$D,M15,1620746100,184835.0,184935.0,184745.0,184875.0,90751,5,399076
WIN$D,M15,1620747000,184880.0,184885.0,184690.0,184845.0,102714,5,456767
WIN$D,M15,1620747900,184850.0,185180.0,184820.0,185055.0,124348,5,566494
WIN$D,M15,1620748800,185055.0,185120.0,184995.0,185055.0,78632,5,356115
WIN$D,M15,1620749700,185050.0,185430.0,185040.0,185335.0,117746,5,518724
WIN$D,M15,1620750600,185340.0,185365.0,185200.0,185270.0,83776,5,371040
WIN$D,M15,1620751500,185270.0,185510.0,185240.0,185485.0,81041,5,363846
WIN$D,M15,1620752400,185480.0,185615.0,185430.0,185575.0,56239,5,231304
WIN$D,M15,1620753300,185575.0,185640.0,185525.0,185600.0,32438,5,130465
WIN$D,M15,1620754200,185600.0,185630.0,185495.0,185500.0,33193,5,113903
WIN$D,M15,1620755100,185505.0,185560.0,185350.0,185350.0,27660,5,105135
WIN$D,M15,1620810000,185145.0,185285.0,184900.0,184935.0,124324,5,355898
WIN$D,M15,1620810900,184935.0,184960.0,184640.0,184670.0,125950,5,430548
WIN$D,M15,1620811800,184670.0,184680.0,183965.0,184560.0,359250,5,1242907
WIN$D,M15,1620812700,184560.0,184755.0,184370.0,184510.0,195183,5,671455
WIN$D,M15,1620813600,184510.0,184535.0,184070.0,184270.0,240117,5,860315
WIN$D,M15,1620814500,184275.0,184300.0,183935.0,184145.0,202094,5,698342
WIN$D,M15,1620815400,184145.0,184380.0,183985.0,184185.0,222106,5,762673
WIN$D,M15,1620816300,184190.0,184335.0,183895.0,183980.0,199054,5,700866
WIN$D,M15,1620817200,183975.0,183980.0,183640.0,183700.0,197491,5,735174
WIN$D,M15,1620818100,183705.0,183910.0,183685.0,183800.0,128297,5,465425
WIN$D,M15,1620819000,183800.0,183820.0,183575.0,183750.0,146869,5,548628
WIN$D,M15,1620819900,183750.0,183800.0,183470.0,183505.0,151723,5,594741
WIN$D,M15,1620820800,183510.0,183625.0,183440.0,183485.0,119600,5,481608
WIN$D,M15,1620821700,183490.0,183570.0,183370.0,183495.0,97588,5,403334
WIN$D,M15,1620822600,183495.0,183515.0,183040.0,183080.0,155230,5,648779
WIN$D,M15,1620823500,183085.0,183235.0,182985.0,183065.0,114826,5,494846
WIN$D,M15,1620824400,183065.0,183250.0,183000.0,183035.0,97774,5,392709
WIN$D,M15,1620825300,183040.0,183305.0,182940.0,183290.0,118028,5,471638
WIN$D,M15,1620826200,183290.0,183455.0,183200.0,183275.0,126379,5,491764
WIN$D,M15,1620827100,183275.0,183420.0,183180.0,183375.0,103930,5,399517
WIN$D,M15,1620828000,183380.0,183560.0,183340.0,183510.0,116402,5,466832
WIN$D,M15,1620828900,183505.0,183545.0,183310.0,183380.0,85873,5,327958
WIN$D,M15,1620829800,183375.0,183465.0,183130.0,183445.0,133942,5,514189
WIN$D,M15,1620830700,183450.0,183510.0,183310.0,183370.0,93705,5,366941
WIN$D,M15,1620831600,183370.0,183410.0,183120.0,183230.0,105424,5,416177
WIN$D,M15,1620832500,183230.0,183330.0,182900.0,182950.0,131903,5,546852
WIN$D,M15,1620833400,182950.0,183085.0,182780.0,182875.0,132370,5,593888
WIN$D,M15,1620834300,182880.0,183020.0,182725.0,182840.0,118019,5,510640
WIN$D,M15,1620835200,182840.0,182850.0,182240.0,182240.0,162085,5,761299
WIN$D,M15,1620836100,182240.0,182435.0,182170.0,182280.0,121017,5,523009
WIN$D,M15,1620837000,182280.0,182295.0,182040.0,182155.0,122083,5,544958
WIN$D,M15,1620837900,182155.0,182255.0,182055.0,182160.0,88803,5,396510
WIN$D,M15,1620838800,182160.0,182345.0,182155.0,182275.0,66792,5,265167
WIN$D,M15,1620839700,182275.0,182290.0,182120.0,182190.0,36370,5,146279
WIN$D,M15,1620840600,182185.0,182245.0,182130.0,182145.0,32759,5,127608
WIN$D,M15,1620841500,182150.0,182290.0,182065.0,182290.0,26327,5,103636
WIN$D,M15,1620896400,182500.0,182735.0,182220.0,182735.0,163238,5,468919
WIN$D,M15,1620897300,182730.0,182795.0,182515.0,182570.0,143321,5,460057
WIN$D,M15,1620898200,182565.0,182810.0,182285.0,182785.0,192239,5,636028
WIN$D,M15,1620899100,182785.0,182800.0,182615.0,182750.0,107334,5,377969
WIN$D,M15,1620900000,182750.0,182875.0,182565.0,182675.0,186622,5,676711
WIN$D,M15,1620900900,182675.0,183230.0,182660.0,183195.0,219780,5,808079
WIN$D,M15,1620901800,183195.0,183425.0,183060.0,183115.0,263547,5,996331
WIN$D,M15,1620902700,183120.0,183770.0,183105.0,183705.0,222286,5,874209
WIN$D,M15,1620903600,183700.0,183965.0,183700.0,183825.0,179153,5,715531
WIN$D,M15,1620904500,183830.0,183900.0,183660.0,183735.0,125575,5,512742
WIN$D,M15,1620905400,183740.0,183960.0,183705.0,183750.0,122530,5,495492
WIN$D,M15,1620906300,183745.0,183785.0,183475.0,183530.0,146206,5,588933
WIN$D,M15,1620907200,183530.0,183575.0,183255.0,183395.0,148586,5,598268
WIN$D,M15,1620908100,183395.0,183860.0,183345.0,183645.0,152473,5,647640
WIN$D,M15,1620909000,183650.0,183840.0,183530.0,183545.0,101396,5,412416
WIN$D,M15,1620909900,183545.0,183690.0,183440.0,183510.0,106689,5,415372
WIN$D,M15,1620910800,183505.0,183820.0,183425.0,183770.0,110224,5,436897
WIN$D,M15,1620911700,183770.0,183875.0,183635.0,183845.0,98288,5,393418
WIN$D,M15,1620912600,183850.0,184115.0,183785.0,183820.0,123725,5,494682
WIN$D,M15,1620913500,183815.0,183840.0,183645.0,183715.0,81795,5,336703
WIN$D,M15,1620914400,183715.0,183795.0,183600.0,183695.0,105355,5,427643
WIN$D,M15,1620915300,183700.0,183745.0,183135.0,183230.0,144697,5,577459
WIN$D,M15,1620916200,183230.0,183270.0,182465.0,182575.0,199971,5,866290
WIN$D,M15,1620917100,182570.0,182820.0,182420.0,182705.0,151683,5,627919
WIN$D,M15,1620918000,182705.0,183340.0,182685.0,183250.0,154875,5,623330
WIN$D,M15,1620918900,183250.0,183460.0,183155.0,183405.0,126853,5,497436
WIN$D,M15,1620919800,183400.0,183640.0,183310.0,183595.0,111627,5,463289
WIN$D,M15,1620920700,183595.0,183795.0,183545.0,183660.0,95140,5,408317
WIN$D,M15,1620921600,183655.0,183815.0,183605.0,183710.0,83358,5,362466
WIN$D,M15,1620922500,183710.0,183755.0,183535.0,183615.0,77727,5,308017
WIN$D,M15,1620923400,183610.0,183655.0,183390.0,183540.0,94363,5,382407
WIN$D,M15,1620924300,183540.0,183585.0,183370.0,183435.0,74585,5,297855
WIN$D,M15,1620925200,183440.0,183440.0,183040.0,183115.0,71709,5,301965
WIN$D,M15,1620926100,183115.0,183250.0,183090.0,183175.0,43117,5,173307
WIN$D,M15,1620927000,183175.0,183205.0,183040.0,183050.0,30459,5,110633
WIN$D,M15,1620927900,183045.0,183360.0,183040.0,183360.0,19247,5,73260
WIN$D,M15,1620982800,183905.0,184290.0,183905.0,184095.0,134798,5,419957
WIN$D,M15,1620983700,184095.0,184550.0,184070.0,184390.0,133266,5,456504
WIN$D,M15,1620984600,184390.0,184515.0,184250.0,184475.0,164476,5,580211
WIN$D,M15,1620985500,184470.0,184685.0,184420.0,184465.0,117738,5,411931
WIN$D,M15,1620986400,184465.0,184745.0,184400.0,184535.0,169147,5,651802
WIN$D,M15,1620987300,184535.0,184770.0,184485.0,184715.0,131093,5,493290
WIN$D,M15,1620988200,184715.0,184865.0,184380.0,184470.0,216660,5,840012
WIN$D,M15,1620989100,184475.0,184845.0,184290.0,184525.0,212939,5,860214
WIN$D,M15,1620990000,184525.0,184655.0,184305.0,184645.0,169824,5,673948
WIN$D,M15,1620990900,184645.0,184765.0,184395.0,184410.0,141852,5,571769
WIN$D,M15,1620991800,184410.0,184595.0,183950.0,184060.0,195159,5,784979
WIN$D,M15,1620992700,184060.0,184370.0,184060.0,184310.0,125384,5,487809
WIN$D,M15,1620993600,184315.0,184330.0,183930.0,184100.0,152000,5,593106
WIN$D,M15,1620994500,184100.0,184440.0,184080.0,184215.0,131784,5,515532
WIN$D,M15,1620995400,184215.0,184300.0,183850.0,183920.0,116280,5,469141
WIN$D,M15,1620996300,183915.0,184325.0,183890.0,184120.0,125775,5,488027
WIN$D,M15,1620997200,184125.0,184210.0,183575.0,183795.0,175688,5,710847
WIN$D,M15,1620998100,183790.0,184045.0,183695.0,184025.0,113826,5,445988
WIN$D,M15,1620999000,184020.0,184070.0,183800.0,183905.0,92635,5,358536
WIN$D,M15,1620999900,183905.0,184150.0,183875.0,184075.0,82017,5,324618
WIN$D,M15,1621000800,184070.0,184130.0,183915.0,184080.0,85397,5,350565
WIN$D,M15,1621001700,184080.0,184165.0,183840.0,183980.0,94671,5,387424
WIN$D,M15,1621002600,183980.0,183985.0,183775.0,183820.0,84641,5,344034
WIN$D,M15,1621003500,183820.0,183885.0,183625.0,183670.0,109247,5,438309
WIN$D,M15,1621004400,183665.0,184225.0,183630.0,184165.0,130270,5,517276
WIN$D,M15,1621005300,184160.0,184425.0,184140.0,184190.0,115036,5,468536
WIN$D,M15,1621006200,184185.0,184485.0,184150.0,184430.0,104997,5,448373
WIN$D,M15,1621007100,184425.0,184690.0,184395.0,184605.0,104968,5,459504
WIN$D,M15,1621008000,184610.0,184635.0,184290.0,184470.0,114448,5,486187
WIN$D,M15,1621008900,184465.0,184540.0,184400.0,184475.0,65499,5,275086
WIN$D,M15,1621009800,184470.0,184495.0,184190.0,184325.0,101929,5,452165
WIN$D,M15,1621010700,184325.0,184570.0,184310.0,184535.0,88880,5,374767
WIN$D,M15,1621011600,184535.0,184560.0,184440.0,184495.0,38652,5,153386
WIN$D,M15,1621012500,184500.0,184550.0,184330.0,184370.0,36825,5,143461
WIN$D,M15,1621013400,184370.0,184495.0,184345.0,184375.0,28998,5,101683
WIN$D,M15,1621014300,184370.0,184385.0,184250.0,184250.0,22428,5,65792
WIN$D,M15,1621242000,183825.0,184070.0,183725.0,183835.0,138962,5,387309
WIN$D,M15,1621242900,183835.0,184000.0,183745.0,183865.0,108514,5,340112
WIN$D,M15,1621243800,183865.0,184020.0,183820.0,183960.0,79727,5,259303
WIN$D,M15,1621244700,183960.0,184070.0,183880.0,183965.0,88104,5,304792
WIN$D,M15,1621245600,183965.0,184605.0,183935.0,184585.0,232312,5,819151
WIN$D,M15,1621246500,184585.0,184770.0,184470.0,184505.0,187085,5,672360
WIN$D,M15,1621247400,184500.0,184835.0,184490.0,184800.0,199906,5,708195
WIN$D,M15,1621248300,184795.0,184910.0,184450.0,184670.0,216719,5,797774
WIN$D,M15,1621249200,184670.0,184905.0,184490.0,184855.0,173890,5,641134
WIN$D,M15,1621250100,184860.0,185105.0,184850.0,184890.0,171561,5,605752
WIN$D,M15,1621251000,184885.0,185070.0,184830.0,184885.0,135151,5,481193
WIN$D,M15,1621251900,184890.0,185085.0,184840.0,184970.0,114724,5,409008
WIN$D,M15,1621252800,184970.0,185010.0,184740.0,184785.0,122879,5,451793
WIN$D,M15,1621253700,184790.0,184940.0,184630.0,184650.0,111484,5,395089
WIN$D,M15,1621254600,184655.0,184900.0,184605.0,184820.0,99136,5,374066
WIN$D,M15,1621255500,184810.0,184870.0,184680.0,184815.0,77224,5,279053
WIN$D,M15,1621256400,184810.0,184870.0,184495.0,184500.0,95143,5,342591
WIN$D,M15,1621257300,184505.0,184700.0,184430.0,184680.0,101660,5,363606
WIN$D,M15,1621258200,184685.0,184750.0,184600.0,184670.0,68178,5,235592
WIN$D,M15,1621259100,184670.0,184865.0,184615.0,184750.0,93779,5,340299
WIN$D,M15,1621260000,184755.0,184975.0,184725.0,184865.0,97618,5,338011
WIN$D,M15,1621260900,184865.0,184890.0,184715.0,184780.0,69550,5,243048
WIN$D,M15,1621261800,184785.0,184910.0,184690.0,184800.0,90656,5,331244
WIN$D,M15,1621262700,184805.0,184960.0,184795.0,184805.0,82257,5,289887
WIN$D,M15,1621263600,184810.0,185025.0,184755.0,184955.0,86505,5,319715
WIN$D,M15,1621264500,184955.0,185070.0,184925.0,184970.0,61766,5,232096
WIN$D,M15,1621265400,184970.0,185430.0,184960.0,185420.0,132399,5,520891
WIN$D,M15,1621266300,185420.0,185675.0,185420.0,185625.0,122492,5,520956
WIN$D,M15,1621267200,185630.0,185760.0,185550.0,185700.0,79784,5,326260
WIN$D,M15,1621268100,185695.0,185720.0,185565.0,185655.0,69945,5,278625
WIN$D,M15,1621269000,185660.0,185730.0,185540.0,185595.0,70272,5,276322
WIN$D,M15,1621269900,185595.0,185605.0,185470.0,185595.0,67353,5,268388
WIN$D,M15,1621270800,185595.0,185660.0,185560.0,185595.0,37526,5,148004
WIN$D,M15,1621271700,185590.0,185625.0,185500.0,185505.0,30768,5,114581
WIN$D,M15,1621272600,185505.0,185565.0,185475.0,185495.0,31017,5,106838
WIN$D,M15,1621273500,185495.0,185505.0,185350.0,185400.0,27762,5,103424
WIN$D,M15,1621328400,185940.0,186070.0,185770.0,185805.0,156494,5,432789
WIN$D,M15,1621329300,185810.0,185810.0,185415.0,185510.0,146256,5,493684
WIN$D,M15,1621330200,185505.0,185510.0,185330.0,185385.0,116364,5,409674
WIN$D,M15,1621331100,185380.0,185595.0,185365.0,185460.0,139807,5,495366
WIN$D,M15,1621332000,185460.0,185495.0,185200.0,185270.0,191720,5,724684
WIN$D,M15,1621332900,185270.0,185460.0,185110.0,185360.0,205025,5,760674
WIN$D,M15,1621333800,185360.0,185865.0,185275.0,185590.0,299441,5,1112830
WIN$D,M15,1621334700,185590.0,185610.0,185200.0,185285.0,212437,5,810360
WIN$D,M15,1621335600,185290.0,185710.0,185100.0,185675.0,211916,5,796692
WIN$D,M15,1621336500,185675.0,185705.0,185330.0,185335.0,147956,5,614012
WIN$D,M15,1621337400,185335.0,185515.0,185280.0,185305.0,142855,5,608941
WIN$D,M15,1621338300,185305.0,185420.0,185150.0,185330.0,124415,5,552175
WIN$D,M15,1621339200,185325.0,185490.0,185160.0,185475.0,134695,5,551326
WIN$D,M15,1621340100,185475.0,185645.0,185380.0,185605.0,124972,5,477131
WIN$D,M15,1621341000,185605.0,185630.0,185245.0,185460.0,146352,5,584118
WIN$D,M15,1621341900,185455.0,185555.0,185370.0,185435.0,78282,5,314770
WIN$D,M15,1621342800,185430.0,185435.0,185225.0,185270.0,103907,5,444954
WIN$D,M15,1621343700,185270.0,185575.0,185235.0,185520.0,95607,5,397818
WIN$D,M15,1621344600,185520.0,185740.0,185445.0,185735.0,104765,5,431271
WIN$D,M15,1621345500,185740.0,185840.0,185690.0,185820.0,104727,5,439077
WIN$D,M15,1621346400,185820.0,186085.0,185820.0,185930.0,142575,5,608047
WIN$D,M15,1621347300,185930.0,186120.0,185865.0,186005.0,92385,5,380648
WIN$D,M15,1621348200,186010.0,186025.0,185895.0,186000.0,68209,5,297054
WIN$D,M15,1621349100,186000.0,186230.0,186000.0,186100.0,117595,5,493486
WIN$D,M15,1621350000,186100.0,186105.0,185945.0,186030.0,82978,5,328843
WIN$D,M15,1621350900,186035.0,186045.0,185780.0,185820.0,99335,5,420385
WIN$D,M15,1621351800,185825.0,185895.0,185545.0,185620.0,124289,5,547876
WIN$D,M15,1621352700,185620.0,185865.0,185555.0,185790.0,110367,5,470064
WIN$D,M15,1621353600,185790.0,185995.0,185695.0,185875.0,118848,5,540753
WIN$D,M15,1621354500,185880.0,186060.0,185840.0,186015.0,72211,5,323584
WIN$D,M15,1621355400,186020.0,186140.0,185975.0,185985.0,81587,5,359968
WIN$D,M15,1621356300,185990.0,186000.0,185400.0,185405.0,134431,5,597700
WIN$D,M15,1621357200,185410.0,185590.0,185340.0,185355.0,69742,5,289865
WIN$D,M15,1621358100,185355.0,185540.0,185340.0,185460.0,50450,5,198845
WIN$D,M15,1621359000,185465.0,185525.0,185310.0,185355.0,55651,5,200612
WIN$D,M15,1621359900,185360.0,185380.0,185290.0,185290.0,19968,5,75694
WIN$D,M15,1621414800,184345.0,184585.0,184290.0,184465.0,132960,5,376999
WIN$D,M15,1621415700,184470.0,184715.0,184430.0,184545.0,140299,5,483688
WIN$D,M15,1621416600,184545.0,184575.0,184370.0,184485.0,107615,5,369173
WIN$D,M15,1621417500,184490.0,184525.0,184095.0,184190.0,151904,5,552975
WIN$D,M15,1621418400,184190.0,184410.0,184080.0,184325.0,179153,5,652012
WIN$D,M15,1621419300,184325.0,184705.0,184205.0,184630.0,195561,5,757238
WIN$D,M15,1621420200,184625.0,184955.0,184570.0,184875.0,269250,5,1048921
WIN$D,M15,1621421100,184880.0,185335.0,184830.0,185050.0,256362,5,954311
WIN$D,M15,1621422000,185055.0,185125.0,184610.0,184780.0,229219,5,907206
WIN$D,M15,1621422900,184775.0,184925.0,184575.0,184890.0,179211,5,688762
WIN$D,M15,1621423800,184885.0,185015.0,184470.0,184680.0,209742,5,786225
WIN$D,M15,1621424700,184685.0,185000.0,184580.0,184915.0,145946,5,554690
WIN$D,M15,1621425600,184915.0,184965.0,184705.0,184810.0,115844,5,442518
WIN$D,M15,1621426500,184810.0,185150.0,184765.0,184905.0,125475,5,499493
WIN$D,M15,1621427400,184905.0,185150.0,184825.0,185125.0,102721,5,392505
WIN$D,M15,1621428300,185125.0,185245.0,185030.0,185110.0,108083,5,407884
WIN$D,M15,1621429200,185115.0,185120.0,184955.0,185065.0,76510,5,294109
WIN$D,M15,1621430100,185070.0,185185.0,184900.0,184960.0,85302,5,323758
WIN$D,M15,1621431000,184960.0,185185.0,184870.0,185175.0,90755,5,339878
WIN$D,M15,1621431900,185170.0,185410.0,185110.0,185200.0,128831,5,493273
WIN$D,M15,1621432800,185205.0,185380.0,185145.0,185290.0,91045,5,358390
WIN$D,M15,1621433700,185285.0,185535.0,185225.0,185345.0,115624,5,451179
WIN$D,M15,1621434600,185345.0,185370.0,185205.0,185280.0,68503,5,273564
WIN$D,M15,1621435500,185280.0,185425.0,185150.0,185245.0,84965,5,312918
WIN$D,M15,1621436400,185245.0,185885.0,184705.0,184815.0,261442,5,977405
WIN$D,M15,1621437300,184815.0,185300.0,184595.0,185205.0,185381,5,726526
WIN$D,M15,1621438200,185200.0,185335.0,184690.0,184725.0,147085,5,570087
WIN$D,M15,1621439100,184730.0,184785.0,184390.0,184595.0,166316,5,675421
WIN$D,M15,1621440000,184595.0,184845.0,184420.0,184815.0,115088,5,466765
WIN$D,M15,1621440900,184810.0,185080.0,184740.0,185020.0,103014,5,423720
WIN$D,M15,1621441800,185015.0,185140.0,184905.0,185115.0,95448,5,388879
WIN$D,M15,1621442700,185115.0,185420.0,184970.0,185395.0,96963,5,381669
WIN$D,M15,1621443600,185395.0,185450.0,185185.0,185310.0,65835,5,245064
WIN$D,M15,1621444500,185315.0,185430.0,185250.0,185355.0,40222,5,150437
WIN$D,M15,1621445400,185355.0,185400.0,185265.0,185300.0,31982,5,113381
WIN$D,M15,1621446300,185300.0,185490.0,185210.0,185490.0,20224,5,74400
WIN$D,M15,1621501200,185380.0,185610.0,185195.0,185440.0,152830,5,426469
WIN$D,M15,1621502100,185440.0,185520.0,185240.0,185255.0,108701,5,353050
WIN$D,M15,1621503000,185260.0,185355.0,185210.0,185265.0,82409,5,289572
WIN$D,M15,1621503900,185260.0,185470.0,185245.0,185315.0,125309,5,446463
WIN$D,M15,1621504800,185315.0,185335.0,185155.0,185220.0,159938,5,602540
WIN$D,M15,1621505700,185220.0,185340.0,185095.0,185265.0,164054,5,623390
WIN$D,M15,1621506600,185265.0,185300.0,184795.0,184885.0,247906,5,969699
WIN$D,M15,1621507500,184880.0,185140.0,184870.0,185055.0,143542,5,597858
WIN$D,M15,1621508400,185055.0,185205.0,184920.0,185025.0,171248,5,692717
WIN$D,M15,1621509300,185025.0,185255.0,184955.0,185170.0,150649,5,647490
WIN$D,M15,1621510200,185165.0,185315.0,185015.0,185290.0,121438,5,481825
WIN$D,M15,1621511100,185290.0,185410.0,185150.0,185235.0,126752,5,518845
WIN$D,M15,1621512000,185230.0,185260.0,184990.0,185010.0,115246,5,480083
WIN$D,M15,1621512900,185010.0,185105.0,184975.0,185015.0,68553,5,292709
WIN$D,M15,1621513800,185020.0,185320.0,184910.0,185300.0,136156,5,559629
WIN$D,M15,1621514700,185295.0,185400.0,185120.0,185165.0,108154,5,430846
WIN$D,M15,1621515600,185165.0,185185.0,184760.0,184890.0,138810,5,574859
WIN$D,M15,1621516500,184890.0,185005.0,184840.0,184905.0,93575,5,361722
WIN$D,M15,1621517400,184905.0,184985.0,184690.0,184825.0,106254,5,407776
WIN$D,M15,1621518300,184825.0,184920.0,184725.0,184835.0,88515,5,346558
WIN$D,M15,1621519200,184835.0,184965.0,184790.0,184920.0,60672,5,243428
WIN$D,M15,1621520100,184925.0,185065.0,184870.0,185015.0,80158,5,323565
WIN$D,M15,1621521000,185010.0,185105.0,184835.0,184955.0,98859,5,405210
WIN$D,M15,1621521900,184955.0,185085.0,184775.0,184885.0,113796,5,478794
WIN$D,M15,1621522800,184885.0,185075.0,184875.0,184980.0,82830,5,356739
WIN$D,M15,1621523700,184975.0,185100.0,184840.0,185000.0,97262,5,417137
WIN$D,M15,1621524600,185000.0,185055.0,184900.0,184945.0,53592,5,248775
WIN$D,M15,1621525500,184945.0,185185.0,184935.0,185130.0,91608,5,418703
WIN$D,M15,1621526400,185135.0,185210.0,185040.0,185170.0,90167,5,401703
WIN$D,M15,1621527300,185165.0,185280.0,185120.0,185235.0,79598,5,355946
WIN$D,M15,1621528200,185240.0,185340.0,185195.0,185250.0,83236,5,355040
WIN$D,M15,1621529100,185245.0,185325.0,185200.0,185265.0,61297,5,273687
WIN$D,M15,1621530000,185265.0,185310.0,185130.0,185170.0,48624,5,191739
WIN$D,M15,1621530900,185165.0,185250.0,185140.0,185205.0,29941,5,114473
WIN$D,M15,1621531800,185200.0,185245.0,185170.0,185195.0,23403,5,81751
WIN$D,M15,1621532700,185195.0,185265.0,185130.0,185130.0,22197,5,80574
WIN$D,M15,1621587600,185585.0,185635.0,185355.0,185355.0,117276,5,348269
WIN$D,M15,1621588500,185355.0,185370.0,185240.0,185290.0,80333,5,269303
WIN$D,M15,1621589400,185295.0,185310.0,185190.0,185210.0,64453,5,229634
WIN$D,M15,1621590300,185205.0,185255.0,185165.0,185180.0,56357,5,200954
WIN$D,M15,1621591200,185180.0,185305.0,185100.0,185165.0,156897,5,547946
WIN$D,M15,1621592100,185160.0,185185.0,184975.0,185030.0,148054,5,544558
WIN$D,M15,1621593000,185025.0,185100.0,184865.0,184960.0,146677,5,549706
WIN$D,M15,1621593900,184965.0,185090.0,184875.0,185010.0,125589,5,482833
WIN$D,M15,1621594800,185010.0,185050.0,184780.0,184815.0,133751,5,507867
WIN$D,M15,1621595700,184810.0,184825.0,184600.0,184715.0,149364,5,587962
WIN$D,M15,1621596600,184710.0,184865.0,184635.0,184710.0,132793,5,499470
WIN$D,M15,1621597500,184715.0,184830.0,184685.0,184740.0,82864,5,319107
WIN$D,M15,1621598400,184745.0,184780.0,184630.0,184745.0,92620,5,352036
WIN$D,M15,1621599300,184745.0,184760.0,184370.0,184495.0,107904,5,424399
WIN$D,M15,1621600200,184495.0,184495.0,184340.0,184430.0,90645,5,360948
WIN$D,M15,1621601100,184425.0,184490.0,184370.0,184420.0,52328,5,213967
WIN$D,M15,1621602000,184420.0,184535.0,184300.0,184410.0,103958,5,409892
WIN$D,M15,1621602900,184410.0,184475.0,184365.0,184435.0,48799,5,196653
WIN$D,M15,1621603800,184440.0,184580.0,184395.0,184570.0,72348,5,288838
WIN$D,M15,1621604700,184575.0,184610.0,184375.0,184500.0,94664,5,377445
WIN$D,M15,1621605600,184505.0,184590.0,184460.0,184480.0,66693,5,280185
WIN$D,M15,1621606500,184480.0,184555.0,184440.0,184530.0,49175,5,212959
WIN$D,M15,1621607400,184535.0,184705.0,184505.0,184610.0,81702,5,329927
WIN$D,M15,1621608300,184610.0,184700.0,184540.0,184590.0,67023,5,281046
WIN$D,M15,1621609200,184590.0,184755.0,184580.0,184735.0,77235,5,321286
WIN$D,M15,1621610100,184735.0,184785.0,184625.0,184640.0,71072,5,282284
WIN$D,M15,1621611000,184640.0,184870.0,184635.0,184790.0,94972,5,389547
WIN$D,M15,1621611900,184790.0,184920.0,184785.0,184835.0,73223,5,299925
WIN$D,M15,1621612800,184835.0,184915.0,184795.0,184880.0,57424,5,238891
WIN$D,M15,1621613700,184880.0,185305.0,184840.0,185300.0,102202,5,426306
WIN$D,M15,1621614600,185300.0,185400.0,185205.0,185230.0,107000,5,453468
WIN$D,M15,1621615500,185230.0,185290.0,185075.0,185085.0,86666,5,363477
WIN$D,M15,1621616400,185090.0,185280.0,185085.0,185260.0,51903,5,211846
WIN$D,M15,1621617300,185260.0,185290.0,185195.0,185270.0,22179,5,100028
WIN$D,M15,1621618200,185270.0,185280.0,185140.0,185170.0,22898,5,85354
WIN$D,M15,1621619100,185175.0,185240.0,185140.0,185145.0,15391,5,58022
WIN$D,M15,1621846800,185340.0,185540.0,185090.0,185240.0,155797,5,461435
WIN$D,M15,1621847700,185240.0,185275.0,185110.0,185215.0,77540,5,262882
WIN$D,M15,1621848600,185215.0,185385.0,185180.0,185355.0,103588,5,358822
WIN$D,M15,1621849500,185350.0,185380.0,185220.0,185360.0,82999,5,302587
WIN$D,M15,1621850400,185360.0,185525.0,185310.0,185390.0,153888,5,574713
WIN$D,M15,1621851300,185385.0,185405.0,185195.0,185325.0,131869,5,510142
WIN$D,M15,1621852200,185330.0,185665.0,185205.0,185545.0,208110,5,817912
WIN$D,M15,1621853100,185545.0,186200.0,185415.0,186175.0,245159,5,1003586
WIN$D,M15,1621854000,186170.0,186215.0,185780.0,185800.0,136545,5,582822
WIN$D,M15,1621854900,185805.0,185825.0,185645.0,185700.0,107210,5,464470
WIN$D,M15,1621855800,185705.0,185815.0,185580.0,185675.0,116224,5,466695
WIN$D,M15,1621856700,185675.0,185685.0,185505.0,185610.0,108176,5,439787
WIN$D,M15,1621857600,185605.0,185755.0,185605.0,185670.0,93404,5,369880
WIN$D,M15,1621858500,185670.0,185885.0,185640.0,185760.0,95301,5,372265
WIN$D,M15,1621859400,185760.0,185840.0,185715.0,185835.0,49603,5,217510
WIN$D,M15,1621860300,185835.0,185950.0,185820.0,185900.0,74959,5,304284
WIN$D,M15,1621861200,185905.0,185990.0,185865.0,185935.0,60964,5,251508
WIN$D,M15,1621862100,185935.0,186035.0,185840.0,186015.0,77169,5,311560
WIN$D,M15,1621863000,186015.0,186305.0,185985.0,186280.0,113786,5,478419
WIN$D,M15,1621863900,186280.0,186465.0,186280.0,186325.0,108328,5,452379
WIN$D,M15,1621864800,186320.0,186575.0,186315.0,186435.0,79133,5,343154
WIN$D,M15,1621865700,186440.0,186530.0,186400.0,186515.0,56930,5,247409
WIN$D,M15,1621866600,186515.0,186650.0,186475.0,186635.0,102045,5,452708
WIN$D,M15,1621867500,186635.0,186660.0,186540.0,186580.0,65295,5,281318
WIN$D,M15,1621868400,186575.0,186595.0,186455.0,186480.0,62037,5,283511
WIN$D,M15,1621869300,186485.0,186510.0,186300.0,186365.0,82599,5,370319
WIN$D,M15,1621870200,186360.0,186490.0,186335.0,186445.0,61113,5,281589
WIN$D,M15,1621871100,186440.0,186705.0,186435.0,186590.0,106717,5,495953
WIN$D,M15,1621872000,186590.0,186660.0,186495.0,186635.0,75935,5,339647
WIN$D,M15,1621872900,186630.0,186750.0,186600.0,186725.0,86126,5,389636
WIN$D,M15,1621873800,186725.0,186740.0,186635.0,186725.0,58815,5,254457
WIN$D,M15,1621874700,186725.0,186815.0,186610.0,186640.0,94440,5,422111
WIN$D,M15,1621875600,186635.0,186680.0,186595.0,186635.0,43613,5,186086
WIN$D,M15,1621876500,186640.0,186675.0,186550.0,186655.0,41341,5,169881
WIN$D,M15,1621877400,186655.0,186670.0,186615.0,186620.0,24826,5,87491
WIN$D,M15,1621878300,186620.0,186625.0,186530.0,186530.0,25153,5,101541
WIN$D,M15,1621933200,186455.0,186975.0,186445.0,186850.0,170128,5,540632
WIN$D,M15,1621934100,186855.0,186910.0,186750.0,186815.0,112165,5,389631
WIN$D,M15,1621935000,186815.0,186860.0,186695.0,186795.0,94801,5,357205
WIN$D,M15,1621935900,186790.0,187050.0,186750.0,186840.0,138432,5,510368
WIN$D,M15,1621936800,186835.0,187135.0,186780.0,187065.0,197429,5,739524
WIN$D,M15,1621937700,187065.0,187285.0,187025.0,187205.0,155306,5,620398
WIN$D,M15,1621938600,187210.0,187320.0,186995.0,187000.0,175138,5,715241
WIN$D,M15,1621939500,187000.0,187040.0,186600.0,186740.0,212750,5,908151
WIN$D,M15,1621940400,186740.0,186860.0,186515.0,186660.0,190484,5,784644
WIN$D,M15,1621941300,186655.0,186740.0,186395.0,186495.0,148663,5,619084
WIN$D,M15,1621942200,186495.0,186595.0,186400.0,186590.0,112516,5,493715
WIN$D,M15,1621943100,186590.0,186740.0,186460.0,186490.0,117078,5,493221
WIN$D,M15,1621944000,186490.0,186500.0,186155.0,186215.0,156728,5,704077
WIN$D,M15,1621944900,186215.0,186235.0,185950.0,185955.0,120390,5,541150
WIN$D,M15,1621945800,185960.0,186280.0,185935.0,186185.0,118891,5,510680
WIN$D,M15,1621946700,186185.0,186205.0,186020.0,186115.0,76675,5,327406
WIN$D,M15,1621947600,186115.0,186200.0,185955.0,186120.0,92734,5,414293
WIN$D,M15,1621948500,186115.0,186165.0,186050.0,186165.0,47604,5,217418
WIN$D,M15,1621949400,186165.0,186270.0,186085.0,186105.0,74659,5,312058
WIN$D,M15,1621950300,186100.0,186165.0,186015.0,186145.0,64098,5,285587
WIN$D,M15,1621951200,186150.0,186150.0,185945.0,186105.0,88962,5,402392
WIN$D,M15,1621952100,186105.0,186240.0,186075.0,186150.0,72760,5,317333
WIN$D,M15,1621953000,186145.0,186185.0,185715.0,185820.0,107116,5,482665
WIN$D,M15,1621953900,185820.0,185865.0,185650.0,185810.0,101475,5,448077
WIN$D,M15,1621954800,185810.0,185825.0,185595.0,185665.0,101636,5,458589
WIN$D,M15,1621955700,185665.0,185855.0,185625.0,185725.0,94815,5,429893
WIN$D,M15,1621956600,185730.0,185750.0,185650.0,185725.0,59244,5,283813
WIN$D,M15,1621957500,185725.0,185760.0,185460.0,185470.0,87638,5,428792
WIN$D,M15,1621958400,185470.0,185485.0,185280.0,185445.0,112881,5,561679
WIN$D,M15,1621959300,185450.0,185615.0,185365.0,185405.0,96052,5,434466
WIN$D,M15,1621960200,185400.0,185510.0,185340.0,185500.0,68754,5,318780
WIN$D,M15,1621961100,185500.0,185630.0,185470.0,185535.0,71965,5,348039
WIN$D,M15,1621962000,185535.0,185680.0,185525.0,185650.0,44432,5,191646
WIN$D,M15,1621962900,185655.0,185735.0,185620.0,185725.0,30059,5,129975
WIN$D,M15,1621963800,185720.0,185785.0,185590.0,185595.0,47185,5,183836
WIN$D,M15,1621964700,185590.0,185705.0,185545.0,185705.0,22828,5,80192
WIN$D,M15,1622019600,185910.0,186140.0,185895.0,186060.0,124280,5,375099
WIN$D,M15,1622020500,186065.0,186250.0,186030.0,186115.0,103095,5,388247
WIN$D,M15,1622021400,186120.0,186150.0,186025.0,186030.0,86544,5,330526
WIN$D,M15,1622022300,186030.0,186065.0,185910.0,185970.0,109262,5,428472
WIN$D,M15,1622023200,185965.0,186300.0,185955.0,186250.0,212982,5,812135
WIN$D,M15,1622024100,186245.0,186370.0,186070.0,186105.0,169493,5,626707
WIN$D,M15,1622025000,186105.0,186755.0,186090.0,186580.0,283282,5,1124316
WIN$D,M15,1622025900,186575.0,186710.0,186430.0,186635.0,173050,5,681814
WIN$D,M15,1622026800,186630.0,186750.0,186445.0,186515.0,129387,5,524297
WIN$D,M15,1622027700,186520.0,186700.0,186465.0,186700.0,101093,5,417588
WIN$D,M15,1622028600,186700.0,186790.0,186595.0,186635.0,129959,5,545230
WIN$D,M15,1622029500,186630.0,186790.0,186615.0,186770.0,78282,5,327915
WIN$D,M15,1622030400,186775.0,186835.0,186515.0,186650.0,131414,5,525576
WIN$D,M15,1622031300,186650.0,186900.0,186600.0,186690.0,116489,5,486758
WIN$D,M15,1622032200,186685.0,186710.0,186480.0,186540.0,81737,5,343264
WIN$D,M15,1622033100,186535.0,186685.0,186505.0,186665.0,80651,5,348498
WIN$D,M15,1622034000,186660.0,186770.0,186505.0,186630.0,95723,5,423267
WIN$D,M15,1622034900,186630.0,186655.0,186445.0,186535.0,67840,5,296783
WIN$D,M15,1622035800,186540.0,186585.0,186390.0,186510.0,73151,5,315248
WIN$D,M15,1622036700,186510.0,186650.0,186485.0,186580.0,58987,5,258299
WIN$D,M15,1622037600,186580.0,186665.0,186475.0,186565.0,71674,5,317028
WIN$D,M15,1622038500,186570.0,186635.0,186515.0,186570.0,49355,5,219325
WIN$D,M15,1622039400,186570.0,186580.0,186440.0,186450.0,57771,5,261363
WIN$D,M15,1622040300,186445.0,186450.0,186190.0,186350.0,140934,5,612810
WIN$D,M15,1622041200,186355.0,186390.0,186175.0,186240.0,77140,5,343890
WIN$D,M15,1622042100,186235.0,186385.0,186210.0,186355.0,61121,5,273200
WIN$D,M15,1622043000,186350.0,186505.0,186270.0,186305.0,87124,5,392408
WIN$D,M15,1622043900,186305.0,186405.0,186290.0,186375.0,44690,5,208995
WIN$D,M15,1622044800,186370.0,186600.0,186355.0,186595.0,82046,5,384962
WIN$D,M15,1622045700,186590.0,186645.0,186390.0,186505.0,86252,5,388302
WIN$D,M15,1622046600,186510.0,186580.0,186425.0,186530.0,53459,5,240870
WIN$D,M15,1622047500,186530.0,186655.0,186515.0,186650.0,43963,5,210850
WIN$D,M15,1622048400,186650.0,186650.0,186540.0,186565.0,37155,5,161309
WIN$D,M15,1622049300,186565.0,186605.0,186470.0,186485.0,28714,5,115629
WIN$D,M15,1622050200,186485.0,186530.0,186380.0,186400.0,29474,5,116175
WIN$D,M15,1622051100,186395.0,186435.0,186280.0,186280.0,19258,5,74114
WIN$D,M15,1622106000,186280.0,186525.0,186265.0,186390.0,107361,5,328194
WIN$D,M15,1622106900,186390.0,186470.0,186270.0,186435.0,85854,5,308222
WIN$D,M15,1622107800,186435.0,186555.0,186410.0,186535.0,92330,5,348655
WIN$D,M15,1622108700,186535.0,186685.0,186515.0,186670.0,90212,5,364872
WIN$D,M15,1622109600,186665.0,186790.0,186595.0,186690.0,169335,5,676281
WIN$D,M15,1622110500,186685.0,187130.0,186655.0,187045.0,195106,5,838152
WIN$D,M15,1622111400,187045.0,187105.0,186810.0,186815.0,152445,5,666503
WIN$D,M15,1622112300,186820.0,186950.0,186765.0,186865.0,133514,5,589771
WIN$D,M15,1622113200,186860.0,187010.0,186715.0,186720.0,143172,5,612812
WIN$D,M15,1622114100,186725.0,186775.0,186480.0,186535.0,196184,5,851822
WIN$D,M15,1622115000,186535.0,186720.0,186515.0,186610.0,126314,5,563639
WIN$D,M15,1622115900,186615.0,186670.0,186365.0,186560.0,133661,5,600804
WIN$D,M15,1622116800,186555.0,186655.0,186485.0,186535.0,79627,5,355368
WIN$D,M15,1622117700,186535.0,186640.0,186465.0,186530.0,66455,5,306972
WIN$D,M15,1622118600,186530.0,186670.0,186480.0,186595.0,84466,5,396863
WIN$D,M15,1622119500,186600.0,186650.0,186305.0,186330.0,98851,5,455359
WIN$D,M15,1622120400,186330.0,186470.0,186255.0,186285.0,98617,5,464207
WIN$D,M15,1622121300,186285.0,186290.0,186015.0,186175.0,123530,5,577626
WIN$D,M15,1622122200,186175.0,186270.0,186090.0,186245.0,71873,5,325587
WIN$D,M15,1622123100,186245.0,186410.0,186235.0,186335.0,77614,5,370974
WIN$D,M15,1622124000,186335.0,186440.0,186310.0,186425.0,69617,5,330774
WIN$D,M15,1622124900,186425.0,186550.0,186400.0,186520.0,86100,5,410855
WIN$D,M15,1622125800,186520.0,186605.0,186475.0,186600.0,78742,5,381838
WIN$D,M15,1622126700,186600.0,187005.0,186560.0,186850.0,156381,5,766764
WIN$D,M15,1622127600,186855.0,186890.0,186685.0,186760.0,98345,5,472366
WIN$D,M15,1622128500,186755.0,186940.0,186735.0,186900.0,78616,5,362264
WIN$D,M15,1622129400,186900.0,186925.0,186770.0,186855.0,69942,5,365268
WIN$D,M15,1622130300,186860.0,186960.0,186825.0,186905.0,68472,5,344505
WIN$D,M15,1622131200,186900.0,186910.0,186725.0,186785.0,79471,5,395028
WIN$D,M15,1622132100,186790.0,186935.0,186745.0,186910.0,68563,5,353196
WIN$D,M15,1622133000,186910.0,187005.0,186835.0,186870.0,84597,5,409159
WIN$D,M15,1622133900,186875.0,187010.0,186715.0,186730.0,100243,5,476875
WIN$D,M15,1622134800,186735.0,186945.0,186715.0,186915.0,56704,5,245205
WIN$D,M15,1622135700,186915.0,187000.0,186875.0,186890.0,38156,5,159618
WIN$D,M15,1622136600,186890.0,186955.0,186840.0,186910.0,38536,5,146821
WIN$D,M15,1622137500,186905.0,186990.0,186805.0,186990.0,29117,5,115352
WIN$D,M15,1622192400,187230.0,187270.0,186945.0,186970.0,134629,5,420925
WIN$D,M15,1622193300,186965.0,186985.0,186855.0,186920.0,90551,5,325779
WIN$D,M15,1622194200,186925.0,187000.0,186810.0,186880.0,109486,5,395810
WIN$D,M15,1622195100,186880.0,186910.0,186815.0,186895.0,56121,5,221369
WIN$D,M15,1622196000,186895.0,187050.0,186740.0,186935.0,190182,5,753467
WIN$D,M15,1622196900,186935.0,187075.0,186835.0,186845.0,153627,5,597622
WIN$D,M15,1622197800,186850.0,187035.0,186790.0,186995.0,171648,5,726594
WIN$D,M15,1622198700,186995.0,187240.0,186895.0,187190.0,162109,5,685405
WIN$D,M15,1622199600,187190.0,187365.0,187135.0,187165.0,163380,5,673654
WIN$D,M15,1622200500,187165.0,187235.0,187015.0,187070.0,130889,5,559287
WIN$D,M15,1622201400,187070.0,187440.0,187050.0,187420.0,152761,5,628442
WIN$D,M15,1622202300,187425.0,187535.0,187375.0,187420.0,111339,5,466275
WIN$D,M15,1622203200,187415.0,187460.0,187270.0,187405.0,89430,5,356029
WIN$D,M15,1622204100,187405.0,187495.0,187355.0,187450.0,70586,5,294748
WIN$D,M15,1622205000,187445.0,187710.0,187425.0,187600.0,102849,5,447046
WIN$D,M15,1622205900,187600.0,187635.0,187520.0,187620.0,52677,5,252718
WIN$D,M15,1622206800,187620.0,187720.0,187480.0,187675.0,77375,5,341596
WIN$D,M15,1622207700,187680.0,187755.0,187605.0,187625.0,65919,5,297959
WIN$D,M15,1622208600,187625.0,187665.0,187550.0,187610.0,51118,5,237911
WIN$D,M15,1622209500,187615.0,187665.0,187520.0,187640.0,51293,5,225374
WIN$D,M15,1622210400,187640.0,187725.0,187580.0,187670.0,60990,5,271195
WIN$D,M15,1622211300,187670.0,187800.0,187665.0,187775.0,66814,5,326025
WIN$D,M15,1622212200,187775.0,188100.0,187750.0,188080.0,129631,5,621180
WIN$D,M15,1622213100,188085.0,188095.0,187910.0,187945.0,72181,5,341216
WIN$D,M15,1622214000,187945.0,188185.0,187925.0,187980.0,99252,5,459638
WIN$D,M15,1622214900,187980.0,188115.0,187955.0,188050.0,61526,5,278659
WIN$D,M15,1622215800,188045.0,188090.0,188005.0,188070.0,41043,5,200498
WIN$D,M15,1622216700,188070.0,188210.0,188040.0,188190.0,65431,5,327099
WIN$D,M15,1622217600,188185.0,188200.0,188070.0,188100.0,47996,5,236801
WIN$D,M15,1622218500,188100.0,188205.0,188080.0,188105.0,60862,5,302484
WIN$D,M15,1622219400,188105.0,188150.0,188070.0,188115.0,45449,5,216803
WIN$D,M15,1622220300,188120.0,188270.0,188050.0,188065.0,89253,5,416380
WIN$D,M15,1622221200,188065.0,188140.0,188030.0,188110.0,40560,5,172732
WIN$D,M15,1622222100,188105.0,188190.0,188070.0,188080.0,38924,5,157635
WIN$D,M15,1622223000,188075.0,188080.0,187895.0,187935.0,56704,5,217185
WIN$D,M15,1622223900,187935.0,188055.0,187865.0,187905.0,25678,5,99122
WIN$D,M15,1622451600,187905.0,188000.0,187780.0,188000.0,103073,5,304551
WIN$D,M15,1622452500,188000.0,188110.0,187995.0,188060.0,69443,5,244076
WIN$D,M15,1622453400,188060.0,188105.0,188020.0,188040.0,47623,5,195476
WIN$D,M15,1622454300,188045.0,188050.0,187940.0,187975.0,68132,5,249582
WIN$D,M15,1622455200,187975.0,188215.0,187950.0,188160.0,150374,5,590474
WIN$D,M15,1622456100,188160.0,188375.0,188145.0,188280.0,138315,5,575662
WIN$D,M15,1622457000,188275.0,188380.0,188255.0,188305.0,98378,5,425227
WIN$D,M15,1622457900,188300.0,188405.0,188140.0,188375.0,148285,5,589351
WIN$D,M15,1622458800,188380.0,188390.0,188150.0,188370.0,135470,5,551436
WIN$D,M15,1622459700,188370.0,188520.0,188300.0,188460.0,138831,5,576113
WIN$D,M15,1622460600,188465.0,188475.0,188315.0,188420.0,89509,5,368565
WIN$D,M15,1622461500,188420.0,188475.0,188365.0,188375.0,69872,5,294897
WIN$D,M15,1622462400,188375.0,188400.0,188045.0,188105.0,143108,5,574334
WIN$D,M15,1622463300,188105.0,188185.0,188005.0,188105.0,95471,5,402880
WIN$D,M15,1622464200,188105.0,188240.0,188080.0,188100.0,77937,5,328914
WIN$D,M15,1622465100,188095.0,188265.0,188095.0,188250.0,65336,5,279882
WIN$D,M15,1622466000,188255.0,188300.0,188115.0,188140.0,65341,5,271479
WIN$D,M15,1622466900,188140.0,188165.0,188045.0,188085.0,50659,5,216113
WIN$D,M15,1622467800,188085.0,188285.0,188065.0,188280.0,72269,5,316946
WIN$D,M15,1622468700,188275.0,188450.0,188240.0,188315.0,101071,5,422293
WIN$D,M15,1622469600,188310.0,188520.0,188310.0,188460.0,90265,5,347362
WIN$D,M15,1622470500,188455.0,188485.0,188260.0,188360.0,61878,5,231983
WIN$D,M15,1622471400,188360.0,188455.0,188310.0,188370.0,54360,5,203636
WIN$D,M15,1622472300,188370.0,188495.0,188325.0,188455.0,66339,5,248555
WIN$D,M15,1622473200,188455.0,188570.0,188430.0,188515.0,74447,5,262857
WIN$D,M15,1622474100,188510.0,188560.0,188285.0,188360.0,79767,5,281513
WIN$D,M15,1622475000,188365.0,188500.0,188335.0,188460.0,51518,5,200466
WIN$D,M15,1622475900,188460.0,188485.0,188395.0,188410.0,40859,5,163285
WIN$D,M15,1622476800,188410.0,188485.0,188300.0,188440.0,76289,5,295853
WIN$D,M15,1622477700,188440.0,188520.0,188360.0,188465.0,61457,5,234722
WIN$D,M15,1622478600,188470.0,188565.0,188420.0,188535.0,58822,5,239190
WIN$D,M15,1622479500,188530.0,188690.0,188440.0,188680.0,68961,5,284790
WIN$D,M15,1622480400,188685.0,188730.0,188575.0,188610.0,65590,5,253532
WIN$D,M15,1622481300,188615.0,188660.0,188540.0,188565.0,35380,5,141835
WIN$D,M15,1622482200,188560.0,188600.0,188550.0,188570.0,23031,5,85193
WIN$D,M15,1622483100,188570.0,188630.0,188495.0,188530.0,26073,5,100127
WIN$D,M15,1622538000,188990.0,189490.0,188735.0,189375.0,217638,5,623714
WIN$D,M15,1622538900,189370.0,189670.0,189355.0,189595.0,132842,5,515349
WIN$D,M15,1622539800,189600.0,189615.0,189495.0,189535.0,77498,5,294615
WIN$D,M15,1622540700,189530.0,189780.0,189495.0,189740.0,144660,5,553182
WIN$D,M15,1622541600,189735.0,190040.0,189735.0,190015.0,174400,5,738224
WIN$D,M15,1622542500,190015.0,190640.0,189970.0,190555.0,231790,5,1102306
WIN$D,M15,1622543400,190555.0,190885.0,190440.0,190470.0,221515,5,989433
WIN$D,M15,1622544300,190475.0,190715.0,190250.0,190285.0,170683,5,708704
WIN$D,M15,1622545200,190285.0,190630.0,190260.0,190535.0,148118,5,588135
WIN$D,M15,1622546100,190535.0,190690.0,190455.0,190590.0,118317,5,509415
WIN$D,M15,1622547000,190595.0,190670.0,190380.0,190480.0,124540,5,553269
WIN$D,M15,1622547900,190485.0,190575.0,190405.0,190535.0,98859,5,459575
WIN$D,M15,1622548800,190535.0,190650.0,190465.0,190555.0,90050,5,414260
WIN$D,M15,1622549700,190550.0,190590.0,190480.0,190530.0,57257,5,310150
WIN$D,M15,1622550600,190525.0,190870.0,190525.0,190805.0,137294,5,659446
WIN$D,M15,1622551500,190810.0,190810.0,190530.0,190655.0,99141,5,460604
WIN$D,M15,1622552400,190655.0,190690.0,190590.0,190685.0,61462,5,298107
WIN$D,M15,1622553300,190680.0,190740.0,190665.0,190715.0,49253,5,238283
WIN$D,M15,1622554200,190710.0,190885.0,190610.0,190780.0,99223,5,475891
WIN$D,M15,1622555100,190780.0,190835.0,190675.0,190715.0,64211,5,312130
WIN$D,M15,1622556000,190720.0,190750.0,190560.0,190615.0,90411,5,409201
WIN$D,M15,1622556900,190615.0,190710.0,190545.0,190685.0,70877,5,333989
WIN$D,M15,1622557800,190680.0,190740.0,190615.0,190635.0,58443,5,274795
WIN$D,M15,1622558700,190640.0,190770.0,190605.0,190695.0,72586,5,344927
WIN$D,M15,1622559600,190700.0,190760.0,190640.0,190735.0,57231,5,274160
WIN$D,M15,1622560500,190735.0,190810.0,190705.0,190710.0,66352,5,362141
WIN$D,M15,1622561400,190715.0,190750.0,190670.0,190730.0,57105,5,293362
WIN$D,M15,1622562300,190730.0,190795.0,190690.0,190715.0,57191,5,300696
WIN$D,M15,1622563200,190715.0,190825.0,190705.0,190785.0,60875,5,327376
WIN$D,M15,1622564100,190785.0,190810.0,190745.0,190765.0,39562,5,200909
WIN$D,M15,1622565000,190770.0,190855.0,190715.0,190825.0,60443,5,302644
WIN$D,M15,1622565900,190825.0,190950.0,190820.0,190865.0,78037,5,412601
WIN$D,M15,1622566800,190865.0,190875.0,190780.0,190830.0,46452,5,217273
WIN$D,M15,1622567700,190835.0,190865.0,190815.0,190840.0,20118,5,83651
WIN$D,M15,1622568600,190840.0,190850.0,190720.0,190730.0,42150,5,170665
WIN$D,M15,1622569500,190735.0,190820.0,190720.0,190820.0,22230,5,95728
WIN$D,M15,1622624400,190650.0,190775.0,190440.0,190485.0,139399,5,459457
WIN$D,M15,1622625300,190490.0,190700.0,190475.0,190650.0,124809,5,444709
WIN$D,M15,1622626200,190650.0,190785.0,190630.0,190710.0,115830,5,434728
WIN$D,M15,1622627100,190710.0,190780.0,190695.0,190735.0,67073,5,257017
WIN$D,M15,1622628000,190730.0,191020.0,190675.0,190855.0,237001,5,969897
WIN$D,M15,1622628900,190855.0,190900.0,190630.0,190880.0,175891,5,711125
WIN$D,M15,1622629800,190880.0,191255.0,190810.0,191185.0,266768,5,1141292
WIN$D,M15,1622630700,191185.0,191230.0,191060.0,191135.0,121581,5,544596
WIN$D,M15,1622631600,191130.0,191310.0,191075.0,191215.0,176826,5,770242
WIN$D,M15,1622632500,191215.0,191375.0,191190.0,191335.0,113617,5,487507
WIN$D,M15,1622633400,191340.0,191375.0,191130.0,191270.0,109656,5,475396
WIN$D,M15,1622634300,191275.0,191355.0,191225.0,191265.0,83348,5,363254
WIN$D,M15,1622635200,191265.0,191325.0,191170.0,191270.0,90587,5,407589
WIN$D,M15,1622636100,191270.0,191385.0,191245.0,191270.0,92794,5,432310
WIN$D,M15,1622637000,191275.0,191340.0,191230.0,191290.0,55323,5,272457
WIN$D,M15,1622637900,191285.0,191615.0,191285.0,191560.0,115438,5,543333
WIN$D,M15,1622638800,191565.0,191640.0,191510.0,191610.0,64700,5,296567
WIN$D,M15,1622639700,191610.0,191805.0,191600.0,191740.0,106567,5,509288
WIN$D,M15,1622640600,191735.0,191760.0,191650.0,191665.0,45962,5,212359
WIN$D,M15,1622641500,191665.0,191705.0,191535.0,191570.0,86158,5,390391
WIN$D,M15,1622642400,191570.0,191735.0,191545.0,191690.0,78752,5,367396
WIN$D,M15,1622643300,191695.0,191750.0,191610.0,191645.0,66805,5,308460
WIN$D,M15,1622644200,191645.0,191855.0,191590.0,191845.0,92761,5,442744
WIN$D,M15,1622645100,191840.0,191925.0,191795.0,191880.0,74930,5,352713
WIN$D,M15,1622646000,191880.0,192055.0,191840.0,191860.0,118859,5,584624
WIN$D,M15,1622646900,191860.0,192010.0,191815.0,191930.0,85700,5,423731
WIN$D,M15,1622647800,191930.0,192000.0,191795.0,191980.0,95243,5,499030
WIN$D,M15,1622648700,191980.0,192065.0,191875.0,191925.0,84933,5,467801
WIN$D,M15,1622649600,191930.0,191945.0,191655.0,191835.0,109585,5,555208
WIN$D,M15,1622650500,191830.0,191850.0,191695.0,191800.0,68185,5,361605
WIN$D,M15,1622651400,191800.0,191955.0,191760.0,191945.0,73481,5,386831
WIN$D,M15,1622652300,191940.0,191985.0,191810.0,191975.0,77162,5,379385
WIN$D,M15,1622653200,191970.0,191975.0,191865.0,191930.0,38533,5,178792
WIN$D,M15,1622654100,191930.0,192045.0,191920.0,191995.0,41124,5,184921
WIN$D,M15,1622655000,191995.0,192010.0,191865.0,191880.0,46369,5,166437
WIN$D,M15,1622655900,191880.0,191935.0,191725.0,191820.0,36990,5,116073
WIN$D,M15,1622797200,191495.0,191810.0,191495.0,191530.0,128504,5,386651
WIN$D,M15,1622798100,191525.0,191920.0,191505.0,191870.0,139568,5,464238
WIN$D,M15,1622799000,191870.0,192135.0,191835.0,191875.0,171284,5,611780
WIN$D,M15,1622799900,191875.0,191890.0,191625.0,191720.0,155135,5,567170
WIN$D,M15,1622800800,191725.0,192030.0,191695.0,191885.0,199815,5,788226
WIN$D,M15,1622801700,191885.0,192160.0,191875.0,192100.0,178422,5,685572
WIN$D,M15,1622802600,192095.0,192130.0,191820.0,192050.0,193066,5,772041
WIN$D,M15,1622803500,192050.0,192360.0,192030.0,192350.0,166854,5,661517
WIN$D,M15,1622804400,192345.0,192380.0,192000.0,192030.0,141953,5,574670
WIN$D,M15,1622805300,192030.0,192090.0,191795.0,192005.0,193238,5,805918
WIN$D,M15,1622806200,192000.0,192190.0,191830.0,191900.0,162858,5,677422
WIN$D,M15,1622807100,191895.0,191920.0,191650.0,191740.0,144317,5,599013
WIN$D,M15,1622808000,191740.0,191860.0,191590.0,191795.0,115466,5,475770
WIN$D,M15,1622808900,191795.0,192070.0,191790.0,191880.0,111881,5,465635
WIN$D,M15,1622809800,191880.0,192310.0,191755.0,192235.0,157168,5,656560
WIN$D,M15,1622810700,192230.0,192245.0,191895.0,191920.0,94406,5,388587
WIN$D,M15,1622811600,191925.0,192185.0,191905.0,192180.0,82307,5,350782
WIN$D,M15,1622812500,192185.0,192185.0,191840.0,192035.0,107096,5,452568
WIN$D,M15,1622813400,192040.0,192095.0,191870.0,191925.0,87973,5,371892
WIN$D,M15,1622814300,191925.0,191990.0,191845.0,191915.0,54516,5,240049
WIN$D,M15,1622815200,191920.0,192040.0,191780.0,192030.0,95947,5,423815
WIN$D,M15,1622816100,192030.0,192165.0,191945.0,192145.0,81922,5,344312
WIN$D,M15,1622817000,192140.0,192200.0,191990.0,192075.0,100400,5,437236
WIN$D,M15,1622817900,192075.0,192325.0,191960.0,192325.0,99292,5,430344
WIN$D,M15,1622818800,192325.0,192340.0,192125.0,192295.0,94265,5,416362
WIN$D,M15,1622819700,192295.0,192435.0,192250.0,192365.0,112064,5,486833
WIN$D,M15,1622820600,192365.0,192600.0,192325.0,192580.0,98220,5,461880
WIN$D,M15,1622821500,192580.0,192670.0,192500.0,192575.0,80584,5,390746
WIN$D,M15,1622822400,192575.0,192630.0,192520.0,192550.0,44362,5,222343
WIN$D,M15,1622823300,192545.0,192660.0,192495.0,192590.0,60204,5,275467
WIN$D,M15,1622824200,192590.0,192635.0,192525.0,192610.0,53227,5,262931
WIN$D,M15,1622825100,192605.0,192625.0,192445.0,192575.0,65818,5,318142
WIN$D,M15,1622826000,192570.0,192610.0,192485.0,192520.0,37577,5,164253
WIN$D,M15,1622826900,192520.0,192580.0,192490.0,192520.0,26412,5,116929
WIN$D,M15,1622827800,192515.0,192550.0,192505.0,192510.0,16976,5,60328
WIN$D,M15,1622828700,192510.0,192545.0,192365.0,192470.0,33541,5,107117
WIN$D,M15,1623056400,192565.0,192575.0,192240.0,192345.0,140845,5,404255
WIN$D,M15,1623057300,192345.0,192450.0,192125.0,192220.0,154054,5,533760
WIN$D,M15,1623058200,192215.0,192385.0,192205.0,192365.0,138658,5,500927
WIN$D,M15,1623059100,192365.0,192375.0,192165.0,192190.0,96183,5,357130
WIN$D,M15,1623060000,192185.0,192505.0,192140.0,192285.0,235208,5,919307
WIN$D,M15,1623060900,192285.0,192415.0,192180.0,192395.0,170360,5,709535
WIN$D,M15,1623061800,192400.0,192520.0,192180.0,192215.0,235240,5,991837
WIN$D,M15,1623062700,192215.0,192300.0,192035.0,192080.0,214720,5,916451
WIN$D,M15,1623063600,192080.0,192230.0,191950.0,192210.0,175857,5,777704
WIN$D,M15,1623064500,192210.0,192225.0,192030.0,192185.0,116724,5,534309
WIN$D,M15,1623065400,192180.0,192485.0,192165.0,192475.0,155010,5,714568
WIN$D,M15,1623066300,192470.0,192655.0,192360.0,192605.0,187965,5,809977
WIN$D,M15,1623067200,192605.0,192760.0,192445.0,192675.0,165576,5,707361
WIN$D,M15,1623068100,192670.0,192695.0,192500.0,192635.0,98415,5,429185
WIN$D,M15,1623069000,192635.0,192715.0,192530.0,192555.0,98400,5,457890
WIN$D,M15,1623069900,192555.0,193040.0,192555.0,192990.0,149135,5,727586
WIN$D,M15,1623070800,192990.0,193200.0,192940.0,193090.0,126083,5,588914
WIN$D,M15,1623071700,193095.0,193300.0,193060.0,193125.0,94637,5,447185
WIN$D,M15,1623072600,193125.0,193405.0,193090.0,193365.0,120547,5,561331
WIN$D,M15,1623073500,193360.0,193465.0,193300.0,193360.0,98083,5,449607
WIN$D,M15,1623074400,193360.0,193385.0,193205.0,193225.0,87293,5,406373
WIN$D,M15,1623075300,193225.0,193365.0,193160.0,193315.0,85015,5,386867
WIN$D,M15,1623076200,193315.0,193345.0,193235.0,193290.0,60054,5,284650
WIN$D,M15,1623077100,193285.0,193365.0,193265.0,193285.0,64512,5,305850
WIN$D,M15,1623078000,193285.0,193545.0,193275.0,193390.0,97072,5,471867
WIN$D,M15,1623078900,193390.0,193605.0,193365.0,193585.0,92434,5,450321
WIN$D,M15,1623079800,193580.0,193750.0,193580.0,193645.0,93898,5,474610
WIN$D,M15,1623080700,193645.0,193690.0,193550.0,193670.0,63956,5,341083
WIN$D,M15,1623081600,193675.0,193680.0,193500.0,193560.0,72960,5,387713
WIN$D,M15,1623082500,193560.0,193630.0,193530.0,193610.0,54311,5,282940
WIN$D,M15,1623083400,193605.0,193610.0,193360.0,193395.0,93272,5,469280
WIN$D,M15,1623084300,193395.0,193395.0,193105.0,193210.0,116253,5,569539
WIN$D,M15,1623085200,193205.0,193310.0,193120.0,193155.0,73539,5,330925
WIN$D,M15,1623086100,193150.0,193190.0,193125.0,193150.0,23156,5,102397
WIN$D,M15,1623087000,193145.0,193160.0,192945.0,192995.0,29205,5,132312
WIN$D,M15,1623087900,192995.0,193065.0,192905.0,192905.0,27946,5,115411
WIN$D,M15,1623142800,192995.0,193230.0,192990.0,193115.0,136261,5,398520
WIN$D,M15,1623143700,193120.0,193165.0,193040.0,193055.0,92783,5,344589
WIN$D,M15,1623144600,193060.0,193140.0,193005.0,193115.0,70259,5,284357
WIN$D,M15,1623145500,193120.0,193285.0,193040.0,193230.0,146515,5,577254
WIN$D,M15,1623146400,193235.0,193250.0,192795.0,192940.0,276263,5,1145564
WIN$D,M15,1623147300,192945.0,193135.0,192865.0,192895.0,175619,5,767523
WIN$D,M15,1623148200,192890.0,193020.0,192720.0,192820.0,215139,5,956629
WIN$D,M15,1623149100,192820.0,192830.0,192350.0,192475.0,243244,5,1073194
WIN$D,M15,1623150000,192475.0,192675.0,192450.0,192655.0,160203,5,691243
WIN$D,M15,1623150900,192650.0,192755.0,192540.0,192705.0,137100,5,613166
WIN$D,M15,1623151800,192700.0,192890.0,192700.0,192795.0,132605,5,609107
WIN$D,M15,1623152700,192795.0,193030.0,192765.0,192880.0,144048,5,686073
WIN$D,M15,1623153600,192880.0,192960.0,192775.0,192790.0,119574,5,559097
WIN$D,M15,1623154500,192790.0,193250.0,192730.0,193235.0,191483,5,880681
WIN$D,M15,1623155400,193235.0,193265.0,193030.0,193110.0,127612,5,621383
WIN$D,M15,1623156300,193105.0,193160.0,192975.0,192990.0,79624,5,398795
WIN$D,M15,1623157200,192990.0,193015.0,192775.0,192815.0,112247,5,540809
WIN$D,M15,1623158100,192815.0,192820.0,192505.0,192555.0,135760,5,664246
WIN$D,M15,1623159000,192560.0,192695.0,192480.0,192560.0,115495,5,553072
WIN$D,M15,1623159900,192565.0,192730.0,192420.0,192685.0,114686,5,554426
WIN$D,M15,1623160800,192685.0,192685.0,192500.0,192575.0,72245,5,357695
WIN$D,M15,1623161700,192575.0,192640.0,192520.0,192585.0,58715,5,292161
WIN$D,M15,1623162600,192590.0,192650.0,192515.0,192615.0,63559,5,310156
WIN$D,M15,1623163500,192615.0,192680.0,192285.0,192410.0,128426,5,602454
WIN$D,M15,1623164400,192415.0,192485.0,191895.0,191935.0,164184,5,811086
WIN$D,M15,1623165300,191935.0,192080.0,191710.0,191835.0,147762,5,746244
WIN$D,M15,1623166200,191835.0,192000.0,191820.0,191865.0,91901,5,471708
WIN$D,M15,1623167100,191865.0,192035.0,191815.0,191985.0,88230,5,438059
WIN$D,M15,1623168000,191985.0,192215.0,191980.0,192185.0,89084,5,449758
WIN$D,M15,1623168900,192190.0,192275.0,192075.0,192115.0,92838,5,461190
WIN$D,M15,1623169800,192115.0,192415.0,192115.0,192370.0,110094,5,560222
WIN$D,M15,1623170700,192370.0,192435.0,192275.0,192365.0,78844,5,399221
WIN$D,M15,1623171600,192365.0,192380.0,192075.0,192075.0,89190,5,367000
WIN$D,M15,1623172500,192080.0,192155.0,191990.0,192060.0,44584,5,201469
WIN$D,M15,1623173400,192060.0,192310.0,192055.0,192280.0,51995,5,216242
WIN$D,M15,1623174300,192285.0,192415.0,192245.0,192415.0,26398,5,101223
WIN$D,M15,1623229200,192430.0,192530.0,192205.0,192230.0,124631,5,367511
WIN$D,M15,1623230100,192225.0,192290.0,192085.0,192280.0,125911,5,473829
WIN$D,M15,1623231000,192280.0,192445.0,192255.0,192260.0,122836,5,480357
WIN$D,M15,1623231900,192260.0,192425.0,192235.0,192310.0,89016,5,357996
WIN$D,M15,1623232800,192310.0,192375.0,191950.0,192000.0,226771,5,948871
WIN$D,M15,1623233700,191995.0,192130.0,191755.0,192100.0,224642,5,979548
WIN$D,M15,1623234600,192100.0,192495.0,192030.0,192160.0,320444,5,1371971
WIN$D,M15,1623235500,192160.0,192520.0,192040.0,192500.0,242694,5,1087557
WIN$D,M15,1623236400,192500.0,192690.0,192355.0,192375.0,240272,5,1084431
WIN$D,M15,1623237300,192370.0,192490.0,192205.0,192475.0,184560,5,831230
WIN$D,M15,1623238200,192475.0,192500.0,192260.0,192400.0,140615,5,643330
WIN$D,M15,1623239100,192405.0,192590.0,192385.0,192435.0,143037,5,677745
WIN$D,M15,1623240000,192435.0,192735.0,192385.0,192655.0,167726,5,781456
WIN$D,M15,1623240900,192655.0,192980.0,192650.0,192975.0,159579,5,745389
WIN$D,M15,1623241800,192975.0,193170.0,192950.0,193135.0,119386,5,579745
WIN$D,M15,1623242700,193135.0,193320.0,193110.0,193230.0,104789,5,510454
WIN$D,M15,1623243600,193230.0,193350.0,193200.0,193290.0,83539,5,392876
WIN$D,M15,1623244500,193295.0,193305.0,193045.0,193150.0,98777,5,442246
WIN$D,M15,1623245400,193155.0,193200.0,192880.0,192925.0,122955,5,537612
WIN$D,M15,1623246300,192925.0,193030.0,192830.0,192985.0,107714,5,501000
WIN$D,M15,1623247200,192980.0,193080.0,192920.0,193025.0,92023,5,445121
WIN$D,M15,1623248100,193020.0,193200.0,193020.0,193075.0,83195,5,402510
WIN$D,M15,1623249000,193075.0,193095.0,192805.0,192870.0,126683,5,566780
WIN$D,M15,1623249900,192865.0,193015.0,192840.0,192995.0,90731,5,438994
WIN$D,M15,1623250800,192990.0,193070.0,192660.0,192735.0,132989,5,607704
WIN$D,M15,1623251700,192735.0,192990.0,192720.0,192835.0,112996,5,556340
WIN$D,M15,1623252600,192840.0,192840.0,192435.0,192455.0,142606,5,673474
WIN$D,M15,1623253500,192450.0,192595.0,192255.0,192500.0,131496,5,657540
WIN$D,M15,1623254400,192495.0,192695.0,192440.0,192655.0,101105,5,520728
WIN$D,M15,1623255300,192655.0,192700.0,192365.0,192450.0,101096,5,488532
WIN$D,M15,1623256200,192455.0,192590.0,192365.0,192470.0,87285,5,427825
WIN$D,M15,1623257100,192470.0,192480.0,192195.0,192315.0,92805,5,450334
WIN$D,M15,1623258000,192315.0,192435.0,192280.0,192405.0,53575,5,253958
WIN$D,M15,1623258900,192410.0,192440.0,192260.0,192305.0,41614,5,183859
WIN$D,M15,1623259800,192310.0,192360.0,192135.0,192195.0,40091,5,159344
WIN$D,M15,1623260700,192195.0,192210.0,192035.0,192155.0,22075,5,78909
WIN$D,M15,1623315600,192190.0,192410.0,192090.0,192400.0,135177,5,404695
WIN$D,M15,1623316500,192400.0,192620.0,192365.0,192615.0,112279,5,417350
WIN$D,M15,1623317400,192615.0,192830.0,192375.0,192755.0,252901,5,962671
WIN$D,M15,1623318300,192760.0,192825.0,192600.0,192755.0,146639,5,599115
WIN$D,M15,1623319200,192755.0,192915.0,192660.0,192715.0,190195,5,823647
WIN$D,M15,1623320100,192710.0,192845.0,192490.0,192560.0,190987,5,841997
WIN$D,M15,1623321000,192565.0,192720.0,192275.0,192670.0,315851,5,1400198
WIN$D,M15,1623321900,192670.0,192905.0,192390.0,192400.0,228863,5,997143
WIN$D,M15,1623322800,192400.0,192490.0,192215.0,192435.0,228726,5,1026110
WIN$D,M15,1623323700,192440.0,192830.0,192305.0,192650.0,210356,5,935329
WIN$D,M15,1623324600,192650.0,192720.0,192300.0,192545.0,178812,5,784490
WIN$D,M15,1623325500,192545.0,192555.0,191915.0,192140.0,204309,5,912615
WIN$D,M15,1623326400,192140.0,192290.0,192055.0,192250.0,136550,5,587034
WIN$D,M15,1623327300,192245.0,192290.0,192030.0,192140.0,112729,5,498301
WIN$D,M15,1623328200,192140.0,192410.0,192115.0,192270.0,113499,5,511148
WIN$D,M15,1623329100,192270.0,192435.0,192225.0,192400.0,85172,5,374010
WIN$D,M15,1623330000,192400.0,192415.0,192065.0,192075.0,115732,5,505759
WIN$D,M15,1623330900,192070.0,192260.0,192050.0,192085.0,109560,5,515628
WIN$D,M15,1623331800,192085.0,192285.0,191890.0,192255.0,132945,5,596010
WIN$D,M15,1623332700,192255.0,192410.0,192200.0,192365.0,91680,5,420952
WIN$D,M15,1623333600,192365.0,192860.0,192360.0,192755.0,170669,5,789190
WIN$D,M15,1623334500,192750.0,192875.0,192705.0,192735.0,93464,5,437922
WIN$D,M15,1623335400,192735.0,193050.0,192725.0,192850.0,150693,5,708432
WIN$D,M15,1623336300,192850.0,192875.0,192630.0,192715.0,116136,5,569502
WIN$D,M15,1623337200,192715.0,193005.0,192715.0,192965.0,109089,5,508799
WIN$D,M15,1623338100,192965.0,193005.0,192800.0,192845.0,98488,5,426027
WIN$D,M15,1623339000,192840.0,192880.0,192615.0,192805.0,113006,5,531618
WIN$D,M15,1623339900,192810.0,193030.0,192765.0,192900.0,93464,5,445633
WIN$D,M15,1623340800,192895.0,192910.0,192725.0,192760.0,85392,5,415641
WIN$D,M15,1623341700,192760.0,192830.0,192620.0,192675.0,98449,5,455738
WIN$D,M15,1623342600,192670.0,192675.0,192480.0,192640.0,90537,5,420557
WIN$D,M15,1623343500,192640.0,192765.0,192535.0,192600.0,85435,5,404116
WIN$D,M15,1623344400,192605.0,192660.0,192430.0,192510.0,63605,5,264881
WIN$D,M15,1623345300,192510.0,192545.0,192400.0,192450.0,36602,5,153269
WIN$D,M15,1623346200,192450.0,192535.0,192395.0,192415.0,40876,5,155744
WIN$D,M15,1623347100,192415.0,192500.0,192410.0,192490.0,17110,5,62988
WIN$D,M15,1623402000,192775.0,192815.0,192455.0,192475.0,123252,5,342158
WIN$D,M15,1623402900,192475.0,192585.0,192400.0,192455.0,109918,5,389922
WIN$D,M15,1623403800,192455.0,192460.0,192255.0,192325.0,126025,5,450979
WIN$D,M15,1623404700,192330.0,192625.0,192295.0,192565.0,159302,5,585670
WIN$D,M15,1623405600,192560.0,192715.0,192480.0,192620.0,161480,5,617798
WIN$D,M15,1623406500,192615.0,192625.0,192425.0,192600.0,127018,5,495390
WIN$D,M15,1623407400,192600.0,192650.0,192180.0,192315.0,219017,5,896492
WIN$D,M15,1623408300,192315.0,192485.0,192045.0,192060.0,179168,5,702435
WIN$D,M15,1623409200,192060.0,192285.0,191985.0,192135.0,163793,5,647326
WIN$D,M15,1623410100,192140.0,192145.0,191730.0,191915.0,176491,5,705277
WIN$D,M15,1623411000,191915.0,192085.0,191690.0,191725.0,152432,5,646701
WIN$D,M15,1623411900,191720.0,191855.0,191460.0,191740.0,163982,5,705013
WIN$D,M15,1623412800,191745.0,191880.0,191605.0,191660.0,116197,5,497522
WIN$D,M15,1623413700,191655.0,191795.0,191295.0,191390.0,140982,5,585565
WIN$D,M15,1623414600,191390.0,191610.0,191315.0,191600.0,99203,5,416713
WIN$D,M15,1623415500,191600.0,191620.0,191375.0,191460.0,92302,5,398052
WIN$D,M15,1623416400,191460.0,191525.0,191080.0,191305.0,105349,5,437701
WIN$D,M15,1623417300,191305.0,191330.0,191170.0,191225.0,65125,5,269086
WIN$D,M15,1623418200,191225.0,191330.0,191065.0,191140.0,82673,5,347823
WIN$D,M15,1623419100,191145.0,191390.0,191030.0,191370.0,100669,5,419802
WIN$D,M15,1623420000,191370.0,191520.0,191280.0,191505.0,89537,5,357920
WIN$D,M15,1623420900,191505.0,191740.0,191445.0,191535.0,107434,5,454258
WIN$D,M15,1623421800,191530.0,191605.0,191415.0,191525.0,72783,5,316392
WIN$D,M15,1623422700,191530.0,191720.0,191520.0,191680.0,62026,5,250831
WIN$D,M15,1623423600,191675.0,191695.0,191440.0,191500.0,83446,5,365686
WIN$D,M15,1623424500,191495.0,191560.0,191320.0,191535.0,83585,5,365897
WIN$D,M15,1623425400,191535.0,191585.0,191440.0,191540.0,61651,5,287861
WIN$D,M15,1623426300,191545.0,191680.0,191540.0,191680.0,56945,5,273718
WIN$D,M15,1623427200,191675.0,191690.0,191575.0,191605.0,53706,5,272935
WIN$D,M15,1623428100,191605.0,191665.0,191540.0,191620.0,51086,5,229386
WIN$D,M15,1623429000,191620.0,191780.0,191615.0,191710.0,67506,5,312780
WIN$D,M15,1623429900,191705.0,191830.0,191695.0,191785.0,66515,5,303197
WIN$D,M15,1623430800,191785.0,191815.0,191705.0,191765.0,30953,5,138404
WIN$D,M15,1623431700,191765.0,191880.0,191760.0,191820.0,32441,5,138475
WIN$D,M15,1623432600,191820.0,191990.0,191795.0,191960.0,42008,5,162732
WIN$D,M15,1623433500,191965.0,191975.0,191805.0,191950.0,23464,5,79319
WIN$D,M15,1623661200,192150.0,192585.0,192080.0,192505.0,131322,5,389174
WIN$D,M15,1623662100,192505.0,192540.0,192320.0,192335.0,93419,5,342055
WIN$D,M15,1623663000,192330.0,192375.0,192260.0,192320.0,79189,5,308230
WIN$D,M15,1623663900,192320.0,192440.0,192230.0,192440.0,84438,5,325394
WIN$D,M15,1623664800,192440.0,192910.0,192410.0,192895.0,221775,5,884847
WIN$D,M15,1623665700,192890.0,193010.0,192815.0,192815.0,142522,5,618296
WIN$D,M15,1623666600,192820.0,193055.0,192725.0,192950.0,220571,5,927175
WIN$D,M15,1623667500,192950.0,193150.0,192910.0,193100.0,150652,5,637793
WIN$D,M15,1623668400,193100.0,193150.0,192875.0,192965.0,134463,5,579185
WIN$D,M15,1623669300,192965.0,193330.0,192895.0,193310.0,181155,5,810319
WIN$D,M15,1623670200,193310.0,193365.0,193180.0,193275.0,109683,5,473033
WIN$D,M15,1623671100,193275.0,193540.0,193200.0,193510.0,126016,5,581045
WIN$D,M15,1623672000,193510.0,193525.0,193300.0,193380.0,111898,5,490099
WIN$D,M15,1623672900,193375.0,193385.0,193225.0,193310.0,85557,5,378422
WIN$D,M15,1623673800,193310.0,193315.0,193060.0,193130.0,100468,5,437274
WIN$D,M15,1623674700,193130.0,193285.0,193080.0,193215.0,89088,5,390522
WIN$D,M15,1623675600,193210.0,193230.0,193005.0,193040.0,92911,5,417913
WIN$D,M15,1623676500,193025.0,193045.0,192830.0,192875.0,94669,5,458012
WIN$D,M15,1623677400,192880.0,192880.0,192655.0,192695.0,131049,5,611354
WIN$D,M15,1623678300,192700.0,192785.0,192620.0,192740.0,98535,5,458681
WIN$D,M15,1623679200,192740.0,192800.0,192535.0,192610.0,105615,5,486592
WIN$D,M15,1623680100,192610.0,192660.0,192480.0,192615.0,87134,5,424281
WIN$D,M15,1623681000,192620.0,192710.0,192510.0,192650.0,90315,5,417972
WIN$D,M15,1623681900,192650.0,192670.0,192330.0,192395.0,115819,5,563657
WIN$D,M15,1623682800,192395.0,192410.0,192040.0,192195.0,153731,5,760626
WIN$D,M15,1623683700,192195.0,192300.0,192095.0,192260.0,88868,5,443170
WIN$D,M15,1623684600,192260.0,192360.0,192240.0,192360.0,72316,5,363667
WIN$D,M15,1623685500,192355.0,192530.0,192345.0,192450.0,89688,5,476876
WIN$D,M15,1623686400,192445.0,192500.0,192225.0,192300.0,105586,5,518475
WIN$D,M15,1623687300,192300.0,192510.0,192295.0,192465.0,84798,5,419416
WIN$D,M15,1623688200,192460.0,192505.0,192320.0,192470.0,90669,5,462108
WIN$D,M15,1623689100,192475.0,192590.0,192445.0,192585.0,88610,5,450733
WIN$D,M15,1623690000,192590.0,192675.0,192520.0,192600.0,68896,5,305546
WIN$D,M15,1623690900,192595.0,192730.0,192595.0,192685.0,35278,5,153057
WIN$D,M15,1623691800,192690.0,192735.0,192610.0,192670.0,39909,5,148045
WIN$D,M15,1623692700,192665.0,192675.0,192570.0,192600.0,19306,5,84678
WIN$D,M15,1623747600,192770.0,192775.0,192410.0,192675.0,173762,5,530662
WIN$D,M15,1623748500,192675.0,192690.0,192505.0,192540.0,118349,5,424684
WIN$D,M15,1623749400,192535.0,192570.0,192255.0,192380.0,212973,5,763465
WIN$D,M15,1623750300,192385.0,192560.0,192280.0,192545.0,139800,5,527387
WIN$D,M15,1623751200,192540.0,192720.0,192295.0,192380.0,264198,5,1048876
WIN$D,M15,1623752100,192375.0,192565.0,192120.0,192550.0,275290,5,1046655
WIN$D,M15,1623753000,192555.0,192700.0,192295.0,192380.0,276384,5,1142597
WIN$D,M15,1623753900,192380.0,192575.0,192165.0,192525.0,217978,5,929137
WIN$D,M15,1623754800,192530.0,192655.0,192295.0,192330.0,172404,5,767862
WIN$D,M15,1623755700,192335.0,192435.0,192145.0,192155.0,179384,5,771852
WIN$D,M15,1623756600,192155.0,192375.0,192015.0,192355.0,206258,5,900794
WIN$D,M15,1623757500,192350.0,192565.0,192290.0,192490.0,159057,5,726793
WIN$D,M15,1623758400,192490.0,192530.0,192240.0,192300.0,127764,5,595890
WIN$D,M15,1623759300,192300.0,192385.0,192115.0,192220.0,140325,5,625960
WIN$D,M15,1623760200,192220.0,192270.0,191735.0,191735.0,158303,5,744526
WIN$D,M15,1623761100,191740.0,191935.0,191625.0,191900.0,147835,5,689427
WIN$D,M15,1623762000,191900.0,192080.0,191830.0,191985.0,97022,5,454658
WIN$D,M15,1623762900,191985.0,192145.0,191900.0,191975.0,99768,5,460674
WIN$D,M15,1623763800,191970.0,192160.0,191920.0,192140.0,98502,5,451778
WIN$D,M15,1623764700,192140.0,192360.0,192110.0,192350.0,101725,5,500872
WIN$D,M15,1623765600,192355.0,192420.0,192045.0,192285.0,147177,5,671476
WIN$D,M15,1623766500,192290.0,192305.0,192100.0,192125.0,101212,5,467142
WIN$D,M15,1623767400,192130.0,192310.0,192100.0,192295.0,82992,5,384255
WIN$D,M15,1623768300,192290.0,192590.0,192275.0,192495.0,149918,5,659411
WIN$D,M15,1623769200,192500.0,192585.0,192360.0,192460.0,103745,5,449403
WIN$D,M15,1623770100,192460.0,192570.0,192265.0,192360.0,103025,5,470027
WIN$D,M15,1623771000,192365.0,192505.0,192270.0,192370.0,94369,5,451587
WIN$D,M15,1623771900,192365.0,192585.0,192315.0,192470.0,93579,5,442027
WIN$D,M15,1623772800,192470.0,192490.0,192340.0,192390.0,75476,5,359869
WIN$D,M15,1623773700,192390.0,192485.0,192325.0,192395.0,59756,5,305295
WIN$D,M15,1623774600,192395.0,192530.0,192345.0,192380.0,89367,5,454624
WIN$D,M15,1623775500,192380.0,192530.0,192370.0,192505.0,62472,5,317378
WIN$D,M15,1623776400,192505.0,192515.0,192420.0,192490.0,33415,5,159649
WIN$D,M15,1623777300,192485.0,192540.0,192460.0,192480.0,21996,5,99836
WIN$D,M15,1623778200,192480.0,192525.0,192405.0,192475.0,31447,5,126367
WIN$D,M15,1623779100,192470.0,192535.0,192460.0,192465.0,15567,5,56159
WIN$D,M15,1623834000,192185.0,192500.0,192175.0,192190.0,98238,5,306626
WIN$D,M15,1623834900,192190.0,192245.0,192060.0,192175.0,99545,5,343209
WIN$D,M15,1623835800,192175.0,192370.0,192145.0,192325.0,108074,5,407167
WIN$D,M15,1623836700,192325.0,192480.0,192300.0,192475.0,108037,5,433043
WIN$D,M15,1623837600,192480.0,192600.0,192255.0,192335.0,190879,5,757600
WIN$D,M15,1623838500,192335.0,192460.0,192150.0,192155.0,173521,5,742112
WIN$D,M15,1623839400,192155.0,192355.0,192015.0,192260.0,234473,5,984000
WIN$D,M15,1623840300,192260.0,192355.0,191935.0,191950.0,182426,5,812273
WIN$D,M15,1623841200,191945.0,192015.0,191830.0,191965.0,159104,5,719550
WIN$D,M15,1623842100,191970.0,192065.0,191835.0,191865.0,130195,5,586894
WIN$D,M15,1623843000,191865.0,191915.0,191735.0,191890.0,123421,5,552366
WIN$D,M15,1623843900,191885.0,192155.0,191850.0,192120.0,137510,5,614674
WIN$D,M15,1623844800,192115.0,192250.0,192025.0,192105.0,125620,5,592091
WIN$D,M15,1623845700,192105.0,192140.0,191895.0,191970.0,115272,5,535577
WIN$D,M15,1623846600,191965.0,192140.0,191925.0,192075.0,81098,5,396322
WIN$D,M15,1623847500,192080.0,192270.0,192030.0,192080.0,96862,5,471190
WIN$D,M15,1623848400,192085.0,192200.0,192035.0,192120.0,71761,5,349210
WIN$D,M15,1623849300,192115.0,192230.0,192010.0,192210.0,76997,5,368470
WIN$D,M15,1623850200,192210.0,192220.0,192035.0,192145.0,64926,5,323933
WIN$D,M15,1623851100,192145.0,192625.0,192130.0,192575.0,166853,5,823535
WIN$D,M15,1623852000,192575.0,192645.0,192015.0,192095.0,164145,5,827603
WIN$D,M15,1623852900,192090.0,192125.0,191740.0,191850.0,144757,5,711324
WIN$D,M15,1623853800,191850.0,192455.0,191830.0,192380.0,143414,5,711521
WIN$D,M15,1623854700,192380.0,192565.0,192285.0,192335.0,116212,5,547784
WIN$D,M15,1623855600,192335.0,192335.0,191540.0,191575.0,249413,5,1023250
WIN$D,M15,1623856500,191580.0,191580.0,190995.0,191380.0,238222,5,1013004
WIN$D,M15,1623857400,191380.0,191415.0,190565.0,190660.0,247070,5,1094116
WIN$D,M15,1623858300,190660.0,191360.0,190600.0,191230.0,171235,5,770904
WIN$D,M15,1623859200,191230.0,191670.0,191105.0,191640.0,133940,5,625980
WIN$D,M15,1623860100,191640.0,191930.0,191605.0,191790.0,112977,5,542889
WIN$D,M15,1623861000,191790.0,192045.0,191730.0,191990.0,109335,5,522666
WIN$D,M15,1623861900,191985.0,192025.0,191315.0,191415.0,115435,5,547393
WIN$D,M15,1623862800,191415.0,191530.0,191335.0,191460.0,50244,5,207948
WIN$D,M15,1623863700,191460.0,191570.0,191385.0,191525.0,34732,5,146727
WIN$D,M15,1623864600,191525.0,191545.0,191350.0,191420.0,37525,5,136176
WIN$D,M15,1623865500,191415.0,191490.0,191335.0,191425.0,13981,5,54319
WIN$D,M15,1623920400,191330.0,191480.0,191175.0,191245.0,131175,5,398450
WIN$D,M15,1623921300,191240.0,191340.0,190930.0,190970.0,134473,5,484300
WIN$D,M15,1623922200,190970.0,191095.0,190895.0,191020.0,119710,5,459785
WIN$D,M15,1623923100,191020.0,191085.0,190950.0,191040.0,82143,5,314300
WIN$D,M15,1623924000,191040.0,191845.0,191025.0,191760.0,295050,5,1213091
WIN$D,M15,1623924900,191765.0,192015.0,191755.0,191875.0,201916,5,852657
WIN$D,M15,1623925800,191870.0,192225.0,191790.0,192035.0,238832,5,1011365
WIN$D,M15,1623926700,192035.0,192155.0,191870.0,191905.0,149871,5,644211
WIN$D,M15,1623927600,191905.0,192110.0,191840.0,191970.0,167097,5,713446
WIN$D,M15,1623928500,191970.0,192055.0,191750.0,191775.0,131408,5,573140
WIN$D,M15,1623929400,191770.0,192030.0,191710.0,191710.0,171415,5,757623
WIN$D,M15,1623930300,191710.0,191830.0,191595.0,191805.0,153398,5,737743
WIN$D,M15,1623931200,191805.0,191885.0,191195.0,191365.0,197746,5,920271
WIN$D,M15,1623932100,191365.0,191655.0,191290.0,191600.0,143274,5,641287
WIN$D,M15,1623933000,191605.0,191635.0,190895.0,191140.0,184219,5,841018
WIN$D,M15,1623933900,191140.0,191280.0,190655.0,190685.0,165778,5,744959
WIN$D,M15,1623934800,190685.0,190805.0,190405.0,190580.0,146893,5,672266
WIN$D,M15,1623935700,190580.0,190585.0,190165.0,190175.0,168903,5,742444
WIN$D,M15,1623936600,190175.0,190430.0,190080.0,190170.0,149261,5,667258
WIN$D,M15,1623937500,190170.0,190630.0,190160.0,190515.0,141230,5,628851
WIN$D,M15,1623938400,190515.0,190850.0,190410.0,190775.0,147625,5,684124
WIN$D,M15,1623939300,190770.0,190820.0,190480.0,190600.0,117611,5,522601
WIN$D,M15,1623940200,190605.0,190690.0,190515.0,190685.0,79934,5,346264
WIN$D,M15,1623941100,190685.0,190860.0,190625.0,190735.0,104867,5,477716
WIN$D,M15,1623942000,190730.0,190855.0,190530.0,190640.0,107392,5,470850
WIN$D,M15,1623942900,190635.0,190675.0,190300.0,190460.0,108389,5,481198
WIN$D,M15,1623943800,190465.0,190540.0,190160.0,190195.0,114146,5,516179
WIN$D,M15,1623944700,190200.0,190275.0,189805.0,189860.0,145305,5,722177
WIN$D,M15,1623945600,189860.0,190200.0,189855.0,190160.0,92393,5,464526
WIN$D,M15,1623946500,190160.0,190250.0,190005.0,190135.0,102812,5,500588
WIN$D,M15,1623947400,190135.0,190370.0,190110.0,190330.0,93603,5,449718
WIN$D,M15,1623948300,190325.0,190380.0,190090.0,190155.0,85992,5,419022
WIN$D,M15,1623949200,190155.0,190330.0,190145.0,190320.0,55167,5,227795
WIN$D,M15,1623950100,190320.0,190545.0,190280.0,190505.0,58965,5,247142
WIN$D,M15,1623951000,190510.0,190680.0,190420.0,190665.0,57585,5,208416
WIN$D,M15,1623951900,190670.0,190770.0,190585.0,190770.0,23699,5,99512
WIN$D,M15,1624006800,190830.0,191000.0,190125.0,190175.0,179864,5,556108
WIN$D,M15,1624007700,190175.0,190220.0,189835.0,190010.0,195539,5,739794
WIN$D,M15,1624008600,190010.0,190075.0,189860.0,189955.0,111322,5,424393
WIN$D,M15,1624009500,189955.0,190210.0,189915.0,190210.0,116415,5,455113
WIN$D,M15,1624010400,190210.0,190375.0,189950.0,190110.0,263191,5,1047220
WIN$D,M15,1624011300,190105.0,190575.0,190060.0,190305.0,232970,5,935114
WIN$D,M15,1624012200,190305.0,190460.0,190035.0,190065.0,271759,5,1066304
WIN$D,M15,1624013100,190065.0,190200.0,189870.0,190000.0,227634,5,925835
WIN$D,M15,1624014000,190005.0,190185.0,189730.0,190040.0,229368,5,985676
WIN$D,M15,1624014900,190040.0,190145.0,189880.0,190015.0,146464,5,628011
WIN$D,M15,1624015800,190010.0,190530.0,189840.0,190430.0,210127,5,903275
WIN$D,M15,1624016700,190425.0,190565.0,190255.0,190420.0,172792,5,779770
WIN$D,M15,1624017600,190420.0,190530.0,190085.0,190085.0,157362,5,681616
WIN$D,M15,1624018500,190090.0,190225.0,189930.0,190040.0,118961,5,521748
WIN$D,M15,1624019400,190045.0,190285.0,190025.0,190070.0,108865,5,487000
WIN$D,M15,1624020300,190070.0,190185.0,189940.0,190070.0,95762,5,433587
WIN$D,M15,1624021200,190070.0,190165.0,189980.0,190005.0,70265,5,323939
WIN$D,M15,1624022100,190005.0,190175.0,189970.0,190150.0,79297,5,365036
WIN$D,M15,1624023000,190145.0,190205.0,189755.0,189945.0,122889,5,573427
WIN$D,M15,1624023900,189945.0,190105.0,189880.0,190045.0,79861,5,375739
WIN$D,M15,1624024800,190045.0,190090.0,189880.0,190050.0,87790,5,403381
WIN$D,M15,1624025700,190055.0,190170.0,189965.0,190070.0,83290,5,390424
WIN$D,M15,1624026600,190070.0,190475.0,190035.0,190460.0,115901,5,534607
WIN$D,M15,1624027500,190465.0,190600.0,190310.0,190600.0,139281,5,662150
WIN$D,M15,1624028400,190600.0,190860.0,190530.0,190850.0,145480,5,652096
WIN$D,M15,1624029300,190855.0,190935.0,190695.0,190885.0,120796,5,545119
WIN$D,M15,1624030200,190890.0,191060.0,190660.0,190710.0,129027,5,618876
WIN$D,M15,1624031100,190705.0,190725.0,190325.0,190350.0,119646,5,532160
WIN$D,M15,1624032000,190345.0,190495.0,190205.0,190470.0,128246,5,594491
WIN$D,M15,1624032900,190470.0,190670.0,190400.0,190490.0,99513,5,468693
WIN$D,M15,1624033800,190495.0,190655.0,190395.0,190530.0,90218,5,428045
WIN$D,M15,1624034700,190530.0,190630.0,190380.0,190530.0,84006,5,385050
WIN$D,M15,1624035600,190530.0,190535.0,190310.0,190350.0,61581,5,271019
WIN$D,M15,1624036500,190350.0,190395.0,190080.0,190105.0,50116,5,214428
WIN$D,M15,1624037400,190100.0,190170.0,189955.0,190095.0,51539,5,203110
WIN$D,M15,1624038300,190095.0,190230.0,189950.0,189990.0,24142,5,78857
WIN$D,M15,1624266000,190475.0,190870.0,190330.0,190855.0,164417,5,488887
WIN$D,M15,1624266900,190855.0,190920.0,190710.0,190765.0,107327,5,371344
WIN$D,M15,1624267800,190765.0,190830.0,190630.0,190705.0,96054,5,343306
WIN$D,M15,1624268700,190710.0,190855.0,190600.0,190810.0,108707,5,402762
WIN$D,M15,1624269600,190815.0,190820.0,190250.0,190500.0,264432,5,1042020
WIN$D,M15,1624270500,190500.0,190800.0,190430.0,190680.0,188576,5,739947
WIN$D,M15,1624271400,190675.0,190690.0,190305.0,190565.0,262954,5,1034394
WIN$D,M15,1624272300,190560.0,190570.0,190235.0,190480.0,199901,5,765586
WIN$D,M15,1624273200,190475.0,190800.0,190355.0,190780.0,189413,5,770582
WIN$D,M15,1624274100,190785.0,190975.0,190780.0,190870.0,156709,5,673840
WIN$D,M15,1624275000,190870.0,191330.0,190810.0,191245.0,191684,5,769094
WIN$D,M15,1624275900,191245.0,191265.0,191110.0,191175.0,94267,5,383399
WIN$D,M15,1624276800,191175.0,191340.0,191140.0,191215.0,110047,5,448387
WIN$D,M15,1624277700,191215.0,191330.0,191170.0,191205.0,84064,5,345901
WIN$D,M15,1624278600,191200.0,191260.0,191095.0,191205.0,92376,5,378437
WIN$D,M15,1624279500,191200.0,191220.0,190995.0,191070.0,93929,5,381188
WIN$D,M15,1624280400,191070.0,191160.0,191000.0,191100.0,84416,5,346803
WIN$D,M15,1624281300,191100.0,191195.0,191045.0,191130.0,57886,5,251819
WIN$D,M15,1624282200,191130.0,191205.0,191095.0,191135.0,69190,5,308673
WIN$D,M15,1624283100,191140.0,191220.0,190930.0,191065.0,114385,5,474298
WIN$D,M15,1624284000,191070.0,191240.0,191060.0,191095.0,91089,5,381757
WIN$D,M15,1624284900,191095.0,191215.0,191020.0,191135.0,83777,5,348223
WIN$D,M15,1624285800,191140.0,191190.0,191050.0,191060.0,70422,5,298405
WIN$D,M15,1624286700,191060.0,191215.0,190990.0,191185.0,87713,5,369847
WIN$D,M15,1624287600,191185.0,191710.0,191140.0,191655.0,186319,5,817176
WIN$D,M15,1624288500,191660.0,191675.0,191485.0,191525.0,100688,5,415729
WIN$D,M15,1624289400,191525.0,191555.0,191395.0,191440.0,95303,5,419003
WIN$D,M15,1624290300,191435.0,191490.0,191380.0,191425.0,64803,5,287192
WIN$D,M15,1624291200,191420.0,191490.0,191265.0,191455.0,96820,5,409478
WIN$D,M15,1624292100,191455.0,191525.0,191380.0,191465.0,78739,5,326238
WIN$D,M15,1624293000,191470.0,191530.0,191310.0,191320.0,78004,5,341847
WIN$D,M15,1624293900,191325.0,191475.0,191300.0,191470.0,68460,5,310712
WIN$D,M15,1624294800,191470.0,191475.0,191355.0,191440.0,49050,5,219244
WIN$D,M15,1624295700,191440.0,191460.0,191390.0,191410.0,26461,5,111836
WIN$D,M15,1624296600,191405.0,191520.0,191380.0,191470.0,41911,5,175018
WIN$D,M15,1624297500,191465.0,191475.0,191360.0,191380.0,19796,5,89902
WIN$D,M15,1624352400,191395.0,191410.0,191075.0,191080.0,124429,5,421221
WIN$D,M15,1624353300,191075.0,191090.0,190930.0,190965.0,124655,5,474443
WIN$D,M15,1624354200,190960.0,191075.0,190845.0,190875.0,120886,5,457939
WIN$D,M15,1624355100,190875.0,190935.0,190705.0,190880.0,172305,5,696841
WIN$D,M15,1624356000,190885.0,190985.0,190720.0,190815.0,186144,5,787733
WIN$D,M15,1624356900,190815.0,190815.0,190470.0,190650.0,202126,5,853943
WIN$D,M15,1624357800,190655.0,190675.0,190310.0,190350.0,214402,5,922359
WIN$D,M15,1624358700,190350.0,190500.0,190060.0,190075.0,185834,5,815212
WIN$D,M15,1624359600,190080.0,190300.0,189960.0,190085.0,193317,5,859459
WIN$D,M15,1624360500,190080.0,190395.0,189970.0,190300.0,167610,5,701304
WIN$D,M15,1624361400,190300.0,190425.0,190060.0,190120.0,144639,5,599340
WIN$D,M15,1624362300,190120.0,190305.0,190020.0,190205.0,118210,5,516168
WIN$D,M15,1624363200,190210.0,190425.0,190190.0,190420.0,114525,5,493461
WIN$D,M15,1624364100,190420.0,190645.0,190335.0,190615.0,112618,5,491030
WIN$D,M15,1624365000,190615.0,190745.0,190400.0,190500.0,148939,5,663800
WIN$D,M15,1624365900,190500.0,190675.0,190455.0,190485.0,114654,5,526318
WIN$D,M15,1624366800,190485.0,190575.0,190315.0,190450.0,111491,5,510640
WIN$D,M15,1624367700,190450.0,190560.0,190335.0,190390.0,97599,5,456897
WIN$D,M15,1624368600,190390.0,190690.0,190380.0,190470.0,108426,5,485545
WIN$D,M15,1624369500,190475.0,190555.0,190370.0,190480.0,74156,5,332362
WIN$D,M15,1624370400,190480.0,190585.0,190195.0,190250.0,127517,5,582695
WIN$D,M15,1624371300,190245.0,190320.0,190120.0,190275.0,104058,5,482883
WIN$D,M15,1624372200,190275.0,190550.0,190255.0,190345.0,115368,5,516291
WIN$D,M15,1624373100,190350.0,190465.0,190190.0,190310.0,98476,5,452040
WIN$D,M15,1624374000,190310.0,190370.0,190155.0,190335.0,101281,5,463598
WIN$D,M15,1624374900,190330.0,190410.0,190190.0,190355.0,94065,5,413037
WIN$D,M15,1624375800,190350.0,190455.0,190245.0,190305.0,100804,5,475388
WIN$D,M15,1624376700,190305.0,190480.0,190230.0,190370.0,104823,5,497977
WIN$D,M15,1624377600,190370.0,190690.0,190365.0,190655.0,113088,5,544175
WIN$D,M15,1624378500,190655.0,190955.0,190590.0,190945.0,136131,5,648778
WIN$D,M15,1624379400,190940.0,191030.0,190860.0,191000.0,105824,5,490491
WIN$D,M15,1624380300,191000.0,191170.0,190990.0,191070.0,94667,5,448076
WIN$D,M15,1624381200,191070.0,191085.0,190910.0,191025.0,53890,5,243655
WIN$D,M15,1624382100,191020.0,191070.0,190960.0,190975.0,36522,5,152070
WIN$D,M15,1624383000,190975.0,191170.0,190960.0,191100.0,51483,5,193205
WIN$D,M15,1624383900,191090.0,191265.0,191070.0,191240.0,23265,5,93844
WIN$D,M15,1624438800,191240.0,191370.0,191040.0,191090.0,172770,5,510115
WIN$D,M15,1624439700,191090.0,191230.0,191055.0,191080.0,92167,5,340835
WIN$D,M15,1624440600,191085.0,191130.0,190905.0,190940.0,134260,5,497879
WIN$D,M15,1624441500,190940.0,191020.0,190845.0,190950.0,118304,5,454421
WIN$D,M15,1624442400,190950.0,191310.0,190905.0,191220.0,215352,5,855506
WIN$D,M15,1624443300,191220.0,191425.0,191135.0,191225.0,176021,5,707936
WIN$D,M15,1624444200,191220.0,191930.0,191220.0,191890.0,283130,5,1194403
WIN$D,M15,1624445100,191890.0,192080.0,191755.0,192075.0,173210,5,736152
WIN$D,M15,1624446000,192080.0,192125.0,191925.0,192065.0,134710,5,564248
WIN$D,M15,1624446900,192060.0,192125.0,191935.0,191945.0,87927,5,388627
WIN$D,M15,1624447800,191945.0,192045.0,191830.0,191850.0,109675,5,471916
WIN$D,M15,1624448700,191850.0,191895.0,191715.0,191790.0,98531,5,439135
WIN$D,M15,1624449600,191785.0,191930.0,191730.0,191845.0,101087,5,440995
WIN$D,M15,1624450500,191845.0,191960.0,191715.0,191755.0,91958,5,405561
WIN$D,M15,1624451400,191760.0,191810.0,191565.0,191750.0,122178,5,539910
WIN$D,M15,1624452300,191750.0,191810.0,191645.0,191690.0,68965,5,304158
WIN$D,M15,1624453200,191690.0,191710.0,191465.0,191555.0,86071,5,385343
WIN$D,M15,1624454100,191555.0,191650.0,191465.0,191515.0,86321,5,379394
WIN$D,M15,1624455000,191510.0,191515.0,190960.0,191050.0,180403,5,804130
WIN$D,M15,1624455900,191045.0,191055.0,190610.0,190635.0,154285,5,715922
WIN$D,M15,1624456800,190640.0,190855.0,190585.0,190840.0,121171,5,554377
WIN$D,M15,1624457700,190840.0,190890.0,190730.0,190860.0,81961,5,357637
WIN$D,M15,1624458600,190860.0,190950.0,190740.0,190780.0,86275,5,382325
WIN$D,M15,1624459500,190780.0,190915.0,190695.0,190900.0,76999,5,358248
WIN$D,M15,1624460400,190895.0,190950.0,190730.0,190745.0,85044,5,393185
WIN$D,M15,1624461300,190745.0,190765.0,190315.0,190470.0,155854,5,716907
WIN$D,M15,1624462200,190475.0,190605.0,190380.0,190575.0,77032,5,357824
WIN$D,M15,1624463100,190575.0,190810.0,190575.0,190755.0,86857,5,445614
WIN$D,M15,1624464000,190755.0,190850.0,190700.0,190735.0,72213,5,360891
WIN$D,M15,1624464900,190735.0,190910.0,190640.0,190835.0,93467,5,444055
WIN$D,M15,1624465800,190830.0,190875.0,190695.0,190705.0,66524,5,325245
WIN$D,M15,1624466700,190705.0,190715.0,190350.0,190580.0,128524,5,643496
WIN$D,M15,1624467600,190580.0,190770.0,190515.0,190730.0,66766,5,320668
WIN$D,M15,1624468500,190730.0,190775.0,190640.0,190680.0,39996,5,175894
WIN$D,M15,1624469400,190680.0,190715.0,190590.0,190705.0,32510,5,126532
WIN$D,M15,1624470300,190710.0,190760.0,190560.0,190720.0,21132,5,82230
WIN$D,M15,1624525200,191165.0,191355.0,191100.0,191250.0,119010,5,363736
WIN$D,M15,1624526100,191255.0,191415.0,191200.0,191265.0,104755,5,378046
WIN$D,M15,1624527000,191265.0,191450.0,191240.0,191400.0,93793,5,358320
WIN$D,M15,1624527900,191400.0,191580.0,191290.0,191570.0,117009,5,437694
WIN$D,M15,1624528800,191570.0,191805.0,191540.0,191585.0,182055,5,750122
WIN$D,M15,1624529700,191585.0,191705.0,191540.0,191605.0,108863,5,456489
WIN$D,M15,1624530600,191605.0,191690.0,191315.0,191375.0,255382,5,1027075
WIN$D,M15,1624531500,191375.0,191475.0,191135.0,191400.0,225031,5,942944
WIN$D,M15,1624532400,191400.0,191570.0,191075.0,191190.0,207727,5,901183
WIN$D,M15,1624533300,191190.0,191210.0,191005.0,191120.0,129991,5,578775
WIN$D,M15,1624534200,191115.0,191280.0,191055.0,191260.0,133209,5,578469
WIN$D,M15,1624535100,191260.0,191400.0,191110.0,191340.0,151397,5,637285
WIN$D,M15,1624536000,191340.0,191345.0,191070.0,191130.0,122677,5,529361
WIN$D,M15,1624536900,191130.0,191240.0,190980.0,191215.0,100992,5,441687
WIN$D,M15,1624537800,191215.0,191425.0,191115.0,191355.0,115943,5,508424
WIN$D,M15,1624538700,191355.0,191585.0,191335.0,191550.0,115343,5,506491
WIN$D,M15,1624539600,191555.0,191650.0,191390.0,191410.0,89791,5,389376
WIN$D,M15,1624540500,191410.0,191525.0,191295.0,191495.0,82380,5,370918
WIN$D,M15,1624541400,191495.0,191520.0,191255.0,191315.0,76369,5,338166
WIN$D,M15,1624542300,191315.0,191575.0,191245.0,191535.0,97930,5,436218
WIN$D,M15,1624543200,191530.0,191765.0,191510.0,191595.0,102822,5,477098
WIN$D,M15,1624544100,191595.0,191725.0,191515.0,191575.0,95801,5,441288
WIN$D,M15,1624545000,191580.0,191620.0,191435.0,191535.0,88998,5,412704
WIN$D,M15,1624545900,191535.0,191715.0,191465.0,191670.0,83721,5,391839
WIN$D,M15,1624546800,191675.0,191790.0,191490.0,191510.0,103021,5,456987
WIN$D,M15,1624547700,191510.0,191585.0,191325.0,191400.0,93752,5,428216
WIN$D,M15,1624548600,191405.0,191500.0,191260.0,191295.0,85916,5,398683
WIN$D,M15,1624549500,191290.0,191370.0,191150.0,191280.0,100845,5,468965
WIN$D,M15,1624550400,191280.0,191435.0,191275.0,191415.0,76807,5,364116
WIN$D,M15,1624551300,191415.0,191480.0,191290.0,191410.0,77875,5,366977
WIN$D,M15,1624552200,191410.0,191590.0,191340.0,191560.0,77238,5,360057
WIN$D,M15,1624553100,191565.0,191670.0,191535.0,191660.0,80987,5,384428
WIN$D,M15,1624554000,191655.0,191745.0,191635.0,191740.0,52150,5,222142
WIN$D,M15,1624554900,191735.0,191755.0,191585.0,191635.0,43311,5,174792
WIN$D,M15,1624555800,191630.0,191730.0,191590.0,191700.0,41232,5,151464
WIN$D,M15,1624556700,191695.0,191705.0,191605.0,191605.0,17531,5,78393
WIN$D,M15,1624611600,191765.0,191890.0,191515.0,191520.0,132118,5,405480
WIN$D,M15,1624612500,191520.0,191550.0,191405.0,191415.0,83913,5,314141
WIN$D,M15,1624613400,191410.0,191790.0,191360.0,191565.0,215249,5,776281
WIN$D,M15,1624614300,191565.0,191730.0,191490.0,191640.0,121917,5,470090
WIN$D,M15,1624615200,191640.0,191910.0,191635.0,191795.0,188980,5,735552
WIN$D,M15,1624616100,191800.0,191900.0,191685.0,191785.0,128816,5,509379
WIN$D,M15,1624617000,191790.0,191930.0,191470.0,191590.0,271499,5,1072849
WIN$D,M15,1624617900,191590.0,191760.0,191390.0,191460.0,152385,5,635080
WIN$D,M15,1624618800,191460.0,191570.0,191350.0,191405.0,159836,5,676232
WIN$D,M15,1624619700,191410.0,191505.0,191200.0,191210.0,145592,5,614918
WIN$D,M15,1624620600,191215.0,191325.0,191065.0,191115.0,145405,5,620120
WIN$D,M15,1624621500,191110.0,191175.0,191040.0,191075.0,89645,5,406160
WIN$D,M15,1624622400,191075.0,191120.0,190955.0,191040.0,111713,5,506285
WIN$D,M15,1624623300,191035.0,191060.0,190705.0,190770.0,149853,5,676495
WIN$D,M15,1624624200,190770.0,190860.0,190610.0,190755.0,106615,5,475241
WIN$D,M15,1624625100,190755.0,190960.0,190755.0,190930.0,75031,5,333533
WIN$D,M15,1624626000,190930.0,191010.0,190865.0,190930.0,66267,5,295064
WIN$D,M15,1624626900,190925.0,190975.0,190735.0,190755.0,74904,5,335253
WIN$D,M15,1624627800,190755.0,190930.0,190725.0,190900.0,69790,5,313157
WIN$D,M15,1624628700,190905.0,190940.0,190640.0,190710.0,90597,5,414761
WIN$D,M15,1624629600,190705.0,190730.0,190215.0,190220.0,162803,5,724050
WIN$D,M15,1624630500,190220.0,190315.0,189940.0,190265.0,160714,5,750735
WIN$D,M15,1624631400,190265.0,190350.0,189830.0,190090.0,141261,5,620454
WIN$D,M15,1624632300,190090.0,190175.0,189900.0,190170.0,96433,5,431157
WIN$D,M15,1624633200,190165.0,190260.0,190010.0,190085.0,91672,5,416525
WIN$D,M15,1624634100,190080.0,190085.0,189660.0,189925.0,162666,5,742794
WIN$D,M15,1624635000,189925.0,189925.0,189255.0,189420.0,195064,5,908288
WIN$D,M15,1624635900,189420.0,189425.0,188945.0,189045.0,174317,5,823411
WIN$D,M15,1624636800,189045.0,189115.0,188715.0,188910.0,144261,5,659727
WIN$D,M15,1624637700,188915.0,189065.0,188780.0,188940.0,92195,5,413235
WIN$D,M15,1624638600,188940.0,189595.0,188930.0,189560.0,137261,5,622130
WIN$D,M15,1624639500,189555.0,189615.0,189020.0,189410.0,129271,5,620090
WIN$D,M15,1624640400,189415.0,189520.0,189200.0,189455.0,72999,5,343503
WIN$D,M15,1624641300,189455.0,189515.0,189310.0,189420.0,48694,5,220058
WIN$D,M15,1624642200,189420.0,189600.0,189385.0,189555.0,48068,5,179797
WIN$D,M15,1624643100,189550.0,189625.0,189345.0,189625.0,29450,5,99740
WIN$D,M15,1624870800,189525.0,189615.0,188425.0,188825.0,278842,5,873116
WIN$D,M15,1624871700,188825.0,189175.0,188800.0,189170.0,168167,5,613968
WIN$D,M15,1624872600,189170.0,189230.0,189070.0,189200.0,108927,5,411629
WIN$D,M15,1624873500,189200.0,189440.0,189190.0,189395.0,124388,5,482245
WIN$D,M15,1624874400,189395.0,189680.0,189315.0,189505.0,173084,5,732888
WIN$D,M15,1624875300,189505.0,190055.0,189435.0,190045.0,215512,5,883358
WIN$D,M15,1624876200,190040.0,190245.0,189690.0,189755.0,241767,5,1064630
WIN$D,M15,1624877100,189755.0,189860.0,189540.0,189630.0,187602,5,778942
WIN$D,M15,1624878000,189630.0,189695.0,189195.0,189265.0,176594,5,742943
WIN$D,M15,1624878900,189270.0,189430.0,189090.0,189195.0,173280,5,720424
WIN$D,M15,1624879800,189195.0,189295.0,188870.0,189100.0,168624,5,709668
WIN$D,M15,1624880700,189095.0,189205.0,188760.0,189000.0,186506,5,777564
WIN$D,M15,1624881600,189000.0,189120.0,188920.0,189055.0,102018,5,449450
WIN$D,M15,1624882500,189060.0,189200.0,188860.0,188980.0,136453,5,588244
WIN$D,M15,1624883400,188985.0,189080.0,188955.0,188975.0,60615,5,278682
WIN$D,M15,1624884300,188975.0,189045.0,188810.0,188990.0,95332,5,422443
WIN$D,M15,1624885200,188995.0,189070.0,188820.0,188845.0,72896,5,329107
WIN$D,M15,1624886100,188845.0,189005.0,188840.0,188935.0,69981,5,320760
WIN$D,M15,1624887000,188935.0,188955.0,188750.0,188925.0,85942,5,391515
WIN$D,M15,1624887900,188925.0,189460.0,188900.0,189415.0,160615,5,663454
WIN$D,M15,1624888800,189415.0,189470.0,189035.0,189050.0,123321,5,540308
WIN$D,M15,1624889700,189045.0,189290.0,189030.0,189180.0,114250,5,485055
WIN$D,M15,1624890600,189180.0,189525.0,189160.0,189395.0,138304,5,619495
WIN$D,M15,1624891500,189400.0,189600.0,189300.0,189490.0,134354,5,606023
WIN$D,M15,1624892400,189490.0,189570.0,189230.0,189260.0,103267,5,481389
WIN$D,M15,1624893300,189260.0,189330.0,189140.0,189205.0,92242,5,448964
WIN$D,M15,1624894200,189205.0,189350.0,189160.0,189250.0,80525,5,393449
WIN$D,M15,1624895100,189250.0,189600.0,189240.0,189520.0,127609,5,571540
WIN$D,M15,1624896000,189515.0,189540.0,189295.0,189300.0,108017,5,495437
WIN$D,M15,1624896900,189300.0,189340.0,189160.0,189205.0,77411,5,355307
WIN$D,M15,1624897800,189205.0,189430.0,189190.0,189405.0,93988,5,447381
WIN$D,M15,1624898700,189410.0,189640.0,189360.0,189640.0,95389,5,466228
WIN$D,M15,1624899600,189640.0,189670.0,189500.0,189535.0,62262,5,260271
WIN$D,M15,1624900500,189535.0,189605.0,189475.0,189480.0,33982,5,137293
WIN$D,M15,1624901400,189485.0,189540.0,189405.0,189420.0,38571,5,151037
WIN$D,M15,1624902300,189425.0,189515.0,189410.0,189480.0,18915,5,80211
WIN$D,M15,1624957200,189380.0,189475.0,189110.0,189175.0,152744,5,491116
WIN$D,M15,1624958100,189170.0,189325.0,189140.0,189235.0,120331,5,446682
WIN$D,M15,1624959000,189235.0,189260.0,189065.0,189215.0,108446,5,427880
WIN$D,M15,1624959900,189215.0,189365.0,189105.0,189360.0,117290,5,488090
WIN$D,M15,1624960800,189365.0,189580.0,189310.0,189425.0,224696,5,998830
WIN$D,M15,1624961700,189430.0,189510.0,189160.0,189455.0,178700,5,808030
WIN$D,M15,1624962600,189455.0,189465.0,188995.0,189080.0,243845,5,1130823
WIN$D,M15,1624963500,189080.0,189115.0,188680.0,188685.0,196692,5,904679
WIN$D,M15,1624964400,188690.0,188770.0,188315.0,188480.0,214722,5,987713
WIN$D,M15,1624965300,188485.0,188590.0,188245.0,188385.0,159115,5,710299
WIN$D,M15,1624966200,188380.0,188560.0,188260.0,188560.0,139983,5,591593
WIN$D,M15,1624967100,188560.0,188840.0,188500.0,188800.0,170637,5,728507
WIN$D,M15,1624968000,188800.0,189000.0,188750.0,188990.0,140909,5,612417
WIN$D,M15,1624968900,188990.0,189030.0,188845.0,188890.0,118182,5,546811
WIN$D,M15,1624969800,188885.0,189255.0,188885.0,188920.0,136392,5,644480
WIN$D,M15,1624970700,188915.0,189170.0,188860.0,189075.0,118631,5,557650
WIN$D,M15,1624971600,189075.0,189190.0,188975.0,189100.0,82732,5,392905
WIN$D,M15,1624972500,189095.0,189120.0,188935.0,188950.0,80628,5,369164
WIN$D,M15,1624973400,188950.0,188975.0,188630.0,188770.0,141259,5,628737
WIN$D,M15,1624974300,188770.0,188800.0,188550.0,188755.0,86874,5,393284
WIN$D,M15,1624975200,188750.0,188945.0,188690.0,188785.0,108129,5,477966
WIN$D,M15,1624976100,188785.0,189025.0,188715.0,188975.0,101960,5,468797
WIN$D,M15,1624977000,188975.0,189090.0,188880.0,188955.0,107772,5,492630
WIN$D,M15,1624977900,188960.0,189055.0,188835.0,189000.0,94127,5,436742
WIN$D,M15,1624978800,189000.0,189000.0,188760.0,188785.0,85220,5,408892
WIN$D,M15,1624979700,188785.0,188905.0,188730.0,188900.0,82524,5,414697
WIN$D,M15,1624980600,188895.0,189000.0,188865.0,188870.0,77501,5,418931
WIN$D,M15,1624981500,188870.0,189195.0,188825.0,189150.0,102153,5,517903
WIN$D,M15,1624982400,189150.0,189280.0,189055.0,189215.0,106377,5,529657
WIN$D,M15,1624983300,189215.0,189220.0,189070.0,189125.0,55697,5,260408
WIN$D,M15,1624984200,189130.0,189335.0,189105.0,189285.0,83457,5,405764
WIN$D,M15,1624985100,189280.0,189400.0,189180.0,189355.0,74709,5,367203
WIN$D,M15,1624986000,189355.0,189465.0,189290.0,189410.0,56650,5,277954
WIN$D,M15,1624986900,189405.0,189430.0,189225.0,189310.0,46654,5,213710
WIN$D,M15,1624987800,189310.0,189380.0,189245.0,189350.0,39529,5,161771
WIN$D,M15,1624988700,189350.0,189370.0,189255.0,189255.0,17796,5,72016
WIN$D,M15,1625043600,188880.0,189080.0,188750.0,188840.0,151647,5,480651
WIN$D,M15,1625044500,188840.0,189100.0,188670.0,188700.0,156962,5,615903
WIN$D,M15,1625045400,188700.0,188785.0,188410.0,188655.0,182436,5,780692
WIN$D,M15,1625046300,188655.0,188870.0,188650.0,188760.0,129516,5,525786
WIN$D,M15,1625047200,188760.0,188855.0,188595.0,188840.0,179082,5,779087
WIN$D,M15,1625048100,188845.0,188925.0,188600.0,188780.0,171935,5,749110
WIN$D,M15,1625049000,188780.0,189230.0,188715.0,189205.0,212217,5,988009
WIN$D,M15,1625049900,189205.0,189245.0,188970.0,189000.0,153836,5,712450
WIN$D,M15,1625050800,189000.0,189140.0,188880.0,188915.0,166919,5,775678
WIN$D,M15,1625051700,188915.0,188920.0,188395.0,188595.0,207790,5,1031283
WIN$D,M15,1625052600,188590.0,188725.0,188415.0,188415.0,154535,5,727655
WIN$D,M15,1625053500,188415.0,188745.0,188400.0,188570.0,139910,5,661112
WIN$D,M15,1625054400,188565.0,188595.0,188230.0,188380.0,174632,5,823611
WIN$D,M15,1625055300,188375.0,188525.0,188305.0,188490.0,97893,5,458306
WIN$D,M15,1625056200,188490.0,188650.0,188440.0,188620.0,95217,5,438858
WIN$D,M15,1625057100,188625.0,188965.0,188570.0,188945.0,120133,5,601258
WIN$D,M15,1625058000,188945.0,189205.0,188915.0,189155.0,113017,5,553244
WIN$D,M15,1625058900,189155.0,189315.0,189110.0,189120.0,112415,5,536203
WIN$D,M15,1625059800,189120.0,189190.0,189025.0,189065.0,68816,5,314046
WIN$D,M15,1625060700,189065.0,189075.0,188880.0,189000.0,83233,5,385490
WIN$D,M15,1625061600,189000.0,189045.0,188910.0,188920.0,63064,5,300936
WIN$D,M15,1625062500,188920.0,188995.0,188805.0,188805.0,81284,5,390349
WIN$D,M15,1625063400,188805.0,188810.0,188390.0,188520.0,146903,5,735465
WIN$D,M15,1625064300,188525.0,188830.0,188515.0,188780.0,102783,5,518131
WIN$D,M15,1625065200,188785.0,188860.0,188590.0,188715.0,101175,5,494539
WIN$D,M15,1625066100,188715.0,189155.0,188710.0,189040.0,123374,5,598561
WIN$D,M15,1625067000,189045.0,189190.0,188880.0,188915.0,101426,5,499445
WIN$D,M15,1625067900,188910.0,189015.0,188805.0,188880.0,101646,5,522804
WIN$D,M15,1625068800,188880.0,188900.0,188695.0,188815.0,84701,5,432889
WIN$D,M15,1625069700,188820.0,189015.0,188790.0,188890.0,77234,5,401244
WIN$D,M15,1625070600,188890.0,189115.0,188840.0,189035.0,89752,5,455270
WIN$D,M15,1625071500,189035.0,189050.0,188710.0,188715.0,97264,5,511901
WIN$D,M15,1625072400,188715.0,188835.0,188575.0,188600.0,64028,5,300002
WIN$D,M15,1625073300,188605.0,188710.0,188475.0,188570.0,66595,5,314419
WIN$D,M15,1625074200,188570.0,188640.0,188475.0,188620.0,53671,5,205066
WIN$D,M15,1625075100,188620.0,188630.0,188465.0,188465.0,21095,5,92455
WIN$D,M15,1625130000,188915.0,189075.0,188825.0,188880.0,121631,5,388113
WIN$D,M15,1625130900,188880.0,189010.0,188805.0,189005.0,96038,5,356095
WIN$D,M15,1625131800,189005.0,189120.0,188930.0,189020.0,126221,5,499295
WIN$D,M15,1625132700,189020.0,189050.0,188905.0,188925.0,100053,5,406141
WIN$D,M15,1625133600,188925.0,189110.0,188780.0,189105.0,220085,5,976521
WIN$D,M15,1625134500,189105.0,189215.0,188945.0,188960.0,217386,5,946243
WIN$D,M15,1625135400,188965.0,189025.0,188255.0,188265.0,318191,5,1446976
WIN$D,M15,1625136300,188265.0,188500.0,188115.0,188240.0,256419,5,1127098
WIN$D,M15,1625137200,188245.0,188370.0,187940.0,188110.0,268715,5,1146829
WIN$D,M15,1625138100,188110.0,188110.0,187665.0,187785.0,233675,5,1027773
WIN$D,M15,1625139000,187785.0,187820.0,187535.0,187805.0,156961,5,760999
WIN$D,M15,1625139900,187810.0,188095.0,187675.0,187945.0,178943,5,784175
WIN$D,M15,1625140800,187940.0,188045.0,187345.0,187485.0,221746,5,978414
WIN$D,M15,1625141700,187485.0,187540.0,187260.0,187340.0,148914,5,649059
WIN$D,M15,1625142600,187335.0,187450.0,187205.0,187260.0,112132,5,515846
WIN$D,M15,1625143500,187260.0,187605.0,187200.0,187585.0,118873,5,551564
WIN$D,M15,1625144400,187585.0,187750.0,187505.0,187565.0,109613,5,506797
WIN$D,M15,1625145300,187565.0,187620.0,187335.0,187510.0,97632,5,430451
WIN$D,M15,1625146200,187510.0,187770.0,187480.0,187700.0,96914,5,451544
WIN$D,M15,1625147100,187705.0,187730.0,187470.0,187525.0,92892,5,435764
WIN$D,M15,1625148000,187525.0,187675.0,187410.0,187495.0,96107,5,454734
WIN$D,M15,1625148900,187495.0,187615.0,187245.0,187250.0,104728,5,523664
WIN$D,M15,1625149800,187245.0,187405.0,187050.0,187115.0,146810,5,679271
WIN$D,M15,1625150700,187115.0,187215.0,186995.0,187070.0,102170,5,499385
WIN$D,M15,1625151600,187070.0,187205.0,186995.0,187105.0,100400,5,512254
WIN$D,M15,1625152500,187105.0,187445.0,187065.0,187410.0,114335,5,556128
WIN$D,M15,1625153400,187415.0,187415.0,187100.0,187300.0,121800,5,644454
WIN$D,M15,1625154300,187300.0,187370.0,186965.0,187050.0,116990,5,603734
WIN$D,M15,1625155200,187055.0,187235.0,187045.0,187180.0,80008,5,413375
WIN$D,M15,1625156100,187180.0,187400.0,187120.0,187395.0,81315,5,430891
WIN$D,M15,1625157000,187395.0,187635.0,187205.0,187565.0,116039,5,615211
WIN$D,M15,1625157900,187565.0,187760.0,187485.0,187675.0,91208,5,442855
WIN$D,M15,1625158800,187670.0,187875.0,187625.0,187860.0,62503,5,296154
WIN$D,M15,1625159700,187860.0,187870.0,187590.0,187600.0,61661,5,281448
WIN$D,M15,1625160600,187605.0,187680.0,187535.0,187625.0,45455,5,186980
WIN$D,M15,1625161500,187620.0,187745.0,187550.0,187560.0,22256,5,94635
WIN$D,M15,1625216400,187780.0,188055.0,187730.0,187990.0,117669,5,362143
WIN$D,M15,1625217300,187990.0,188155.0,187750.0,187830.0,160074,5,551616
WIN$D,M15,1625218200,187830.0,188655.0,187560.0,188575.0,301560,5,1012078
WIN$D,M15,1625219100,188575.0,188705.0,188380.0,188620.0,141438,5,527172
WIN$D,M15,1625220000,188620.0,188835.0,188620.0,188690.0,174999,5,692849
WIN$D,M15,1625220900,188695.0,188765.0,188435.0,188445.0,128613,5,524975
WIN$D,M15,1625221800,188440.0,188610.0,188270.0,188585.0,241055,5,1001665
WIN$D,M15,1625222700,188580.0,188865.0,188565.0,188745.0,202188,5,887004
WIN$D,M15,1625223600,188745.0,188850.0,188050.0,188455.0,275838,5,1167875
WIN$D,M15,1625224500,188460.0,188840.0,188425.0,188820.0,186883,5,773278
WIN$D,M15,1625225400,188820.0,188880.0,188580.0,188635.0,150103,5,641914
WIN$D,M15,1625226300,188635.0,189100.0,188620.0,188960.0,167591,5,742940
WIN$D,M15,1625227200,188960.0,189165.0,188900.0,188905.0,128453,5,570663
WIN$D,M15,1625228100,188905.0,189200.0,188875.0,189125.0,111152,5,483186
WIN$D,M15,1625229000,189125.0,189240.0,189040.0,189070.0,93262,5,431250
WIN$D,M15,1625229900,189070.0,189160.0,189010.0,189150.0,57070,5,271903
WIN$D,M15,1625230800,189145.0,189185.0,189025.0,189165.0,62269,5,298214
WIN$D,M15,1625231700,189170.0,189185.0,189020.0,189050.0,48625,5,241839
WIN$D,M15,1625232600,189050.0,189095.0,188935.0,189045.0,80279,5,390451
WIN$D,M15,1625233500,189045.0,189270.0,188975.0,189095.0,92916,5,446291
WIN$D,M15,1625234400,189095.0,189295.0,189025.0,189235.0,93638,5,444430
WIN$D,M15,1625235300,189235.0,189410.0,189190.0,189345.0,98017,5,447379
WIN$D,M15,1625236200,189345.0,189465.0,189280.0,189450.0,62674,5,289488
WIN$D,M15,1625237100,189450.0,189550.0,189415.0,189465.0,83533,5,385461
WIN$D,M15,1625238000,189470.0,189680.0,189440.0,189635.0,92431,5,449745
WIN$D,M15,1625238900,189640.0,189810.0,189635.0,189710.0,88914,5,433054
WIN$D,M15,1625239800,189710.0,189775.0,189590.0,189710.0,90941,5,454871
WIN$D,M15,1625240700,189705.0,189750.0,189590.0,189625.0,74737,5,371931
WIN$D,M15,1625241600,189620.0,189670.0,189495.0,189590.0,81880,5,427029
WIN$D,M15,1625242500,189595.0,189675.0,189560.0,189630.0,62423,5,326165
WIN$D,M15,1625243400,189630.0,189700.0,189550.0,189635.0,64387,5,335270
WIN$D,M15,1625244300,189635.0,189790.0,189615.0,189780.0,61332,5,296553
WIN$D,M15,1625245200,189780.0,189785.0,189660.0,189675.0,40267,5,179861
WIN$D,M15,1625246100,189670.0,189705.0,189580.0,189660.0,36361,5,159829
WIN$D,M15,1625247000,189660.0,189715.0,189620.0,189680.0,30362,5,138448
WIN$D,M15,1625247900,189675.0,189910.0,189660.0,189900.0,38606,5,112543
WIN$D,M15,1625475600,189480.0,189520.0,189250.0,189270.0,90390,5,297382
WIN$D,M15,1625476500,189275.0,189600.0,189235.0,189545.0,145158,5,502702
WIN$D,M15,1625477400,189545.0,189590.0,189460.0,189490.0,74732,5,267036
WIN$D,M15,1625478300,189485.0,189715.0,189445.0,189620.0,123454,5,443821
WIN$D,M15,1625479200,189620.0,189630.0,189160.0,189315.0,255283,5,982439
WIN$D,M15,1625480100,189320.0,189335.0,189025.0,189260.0,194540,5,764285
WIN$D,M15,1625481000,189255.0,189325.0,189035.0,189045.0,142889,5,584019
WIN$D,M15,1625481900,189045.0,189060.0,188780.0,188800.0,146827,5,611411
WIN$D,M15,1625482800,188800.0,188830.0,188605.0,188805.0,138065,5,574610
WIN$D,M15,1625483700,188805.0,188860.0,188665.0,188755.0,106723,5,441756
WIN$D,M15,1625484600,188750.0,188775.0,188495.0,188595.0,113321,5,488408
WIN$D,M15,1625485500,188595.0,188910.0,188580.0,188880.0,126839,5,520581
WIN$D,M15,1625486400,188880.0,189080.0,188875.0,189070.0,109668,5,466284
WIN$D,M15,1625487300,189070.0,189095.0,188835.0,189005.0,109731,5,450664
WIN$D,M15,1625488200,189010.0,189210.0,189005.0,189160.0,100083,5,439598
WIN$D,M15,1625489100,189165.0,189170.0,188970.0,188990.0,85426,5,369379
WIN$D,M15,1625490000,188995.0,189170.0,188990.0,189160.0,63335,5,273421
WIN$D,M15,1625490900,189155.0,189270.0,189110.0,189225.0,73190,5,308312
WIN$D,M15,1625491800,189230.0,189255.0,189050.0,189250.0,81053,5,335628
WIN$D,M15,1625492700,189250.0,189330.0,189195.0,189260.0,92713,5,362749
WIN$D,M15,1625493600,189260.0,189380.0,189205.0,189240.0,78172,5,294497
WIN$D,M15,1625494500,189245.0,189395.0,189215.0,189215.0,72028,5,260646
WIN$D,M15,1625495400,189220.0,189250.0,188830.0,188960.0,155380,5,593076
WIN$D,M15,1625496300,188955.0,189045.0,188910.0,188970.0,53646,5,199750
WIN$D,M15,1625497200,188970.0,188985.0,188685.0,188740.0,113663,5,407973
WIN$D,M15,1625498100,188740.0,188960.0,188630.0,188890.0,99202,5,370171
WIN$D,M15,1625499000,188890.0,189050.0,188805.0,188985.0,91056,5,354985
WIN$D,M15,1625499900,188985.0,189320.0,188950.0,189215.0,100175,5,383445
WIN$D,M15,1625500800,189210.0,189275.0,189130.0,189245.0,61529,5,238269
WIN$D,M15,1625501700,189250.0,189280.0,189140.0,189210.0,56256,5,212997
WIN$D,M15,1625502600,189210.0,189265.0,188890.0,188995.0,93427,5,341129
WIN$D,M15,1625503500,188995.0,189145.0,188950.0,189025.0,77603,5,305352
WIN$D,M15,1625504400,189025.0,189040.0,188845.0,188920.0,72023,5,279262
WIN$D,M15,1625505300,188915.0,189030.0,188865.0,188965.0,43279,5,164907
WIN$D,M15,1625506200,188965.0,189180.0,188960.0,189115.0,49222,5,165151
WIN$D,M15,1625507100,189110.0,189235.0,189090.0,189180.0,17247,5,72619
WIN$D,M15,1625562000,189005.0,189105.0,188715.0,188805.0,142272,5,458690
WIN$D,M15,1625562900,188800.0,188830.0,188485.0,188535.0,164814,5,629371
WIN$D,M15,1625563800,188535.0,188680.0,188460.0,188640.0,135337,5,504204
WIN$D,M15,1625564700,188635.0,188755.0,188295.0,188370.0,237540,5,926207
WIN$D,M15,1625565600,188370.0,188405.0,188155.0,188345.0,199101,5,863975
WIN$D,M15,1625566500,188345.0,188380.0,188005.0,188030.0,192688,5,821431
WIN$D,M15,1625567400,188030.0,188270.0,187955.0,188040.0,241482,5,1060659
WIN$D,M15,1625568300,188040.0,188380.0,188015.0,188155.0,194834,5,818312
WIN$D,M15,1625569200,188160.0,188190.0,187565.0,187645.0,250105,5,1088150
WIN$D,M15,1625570100,187645.0,187740.0,187330.0,187470.0,192356,5,889446
WIN$D,M15,1625571000,187470.0,187655.0,187310.0,187625.0,171961,5,786751
WIN$D,M15,1625571900,187625.0,187670.0,187205.0,187250.0,205167,5,911704
WIN$D,M15,1625572800,187250.0,187475.0,187220.0,187395.0,126851,5,561333
WIN$D,M15,1625573700,187400.0,187710.0,187385.0,187605.0,142264,5,629232
WIN$D,M15,1625574600,187605.0,187755.0,187435.0,187480.0,146098,5,625829
WIN$D,M15,1625575500,187480.0,187555.0,187350.0,187435.0,98185,5,418763
WIN$D,M15,1625576400,187440.0,187540.0,187145.0,187225.0,131733,5,586253
WIN$D,M15,1625577300,187220.0,187300.0,187105.0,187220.0,114832,5,507379
WIN$D,M15,1625578200,187225.0,187250.0,187005.0,187075.0,125706,5,578760
WIN$D,M15,1625579100,187070.0,187205.0,187030.0,187190.0,88059,5,387272
WIN$D,M15,1625580000,187185.0,187340.0,187080.0,187295.0,115166,5,491037
WIN$D,M15,1625580900,187295.0,187420.0,187240.0,187380.0,109008,5,467959
WIN$D,M15,1625581800,187385.0,187460.0,187210.0,187440.0,100601,5,433352
WIN$D,M15,1625582700,187440.0,187490.0,187160.0,187210.0,118120,5,502463
WIN$D,M15,1625583600,187210.0,187210.0,186915.0,187005.0,154433,5,664470
WIN$D,M15,1625584500,187010.0,187130.0,186840.0,186905.0,117000,5,483523
WIN$D,M15,1625585400,186905.0,186970.0,186805.0,186955.0,97572,5,430456
WIN$D,M15,1625586300,186955.0,187105.0,186915.0,187080.0,89250,5,415815
WIN$D,M15,1625587200,187080.0,187105.0,186910.0,187050.0,76723,5,346513
WIN$D,M15,1625588100,187050.0,187220.0,187045.0,187190.0,80862,5,358084
WIN$D,M15,1625589000,187190.0,187205.0,187000.0,187175.0,75956,5,334431
WIN$D,M15,1625589900,187180.0,187185.0,186935.0,186950.0,91200,5,422933
WIN$D,M15,1625590800,186950.0,187060.0,186945.0,187020.0,41905,5,176422
WIN$D,M15,1625591700,187025.0,187055.0,186955.0,187005.0,33280,5,136974
WIN$D,M15,1625592600,187005.0,187015.0,186915.0,186990.0,35687,5,114647
WIN$D,M15,1625593500,186995.0,187000.0,186780.0,186840.0,22170,5,92431
WIN$D,M15,1625648400,187460.0,188270.0,187380.0,188135.0,239462,5,802629
WIN$D,M15,1625649300,188135.0,188245.0,188045.0,188120.0,109506,5,444735
WIN$D,M15,1625650200,188115.0,188325.0,187960.0,188220.0,171111,5,656250
WIN$D,M15,1625651100,188220.0,188230.0,188090.0,188105.0,93793,5,391094
WIN$D,M15,1625652000,188105.0,188420.0,188045.0,188050.0,235564,5,978028
WIN$D,M15,1625652900,188050.0,188310.0,188015.0,188030.0,162606,5,679781
WIN$D,M15,1625653800,188030.0,188145.0,187790.0,187870.0,276134,5,1155226
WIN$D,M15,1625654700,187870.0,188160.0,187750.0,187965.0,216452,5,922942
WIN$D,M15,1625655600,187965.0,187980.0,187585.0,187600.0,192763,5,857964
WIN$D,M15,1625656500,187600.0,187605.0,187340.0,187405.0,188259,5,884854
WIN$D,M15,1625657400,187405.0,187450.0,187150.0,187380.0,186268,5,834242
WIN$D,M15,1625658300,187375.0,187735.0,187325.0,187700.0,149450,5,684872
WIN$D,M15,1625659200,187695.0,188000.0,187660.0,187840.0,147689,5,688397
WIN$D,M15,1625660100,187840.0,188195.0,187785.0,188155.0,130134,5,613442
WIN$D,M15,1625661000,188155.0,188340.0,188110.0,188255.0,113947,5,531783
WIN$D,M15,1625661900,188255.0,188450.0,188125.0,188250.0,136289,5,639114
WIN$D,M15,1625662800,188250.0,188320.0,188070.0,188285.0,98729,5,457491
WIN$D,M15,1625663700,188280.0,188345.0,188215.0,188260.0,73863,5,357067
WIN$D,M15,1625664600,188255.0,188465.0,188140.0,188385.0,101084,5,468169
WIN$D,M15,1625665500,188380.0,188745.0,188290.0,188660.0,145636,5,675507
WIN$D,M15,1625666400,188655.0,188810.0,188595.0,188635.0,100809,5,464895
WIN$D,M15,1625667300,188640.0,188655.0,188525.0,188580.0,63718,5,298799
WIN$D,M15,1625668200,188585.0,188935.0,188540.0,188865.0,120668,5,559394
WIN$D,M15,1625669100,188865.0,188935.0,188805.0,188875.0,66799,5,328550
WIN$D,M15,1625670000,188875.0,189155.0,188720.0,189105.0,158936,5,787853
WIN$D,M15,1625670900,189105.0,189225.0,189020.0,189075.0,94278,5,454692
WIN$D,M15,1625671800,189080.0,189085.0,188905.0,188975.0,84313,5,397123
WIN$D,M15,1625672700,188975.0,189055.0,188865.0,189030.0,86830,5,421952
WIN$D,M15,1625673600,189025.0,189165.0,188940.0,189115.0,100697,5,489867
WIN$D,M15,1625674500,189115.0,189140.0,189030.0,189045.0,54550,5,263524
WIN$D,M15,1625675400,189045.0,189080.0,188870.0,188915.0,69471,5,325309
WIN$D,M15,1625676300,188920.0,189120.0,188865.0,189115.0,75449,5,368290
WIN$D,M15,1625677200,189115.0,189120.0,188995.0,189060.0,42737,5,202407
WIN$D,M15,1625678100,189065.0,189200.0,189055.0,189170.0,38968,5,170839
WIN$D,M15,1625679000,189170.0,189185.0,189000.0,189020.0,37603,5,145956
WIN$D,M15,1625679900,189025.0,189025.0,188875.0,188875.0,18640,5,83244
WIN$D,M15,1625734800,187160.0,187170.0,186405.0,186515.0,194218,5,649824
WIN$D,M15,1625735700,186510.0,186955.0,186475.0,186810.0,191046,5,708093
WIN$D,M15,1625736600,186810.0,186980.0,186630.0,186670.0,161066,5,594068
WIN$D,M15,1625737500,186670.0,186810.0,186515.0,186535.0,148483,5,554859
WIN$D,M15,1625738400,186540.0,186885.0,186450.0,186875.0,182317,5,753972
WIN$D,M15,1625739300,186875.0,187180.0,186675.0,187140.0,200388,5,816204
WIN$D,M15,1625740200,187145.0,187315.0,186685.0,186730.0,287663,5,1167909
WIN$D,M15,1625741100,186730.0,186990.0,186525.0,186880.0,236246,5,959744
WIN$D,M15,1625742000,186880.0,186890.0,186430.0,186635.0,242023,5,984753
WIN$D,M15,1625742900,186635.0,186715.0,186205.0,186545.0,230165,5,920268
WIN$D,M15,1625743800,186545.0,186820.0,186360.0,186745.0,248715,5,924552
WIN$D,M15,1625744700,186750.0,186880.0,186520.0,186785.0,157489,5,613197
WIN$D,M15,1625745600,186780.0,187430.0,186775.0,187365.0,185117,5,817059
WIN$D,M15,1625746500,187365.0,187710.0,187220.0,187675.0,171223,5,756098
WIN$D,M15,1625747400,187675.0,187740.0,187395.0,187400.0,141586,5,585656
WIN$D,M15,1625748300,187405.0,187695.0,187390.0,187675.0,105112,5,439407
WIN$D,M15,1625749200,187675.0,187685.0,187515.0,187540.0,75139,5,344449
WIN$D,M15,1625750100,187535.0,187615.0,187465.0,187535.0,70642,5,316614
WIN$D,M15,1625751000,187535.0,187755.0,187420.0,187650.0,113229,5,491009
WIN$D,M15,1625751900,187645.0,187790.0,187575.0,187660.0,98837,5,426363
WIN$D,M15,1625752800,187660.0,187920.0,187580.0,187710.0,116497,5,512957
WIN$D,M15,1625753700,187710.0,187765.0,187450.0,187450.0,107349,5,469299
WIN$D,M15,1625754600,187455.0,187595.0,187320.0,187505.0,117771,5,494522
WIN$D,M15,1625755500,187505.0,187575.0,187090.0,187280.0,120230,5,495259
WIN$D,M15,1625756400,187280.0,187345.0,186895.0,186915.0,135704,5,578795
WIN$D,M15,1625757300,186910.0,187120.0,186740.0,187045.0,121251,5,545221
WIN$D,M15,1625758200,187050.0,187330.0,186910.0,187295.0,110368,5,511363
WIN$D,M15,1625759100,187295.0,187345.0,187055.0,187180.0,99743,5,460891
WIN$D,M15,1625760000,187185.0,187340.0,186865.0,186880.0,126320,5,592457
WIN$D,M15,1625760900,186880.0,187250.0,186825.0,187235.0,102175,5,456337
WIN$D,M15,1625761800,187235.0,187365.0,186990.0,187030.0,110808,5,500856
WIN$D,M15,1625762700,187030.0,187420.0,187005.0,187390.0,111797,5,514712
WIN$D,M15,1625763600,187395.0,187405.0,187155.0,187260.0,63711,5,267239
WIN$D,M15,1625764500,187265.0,187385.0,187160.0,187315.0,57895,5,234422
WIN$D,M15,1625765400,187315.0,187355.0,187235.0,187285.0,40163,5,144195
WIN$D,M15,1625766300,187290.0,187365.0,187180.0,187180.0,24244,5,74025
WIN$D,M15,1626080400,188030.0,188305.0,187690.0,187700.0,163098,5,474377
WIN$D,M15,1626081300,187700.0,187785.0,187640.0,187780.0,93596,5,353303
WIN$D,M15,1626082200,187775.0,187920.0,187740.0,187900.0,110757,5,417353
WIN$D,M15,1626083100,187900.0,188105.0,187845.0,188065.0,102552,5,416861
WIN$D,M15,1626084000,188065.0,188290.0,188040.0,188160.0,172982,5,744523
WIN$D,M15,1626084900,188160.0,188365.0,188070.0,188325.0,201316,5,850973
WIN$D,M15,1626085800,188325.0,188465.0,188150.0,188465.0,247766,5,1042733
WIN$D,M15,1626086700,188460.0,188595.0,188400.0,188420.0,164956,5,715189
WIN$D,M15,1626087600,188425.0,188665.0,188210.0,188495.0,220845,5,948343
WIN$D,M15,1626088500,188500.0,188565.0,188360.0,188440.0,126390,5,560573
WIN$D,M15,1626089400,188440.0,188605.0,188305.0,188590.0,145834,5,647527
WIN$D,M15,1626090300,188595.0,188705.0,188450.0,188645.0,164774,5,747473
WIN$D,M15,1626091200,188645.0,188730.0,188515.0,188620.0,130591,5,617543
WIN$D,M15,1626092100,188620.0,188725.0,188590.0,188680.0,80701,5,422134
WIN$D,M15,1626093000,188680.0,189100.0,188665.0,189030.0,145706,5,711406
WIN$D,M15,1626093900,189035.0,189170.0,188995.0,189110.0,89593,5,437832
WIN$D,M15,1626094800,189105.0,189290.0,189040.0,189285.0,91955,5,483494
WIN$D,M15,1626095700,189280.0,189345.0,189240.0,189250.0,77737,5,391215
WIN$D,M15,1626096600,189250.0,189430.0,189240.0,189385.0,90587,5,444445
WIN$D,M15,1626097500,189385.0,189455.0,189345.0,189385.0,61857,5,316466
WIN$D,M15,1626098400,189385.0,189445.0,189315.0,189410.0,65426,5,316647
WIN$D,M15,1626099300,189410.0,189520.0,189395.0,189440.0,81760,5,417412
WIN$D,M15,1626100200,189440.0,189700.0,189435.0,189645.0,106072,5,550177
WIN$D,M15,1626101100,189645.0,189710.0,189600.0,189615.0,66085,5,338662
WIN$D,M15,1626102000,189610.0,189660.0,189550.0,189610.0,75205,5,400647
WIN$D,M15,1626102900,189610.0,189770.0,189590.0,189725.0,84242,5,447921
WIN$D,M15,1626103800,189720.0,189800.0,189690.0,189740.0,71597,5,378948
WIN$D,M15,1626104700,189745.0,189800.0,189640.0,189645.0,69512,5,375663
WIN$D,M15,1626105600,189650.0,189680.0,189580.0,189630.0,75805,5,397217
WIN$D,M15,1626106500,189630.0,189725.0,189580.0,189635.0,77487,5,414097
WIN$D,M15,1626107400,189635.0,189685.0,189535.0,189585.0,75722,5,404001
WIN$D,M15,1626108300,189580.0,189675.0,189550.0,189580.0,63428,5,342528
WIN$D,M15,1626109200,189580.0,189695.0,189520.0,189665.0,52340,5,249529
WIN$D,M15,1626110100,189665.0,189725.0,189625.0,189705.0,40284,5,188170
WIN$D,M15,1626111000,189700.0,189720.0,189630.0,189715.0,35843,5,174403
WIN$D,M15,1626111900,189710.0,189980.0,189660.0,189980.0,31502,5,164136
WIN$D,M15,1626166800,189655.0,189675.0,189385.0,189425.0,131363,5,456292
WIN$D,M15,1626167700,189425.0,189480.0,189320.0,189410.0,108253,5,403436
WIN$D,M15,1626168600,189410.0,189420.0,188990.0,189165.0,234780,5,862322
WIN$D,M15,1626169500,189165.0,189250.0,188905.0,188935.0,166525,5,638457
WIN$D,M15,1626170400,188935.0,189015.0,188775.0,188960.0,180485,5,731959
WIN$D,M15,1626171300,188960.0,189225.0,188720.0,189185.0,239188,5,970455
WIN$D,M15,1626172200,189185.0,189370.0,188915.0,188940.0,257300,5,1132815
WIN$D,M15,1626173100,188940.0,189070.0,188795.0,188800.0,186616,5,800943
WIN$D,M15,1626174000,188800.0,189105.0,188705.0,189030.0,204552,5,901608
WIN$D,M15,1626174900,189030.0,189305.0,188995.0,189145.0,154707,5,663466
WIN$D,M15,1626175800,189145.0,189200.0,188620.0,188630.0,198328,5,897527
WIN$D,M15,1626176700,188630.0,188690.0,188405.0,188465.0,143811,5,713933
WIN$D,M15,1626177600,188465.0,188790.0,188425.0,188690.0,133544,5,614677
WIN$D,M15,1626178500,188685.0,188690.0,188325.0,188335.0,115895,5,565689
WIN$D,M15,1626179400,188335.0,188715.0,188300.0,188695.0,110380,5,513065
WIN$D,M15,1626180300,188695.0,189015.0,188695.0,189010.0,134840,5,622000
WIN$D,M15,1626181200,189010.0,189070.0,188825.0,188900.0,92384,5,415302
WIN$D,M15,1626182100,188900.0,189165.0,188890.0,188995.0,102845,5,452957
WIN$D,M15,1626183000,188995.0,189435.0,188960.0,189390.0,125762,5,565290
WIN$D,M15,1626183900,189395.0,189655.0,189365.0,189415.0,133097,5,639524
WIN$D,M15,1626184800,189420.0,189830.0,189415.0,189670.0,139487,5,683423
WIN$D,M15,1626185700,189670.0,189850.0,189455.0,189710.0,135982,5,617614
WIN$D,M15,1626186600,189705.0,189730.0,189470.0,189670.0,136249,5,646807
WIN$D,M15,1626187500,189665.0,190220.0,189630.0,190145.0,161187,5,792677
WIN$D,M15,1626188400,190145.0,190160.0,189985.0,190010.0,101078,5,491488
WIN$D,M15,1626189300,190010.0,190320.0,189960.0,190195.0,111092,5,550319
WIN$D,M15,1626190200,190200.0,190425.0,190150.0,190260.0,101504,5,553193
WIN$D,M15,1626191100,190255.0,190410.0,190225.0,190260.0,75185,5,412541
WIN$D,M15,1626192000,190260.0,190405.0,190240.0,190275.0,70247,5,407697
WIN$D,M15,1626192900,190270.0,190315.0,190075.0,190095.0,84509,5,452331
WIN$D,M15,1626193800,190095.0,190235.0,190005.0,190170.0,85974,5,440687
WIN$D,M15,1626194700,190170.0,190210.0,190005.0,190125.0,85952,5,443535
WIN$D,M15,1626195600,190125.0,190165.0,190065.0,190100.0,38253,5,183559
WIN$D,M15,1626196500,190100.0,190160.0,190095.0,190120.0,25675,5,125961
WIN$D,M15,1626197400,190125.0,190360.0,190110.0,190340.0,46479,5,191065
WIN$D,M15,1626198300,190340.0,190470.0,190300.0,190300.0,24054,5,116073
WIN$D,M15,1626253200,190410.0,190555.0,190200.0,190290.0,191876,5,560238
WIN$D,M15,1626254100,190285.0,190860.0,190245.0,190790.0,230126,5,836151
WIN$D,M15,1626255000,190795.0,191245.0,190740.0,191145.0,191118,5,792913
WIN$D,M15,1626255900,191140.0,191225.0,191045.0,191095.0,118072,5,506955
WIN$D,M15,1626256800,191095.0,191375.0,191075.0,191215.0,192984,5,836452
WIN$D,M15,1626257700,191210.0,191475.0,191175.0,191420.0,173029,5,765405
WIN$D,M15,1626258600,191420.0,191620.0,190870.0,191100.0,292268,5,1261743
WIN$D,M15,1626259500,191095.0,191205.0,190920.0,191170.0,187456,5,815407
WIN$D,M15,1626260400,191170.0,191340.0,191015.0,191135.0,221065,5,924037
WIN$D,M15,1626261300,191135.0,191140.0,190765.0,190775.0,172209,5,754289
WIN$D,M15,1626262200,190780.0,190870.0,190645.0,190685.0,173306,5,765201
WIN$D,M15,1626263100,190685.0,190925.0,190595.0,190605.0,141763,5,635628
WIN$D,M15,1626264000,190600.0,190655.0,190490.0,190585.0,122101,5,566741
WIN$D,M15,1626264900,190580.0,190775.0,190465.0,190560.0,128397,5,610753
WIN$D,M15,1626265800,190555.0,190600.0,190030.0,190175.0,170478,5,822691
WIN$D,M15,1626266700,190175.0,190340.0,190085.0,190330.0,119651,5,587565
WIN$D,M15,1626267600,190330.0,190645.0,190265.0,190635.0,134035,5,615041
WIN$D,M15,1626268500,190630.0,190760.0,190505.0,190680.0,116881,5,547899
WIN$D,M15,1626269400,190675.0,190765.0,190555.0,190590.0,83404,5,397898
WIN$D,M15,1626270300,190595.0,190600.0,190320.0,190420.0,126613,5,619293
WIN$D,M15,1626271200,190420.0,190525.0,190115.0,190170.0,134232,5,651262
WIN$D,M15,1626272100,190170.0,190260.0,190010.0,190110.0,130935,5,619002
WIN$D,M15,1626273000,190110.0,190455.0,190080.0,190430.0,123482,5,588077
WIN$D,M15,1626273900,190430.0,190530.0,190050.0,190180.0,145162,5,692532
WIN$D,M15,1626274800,190185.0,190425.0,190115.0,190245.0,119314,5,584080
WIN$D,M15,1626275700,190240.0,190470.0,190175.0,190360.0,99077,5,491943
WIN$D,M15,1626276600,190360.0,190405.0,190210.0,190345.0,89483,5,450956
WIN$D,M15,1626277500,190350.0,190645.0,190315.0,190615.0,136556,5,678507
WIN$D,M15,1626278400,190610.0,190675.0,190425.0,190430.0,91291,5,467788
WIN$D,M15,1626279300,190430.0,190525.0,190300.0,190350.0,101088,5,496702
WIN$D,M15,1626280200,190355.0,190400.0,190145.0,190270.0,92399,5,486669
WIN$D,M15,1626281100,190270.0,190415.0,190150.0,190385.0,92590,5,457415
WIN$D,M15,1626282000,190380.0,190500.0,190350.0,190370.0,55207,5,280723
WIN$D,M15,1626282900,190370.0,190470.0,190235.0,190440.0,55342,5,251128
WIN$D,M15,1626283800,190445.0,190570.0,190385.0,190505.0,43628,5,184118
WIN$D,M15,1626284700,190510.0,190535.0,190430.0,190480.0,17391,5,72057
WIN$D,M15,1626339600,190050.0,190270.0,189855.0,190040.0,177485,5,526703
WIN$D,M15,1626340500,190040.0,190450.0,190040.0,190405.0,155657,5,571092
WIN$D,M15,1626341400,190405.0,190470.0,190145.0,190180.0,161150,5,629310
WIN$D,M15,1626342300,190180.0,190205.0,189970.0,190090.0,146917,5,601984
WIN$D,M15,1626343200,190090.0,190540.0,189945.0,190465.0,234030,5,995462
WIN$D,M15,1626344100,190465.0,190630.0,190215.0,190240.0,212690,5,926763
WIN$D,M15,1626345000,190240.0,190965.0,190130.0,190560.0,316077,5,1354944
WIN$D,M15,1626345900,190560.0,190775.0,190265.0,190445.0,239483,5,972322
WIN$D,M15,1626346800,190445.0,190800.0,190385.0,190750.0,184704,5,769816
WIN$D,M15,1626347700,190745.0,190860.0,190310.0,190340.0,177772,5,725760
WIN$D,M15,1626348600,190335.0,190565.0,190235.0,190380.0,188913,5,812576
WIN$D,M15,1626349500,190375.0,190450.0,190155.0,190320.0,154195,5,690823
WIN$D,M15,1626350400,190320.0,190335.0,189885.0,189950.0,164935,5,750433
WIN$D,M15,1626351300,189950.0,189975.0,189635.0,189840.0,166015,5,756218
WIN$D,M15,1626352200,189840.0,189890.0,189665.0,189785.0,106233,5,493650
WIN$D,M15,1626353100,189780.0,189830.0,189520.0,189615.0,94871,5,457212
WIN$D,M15,1626354000,189615.0,189660.0,189380.0,189430.0,115841,5,556874
WIN$D,M15,1626354900,189430.0,189600.0,189330.0,189560.0,104816,5,501701
WIN$D,M15,1626355800,189560.0,189715.0,189385.0,189705.0,118101,5,562464
WIN$D,M15,1626356700,189705.0,189735.0,189475.0,189660.0,118362,5,569165
WIN$D,M15,1626357600,189660.0,189675.0,189365.0,189380.0,109934,5,528775
WIN$D,M15,1626358500,189380.0,189480.0,189165.0,189450.0,139831,5,661082
WIN$D,M15,1626359400,189455.0,189470.0,189130.0,189210.0,119500,5,577196
WIN$D,M15,1626360300,189215.0,189360.0,188910.0,188915.0,137628,5,660314
WIN$D,M15,1626361200,188915.0,189200.0,188785.0,189115.0,138010,5,687988
WIN$D,M15,1626362100,189115.0,189415.0,189010.0,189345.0,123195,5,583677
WIN$D,M15,1626363000,189345.0,189430.0,189260.0,189335.0,95135,5,481772
WIN$D,M15,1626363900,189330.0,189395.0,189225.0,189340.0,85357,5,426506
WIN$D,M15,1626364800,189340.0,189475.0,189265.0,189355.0,96445,5,495961
WIN$D,M15,1626365700,189355.0,189450.0,189210.0,189450.0,82540,5,420912
WIN$D,M15,1626366600,189450.0,189570.0,189345.0,189440.0,101485,5,499020
WIN$D,M15,1626367500,189440.0,189510.0,189315.0,189460.0,73318,5,346624
WIN$D,M15,1626368400,189465.0,189535.0,189410.0,189460.0,47320,5,209291
WIN$D,M15,1626369300,189465.0,189495.0,189390.0,189395.0,24054,5,103998
WIN$D,M15,1626370200,189395.0,189445.0,189300.0,189435.0,39700,5,151539
WIN$D,M15,1626371100,189435.0,189540.0,189390.0,189525.0,16201,5,69105
WIN$D,M15,1626426000,189625.0,189920.0,189570.0,189670.0,157666,5,437984
WIN$D,M15,1626426900,189665.0,189890.0,189630.0,189850.0,138803,5,488226
WIN$D,M15,1626427800,189850.0,189960.0,189635.0,189680.0,168263,5,607634
WIN$D,M15,1626428700,189680.0,189905.0,189610.0,189895.0,127103,5,467019
WIN$D,M15,1626429600,189895.0,190010.0,189705.0,189835.0,188271,5,710887
WIN$D,M15,1626430500,189835.0,189955.0,189710.0,189735.0,136652,5,539349
WIN$D,M15,1626431400,189730.0,189830.0,189420.0,189565.0,259310,5,1047713
WIN$D,M15,1626432300,189565.0,189575.0,189245.0,189430.0,173104,5,699644
WIN$D,M15,1626433200,189430.0,189470.0,189130.0,189260.0,195831,5,832752
WIN$D,M15,1626434100,189255.0,189360.0,189105.0,189225.0,143911,5,616440
WIN$D,M15,1626435000,189230.0,189545.0,189195.0,189295.0,202615,5,849575
WIN$D,M15,1626435900,189300.0,189650.0,189265.0,189625.0,159757,5,679285
WIN$D,M15,1626436800,189625.0,189630.0,189185.0,189200.0,154347,5,682927
WIN$D,M15,1626437700,189195.0,189365.0,189055.0,189270.0,128547,5,575588
WIN$D,M15,1626438600,189270.0,189320.0,189130.0,189210.0,96631,5,417987
WIN$D,M15,1626439500,189210.0,189240.0,189065.0,189155.0,81794,5,348774
WIN$D,M15,1626440400,189155.0,189180.0,188925.0,189170.0,115952,5,518515
WIN$D,M15,1626441300,189165.0,189205.0,189065.0,189095.0,70939,5,326705
WIN$D,M15,1626442200,189095.0,189110.0,188960.0,188985.0,67072,5,298727
WIN$D,M15,1626443100,188985.0,189140.0,188915.0,189085.0,94790,5,438694
WIN$D,M15,1626444000,189090.0,189170.0,188890.0,188930.0,104041,5,493628
WIN$D,M15,1626444900,188930.0,189070.0,188835.0,188965.0,105757,5,481505
WIN$D,M15,1626445800,188960.0,188970.0,188775.0,188830.0,91027,5,413244
WIN$D,M15,1626446700,188830.0,188905.0,188645.0,188720.0,121748,5,586693
WIN$D,M15,1626447600,188720.0,188730.0,188405.0,188450.0,120268,5,581857
WIN$D,M15,1626448500,188450.0,188610.0,188365.0,188550.0,109923,5,524929
WIN$D,M15,1626449400,188550.0,188595.0,188420.0,188565.0,82316,5,384812
WIN$D,M15,1626450300,188565.0,188575.0,188400.0,188440.0,64203,5,311317
WIN$D,M15,1626451200,188445.0,188470.0,187920.0,187955.0,159837,5,796641
WIN$D,M15,1626452100,187960.0,188095.0,187690.0,187740.0,114726,5,554949
WIN$D,M15,1626453000,187745.0,187950.0,187725.0,187785.0,86434,5,415303
WIN$D,M15,1626453900,187790.0,187875.0,187660.0,187850.0,95018,5,459478
WIN$D,M15,1626454800,187845.0,187970.0,187745.0,187755.0,72840,5,328679
WIN$D,M15,1626455700,187755.0,187850.0,187720.0,187815.0,39220,5,177613
WIN$D,M15,1626456600,187815.0,187925.0,187780.0,187900.0,37608,5,162973
WIN$D,M15,1626457500,187900.0,187965.0,187790.0,187935.0,32200,5,120334
WIN$D,M15,1626685200,186230.0,186425.0,185985.0,186420.0,146597,5,487838
WIN$D,M15,1626686100,186420.0,186470.0,185845.0,185845.0,214749,5,718372
WIN$D,M15,1626687000,185845.0,186050.0,185730.0,186035.0,186687,5,640946
WIN$D,M15,1626687900,186040.0,186170.0,185855.0,185960.0,164056,5,586557
WIN$D,M15,1626688800,185955.0,186230.0,185875.0,186035.0,202992,5,776163
WIN$D,M15,1626689700,186035.0,186190.0,185895.0,186170.0,153603,5,580332
WIN$D,M15,1626690600,186175.0,186495.0,185925.0,186490.0,326246,5,1259623
WIN$D,M15,1626691500,186490.0,186560.0,186010.0,186215.0,273423,5,1054258
WIN$D,M15,1626692400,186215.0,186230.0,185690.0,185860.0,263430,5,1048652
WIN$D,M15,1626693300,185865.0,185970.0,185540.0,185800.0,215044,5,871970
WIN$D,M15,1626694200,185805.0,186175.0,185465.0,186075.0,231714,5,949350
WIN$D,M15,1626695100,186075.0,186150.0,185530.0,185545.0,175834,5,734356
WIN$D,M15,1626696000,185540.0,185930.0,185460.0,185725.0,176711,5,738896
WIN$D,M15,1626696900,185730.0,186105.0,185670.0,185735.0,146044,5,624108
WIN$D,M15,1626697800,185735.0,186020.0,185650.0,185920.0,142086,5,602533
WIN$D,M15,1626698700,185920.0,186215.0,185815.0,186050.0,121092,5,512579
WIN$D,M15,1626699600,186050.0,186050.0,185685.0,185940.0,124565,5,508260
WIN$D,M15,1626700500,185940.0,186035.0,185710.0,185725.0,116241,5,479032
WIN$D,M15,1626701400,185720.0,185725.0,185295.0,185335.0,154012,5,670972
WIN$D,M15,1626702300,185340.0,185480.0,185280.0,185415.0,125188,5,550180
WIN$D,M15,1626703200,185415.0,185665.0,185350.0,185540.0,138113,5,592428
WIN$D,M15,1626704100,185540.0,185605.0,185190.0,185355.0,155597,5,720466
WIN$D,M15,1626705000,185355.0,185565.0,185210.0,185325.0,131053,5,587464
WIN$D,M15,1626705900,185325.0,185485.0,185140.0,185230.0,148177,5,652589
WIN$D,M15,1626706800,185230.0,185630.0,185205.0,185550.0,135898,5,580446
WIN$D,M15,1626707700,185550.0,185760.0,185500.0,185620.0,121291,5,537486
WIN$D,M15,1626708600,185615.0,185640.0,185325.0,185430.0,99248,5,476147
WIN$D,M15,1626709500,185430.0,185650.0,185390.0,185540.0,119353,5,576650
WIN$D,M15,1626710400,185535.0,185745.0,185470.0,185650.0,113341,5,531272
WIN$D,M15,1626711300,185650.0,185670.0,185480.0,185620.0,107535,5,501100
WIN$D,M15,1626712200,185615.0,185875.0,185520.0,185770.0,118532,5,556752
WIN$D,M15,1626713100,185775.0,186225.0,185725.0,186210.0,110739,5,520288
WIN$D,M15,1626714000,186210.0,186460.0,186085.0,186440.0,92681,5,421715
WIN$D,M15,1626714900,186440.0,186510.0,186340.0,186445.0,51782,5,239360
WIN$D,M15,1626715800,186445.0,186500.0,186350.0,186400.0,44876,5,194556
WIN$D,M15,1626716700,186405.0,186670.0,186385.0,186540.0,30154,5,136259
WIN$D,M15,1626771600,187160.0,187285.0,186675.0,186730.0,175582,5,510519
WIN$D,M15,1626772500,186725.0,186805.0,186610.0,186685.0,123922,5,421010
WIN$D,M15,1626773400,186680.0,186720.0,186305.0,186325.0,178395,5,647532
WIN$D,M15,1626774300,186325.0,186360.0,186140.0,186265.0,168651,5,695989
WIN$D,M15,1626775200,186260.0,186270.0,185520.0,185645.0,280710,5,1208786
WIN$D,M15,1626776100,185645.0,185865.0,185470.0,185700.0,209008,5,878993
WIN$D,M15,1626777000,185700.0,185765.0,185385.0,185595.0,293608,5,1252055
WIN$D,M15,1626777900,185590.0,186465.0,185515.0,186440.0,267746,5,1177843
WIN$D,M15,1626778800,186435.0,186650.0,186300.0,186455.0,250055,5,1089450
WIN$D,M15,1626779700,186450.0,186960.0,186410.0,186925.0,214868,5,927691
WIN$D,M15,1626780600,186925.0,186960.0,186470.0,186585.0,176429,5,750521
WIN$D,M15,1626781500,186585.0,186855.0,186455.0,186685.0,161158,5,688369
WIN$D,M15,1626782400,186685.0,186780.0,186515.0,186615.0,129141,5,557112
WIN$D,M15,1626783300,186615.0,186660.0,186325.0,186345.0,132184,5,590028
WIN$D,M15,1626784200,186345.0,186680.0,186240.0,186660.0,151311,5,673098
WIN$D,M15,1626785100,186660.0,186730.0,186435.0,186505.0,140118,5,620894
WIN$D,M15,1626786000,186500.0,186550.0,186295.0,186420.0,112384,5,510174
WIN$D,M15,1626786900,186420.0,186515.0,186190.0,186465.0,124379,5,550809
WIN$D,M15,1626787800,186460.0,186855.0,186420.0,186780.0,130253,5,580429
WIN$D,M15,1626788700,186785.0,186920.0,186660.0,186865.0,145441,5,679373
WIN$D,M15,1626789600,186870.0,186910.0,186490.0,186575.0,128314,5,600209
WIN$D,M15,1626790500,186575.0,186610.0,186290.0,186295.0,104235,5,481767
WIN$D,M15,1626791400,186295.0,186715.0,186280.0,186500.0,133652,5,625219
WIN$D,M15,1626792300,186495.0,186675.0,186460.0,186620.0,85541,5,400216
WIN$D,M15,1626793200,186620.0,186875.0,186505.0,186830.0,106558,5,504001
WIN$D,M15,1626794100,186835.0,187175.0,186690.0,187120.0,155780,5,747804
WIN$D,M15,1626795000,187120.0,187210.0,187030.0,187130.0,107426,5,516153
WIN$D,M15,1626795900,187125.0,187455.0,187095.0,187400.0,125586,5,643380
WIN$D,M15,1626796800,187405.0,187540.0,187365.0,187435.0,83919,5,434909
WIN$D,M15,1626797700,187435.0,187500.0,187200.0,187335.0,108119,5,513658
WIN$D,M15,1626798600,187335.0,187395.0,187190.0,187220.0,81036,5,383555
WIN$D,M15,1626799500,187220.0,187280.0,187065.0,187095.0,84669,5,400304
WIN$D,M15,1626800400,187100.0,187370.0,187085.0,187330.0,65912,5,288000
WIN$D,M15,1626801300,187325.0,187365.0,187145.0,187170.0,43693,5,187239
WIN$D,M15,1626802200,187170.0,187285.0,187115.0,187275.0,41817,5,151522
WIN$D,M15,1626803100,187280.0,187305.0,187060.0,187060.0,16600,5,71598
WIN$D,M15,1626858000,187230.0,187365.0,187010.0,187180.0,168432,5,527110
WIN$D,M15,1626858900,187175.0,187540.0,187170.0,187495.0,163743,5,633230
WIN$D,M15,1626859800,187500.0,187610.0,187275.0,187315.0,170185,5,665527
WIN$D,M15,1626860700,187315.0,187320.0,187105.0,187230.0,139437,5,566463
WIN$D,M15,1626861600,187230.0,187400.0,187105.0,187325.0,199125,5,836644
WIN$D,M15,1626862500,187325.0,187710.0,187305.0,187485.0,239200,5,957833
WIN$D,M15,1626863400,187480.0,187690.0,187295.0,187570.0,263378,5,1061554
WIN$D,M15,1626864300,187565.0,187970.0,187560.0,187900.0,186528,5,771743
WIN$D,M15,1626865200,187895.0,187960.0,187600.0,187650.0,147300,5,623943
WIN$D,M15,1626866100,187655.0,187770.0,187260.0,187265.0,182796,5,766138
WIN$D,M15,1626867000,187270.0,187375.0,187060.0,187255.0,190995,5,826251
WIN$D,M15,1626867900,187255.0,187335.0,187030.0,187335.0,170397,5,725608
WIN$D,M15,1626868800,187330.0,187555.0,187230.0,187550.0,168768,5,678226
WIN$D,M15,1626869700,187550.0,187680.0,187290.0,187320.0,153670,5,633201
WIN$D,M15,1626870600,187320.0,187415.0,187200.0,187265.0,120325,5,507564
WIN$D,M15,1626871500,187265.0,187660.0,187265.0,187570.0,124910,5,532579
WIN$D,M15,1626872400,187570.0,187730.0,187520.0,187610.0,87064,5,378716
WIN$D,M15,1626873300,187610.0,187780.0,187560.0,187625.0,77606,5,346120
WIN$D,M15,1626874200,187625.0,187640.0,187435.0,187575.0,88374,5,376181
WIN$D,M15,1626875100,187570.0,187720.0,187520.0,187570.0,92308,5,395281
WIN$D,M15,1626876000,187570.0,187795.0,187565.0,187720.0,88212,5,388580
WIN$D,M15,1626876900,187720.0,187820.0,187550.0,187625.0,92162,5,391009
WIN$D,M15,1626877800,187630.0,187660.0,187480.0,187590.0,79960,5,351470
WIN$D,M15,1626878700,187590.0,187710.0,187525.0,187575.0,86998,5,381295
WIN$D,M15,1626879600,187575.0,187745.0,187560.0,187585.0,73581,5,338063
WIN$D,M15,1626880500,187580.0,187665.0,187400.0,187415.0,76832,5,359125
WIN$D,M15,1626881400,187415.0,187490.0,187210.0,187280.0,104874,5,524109
WIN$D,M15,1626882300,187280.0,187695.0,187270.0,187685.0,122135,5,597696
WIN$D,M15,1626883200,187685.0,187980.0,187610.0,187820.0,107564,5,538961
WIN$D,M15,1626884100,187825.0,187895.0,187745.0,187790.0,75208,5,370052
WIN$D,M15,1626885000,187790.0,187920.0,187750.0,187865.0,66065,5,316814
WIN$D,M15,1626885900,187870.0,187895.0,187635.0,187805.0,97132,5,467940
WIN$D,M15,1626886800,187805.0,187880.0,187740.0,187835.0,42366,5,190972
WIN$D,M15,1626887700,187835.0,187960.0,187775.0,187935.0,43719,5,201180
WIN$D,M15,1626888600,187940.0,187945.0,187850.0,187915.0,33274,5,146168
WIN$D,M15,1626889500,187915.0,187990.0,187875.0,187905.0,15329,5,75140
WIN$D,M15,1626944400,187930.0,188170.0,187860.0,188035.0,145236,5,459652
WIN$D,M15,1626945300,188035.0,188055.0,187855.0,187910.0,113035,5,427250
WIN$D,M15,1626946200,187915.0,187980.0,187500.0,187585.0,178502,5,708595
WIN$D,M15,1626947100,187590.0,187740.0,187430.0,187735.0,149940,5,584033
WIN$D,M15,1626948000,187730.0,187905.0,187570.0,187780.0,204220,5,797975
WIN$D,M15,1626948900,187775.0,187890.0,187640.0,187805.0,159709,5,647581
WIN$D,M15,1626949800,187805.0,187840.0,187310.0,187660.0,253223,5,1078376
WIN$D,M15,1626950700,187665.0,187830.0,187340.0,187375.0,204154,5,886022
WIN$D,M15,1626951600,187370.0,187480.0,187205.0,187435.0,169751,5,707649
WIN$D,M15,1626952500,187440.0,187600.0,187365.0,187580.0,150880,5,647447
WIN$D,M15,1626953400,187580.0,187620.0,187220.0,187315.0,160243,5,717389
WIN$D,M15,1626954300,187315.0,187385.0,187170.0,187300.0,112612,5,498183
WIN$D,M15,1626955200,187300.0,187550.0,187230.0,187520.0,127069,5,571611
WIN$D,M15,1626956100,187525.0,187565.0,187340.0,187445.0,98155,5,462070
WIN$D,M15,1626957000,187445.0,187460.0,187250.0,187295.0,93135,5,433167
WIN$D,M15,1626957900,187290.0,187410.0,187215.0,187370.0,75597,5,365943
WIN$D,M15,1626958800,187370.0,187520.0,187365.0,187465.0,76623,5,398046
WIN$D,M15,1626959700,187460.0,187750.0,187440.0,187655.0,113393,5,551310
WIN$D,M15,1626960600,187655.0,187700.0,187530.0,187550.0,77577,5,388248
WIN$D,M15,1626961500,187555.0,187645.0,187510.0,187615.0,72137,5,354236
WIN$D,M15,1626962400,187615.0,187690.0,187460.0,187550.0,89097,5,431508
WIN$D,M15,1626963300,187555.0,187665.0,187470.0,187520.0,69066,5,360449
WIN$D,M15,1626964200,187525.0,187665.0,187490.0,187625.0,63733,5,320350
WIN$D,M15,1626965100,187630.0,188100.0,187615.0,188065.0,127306,5,620114
WIN$D,M15,1626966000,188065.0,188300.0,188065.0,188225.0,132513,5,645270
WIN$D,M15,1626966900,188225.0,188280.0,188115.0,188250.0,70605,5,353369
WIN$D,M15,1626967800,188255.0,188260.0,188135.0,188140.0,58356,5,308824
WIN$D,M15,1626968700,188145.0,188175.0,188010.0,188130.0,94009,5,483476
WIN$D,M15,1626969600,188125.0,188150.0,187950.0,187955.0,73516,5,374087
WIN$D,M15,1626970500,187960.0,188105.0,187935.0,187985.0,73283,5,376038
WIN$D,M15,1626971400,187990.0,188005.0,187850.0,187875.0,68598,5,365269
WIN$D,M15,1626972300,187880.0,188100.0,187865.0,188080.0,67886,5,354381
WIN$D,M15,1626973200,188085.0,188170.0,188055.0,188070.0,54370,5,251467
WIN$D,M15,1626974100,188075.0,188190.0,188070.0,188115.0,33472,5,160319
WIN$D,M15,1626975000,188115.0,188165.0,188050.0,188060.0,26880,5,111067
WIN$D,M15,1626975900,188055.0,188130.0,188050.0,188055.0,14114,5,62057
WIN$D,M15,1627030800,188380.0,188425.0,188115.0,188130.0,132668,5,414520
WIN$D,M15,1627031700,188135.0,188205.0,188065.0,188125.0,91921,5,335819
WIN$D,M15,1627032600,188125.0,188125.0,187920.0,187955.0,100769,5,401097
WIN$D,M15,1627033500,187955.0,188105.0,187900.0,188095.0,98334,5,383193
WIN$D,M15,1627034400,188090.0,188100.0,187840.0,187935.0,149261,5,624919
WIN$D,M15,1627035300,187935.0,187950.0,187705.0,187745.0,142330,5,592737
WIN$D,M15,1627036200,187750.0,187750.0,187470.0,187630.0,191215,5,823950
WIN$D,M15,1627037100,187630.0,187840.0,187320.0,187365.0,207381,5,914930
WIN$D,M15,1627038000,187365.0,187405.0,187205.0,187285.0,134835,5,610629
WIN$D,M15,1627038900,187290.0,187445.0,187250.0,187385.0,112584,5,488474
WIN$D,M15,1627039800,187380.0,187400.0,187240.0,187320.0,109342,5,452166
WIN$D,M15,1627040700,187325.0,187490.0,187265.0,187435.0,110259,5,478217
WIN$D,M15,1627041600,187435.0,187455.0,186590.0,186875.0,194782,5,875642
WIN$D,M15,1627042500,186875.0,187090.0,186790.0,187060.0,119111,5,520825
WIN$D,M15,1627043400,187060.0,187120.0,186855.0,186930.0,82563,5,384710
WIN$D,M15,1627044300,186930.0,187000.0,186845.0,186965.0,62193,5,311015
WIN$D,M15,1627045200,186965.0,187090.0,186930.0,187025.0,63951,5,287008
WIN$D,M15,1627046100,187020.0,187035.0,186890.0,186975.0,52879,5,247932
WIN$D,M15,1627047000,186980.0,186995.0,186805.0,186820.0,60091,5,290604
WIN$D,M15,1627047900,186820.0,186835.0,186490.0,186525.0,122919,5,585852
WIN$D,M15,1627048800,186530.0,186690.0,186365.0,186565.0,118462,5,588186
WIN$D,M15,1627049700,186570.0,186810.0,186560.0,186760.0,73089,5,352993
WIN$D,M15,1627050600,186765.0,186915.0,186710.0,186885.0,76949,5,377704
WIN$D,M15,1627051500,186885.0,186910.0,186590.0,186775.0,110048,5,502608
WIN$D,M15,1627052400,186775.0,186865.0,186725.0,186800.0,63613,5,308825
WIN$D,M15,1627053300,186800.0,186810.0,186580.0,186625.0,73482,5,376014
WIN$D,M15,1627054200,186630.0,186775.0,186190.0,186390.0,136477,5,714311
WIN$D,M15,1627055100,186385.0,186565.0,186165.0,186545.0,110663,5,558064
WIN$D,M15,1627056000,186540.0,186630.0,186450.0,186550.0,70542,5,362008
WIN$D,M15,1627056900,186545.0,186680.0,186480.0,186650.0,74826,5,370761
WIN$D,M15,1627057800,186655.0,186820.0,186610.0,186650.0,74459,5,387992
WIN$D,M15,1627058700,186650.0,186815.0,186510.0,186770.0,72506,5,380026
WIN$D,M15,1627059600,186765.0,186900.0,186720.0,186870.0,49987,5,245831
WIN$D,M15,1627060500,186870.0,186875.0,186690.0,186690.0,35381,5,174063
WIN$D,M15,1627061400,186695.0,186780.0,186620.0,186665.0,46638,5,188267
WIN$D,M15,1627062300,186665.0,186705.0,186415.0,186465.0,37723,5,116474
WIN$D,M15,1627290000,186590.0,186850.0,186495.0,186620.0,134939,5,421749
WIN$D,M15,1627290900,186625.0,186810.0,186535.0,186680.0,107716,5,401736
WIN$D,M15,1627291800,186680.0,186735.0,186580.0,186670.0,88865,5,361970
WIN$D,M15,1627292700,186670.0,186865.0,186655.0,186795.0,97752,5,397440
WIN$D,M15,1627293600,186795.0,187060.0,186695.0,186980.0,198250,5,829191
WIN$D,M15,1627294500,186980.0,187160.0,186920.0,187150.0,138665,5,590114
WIN$D,M15,1627295400,187150.0,187730.0,187125.0,187650.0,225978,5,1038069
WIN$D,M15,1627296300,187650.0,187775.0,187560.0,187740.0,125930,5,589954
WIN$D,M15,1627297200,187735.0,187830.0,187650.0,187705.0,122129,5,578556
WIN$D,M15,1627298100,187710.0,187740.0,187605.0,187660.0,89554,5,440468
WIN$D,M15,1627299000,187655.0,187870.0,187635.0,187650.0,143977,5,641203
WIN$D,M15,1627299900,187645.0,187920.0,187620.0,187910.0,121707,5,597573
WIN$D,M15,1627300800,187910.0,187955.0,187820.0,187860.0,81270,5,382850
WIN$D,M15,1627301700,187860.0,188000.0,187850.0,187935.0,69534,5,354381
WIN$D,M15,1627302600,187935.0,188060.0,187910.0,187975.0,80316,5,387966
WIN$D,M15,1627303500,187975.0,188050.0,187800.0,187845.0,67409,5,319455
WIN$D,M15,1627304400,187845.0,187895.0,187710.0,187785.0,77639,5,401364
WIN$D,M15,1627305300,187785.0,187905.0,187730.0,187850.0,55703,5,291764
WIN$D,M15,1627306200,187855.0,187950.0,187740.0,187775.0,89001,5,429375
WIN$D,M15,1627307100,187775.0,187880.0,187720.0,187850.0,56920,5,276526
WIN$D,M15,1627308000,187850.0,187860.0,187605.0,187640.0,77535,5,386593
WIN$D,M15,1627308900,187640.0,187775.0,187560.0,187740.0,87669,5,416890
WIN$D,M15,1627309800,187740.0,187825.0,187700.0,187735.0,74446,5,386233
WIN$D,M15,1627310700,187740.0,187870.0,187680.0,187695.0,82292,5,423016
WIN$D,M15,1627311600,187695.0,187745.0,187625.0,187705.0,72867,5,383839
WIN$D,M15,1627312500,187710.0,187845.0,187655.0,187795.0,71829,5,396132
WIN$D,M15,1627313400,187790.0,187935.0,187765.0,187805.0,78320,5,425529
WIN$D,M15,1627314300,187800.0,187830.0,187585.0,187595.0,84288,5,470374
WIN$D,M15,1627315200,187600.0,187620.0,187420.0,187575.0,102086,5,520063
WIN$D,M15,1627316100,187570.0,187660.0,187515.0,187635.0,73165,5,390235
WIN$D,M15,1627317000,187630.0,187720.0,187495.0,187695.0,80450,5,438340
WIN$D,M15,1627317900,187700.0,187805.0,187585.0,187800.0,74971,5,395011
WIN$D,M15,1627318800,187800.0,187800.0,187695.0,187740.0,34867,5,170417
WIN$D,M15,1627319700,187740.0,187785.0,187720.0,187750.0,22832,5,111931
WIN$D,M15,1627320600,187755.0,187760.0,187605.0,187620.0,31049,5,151403
WIN$D,M15,1627321500,187620.0,187715.0,187560.0,187695.0,22339,5,109922
WIN$D,M15,1627376400,187345.0,187435.0,187015.0,187070.0,128470,5,427717
WIN$D,M15,1627377300,187075.0,187145.0,186985.0,187065.0,93999,5,370463
WIN$D,M15,1627378200,187060.0,187135.0,186920.0,186975.0,106827,5,427910
WIN$D,M15,1627379100,186975.0,187120.0,186955.0,187085.0,103649,5,419543
WIN$D,M15,1627380000,187085.0,187345.0,186865.0,186885.0,244277,5,1009633
WIN$D,M15,1627380900,186885.0,186905.0,186595.0,186665.0,204085,5,838036
WIN$D,M15,1627381800,186660.0,186750.0,186520.0,186555.0,201684,5,884843
WIN$D,M15,1627382700,186550.0,186900.0,186520.0,186710.0,175809,5,743682
WIN$D,M15,1627383600,186710.0,186850.0,186535.0,186570.0,177694,5,786570
WIN$D,M15,1627384500,186570.0,186710.0,186405.0,186640.0,184557,5,817838
WIN$D,M15,1627385400,186640.0,186740.0,186460.0,186550.0,142713,5,631050
WIN$D,M15,1627386300,186550.0,186690.0,186310.0,186680.0,151877,5,694131
WIN$D,M15,1627387200,186680.0,186830.0,186650.0,186755.0,120647,5,535864
WIN$D,M15,1627388100,186760.0,186775.0,186075.0,186150.0,160858,5,784307
WIN$D,M15,1627389000,186145.0,186170.0,185910.0,186000.0,138385,5,673643
WIN$D,M15,1627389900,185995.0,186095.0,185960.0,186055.0,76169,5,384898
WIN$D,M15,1627390800,186060.0,186070.0,185760.0,185795.0,133259,5,645530
WIN$D,M15,1627391700,185795.0,185870.0,185715.0,185850.0,80725,5,380854
WIN$D,M15,1627392600,185845.0,185895.0,185735.0,185870.0,82473,5,394030
WIN$D,M15,1627393500,185870.0,185930.0,185680.0,185775.0,93992,5,454915
WIN$D,M15,1627394400,185775.0,185825.0,185660.0,185675.0,85312,5,406628
WIN$D,M15,1627395300,185675.0,185735.0,185425.0,185495.0,123776,5,606085
WIN$D,M15,1627396200,185495.0,185620.0,185425.0,185615.0,78635,5,397438
WIN$D,M15,1627397100,185620.0,185690.0,185540.0,185560.0,83690,5,425640
WIN$D,M15,1627398000,185560.0,185755.0,185510.0,185730.0,94422,5,456190
WIN$D,M15,1627398900,185725.0,185875.0,185720.0,185855.0,91718,5,474239
WIN$D,M15,1627399800,185855.0,185915.0,185755.0,185870.0,75254,5,409682
WIN$D,M15,1627400700,185870.0,186070.0,185830.0,186015.0,92631,5,483223
WIN$D,M15,1627401600,186015.0,186160.0,186000.0,186125.0,74387,5,396123
WIN$D,M15,1627402500,186125.0,186175.0,186050.0,186075.0,67505,5,341007
WIN$D,M15,1627403400,186080.0,186155.0,185975.0,186110.0,71518,5,363221
WIN$D,M15,1627404300,186110.0,186490.0,186110.0,186475.0,92788,5,482335
WIN$D,M15,1627405200,186475.0,186475.0,186225.0,186285.0,65538,5,320957
WIN$D,M15,1627406100,186285.0,186335.0,186255.0,186290.0,25800,5,132945
WIN$D,M15,1627407000,186290.0,186315.0,186210.0,186240.0,33100,5,165822
WIN$D,M15,1627407900,186240.0,186270.0,186195.0,186245.0,18048,5,79818
WIN$D,M15,1627462800,186740.0,187165.0,186725.0,186975.0,142430,5,456998
WIN$D,M15,1627463700,186975.0,187215.0,186955.0,187145.0,114343,5,424349
WIN$D,M15,1627464600,187140.0,187280.0,187125.0,187260.0,76800,5,308861
WIN$D,M15,1627465500,187260.0,187295.0,187030.0,187070.0,113647,5,427537
WIN$D,M15,1627466400,187070.0,187285.0,187050.0,187210.0,163352,5,691462
WIN$D,M15,1627467300,187210.0,187495.0,187195.0,187320.0,194278,5,822437
WIN$D,M15,1627468200,187320.0,187770.0,187280.0,187300.0,258559,5,1135767
WIN$D,M15,1627469100,187300.0,187775.0,187260.0,187675.0,210208,5,925789
WIN$D,M15,1627470000,187675.0,187790.0,187255.0,187290.0,163852,5,755588
WIN$D,M15,1627470900,187285.0,187340.0,186945.0,186955.0,176309,5,795309
WIN$D,M15,1627471800,186950.0,187040.0,186720.0,186760.0,174155,5,777582
WIN$D,M15,1627472700,186755.0,187105.0,186740.0,186960.0,131911,5,617617
WIN$D,M15,1627473600,186955.0,187195.0,186900.0,187180.0,119567,5,550763
WIN$D,M15,1627474500,187185.0,187400.0,187130.0,187165.0,128501,5,600295
WIN$D,M15,1627475400,187165.0,187255.0,187040.0,187050.0,93650,5,433988
WIN$D,M15,1627476300,187050.0,187385.0,186950.0,187355.0,111169,5,522676
WIN$D,M15,1627477200,187355.0,187520.0,187265.0,187470.0,86830,5,416089
WIN$D,M15,1627478100,187470.0,187750.0,187435.0,187535.0,107584,5,496140
WIN$D,M15,1627479000,187530.0,187610.0,187410.0,187500.0,84112,5,389270
WIN$D,M15,1627479900,187500.0,187525.0,187305.0,187410.0,72214,5,341399
WIN$D,M15,1627480800,187405.0,187590.0,187405.0,187500.0,83861,5,406708
WIN$D,M15,1627481700,187500.0,187500.0,187120.0,187150.0,117638,5,524655
WIN$D,M15,1627482600,187155.0,187180.0,186895.0,186925.0,90439,5,425336
WIN$D,M15,1627483500,186930.0,187525.0,186890.0,187470.0,139597,5,606679
WIN$D,M15,1627484400,187470.0,187710.0,187030.0,187585.0,204512,5,930572
WIN$D,M15,1627485300,187590.0,187830.0,187380.0,187790.0,128281,5,639891
WIN$D,M15,1627486200,187785.0,188300.0,187765.0,188275.0,177869,5,907008
WIN$D,M15,1627487100,188275.0,188540.0,188260.0,188360.0,135084,5,720676
WIN$D,M15,1627488000,188360.0,188415.0,188210.0,188245.0,81660,5,431550
WIN$D,M15,1627488900,188245.0,188270.0,188085.0,188120.0,82697,5,415982
WIN$D,M15,1627489800,188115.0,188250.0,188010.0,188025.0,64588,5,322936
WIN$D,M15,1627490700,188030.0,188080.0,187885.0,188045.0,74010,5,379896
WIN$D,M15,1627491600,188045.0,188185.0,187985.0,188145.0,48204,5,238102
WIN$D,M15,1627492500,188150.0,188225.0,188070.0,188090.0,41505,5,195401
WIN$D,M15,1627493400,188090.0,188140.0,187965.0,187985.0,38520,5,179835
WIN$D,M15,1627494300,187985.0,188005.0,187785.0,187785.0,17628,5,90637
WIN$D,M15,1627549200,187895.0,188410.0,187855.0,188145.0,154409,5,467898
WIN$D,M15,1627550100,188150.0,188520.0,188125.0,188440.0,119109,5,452070
WIN$D,M15,1627551000,188445.0,188625.0,188230.0,188260.0,152181,5,591024
WIN$D,M15,1627551900,188260.0,188265.0,188080.0,188125.0,89227,5,394208
WIN$D,M15,1627552800,188120.0,188225.0,187905.0,187980.0,236164,5,1028050
WIN$D,M15,1627553700,187980.0,188100.0,187830.0,187840.0,172568,5,810323
WIN$D,M15,1627554600,187840.0,187920.0,187410.0,187440.0,264645,5,1251889
WIN$D,M15,1627555500,187440.0,187480.0,187005.0,187025.0,179687,5,905344
WIN$D,M15,1627556400,187030.0,187290.0,186895.0,187160.0,180287,5,851896
WIN$D,M15,1627557300,187155.0,187220.0,186745.0,186815.0,174491,5,827585
WIN$D,M15,1627558200,186815.0,187090.0,186620.0,187060.0,172644,5,803928
WIN$D,M15,1627559100,187060.0,187170.0,186825.0,186880.0,118139,5,551455
WIN$D,M15,1627560000,186875.0,186975.0,186755.0,186960.0,112939,5,531103
WIN$D,M15,1627560900,186965.0,187315.0,186960.0,187190.0,128765,5,605191
WIN$D,M15,1627561800,187190.0,187365.0,187040.0,187310.0,124542,5,563937
WIN$D,M15,1627562700,187315.0,187435.0,187220.0,187420.0,92821,5,432380
WIN$D,M15,1627563600,187420.0,187470.0,187245.0,187275.0,88136,5,443831
WIN$D,M15,1627564500,187275.0,187500.0,187235.0,187455.0,113751,5,543705
WIN$D,M15,1627565400,187455.0,187470.0,187135.0,187160.0,106052,5,508703
WIN$D,M15,1627566300,187155.0,187275.0,187080.0,187255.0,99433,5,479496
WIN$D,M15,1627567200,187250.0,187325.0,187135.0,187150.0,80247,5,399226
WIN$D,M15,1627568100,187150.0,187210.0,187035.0,187195.0,83793,5,396289
WIN$D,M15,1627569000,187195.0,187315.0,187100.0,187305.0,79125,5,367197
WIN$D,M15,1627569900,187300.0,187400.0,187235.0,187310.0,83245,5,389761
WIN$D,M15,1627570800,187310.0,187655.0,187300.0,187615.0,118235,5,572169
WIN$D,M15,1627571700,187615.0,187640.0,187360.0,187630.0,106496,5,484815
WIN$D,M15,1627572600,187630.0,187710.0,187410.0,187435.0,99948,5,498393
WIN$D,M15,1627573500,187430.0,187525.0,187190.0,187435.0,117377,5,626574
WIN$D,M15,1627574400,187435.0,187550.0,187410.0,187515.0,79046,5,438455
WIN$D,M15,1627575300,187515.0,187545.0,187335.0,187480.0,68896,5,369644
WIN$D,M15,1627576200,187475.0,187630.0,187450.0,187620.0,68365,5,372832
WIN$D,M15,1627577100,187620.0,187650.0,187370.0,187425.0,82667,5,444878
WIN$D,M15,1627578000,187425.0,187465.0,187195.0,187215.0,64060,5,320070
WIN$D,M15,1627578900,187215.0,187255.0,187110.0,187170.0,55048,5,260514
WIN$D,M15,1627579800,187165.0,187175.0,187030.0,187080.0,50699,5,210447
WIN$D,M15,1627580700,187085.0,187095.0,186970.0,186970.0,22742,5,96028
WIN$D,M15,1627635600,186320.0,186480.0,185840.0,186255.0,198376,5,575505
WIN$D,M15,1627636500,186255.0,186410.0,185980.0,185985.0,98229,5,361384
WIN$D,M15,1627637400,185985.0,186535.0,185975.0,186530.0,137901,5,548021
WIN$D,M15,1627638300,186530.0,186605.0,186075.0,186250.0,178502,5,718296
WIN$D,M15,1627639200,186255.0,186385.0,185860.0,186175.0,219732,5,958606
WIN$D,M15,1627640100,186175.0,186505.0,186140.0,186305.0,165952,5,728851
WIN$D,M15,1627641000,186300.0,186725.0,186185.0,186495.0,228905,5,1033290
WIN$D,M15,1627641900,186495.0,186695.0,186355.0,186365.0,168050,5,789337
WIN$D,M15,1627642800,186360.0,186385.0,186090.0,186230.0,163836,5,744201
WIN$D,M15,1627643700,186225.0,186230.0,185610.0,185640.0,214567,5,973270
WIN$D,M15,1627644600,185640.0,185680.0,185430.0,185490.0,144634,5,718506
WIN$D,M15,1627645500,185495.0,185710.0,185350.0,185390.0,148405,5,644666
WIN$D,M15,1627646400,185390.0,185455.0,185225.0,185315.0,131421,5,576423
WIN$D,M15,1627647300,185315.0,185575.0,185260.0,185400.0,96785,5,436991
WIN$D,M15,1627648200,185400.0,185475.0,185195.0,185340.0,108946,5,482864
WIN$D,M15,1627649100,185335.0,185460.0,185220.0,185365.0,73199,5,352422
WIN$D,M15,1627650000,185360.0,185570.0,185335.0,185485.0,79891,5,376004
WIN$D,M15,1627650900,185480.0,185525.0,185210.0,185225.0,72436,5,344681
WIN$D,M15,1627651800,185220.0,185380.0,184775.0,184790.0,143559,5,667608
WIN$D,M15,1627652700,184790.0,184970.0,184785.0,184875.0,87309,5,437010
WIN$D,M15,1627653600,184880.0,184880.0,184590.0,184620.0,118847,5,588473
WIN$D,M15,1627654500,184615.0,184620.0,184320.0,184435.0,124834,5,659073
WIN$D,M15,1627655400,184435.0,184670.0,184245.0,184560.0,132170,5,668181
WIN$D,M15,1627656300,184565.0,184630.0,184285.0,184375.0,103334,5,504124
WIN$D,M15,1627657200,184380.0,184420.0,184080.0,184160.0,120257,5,589092
WIN$D,M15,1627658100,184160.0,184185.0,183705.0,183795.0,136024,5,728013
WIN$D,M15,1627659000,183795.0,183945.0,183655.0,183905.0,107280,5,571958
WIN$D,M15,1627659900,183900.0,184160.0,183835.0,184070.0,100109,5,559795
WIN$D,M15,1627660800,184065.0,184175.0,183990.0,184065.0,76179,5,451509
WIN$D,M15,1627661700,184065.0,184130.0,183840.0,183980.0,91005,5,530465
WIN$D,M15,1627662600,183975.0,183990.0,183425.0,183455.0,114739,5,665213
WIN$D,M15,1627663500,183455.0,183760.0,183310.0,183465.0,123257,5,707080
WIN$D,M15,1627664400,183460.0,183515.0,183280.0,183440.0,70183,5,370349
WIN$D,M15,1627665300,183445.0,183570.0,183390.0,183540.0,36472,5,214526
WIN$D,M15,1627666200,183540.0,183570.0,183405.0,183455.0,46810,5,220086
WIN$D,M15,1627667100,183460.0,183820.0,183445.0,183820.0,43336,5,162337
WIN$D,M15,1627894800,185175.0,185180.0,184710.0,184865.0,136621,5,455871
WIN$D,M15,1627895700,184860.0,185005.0,184725.0,184880.0,140820,5,504069
WIN$D,M15,1627896600,184885.0,185025.0,184795.0,184985.0,106691,5,385718
WIN$D,M15,1627897500,184985.0,185145.0,184930.0,185085.0,121170,5,479318
WIN$D,M15,1627898400,185085.0,185280.0,185015.0,185180.0,207535,5,862497
WIN$D,M15,1627899300,185180.0,185475.0,185175.0,185425.0,148661,5,626138
WIN$D,M15,1627900200,185425.0,185890.0,185400.0,185870.0,215047,5,936308
WIN$D,M15,1627901100,185870.0,186140.0,185855.0,186135.0,153410,5,679586
WIN$D,M15,1627902000,186130.0,186200.0,185995.0,186110.0,151272,5,696382
WIN$D,M15,1627902900,186105.0,186285.0,186030.0,186045.0,146761,5,664064
WIN$D,M15,1627903800,186050.0,186235.0,185790.0,186020.0,181945,5,783644
WIN$D,M15,1627904700,186020.0,186160.0,185710.0,185830.0,178462,5,760006
WIN$D,M15,1627905600,185825.0,186120.0,185825.0,185995.0,134928,5,593323
WIN$D,M15,1627906500,185990.0,186180.0,185815.0,186095.0,116534,5,531826
WIN$D,M15,1627907400,186090.0,186165.0,185870.0,185895.0,114128,5,508533
WIN$D,M15,1627908300,185895.0,185955.0,185385.0,185400.0,125286,5,568794
WIN$D,M15,1627909200,185400.0,185520.0,185130.0,185515.0,163183,5,750034
WIN$D,M15,1627910100,185510.0,185610.0,185310.0,185550.0,130684,5,601106
WIN$D,M15,1627911000,185550.0,186165.0,185515.0,186005.0,138691,5,617649
WIN$D,M15,1627911900,186010.0,186030.0,185755.0,185785.0,89739,5,399626
WIN$D,M15,1627912800,185790.0,185950.0,185555.0,185885.0,125199,5,578584
WIN$D,M15,1627913700,185880.0,186055.0,185780.0,185810.0,107149,5,508795
WIN$D,M15,1627914600,185815.0,185880.0,185525.0,185525.0,117127,5,556141
WIN$D,M15,1627915500,185525.0,185770.0,185415.0,185740.0,138096,5,653400
WIN$D,M15,1627916400,185740.0,185825.0,185285.0,185635.0,159745,5,751999
WIN$D,M15,1627917300,185640.0,185670.0,185390.0,185500.0,112646,5,572393
WIN$D,M15,1627918200,185500.0,185640.0,185345.0,185490.0,94184,5,508318
WIN$D,M15,1627919100,185490.0,185515.0,185020.0,185025.0,122715,5,633359
WIN$D,M15,1627920000,185020.0,185315.0,184915.0,185085.0,138515,5,681358
WIN$D,M15,1627920900,185085.0,185120.0,184495.0,184595.0,155250,5,769179
WIN$D,M15,1627921800,184595.0,184645.0,184295.0,184400.0,106710,5,530319
WIN$D,M15,1627922700,184405.0,184705.0,184340.0,184530.0,98978,5,517170
WIN$D,M15,1627923600,184535.0,184560.0,183465.0,183610.0,144289,5,707756
WIN$D,M15,1627924500,183615.0,184350.0,183605.0,184305.0,90582,5,413996
WIN$D,M15,1627925400,184310.0,184355.0,183900.0,184100.0,70470,5,290676
WIN$D,M15,1627926300,184105.0,184660.0,184080.0,184660.0,21049,5,95178
WIN$D,M15,1627981200,184700.0,184960.0,184440.0,184575.0,194109,5,610420
WIN$D,M15,1627982100,184575.0,184600.0,184125.0,184170.0,218540,5,753066
WIN$D,M15,1627983000,184170.0,184195.0,183360.0,183595.0,245796,5,925526
WIN$D,M15,1627983900,183595.0,184300.0,183525.0,184265.0,177949,5,726547
WIN$D,M15,1627984800,184260.0,184390.0,183715.0,184105.0,265883,5,1114438
WIN$D,M15,1627985700,184105.0,184245.0,183885.0,184200.0,188758,5,769587
WIN$D,M15,1627986600,184205.0,184630.0,183930.0,184135.0,343726,5,1348580
WIN$D,M15,1627987500,184135.0,184190.0,182715.0,182855.0,355069,5,1419517
WIN$D,M15,1627988400,182860.0,183160.0,182445.0,182510.0,295332,5,1094184
WIN$D,M15,1627989300,182510.0,183010.0,182435.0,182965.0,200141,5,752440
WIN$D,M15,1627990200,182965.0,183005.0,182540.0,182890.0,177283,5,665347
WIN$D,M15,1627991100,182890.0,183250.0,182710.0,183145.0,203357,5,777743
WIN$D,M15,1627992000,183140.0,183730.0,183120.0,183590.0,205944,5,783877
WIN$D,M15,1627992900,183590.0,183750.0,183395.0,183690.0,146491,5,553950
WIN$D,M15,1627993800,183690.0,184040.0,183495.0,184005.0,153286,5,588188
WIN$D,M15,1627994700,184005.0,184405.0,183915.0,184165.0,168741,5,587119
WIN$D,M15,1627995600,184160.0,184360.0,184075.0,184145.0,112975,5,397002
WIN$D,M15,1627996500,184140.0,184240.0,183870.0,184195.0,131837,5,469822
WIN$D,M15,1627997400,184195.0,184345.0,184005.0,184110.0,122954,5,435127
WIN$D,M15,1627998300,184110.0,184730.0,184055.0,184660.0,156433,5,578317
WIN$D,M15,1627999200,184655.0,184910.0,184545.0,184780.0,150743,5,560460
WIN$D,M15,1628000100,184780.0,185015.0,184550.0,184670.0,144830,5,530351
WIN$D,M15,1628001000,184670.0,184970.0,184440.0,184915.0,152218,5,551555
WIN$D,M15,1628001900,184915.0,185040.0,184245.0,184365.0,165803,5,628297
WIN$D,M15,1628002800,184370.0,184930.0,184340.0,184725.0,153029,5,580167
WIN$D,M15,1628003700,184730.0,184895.0,184585.0,184890.0,118225,5,446430
WIN$D,M15,1628004600,184890.0,185055.0,184690.0,185030.0,121545,5,497790
WIN$D,M15,1628005500,185030.0,185080.0,184760.0,184850.0,111867,5,460030
WIN$D,M15,1628006400,184850.0,185245.0,184815.0,185175.0,124496,5,498237
WIN$D,M15,1628007300,185175.0,185500.0,185125.0,185325.0,124434,5,483912
WIN$D,M15,1628008200,185320.0,185320.0,184990.0,185000.0,89620,5,330115
WIN$D,M15,1628009100,185000.0,185230.0,184895.0,185215.0,108864,5,413793
WIN$D,M15,1628010000,185210.0,185255.0,184940.0,185010.0,64052,5,229474
WIN$D,M15,1628010900,185010.0,185250.0,184965.0,185000.0,63145,5,214839
WIN$D,M15,1628011800,185005.0,185130.0,184930.0,184975.0,43489,5,141010
WIN$D,M15,1628012700,184975.0,184985.0,184710.0,184710.0,30518,5,99022
WIN$D,M15,1628067600,184710.0,185300.0,184420.0,185025.0,246691,5,782574
WIN$D,M15,1628068500,185025.0,185255.0,184435.0,184800.0,265941,5,884811
WIN$D,M15,1628069400,184800.0,184915.0,184555.0,184730.0,171362,5,609437
WIN$D,M15,1628070300,184730.0,184880.0,184405.0,184790.0,191908,5,671280
WIN$D,M15,1628071200,184790.0,184790.0,184070.0,184425.0,318609,5,1103636
WIN$D,M15,1628072100,184430.0,184895.0,184160.0,184440.0,314346,5,1062839
WIN$D,M15,1628073000,184435.0,184715.0,184025.0,184405.0,321670,5,1102094
WIN$D,M15,1628073900,184405.0,184770.0,183980.0,184205.0,300301,5,1011618
WIN$D,M15,1628074800,184215.0,184215.0,183635.0,184085.0,285603,5,964405
WIN$D,M15,1628075700,184090.0,184110.0,183480.0,183560.0,261602,5,898172
WIN$D,M15,1628076600,183555.0,183710.0,183245.0,183525.0,250287,5,882069
WIN$D,M15,1628077500,183520.0,183690.0,183135.0,183615.0,214299,5,741541
WIN$D,M15,1628078400,183615.0,183675.0,183250.0,183435.0,153999,5,541597
WIN$D,M15,1628079300,183430.0,183455.0,182820.0,182920.0,175559,5,696840
WIN$D,M15,1628080200,182920.0,183110.0,182720.0,182945.0,146378,5,586606
WIN$D,M15,1628081100,182940.0,183020.0,182615.0,182930.0,116906,5,464341
WIN$D,M15,1628082000,182930.0,183250.0,182855.0,183240.0,114444,5,439995
WIN$D,M15,1628082900,183240.0,183480.0,183000.0,183175.0,133203,5,517753
WIN$D,M15,1628083800,183170.0,183225.0,182850.0,183110.0,129031,5,504387
WIN$D,M15,1628084700,183105.0,183280.0,183050.0,183160.0,82849,5,334624
WIN$D,M15,1628085600,183155.0,183490.0,183155.0,183295.0,126870,5,494329
WIN$D,M15,1628086500,183295.0,183585.0,183205.0,183555.0,110256,5,445790
WIN$D,M15,1628087400,183560.0,183865.0,183365.0,183530.0,185081,5,730233
WIN$D,M15,1628088300,183535.0,183970.0,183495.0,183930.0,136919,5,545561
WIN$D,M15,1628089200,183935.0,184190.0,183680.0,184105.0,169280,5,691681
WIN$D,M15,1628090100,184110.0,184130.0,183700.0,183745.0,119053,5,473181
WIN$D,M15,1628091000,183745.0,183880.0,183625.0,183875.0,96682,5,400998
WIN$D,M15,1628091900,183880.0,183880.0,183505.0,183735.0,114417,5,476615
WIN$D,M15,1628092800,183735.0,183795.0,183590.0,183740.0,79337,5,345134
WIN$D,M15,1628093700,183745.0,183830.0,183545.0,183760.0,87055,5,368444
WIN$D,M15,1628094600,183760.0,184000.0,183430.0,183475.0,134587,5,561929
WIN$D,M15,1628095500,183470.0,183645.0,183345.0,183420.0,97562,5,413397
WIN$D,M15,1628096400,183420.0,183535.0,183200.0,183205.0,72717,5,286310
WIN$D,M15,1628097300,183200.0,183345.0,183135.0,183330.0,53022,5,205877
WIN$D,M15,1628098200,183330.0,183560.0,183305.0,183450.0,65236,5,206264
WIN$D,M15,1628099100,183445.0,183595.0,183350.0,183500.0,31899,5,89080
WIN$D,M15,1628154000,184730.0,185125.0,184695.0,184940.0,199926,5,607963
WIN$D,M15,1628154900,184940.0,185280.0,184855.0,185080.0,141008,5,443991
WIN$D,M15,1628155800,185075.0,185135.0,184910.0,184985.0,127940,5,377362
WIN$D,M15,1628156700,184985.0,185100.0,184825.0,184920.0,120324,5,407650
WIN$D,M15,1628157600,184915.0,185120.0,184745.0,184980.0,211864,5,729722
WIN$D,M15,1628158500,184985.0,185280.0,184580.0,184590.0,296081,5,1034497
WIN$D,M15,1628159400,184585.0,185180.0,184485.0,185030.0,325913,5,1202154
WIN$D,M15,1628160300,185030.0,185050.0,184540.0,184935.0,255444,5,967723
WIN$D,M15,1628161200,184930.0,185230.0,184710.0,185215.0,208068,5,771811
WIN$D,M15,1628162100,185210.0,185280.0,184810.0,184865.0,208077,5,757319
WIN$D,M15,1628163000,184860.0,184920.0,184415.0,184550.0,252882,5,931237
WIN$D,M15,1628163900,184555.0,185015.0,184530.0,184795.0,187219,5,716361
WIN$D,M15,1628164800,184795.0,184945.0,184305.0,184395.0,172849,5,701794
WIN$D,M15,1628165700,184395.0,184595.0,184215.0,184335.0,164481,5,632361
WIN$D,M15,1628166600,184340.0,184480.0,184070.0,184350.0,156148,5,626149
WIN$D,M15,1628167500,184355.0,184550.0,184200.0,184210.0,108198,5,419422
WIN$D,M15,1628168400,184215.0,184430.0,183885.0,184120.0,189294,5,709923
WIN$D,M15,1628169300,184115.0,184175.0,183780.0,183940.0,128324,5,463235
WIN$D,M15,1628170200,183935.0,184095.0,183840.0,184015.0,105136,5,391933
WIN$D,M15,1628171100,184015.0,184070.0,183685.0,183735.0,107101,5,403544
WIN$D,M15,1628172000,183740.0,183805.0,183445.0,183650.0,140793,5,548112
WIN$D,M15,1628172900,183645.0,183670.0,183335.0,183460.0,112510,5,417451
WIN$D,M15,1628173800,183460.0,183490.0,183145.0,183340.0,142493,5,563213
WIN$D,M15,1628174700,183335.0,183585.0,183270.0,183470.0,144947,5,572711
WIN$D,M15,1628175600,183475.0,183635.0,183030.0,183105.0,162636,5,652320
WIN$D,M15,1628176500,183105.0,183310.0,182945.0,183300.0,130343,5,541133
WIN$D,M15,1628177400,183305.0,183335.0,182925.0,183025.0,130942,5,544677
WIN$D,M15,1628178300,183025.0,183130.0,182710.0,183020.0,127897,5,565749
WIN$D,M15,1628179200,183015.0,183250.0,182930.0,183225.0,100789,5,437227
WIN$D,M15,1628180100,183220.0,183280.0,183030.0,183215.0,100664,5,420778
WIN$D,M15,1628181000,183210.0,183440.0,183175.0,183425.0,90485,5,369174
WIN$D,M15,1628181900,183425.0,183465.0,183040.0,183195.0,101911,5,419430
WIN$D,M15,1628182800,183195.0,183340.0,183040.0,183100.0,70146,5,266053
WIN$D,M15,1628183700,183105.0,183175.0,182930.0,182980.0,69121,5,244353
WIN$D,M15,1628184600,182975.0,182995.0,182585.0,182640.0,87613,5,293338
WIN$D,M15,1628185500,182640.0,182710.0,182315.0,182580.0,41654,5,131555
WIN$D,M15,1628240400,183000.0,183380.0,182580.0,183355.0,154501,5,411439
WIN$D,M15,1628241300,183350.0,183380.0,182730.0,182870.0,184102,5,515238
WIN$D,M15,1628242200,182870.0,183580.0,182585.0,183390.0,279172,5,785236
WIN$D,M15,1628243100,183385.0,183535.0,182990.0,183345.0,198478,5,630807
WIN$D,M15,1628244000,183345.0,183750.0,183300.0,183705.0,230622,5,790874
WIN$D,M15,1628244900,183705.0,184140.0,183620.0,184125.0,194476,5,693148
WIN$D,M15,1628245800,184130.0,184165.0,183350.0,183710.0,294173,5,1058889
WIN$D,M15,1628246700,183715.0,183755.0,183290.0,183715.0,248479,5,837571
WIN$D,M15,1628247600,183715.0,183915.0,183610.0,183800.0,196500,5,699874
WIN$D,M15,1628248500,183800.0,183880.0,183140.0,183350.0,207241,5,759707
WIN$D,M15,1628249400,183350.0,183845.0,183300.0,183790.0,151974,5,542536
WIN$D,M15,1628250300,183785.0,183880.0,183605.0,183805.0,146008,5,548751
WIN$D,M15,1628251200,183805.0,183990.0,183665.0,183790.0,143085,5,529214
WIN$D,M15,1628252100,183785.0,183950.0,183625.0,183860.0,122924,5,475132
WIN$D,M15,1628253000,183855.0,184205.0,183825.0,184110.0,132422,5,542320
WIN$D,M15,1628253900,184110.0,184705.0,184095.0,184565.0,143891,5,619543
WIN$D,M15,1628254800,184565.0,184670.0,184400.0,184430.0,111698,5,457660
WIN$D,M15,1628255700,184430.0,184500.0,184235.0,184385.0,109177,5,451556
WIN$D,M15,1628256600,184390.0,184705.0,184370.0,184560.0,106016,5,432578
WIN$D,M15,1628257500,184565.0,184770.0,184475.0,184550.0,114180,5,465792
WIN$D,M15,1628258400,184555.0,184950.0,184550.0,184910.0,119424,5,496262
WIN$D,M15,1628259300,184910.0,184915.0,184785.0,184820.0,68451,5,273545
WIN$D,M15,1628260200,184820.0,184855.0,184685.0,184710.0,65242,5,259976
WIN$D,M15,1628261100,184715.0,184745.0,184390.0,184390.0,113399,5,446615
WIN$D,M15,1628262000,184395.0,184660.0,184385.0,184530.0,87223,5,354411
WIN$D,M15,1628262900,184530.0,184575.0,184365.0,184415.0,89797,5,370389
WIN$D,M15,1628263800,184415.0,184540.0,184330.0,184375.0,82010,5,348815
WIN$D,M15,1628264700,184380.0,184575.0,184345.0,184410.0,79328,5,349926
WIN$D,M15,1628265600,184410.0,184475.0,184275.0,184385.0,90219,5,396858
WIN$D,M15,1628266500,184390.0,184450.0,184350.0,184395.0,51509,5,231178
WIN$D,M15,1628267400,184395.0,184510.0,184320.0,184345.0,72628,5,333106
WIN$D,M15,1628268300,184340.0,184475.0,184255.0,184445.0,67520,5,285961
WIN$D,M15,1628269200,184440.0,184445.0,184305.0,184405.0,53892,5,200672
WIN$D,M15,1628270100,184405.0,184545.0,184370.0,184425.0,54173,5,200626
WIN$D,M15,1628271000,184420.0,184470.0,184340.0,184445.0,42516,5,140285
WIN$D,M15,1628271900,184450.0,184550.0,184360.0,184550.0,24285,5,68813
WIN$D,M15,1628499600,183980.0,184070.0,183640.0,183935.0,145923,5,393131
WIN$D,M15,1628500500,183935.0,183960.0,183735.0,183845.0,113731,5,372372
WIN$D,M15,1628501400,183840.0,183950.0,183835.0,183925.0,74490,5,260409
WIN$D,M15,1628502300,183925.0,183970.0,183700.0,183820.0,147520,5,513692
WIN$D,M15,1628503200,183820.0,184190.0,183760.0,184170.0,221350,5,823679
WIN$D,M15,1628504100,184175.0,184785.0,184145.0,184750.0,250983,5,968020
WIN$D,M15,1628505000,184745.0,184820.0,184565.0,184790.0,226524,5,882755
WIN$D,M15,1628505900,184785.0,185045.0,184765.0,184980.0,191366,5,760759
WIN$D,M15,1628506800,184980.0,185030.0,184260.0,184265.0,234182,5,924213
WIN$D,M15,1628507700,184265.0,184295.0,183965.0,184280.0,216717,5,883832
WIN$D,M15,1628508600,184280.0,184410.0,184135.0,184180.0,183637,5,732048
WIN$D,M15,1628509500,184180.0,184305.0,183830.0,183870.0,192965,5,763229
WIN$D,M15,1628510400,183865.0,184400.0,183805.0,184365.0,158688,5,620429
WIN$D,M15,1628511300,184365.0,184720.0,184315.0,184705.0,161357,5,693746
WIN$D,M15,1628512200,184710.0,184735.0,184180.0,184420.0,149832,5,620252
WIN$D,M15,1628513100,184425.0,184655.0,184380.0,184545.0,106359,5,451770
WIN$D,M15,1628514000,184545.0,184700.0,184490.0,184575.0,95308,5,384937
WIN$D,M15,1628514900,184575.0,184710.0,184435.0,184635.0,110853,5,461617
WIN$D,M15,1628515800,184630.0,184710.0,184385.0,184405.0,96272,5,405979
WIN$D,M15,1628516700,184410.0,184575.0,184315.0,184530.0,107658,5,438082
WIN$D,M15,1628517600,184530.0,184910.0,184455.0,184770.0,144179,5,582289
WIN$D,M15,1628518500,184770.0,184805.0,184490.0,184610.0,112668,5,455788
WIN$D,M15,1628519400,184615.0,185155.0,184570.0,185140.0,156817,5,661066
WIN$D,M15,1628520300,185140.0,185270.0,184960.0,184970.0,138964,5,580918
WIN$D,M15,1628521200,184970.0,185075.0,184890.0,184985.0,90989,5,368309
WIN$D,M15,1628522100,184980.0,184995.0,184850.0,184965.0,81700,5,332583
WIN$D,M15,1628523000,184970.0,185160.0,184890.0,184940.0,110593,5,463520
WIN$D,M15,1628523900,184945.0,185025.0,184740.0,184755.0,84916,5,362985
WIN$D,M15,1628524800,184750.0,184915.0,184745.0,184900.0,80355,5,357399
WIN$D,M15,1628525700,184900.0,184900.0,184705.0,184780.0,71957,5,292132
WIN$D,M15,1628526600,184775.0,184865.0,184710.0,184805.0,67996,5,292711
WIN$D,M15,1628527500,184810.0,184810.0,184430.0,184465.0,104124,5,454592
WIN$D,M15,1628528400,184465.0,184570.0,184350.0,184360.0,69234,5,287665
WIN$D,M15,1628529300,184365.0,184430.0,184300.0,184420.0,53905,5,207645
WIN$D,M15,1628530200,184420.0,184430.0,184200.0,184250.0,53773,5,190297
WIN$D,M15,1628531100,184250.0,184495.0,184225.0,184495.0,26329,5,96146
WIN$D,M15,1628586000,184765.0,184915.0,184585.0,184770.0,146625,5,399211
WIN$D,M15,1628586900,184770.0,184875.0,184695.0,184755.0,114359,5,375311
WIN$D,M15,1628587800,184750.0,185055.0,184635.0,184845.0,178901,5,610368
WIN$D,M15,1628588700,184850.0,184875.0,184730.0,184775.0,124120,5,476935
WIN$D,M15,1628589600,184780.0,185035.0,184595.0,184995.0,272535,5,1008914
WIN$D,M15,1628590500,184995.0,185135.0,184760.0,184790.0,224353,5,824536
WIN$D,M15,1628591400,184790.0,184840.0,184490.0,184520.0,310322,5,1185349
WIN$D,M15,1628592300,184520.0,184945.0,184330.0,184795.0,265496,5,1017645
WIN$D,M15,1628593200,184795.0,184920.0,184625.0,184680.0,196069,5,752752
WIN$D,M15,1628594100,184685.0,184790.0,184430.0,184535.0,209968,5,810784
WIN$D,M15,1628595000,184535.0,184825.0,184485.0,184705.0,167349,5,674491
WIN$D,M15,1628595900,184705.0,185025.0,184635.0,184955.0,167448,5,686856
WIN$D,M15,1628596800,184955.0,185115.0,184825.0,185040.0,149268,5,609296
WIN$D,M15,1628597700,185040.0,185140.0,184730.0,184790.0,136154,5,554472
WIN$D,M15,1628598600,184790.0,184895.0,184605.0,184790.0,129410,5,535055
WIN$D,M15,1628599500,184790.0,184850.0,184635.0,184655.0,103311,5,437805
WIN$D,M15,1628600400,184660.0,184820.0,184515.0,184670.0,127977,5,537743
WIN$D,M15,1628601300,184665.0,184710.0,184525.0,184540.0,94767,5,393204
WIN$D,M15,1628602200,184545.0,184590.0,184315.0,184470.0,122939,5,503508
WIN$D,M15,1628603100,184475.0,184715.0,184210.0,184655.0,154144,5,630095
WIN$D,M15,1628604000,184655.0,184710.0,184530.0,184635.0,89503,5,371625
WIN$D,M15,1628604900,184635.0,184635.0,184280.0,184435.0,132943,5,564293
WIN$D,M15,1628605800,184435.0,184485.0,183880.0,184115.0,159038,5,689213
WIN$D,M15,1628606700,184115.0,184235.0,184000.0,184095.0,114744,5,472341
WIN$D,M15,1628607600,184095.0,184285.0,183895.0,183895.0,123012,5,517170
WIN$D,M15,1628608500,183900.0,184060.0,183785.0,184055.0,121829,5,517583
WIN$D,M15,1628609400,184050.0,184135.0,183900.0,184115.0,91610,5,400414
WIN$D,M15,1628610300,184115.0,184155.0,183855.0,184085.0,97931,5,436579
WIN$D,M15,1628611200,184090.0,184090.0,183890.0,184040.0,78250,5,357386
WIN$D,M15,1628612100,184040.0,184160.0,183950.0,183980.0,80312,5,367278
WIN$D,M15,1628613000,183980.0,184045.0,183745.0,183770.0,79895,5,361627
WIN$D,M15,1628613900,183765.0,183840.0,183655.0,183745.0,94163,5,424013
WIN$D,M15,1628614800,183745.0,183925.0,183710.0,183900.0,59136,5,243509
WIN$D,M15,1628615700,183905.0,183905.0,183630.0,183690.0,63838,5,254320
WIN$D,M15,1628616600,183685.0,183880.0,183685.0,183750.0,61249,5,209552
WIN$D,M15,1628617500,183750.0,183980.0,183695.0,183930.0,29358,5,87265
WIN$D,M15,1628672400,184205.0,184300.0,183390.0,183445.0,222188,5,656743
WIN$D,M15,1628673300,183440.0,183540.0,183345.0,183440.0,130942,5,434996
WIN$D,M15,1628674200,183445.0,183935.0,183400.0,183920.0,267831,5,870715
WIN$D,M15,1628675100,183920.0,184065.0,183860.0,184000.0,164922,5,598033
WIN$D,M15,1628676000,184000.0,184065.0,183220.0,183435.0,329603,5,1227344
WIN$D,M15,1628676900,183435.0,183505.0,183140.0,183240.0,239585,5,887264
WIN$D,M15,1628677800,183245.0,183305.0,182695.0,182855.0,324241,5,1233878
WIN$D,M15,1628678700,182855.0,182970.0,182650.0,182895.0,220379,5,852793
WIN$D,M15,1628679600,182895.0,183010.0,182525.0,182745.0,234336,5,888355
WIN$D,M15,1628680500,182745.0,182795.0,182505.0,182675.0,170653,5,630314
WIN$D,M15,1628681400,182675.0,182680.0,182335.0,182595.0,176682,5,693852
WIN$D,M15,1628682300,182590.0,182855.0,182475.0,182795.0,136758,5,533882
WIN$D,M15,1628683200,182800.0,183000.0,182620.0,182960.0,171421,5,683354
WIN$D,M15,1628684100,182960.0,183345.0,182805.0,183290.0,150095,5,596293
WIN$D,M15,1628685000,183295.0,183630.0,183190.0,183560.0,166332,5,672839
WIN$D,M15,1628685900,183560.0,183620.0,183340.0,183570.0,132532,5,537712
WIN$D,M15,1628686800,183570.0,183720.0,183450.0,183610.0,134507,5,555121
WIN$D,M15,1628687700,183615.0,183845.0,183545.0,183795.0,127262,5,517892
WIN$D,M15,1628688600,183795.0,184025.0,183760.0,183870.0,113214,5,482524
WIN$D,M15,1628689500,183875.0,184115.0,183860.0,184090.0,108727,5,465865
WIN$D,M15,1628690400,184090.0,184310.0,184040.0,184145.0,134089,5,567588
WIN$D,M15,1628691300,184145.0,184220.0,184070.0,184090.0,91356,5,380663
WIN$D,M15,1628692200,184090.0,184380.0,184050.0,184135.0,136097,5,578013
WIN$D,M15,1628693100,184140.0,184270.0,184110.0,184250.0,85665,5,355422
WIN$D,M15,1628694000,184250.0,184260.0,184000.0,184045.0,112137,5,470830
WIN$D,M15,1628694900,184040.0,184145.0,183960.0,184060.0,111033,5,474235
WIN$D,M15,1628695800,184065.0,184220.0,184045.0,184175.0,67940,5,318333
WIN$D,M15,1628696700,184175.0,184210.0,184005.0,184080.0,80596,5,395439
WIN$D,M15,1628697600,184080.0,184160.0,183990.0,184010.0,71398,5,331271
WIN$D,M15,1628698500,184010.0,184040.0,183660.0,183840.0,131943,5,574312
WIN$D,M15,1628699400,183840.0,183930.0,183765.0,183840.0,90038,5,410118
WIN$D,M15,1628700300,183840.0,183875.0,183585.0,183705.0,98625,5,448076
WIN$D,M15,1628701200,183700.0,183705.0,183510.0,183550.0,63898,5,266855
WIN$D,M15,1628702100,183550.0,183565.0,183410.0,183485.0,49521,5,216863
WIN$D,M15,1628703000,183480.0,183660.0,183460.0,183590.0,49725,5,186751
WIN$D,M15,1628703900,183595.0,183690.0,183495.0,183610.0,27224,5,89354
WIN$D,M15,1628758800,183870.0,183935.0,183215.0,183530.0,159663,5,542320
WIN$D,M15,1628759700,183530.0,183580.0,183255.0,183385.0,129506,5,449928
WIN$D,M15,1628760600,183385.0,183395.0,183120.0,183290.0,159875,5,570971
WIN$D,M15,1628761500,183290.0,183335.0,183000.0,183220.0,172813,5,584694
WIN$D,M15,1628762400,183225.0,183225.0,182710.0,182835.0,248311,5,928576
WIN$D,M15,1628763300,182835.0,183200.0,182770.0,183085.0,188469,5,692040
WIN$D,M15,1628764200,183085.0,183125.0,182545.0,182870.0,273751,5,1070411
WIN$D,M15,1628765100,182870.0,182925.0,182545.0,182880.0,183748,5,739442
WIN$D,M15,1628766000,182885.0,182975.0,182715.0,182965.0,169403,5,613413
WIN$D,M15,1628766900,182965.0,183000.0,182385.0,182390.0,221424,5,865678
WIN$D,M15,1628767800,182390.0,182430.0,182010.0,182225.0,210741,5,890411
WIN$D,M15,1628768700,182225.0,182570.0,182140.0,182495.0,148897,5,581725
WIN$D,M15,1628769600,182500.0,182725.0,182435.0,182705.0,127027,5,514161
WIN$D,M15,1628770500,182710.0,182920.0,182650.0,182825.0,129924,5,546714
WIN$D,M15,1628771400,182820.0,182855.0,182580.0,182790.0,113069,5,456190
WIN$D,M15,1628772300,182790.0,182935.0,182635.0,182860.0,101988,5,417809
WIN$D,M15,1628773200,182860.0,183250.0,182805.0,183235.0,124181,5,530479
WIN$D,M15,1628774100,183235.0,183320.0,183135.0,183210.0,113962,5,465565
WIN$D,M15,1628775000,183215.0,183390.0,183135.0,183190.0,103762,5,428810
WIN$D,M15,1628775900,183195.0,183280.0,183075.0,183120.0,87770,5,376302
WIN$D,M15,1628776800,183125.0,183220.0,182855.0,183170.0,138197,5,574130
WIN$D,M15,1628777700,183175.0,183190.0,182615.0,182735.0,152880,5,620758
WIN$D,M15,1628778600,182730.0,182855.0,182615.0,182775.0,104929,5,432038
WIN$D,M15,1628779500,182780.0,182860.0,182430.0,182550.0,131424,5,554836
WIN$D,M15,1628780400,182545.0,182615.0,182340.0,182345.0,133992,5,566833
WIN$D,M15,1628781300,182345.0,182550.0,182225.0,182495.0,119983,5,507946
WIN$D,M15,1628782200,182495.0,182565.0,182300.0,182525.0,105202,5,469938
WIN$D,M15,1628783100,182525.0,182605.0,182460.0,182540.0,87698,5,389641
WIN$D,M15,1628784000,182545.0,182705.0,182480.0,182550.0,85222,5,371092
WIN$D,M15,1628784900,182555.0,182725.0,182250.0,182405.0,132732,5,555050
WIN$D,M15,1628785800,182405.0,182575.0,182265.0,182270.0,94217,5,410798
WIN$D,M15,1628786700,182275.0,182335.0,181980.0,182095.0,129112,5,535627
WIN$D,M15,1628787600,182095.0,182130.0,181980.0,182020.0,67583,5,254346
WIN$D,M15,1628788500,182015.0,182115.0,181850.0,181960.0,66871,5,264308
WIN$D,M15,1628789400,181960.0,182200.0,181925.0,182185.0,68060,5,228300
WIN$D,M15,1628790300,182185.0,182280.0,182160.0,182180.0,26123,5,87326
WIN$D,M15,1628845200,182370.0,182615.0,182205.0,182505.0,173225,5,538904
WIN$D,M15,1628846100,182500.0,182600.0,182220.0,182220.0,170534,5,584532
WIN$D,M15,1628847000,182220.0,182665.0,182205.0,182660.0,174920,5,633200
WIN$D,M15,1628847900,182660.0,182780.0,182620.0,182725.0,127258,5,469286
WIN$D,M15,1628848800,182730.0,182745.0,182395.0,182495.0,240923,5,840563
WIN$D,M15,1628849700,182495.0,182715.0,182295.0,182370.0,209815,5,725006
WIN$D,M15,1628850600,182365.0,182490.0,181885.0,182045.0,317989,5,1153811
WIN$D,M15,1628851500,182045.0,182085.0,181620.0,181700.0,239744,5,903093
WIN$D,M15,1628852400,181700.0,182195.0,181515.0,181890.0,272599,5,1012657
WIN$D,M15,1628853300,181890.0,182060.0,181515.0,181585.0,241598,5,880409
WIN$D,M15,1628854200,181585.0,181855.0,181420.0,181670.0,209282,5,749062
WIN$D,M15,1628855100,181670.0,181950.0,181660.0,181905.0,136686,5,497963
WIN$D,M15,1628856000,181900.0,182230.0,181880.0,182185.0,139235,5,527186
WIN$D,M15,1628856900,182185.0,182255.0,182005.0,182210.0,152525,5,581484
WIN$D,M15,1628857800,182215.0,182310.0,181825.0,182120.0,164092,5,619483
WIN$D,M15,1628858700,182120.0,182375.0,182090.0,182370.0,99619,5,375890
WIN$D,M15,1628859600,182370.0,182520.0,182320.0,182475.0,96838,5,373784
WIN$D,M15,1628860500,182475.0,182515.0,182200.0,182235.0,131116,5,501176
WIN$D,M15,1628861400,182235.0,182475.0,182080.0,182440.0,122463,5,460515
WIN$D,M15,1628862300,182435.0,182620.0,182325.0,182480.0,114460,5,444636
WIN$D,M15,1628863200,182485.0,182720.0,182435.0,182615.0,118596,5,465757
WIN$D,M15,1628864100,182610.0,182675.0,182305.0,182360.0,108922,5,412471
WIN$D,M15,1628865000,182365.0,182420.0,182220.0,182365.0,107678,5,419647
WIN$D,M15,1628865900,182370.0,182475.0,182025.0,182085.0,133050,5,501308
WIN$D,M15,1628866800,182085.0,182300.0,181870.0,182280.0,140733,5,532578
WIN$D,M15,1628867700,182280.0,182390.0,182080.0,182235.0,124880,5,488189
WIN$D,M15,1628868600,182235.0,182265.0,181925.0,182235.0,147257,5,586293
WIN$D,M15,1628869500,182235.0,182440.0,182100.0,182370.0,117427,5,490541
WIN$D,M15,1628870400,182370.0,182620.0,182365.0,182610.0,91822,5,392975
WIN$D,M15,1628871300,182610.0,182815.0,182485.0,182550.0,125678,5,528627
WIN$D,M15,1628872200,182545.0,182630.0,182355.0,182570.0,100265,5,433001
WIN$D,M15,1628873100,182575.0,182665.0,182435.0,182570.0,89095,5,381011
WIN$D,M15,1628874000,182570.0,182775.0,182530.0,182685.0,84551,5,328443
WIN$D,M15,1628874900,182680.0,182745.0,182630.0,182645.0,40413,5,158202
WIN$D,M15,1628875800,182640.0,182740.0,182485.0,182705.0,72156,5,250558
WIN$D,M15,1628876700,182705.0,182765.0,182600.0,182675.0,35251,5,86859
WIN$D,M15,1629104400,182030.0,182080.0,181495.0,181690.0,132715,5,441856
WIN$D,M15,1629105300,181695.0,181790.0,181630.0,181640.0,97222,5,350908
WIN$D,M15,1629106200,181640.0,181935.0,181630.0,181830.0,113261,5,421420
WIN$D,M15,1629107100,181825.0,182045.0,181785.0,182025.0,106751,5,391774
WIN$D,M15,1629108000,182025.0,182240.0,181955.0,182060.0,211588,5,827651
WIN$D,M15,1629108900,182060.0,182190.0,181965.0,182045.0,155012,5,620117
WIN$D,M15,1629109800,182045.0,182155.0,181380.0,181395.0,291768,5,1197154
WIN$D,M15,1629110700,181390.0,181395.0,181000.0,181145.0,232846,5,1041475
WIN$D,M15,1629111600,181150.0,181290.0,181075.0,181160.0,165189,5,668049
WIN$D,M15,1629112500,181160.0,181205.0,180800.0,180885.0,205200,5,871290
WIN$D,M15,1629113400,180885.0,181325.0,180870.0,181085.0,184247,5,772443
WIN$D,M15,1629114300,181085.0,181115.0,180910.0,180965.0,141512,5,575459
WIN$D,M15,1629115200,180960.0,181110.0,180605.0,180775.0,201533,5,840894
WIN$D,M15,1629116100,180775.0,180870.0,180405.0,180455.0,172082,5,737990
WIN$D,M15,1629117000,180455.0,180735.0,180425.0,180475.0,135383,5,571254
WIN$D,M15,1629117900,180475.0,180560.0,180300.0,180545.0,117013,5,502389
WIN$D,M15,1629118800,180540.0,180565.0,180285.0,180490.0,127954,5,558766
WIN$D,M15,1629119700,180485.0,180635.0,180230.0,180250.0,146698,5,594959
WIN$D,M15,1629120600,180250.0,180470.0,180180.0,180440.0,118777,5,489233
WIN$D,M15,1629121500,180435.0,180725.0,180400.0,180640.0,119485,5,509191
WIN$D,M15,1629122400,180645.0,180940.0,180630.0,180795.0,125947,5,548256
WIN$D,M15,1629123300,180795.0,180880.0,180555.0,180740.0,137625,5,606641
WIN$D,M15,1629124200,180740.0,181055.0,180725.0,180810.0,136712,5,599302
WIN$D,M15,1629125100,180815.0,180915.0,180695.0,180755.0,114922,5,494684
WIN$D,M15,1629126000,180755.0,180940.0,180610.0,180905.0,124304,5,525222
WIN$D,M15,1629126900,180900.0,180940.0,180415.0,180505.0,155764,5,689201
WIN$D,M15,1629127800,180505.0,180590.0,180350.0,180570.0,144917,5,653098
WIN$D,M15,1629128700,180575.0,180685.0,180485.0,180670.0,97811,5,441554
WIN$D,M15,1629129600,180670.0,180720.0,180460.0,180665.0,122822,5,549991
WIN$D,M15,1629130500,180670.0,180745.0,180510.0,180670.0,109023,5,481751
WIN$D,M15,1629131400,180670.0,180815.0,180485.0,180505.0,115699,5,530797
WIN$D,M15,1629132300,180500.0,180765.0,180500.0,180580.0,108997,5,490382
WIN$D,M15,1629133200,180580.0,180745.0,180545.0,180720.0,72731,5,315609
WIN$D,M15,1629134100,180720.0,180790.0,180630.0,180785.0,52435,5,214957
WIN$D,M15,1629135000,180785.0,181035.0,180770.0,181015.0,70536,5,288623
WIN$D,M15,1629135900,181015.0,181110.0,180935.0,181110.0,31621,5,123615
WIN$D,M15,1629190800,180795.0,180820.0,180035.0,180320.0,222104,5,701284
WIN$D,M15,1629191700,180320.0,180395.0,180105.0,180375.0,158798,5,551669
WIN$D,M15,1629192600,180380.0,180385.0,179915.0,180025.0,318444,5,1103540
WIN$D,M15,1629193500,180025.0,180380.0,179955.0,180315.0,178218,5,650213
WIN$D,M15,1629194400,180315.0,180375.0,179760.0,179770.0,299741,5,1168824
WIN$D,M15,1629195300,179775.0,179930.0,179595.0,179655.0,219170,5,895530
WIN$D,M15,1629196200,179660.0,180605.0,179620.0,180175.0,361797,5,1508708
WIN$D,M15,1629197100,180175.0,180225.0,179540.0,179690.0,263860,5,1085848
WIN$D,M15,1629198000,179685.0,180210.0,179650.0,180150.0,256824,5,1038385
WIN$D,M15,1629198900,180145.0,180220.0,179725.0,180050.0,218329,5,845987
WIN$D,M15,1629199800,180055.0,180105.0,179690.0,179960.0,210809,5,865252
WIN$D,M15,1629200700,179960.0,180185.0,179590.0,179615.0,177320,5,749080
WIN$D,M15,1629201600,179620.0,179760.0,179425.0,179570.0,189240,5,811936
WIN$D,M15,1629202500,179570.0,179945.0,179545.0,179735.0,152198,5,620793
WIN$D,M15,1629203400,179730.0,179775.0,179200.0,179320.0,167665,5,745638
WIN$D,M15,1629204300,179315.0,179405.0,179090.0,179175.0,147214,5,647981
WIN$D,M15,1629205200,179180.0,179340.0,179045.0,179320.0,119629,5,521531
WIN$D,M15,1629206100,179315.0,179370.0,178740.0,178785.0,199224,5,867751
WIN$D,M15,1629207000,178785.0,178885.0,178500.0,178535.0,145409,5,607610
WIN$D,M15,1629207900,178535.0,178620.0,178165.0,178220.0,196958,5,859311
WIN$D,M15,1629208800,178225.0,178630.0,178145.0,178415.0,191226,5,814965
WIN$D,M15,1629209700,178410.0,178450.0,178165.0,178355.0,133108,5,585067
WIN$D,M15,1629210600,178355.0,178480.0,177785.0,177870.0,202677,5,916317
WIN$D,M15,1629211500,177870.0,178120.0,177700.0,178100.0,178422,5,786596
WIN$D,M15,1629212400,178100.0,178370.0,178055.0,178270.0,155225,5,671234
WIN$D,M15,1629213300,178270.0,178370.0,177945.0,178015.0,152146,5,640049
WIN$D,M15,1629214200,178020.0,178365.0,178000.0,178345.0,140510,5,607775
WIN$D,M15,1629215100,178345.0,178700.0,178335.0,178625.0,175291,5,812162
WIN$D,M15,1629216000,178630.0,178870.0,178600.0,178630.0,117230,5,533988
WIN$D,M15,1629216900,178630.0,178880.0,178540.0,178860.0,127331,5,597348
WIN$D,M15,1629217800,178855.0,179230.0,178855.0,179055.0,126715,5,615464
WIN$D,M15,1629218700,179050.0,179255.0,179040.0,179230.0,96909,5,463379
WIN$D,M15,1629219600,179225.0,179400.0,178970.0,179265.0,99635,5,416896
WIN$D,M15,1629220500,179265.0,179350.0,178835.0,178930.0,111711,5,454260
WIN$D,M15,1629221400,178930.0,179055.0,178720.0,178850.0,92218,5,334587
WIN$D,M15,1629222300,178855.0,178955.0,178605.0,178630.0,31366,5,115688
WIN$D,M15,1629277200,179325.0,179400.0,178955.0,178960.0,147250,5,409567
WIN$D,M15,1629278100,178965.0,179160.0,178675.0,178710.0,180585,5,577661
WIN$D,M15,1629279000,178705.0,178870.0,178545.0,178550.0,153346,5,493947
WIN$D,M15,1629279900,178550.0,178790.0,178400.0,178775.0,169033,5,574863
WIN$D,M15,1629280800,178770.0,178990.0,178305.0,178320.0,266423,5,1013267
WIN$D,M15,1629281700,178315.0,178365.0,177990.0,178130.0,188196,5,733206
WIN$D,M15,1629282600,178130.0,178300.0,177940.0,178025.0,265561,5,1018668
WIN$D,M15,1629283500,178025.0,178880.0,177900.0,178800.0,264392,5,1043751
WIN$D,M15,1629284400,178800.0,178810.0,178010.0,178160.0,255820,5,976291
WIN$D,M15,1629285300,178160.0,178250.0,177725.0,177955.0,245512,5,954102
WIN$D,M15,1629286200,177950.0,178075.0,177735.0,178040.0,205132,5,814906
WIN$D,M15,1629287100,178040.0,178355.0,178020.0,178250.0,193657,5,794412
WIN$D,M15,1629288000,178250.0,178560.0,177995.0,178015.0,198474,5,792474
WIN$D,M15,1629288900,178010.0,178600.0,177920.0,178510.0,163855,5,637513
WIN$D,M15,1629289800,178510.0,178580.0,178015.0,178130.0,185671,5,766856
WIN$D,M15,1629290700,178130.0,178580.0,178125.0,178435.0,139539,5,559464
WIN$D,M15,1629291600,178430.0,178670.0,178190.0,178260.0,143456,5,582630
WIN$D,M15,1629292500,178260.0,178370.0,178045.0,178225.0,116698,5,481239
WIN$D,M15,1629293400,178225.0,178650.0,178215.0,178510.0,118359,5,483822
WIN$D,M15,1629294300,178515.0,179050.0,178465.0,179050.0,144858,5,598728
WIN$D,M15,1629295200,179045.0,179395.0,179005.0,179345.0,138992,5,613634
WIN$D,M15,1629296100,179345.0,179905.0,179340.0,179670.0,174822,5,775087
WIN$D,M15,1629297000,179670.0,179925.0,179460.0,179900.0,114935,5,508272
WIN$D,M15,1629297900,179900.0,180120.0,179505.0,179630.0,147890,5,590288
WIN$D,M15,1629298800,179630.0,179925.0,179095.0,179255.0,207239,5,839887
WIN$D,M15,1629299700,179255.0,179735.0,179135.0,179580.0,157724,5,652841
WIN$D,M15,1629300600,179580.0,179840.0,179275.0,179325.0,135405,5,559999
WIN$D,M15,1629301500,179325.0,179340.0,178710.0,178780.0,150005,5,655625
WIN$D,M15,1629302400,178780.0,179105.0,178660.0,179060.0,125775,5,559497
WIN$D,M15,1629303300,179060.0,179075.0,178250.0,178395.0,145006,5,608192
WIN$D,M15,1629304200,178395.0,178395.0,177965.0,178280.0,137554,5,620653
WIN$D,M15,1629305100,178280.0,178290.0,177570.0,177655.0,155443,5,664704
WIN$D,M15,1629306000,177660.0,177805.0,177475.0,177780.0,87407,5,365474
WIN$D,M15,1629306900,177775.0,177790.0,177280.0,177310.0,75844,5,297535
WIN$D,M15,1629307800,177305.0,177430.0,176905.0,177350.0,102217,5,359722
WIN$D,M15,1629308700,177355.0,177510.0,177205.0,177395.0,34680,5,116178
WIN$D,M15,1629363600,175635.0,176035.0,175260.0,175630.0,249356,5,694065
WIN$D,M15,1629364500,175635.0,176195.0,175585.0,176125.0,177546,5,628049
WIN$D,M15,1629365400,176130.0,176285.0,175595.0,175905.0,231319,5,799630
WIN$D,M15,1629366300,175905.0,175985.0,175660.0,175870.0,151218,5,497825
WIN$D,M15,1629367200,175875.0,176715.0,175870.0,176540.0,276248,5,937799
WIN$D,M15,1629368100,176545.0,176555.0,176020.0,176525.0,262410,5,972479
WIN$D,M15,1629369000,176525.0,176925.0,176400.0,176680.0,329053,5,1256605
WIN$D,M15,1629369900,176680.0,176980.0,176495.0,176805.0,254000,5,928224
WIN$D,M15,1629370800,176805.0,176875.0,176355.0,176855.0,256692,5,942135
WIN$D,M15,1629371700,176850.0,177185.0,176580.0,176605.0,246400,5,946577
WIN$D,M15,1629372600,176605.0,176670.0,176165.0,176205.0,230534,5,939136
WIN$D,M15,1629373500,176205.0,176750.0,176105.0,176715.0,212918,5,895358
WIN$D,M15,1629374400,176715.0,176970.0,176375.0,176765.0,236375,5,990363
WIN$D,M15,1629375300,176765.0,177140.0,176720.0,176780.0,186235,5,775763
WIN$D,M15,1629376200,176780.0,177140.0,176745.0,177040.0,150502,5,595547
WIN$D,M15,1629377100,177040.0,177460.0,177035.0,177385.0,169360,5,674145
WIN$D,M15,1629378000,177385.0,177730.0,177305.0,177320.0,145567,5,579004
WIN$D,M15,1629378900,177325.0,177650.0,177275.0,177520.0,132657,5,538768
WIN$D,M15,1629379800,177520.0,177745.0,177430.0,177710.0,130511,5,549438
WIN$D,M15,1629380700,177710.0,178130.0,177645.0,177950.0,157734,5,697059
WIN$D,M15,1629381600,177950.0,178060.0,177565.0,177765.0,152385,5,669612
WIN$D,M15,1629382500,177765.0,178570.0,177740.0,178205.0,192780,5,851923
WIN$D,M15,1629383400,178200.0,178850.0,178185.0,178665.0,188880,5,806679
WIN$D,M15,1629384300,178665.0,178685.0,178030.0,178045.0,179329,5,739239
WIN$D,M15,1629385200,178045.0,178220.0,177910.0,178175.0,175916,5,734640
WIN$D,M15,1629386100,178175.0,178200.0,177860.0,177895.0,127546,5,571151
WIN$D,M15,1629387000,177895.0,178175.0,177755.0,178090.0,154870,5,720046
WIN$D,M15,1629387900,178090.0,178530.0,177995.0,178420.0,169446,5,790203
WIN$D,M15,1629388800,178420.0,178705.0,178375.0,178420.0,131748,5,620351
WIN$D,M15,1629389700,178425.0,178705.0,178345.0,178660.0,129685,5,573035
WIN$D,M15,1629390600,178660.0,178695.0,178445.0,178590.0,110263,5,496369
WIN$D,M15,1629391500,178590.0,178640.0,178230.0,178380.0,136130,5,584290
WIN$D,M15,1629392400,178380.0,178605.0,178245.0,178465.0,91744,5,378418
WIN$D,M15,1629393300,178460.0,178540.0,178340.0,178480.0,59276,5,234991
WIN$D,M15,1629394200,178480.0,178680.0,178385.0,178550.0,63397,5,219057
WIN$D,M15,1629395100,178555.0,178560.0,178385.0,178475.0,29786,5,99591
WIN$D,M15,1629450000,177715.0,177905.0,177455.0,177505.0,139116,5,477622
WIN$D,M15,1629450900,177500.0,177695.0,177365.0,177695.0,142036,5,529610
WIN$D,M15,1629451800,177695.0,177710.0,177330.0,177445.0,143842,5,509733
WIN$D,M15,1629452700,177445.0,177455.0,177105.0,177135.0,139813,5,529573
WIN$D,M15,1629453600,177135.0,177575.0,176860.0,177430.0,274311,5,1090996
WIN$D,M15,1629454500,177435.0,177560.0,177150.0,177355.0,237226,5,905878
WIN$D,M15,1629455400,177355.0,177710.0,177195.0,177640.0,316666,5,1229031
WIN$D,M15,1629456300,177640.0,177950.0,177450.0,177710.0,272885,5,1079918
WIN$D,M15,1629457200,177710.0,178020.0,177575.0,177655.0,232357,5,867685
WIN$D,M15,1629458100,177650.0,178075.0,177490.0,177780.0,262956,5,996780
WIN$D,M15,1629459000,177780.0,178230.0,177670.0,178155.0,240612,5,846976
WIN$D,M15,1629459900,178160.0,178205.0,177755.0,178150.0,181355,5,632948
WIN$D,M15,1629460800,178150.0,178750.0,178075.0,178620.0,188564,5,702934
WIN$D,M15,1629461700,178620.0,178695.0,178320.0,178365.0,124056,5,448104
WIN$D,M15,1629462600,178360.0,178535.0,178265.0,178520.0,134596,5,499357
WIN$D,M15,1629463500,178520.0,178660.0,178320.0,178545.0,135631,5,485847
WIN$D,M15,1629464400,178540.0,178835.0,178515.0,178750.0,149081,5,528538
WIN$D,M15,1629465300,178750.0,179170.0,178670.0,179145.0,139476,5,492190
WIN$D,M15,1629466200,179150.0,179260.0,179075.0,179145.0,102834,5,389222
WIN$D,M15,1629467100,179140.0,179215.0,179085.0,179120.0,74437,5,299632
WIN$D,M15,1629468000,179115.0,179150.0,178835.0,178850.0,103540,5,416118
WIN$D,M15,1629468900,178850.0,179140.0,178710.0,178745.0,140837,5,545771
WIN$D,M15,1629469800,178740.0,179030.0,178735.0,178905.0,108689,5,431834
WIN$D,M15,1629470700,178905.0,179135.0,178900.0,179125.0,94788,5,380642
WIN$D,M15,1629471600,179130.0,179555.0,179125.0,179430.0,133252,5,543476
WIN$D,M15,1629472500,179430.0,179595.0,179325.0,179355.0,116834,5,461457
WIN$D,M15,1629473400,179360.0,179405.0,179140.0,179150.0,96293,5,390191
WIN$D,M15,1629474300,179145.0,179305.0,179065.0,179265.0,96481,5,412009
WIN$D,M15,1629475200,179260.0,179465.0,179160.0,179200.0,107546,5,422798
WIN$D,M15,1629476100,179200.0,179435.0,179145.0,179425.0,97043,5,386090
WIN$D,M15,1629477000,179425.0,179455.0,178915.0,179195.0,130882,5,535354
WIN$D,M15,1629477900,179195.0,179400.0,179145.0,179150.0,102944,5,383173
WIN$D,M15,1629478800,179150.0,179315.0,179055.0,179195.0,89585,5,327172
WIN$D,M15,1629479700,179195.0,179295.0,179070.0,179095.0,46814,5,172184
WIN$D,M15,1629480600,179095.0,179285.0,178985.0,179245.0,54192,5,193359
WIN$D,M15,1629481500,179240.0,179395.0,179195.0,179370.0,26590,5,88283
WIN$D,M15,1629709200,179735.0,180030.0,179650.0,179790.0,177108,5,513319
WIN$D,M15,1629710100,179790.0,179925.0,179685.0,179725.0,121341,5,398977
WIN$D,M15,1629711000,179720.0,179770.0,179545.0,179595.0,111233,5,399443
WIN$D,M15,1629711900,179595.0,179600.0,179345.0,179380.0,150998,5,554875
WIN$D,M15,1629712800,179380.0,179555.0,179110.0,179300.0,293475,5,1057767
WIN$D,M15,1629713700,179300.0,179365.0,178805.0,178955.0,259684,5,990306
WIN$D,M15,1629714600,178955.0,179120.0,178665.0,178990.0,279850,5,1047256
WIN$D,M15,1629715500,178985.0,179190.0,178815.0,179080.0,233844,5,852222
WIN$D,M15,1629716400,179075.0,179170.0,178820.0,178840.0,240412,5,878270
WIN$D,M15,1629717300,178840.0,179045.0,178750.0,178850.0,212784,5,827529
WIN$D,M15,1629718200,178850.0,178965.0,178665.0,178940.0,195919,5,752732
WIN$D,M15,1629719100,178945.0,179145.0,178870.0,179110.0,173057,5,665240
WIN$D,M15,1629720000,179110.0,179285.0,178835.0,178875.0,243680,5,953110
WIN$D,M15,1629720900,178870.0,178935.0,178375.0,178390.0,191591,5,785775
WIN$D,M15,1629721800,178395.0,178610.0,178340.0,178440.0,158518,5,611812
WIN$D,M15,1629722700,178440.0,178525.0,178235.0,178405.0,131424,5,482085
WIN$D,M15,1629723600,178405.0,178505.0,178320.0,178375.0,91968,5,345128
WIN$D,M15,1629724500,178375.0,178490.0,178180.0,178480.0,115438,5,443208
WIN$D,M15,1629725400,178475.0,178675.0,178450.0,178545.0,109708,5,404192
WIN$D,M15,1629726300,178540.0,178665.0,178475.0,178635.0,98451,5,380997
WIN$D,M15,1629727200,178635.0,178940.0,178590.0,178885.0,124846,5,492819
WIN$D,M15,1629728100,178890.0,178910.0,178525.0,178650.0,129528,5,502145
WIN$D,M15,1629729000,178655.0,178855.0,178595.0,178825.0,109109,5,440053
WIN$D,M15,1629729900,178825.0,179070.0,178690.0,178715.0,137545,5,546579
WIN$D,M15,1629730800,178715.0,178735.0,178460.0,178610.0,133250,5,542527
WIN$D,M15,1629731700,178610.0,178825.0,178520.0,178705.0,108299,5,454423
WIN$D,M15,1629732600,178705.0,178895.0,178680.0,178855.0,95000,5,412019
WIN$D,M15,1629733500,178850.0,178905.0,178635.0,178775.0,109482,5,487912
WIN$D,M15,1629734400,178770.0,178990.0,178715.0,178915.0,90987,5,409049
WIN$D,M15,1629735300,178915.0,179030.0,178800.0,179025.0,84657,5,372768
WIN$D,M15,1629736200,179020.0,179050.0,178775.0,178840.0,113148,5,500709
WIN$D,M15,1629737100,178840.0,178980.0,178700.0,178740.0,96151,5,427418
WIN$D,M15,1629738000,178740.0,178820.0,178295.0,178360.0,118786,5,512784
WIN$D,M15,1629738900,178365.0,178445.0,178220.0,178315.0,78918,5,331294
WIN$D,M15,1629739800,178310.0,178570.0,178300.0,178545.0,80231,5,291329
WIN$D,M15,1629740700,178545.0,178675.0,178465.0,178495.0,33901,5,122118
WIN$D,M15,1629795600,179345.0,179820.0,179315.0,179755.0,178636,5,571435
WIN$D,M15,1629796500,179755.0,179900.0,179740.0,179820.0,114136,5,407846
WIN$D,M15,1629797400,179820.0,179995.0,179815.0,179850.0,114591,5,418425
WIN$D,M15,1629798300,179850.0,179985.0,179800.0,179875.0,113421,5,429647
WIN$D,M15,1629799200,179875.0,180115.0,179845.0,179995.0,193235,5,752292
WIN$D,M15,1629800100,179995.0,180235.0,179955.0,180215.0,173885,5,683992
WIN$D,M15,1629801000,180210.0,180755.0,180205.0,180695.0,283942,5,1243990
WIN$D,M15,1629801900,180700.0,180840.0,180620.0,180625.0,166723,5,705693
WIN$D,M15,1629802800,180625.0,180910.0,180475.0,180840.0,216519,5,915154
WIN$D,M15,1629803700,180840.0,181275.0,180840.0,181265.0,194078,5,862025
WIN$D,M15,1629804600,181270.0,181355.0,181135.0,181185.0,151018,5,619308
WIN$D,M15,1629805500,181185.0,181525.0,181115.0,181350.0,149092,5,620984
WIN$D,M15,1629806400,181350.0,181420.0,181235.0,181410.0,102865,5,430249
WIN$D,M15,1629807300,181405.0,181605.0,181330.0,181360.0,119608,5,513008
WIN$D,M15,1629808200,181360.0,181520.0,181240.0,181405.0,125602,5,540152
WIN$D,M15,1629809100,181405.0,181485.0,181155.0,181175.0,105120,5,439699
WIN$D,M15,1629810000,181175.0,181430.0,181135.0,181300.0,134777,5,566112
WIN$D,M15,1629810900,181295.0,181310.0,181005.0,181050.0,136552,5,631958
WIN$D,M15,1629811800,181050.0,181355.0,181050.0,181295.0,125446,5,554455
WIN$D,M15,1629812700,181290.0,181440.0,181215.0,181250.0,104371,5,450468
WIN$D,M15,1629813600,181250.0,181395.0,181160.0,181325.0,103754,5,464764
WIN$D,M15,1629814500,181330.0,181570.0,181295.0,181510.0,129656,5,560476
WIN$D,M15,1629815400,181510.0,181530.0,181225.0,181265.0,126392,5,553552
WIN$D,M15,1629816300,181265.0,181405.0,181160.0,181255.0,120983,5,545209
WIN$D,M15,1629817200,181250.0,181485.0,181215.0,181440.0,94189,5,408659
WIN$D,M15,1629818100,181435.0,181625.0,181315.0,181555.0,122565,5,531682
WIN$D,M15,1629819000,181560.0,181680.0,181475.0,181490.0,118698,5,569978
WIN$D,M15,1629819900,181485.0,181590.0,181480.0,181535.0,62259,5,301962
WIN$D,M15,1629820800,181535.0,181570.0,181415.0,181520.0,77771,5,383755
WIN$D,M15,1629821700,181525.0,181550.0,181390.0,181435.0,69463,5,311003
WIN$D,M15,1629822600,181435.0,181450.0,181305.0,181370.0,75757,5,345364
WIN$D,M15,1629823500,181375.0,181375.0,181120.0,181245.0,98405,5,456218
WIN$D,M15,1629824400,181250.0,181315.0,181150.0,181265.0,63048,5,283434
WIN$D,M15,1629825300,181265.0,181380.0,181200.0,181340.0,58394,5,261202
WIN$D,M15,1629826200,181340.0,181465.0,181295.0,181435.0,60341,5,265786
WIN$D,M15,1629827100,181430.0,181710.0,181420.0,181710.0,39540,5,153441
WIN$D,M15,1629882000,181580.0,181650.0,181155.0,181190.0,151156,5,496189
WIN$D,M15,1629882900,181185.0,181195.0,180755.0,180835.0,156115,5,579390
WIN$D,M15,1629883800,180835.0,181200.0,180770.0,181190.0,158818,5,625749
WIN$D,M15,1629884700,181190.0,181205.0,180845.0,180845.0,188663,5,733922
WIN$D,M15,1629885600,180850.0,181060.0,180685.0,180755.0,270931,5,1052259
WIN$D,M15,1629886500,180755.0,180980.0,180565.0,180660.0,216169,5,819872
WIN$D,M15,1629887400,180665.0,180680.0,180280.0,180495.0,224538,5,911884
WIN$D,M15,1629888300,180495.0,180735.0,180390.0,180650.0,169311,5,659054
WIN$D,M15,1629889200,180655.0,180915.0,180595.0,180840.0,226926,5,885221
WIN$D,M15,1629890100,180840.0,180970.0,180710.0,180765.0,183866,5,694878
WIN$D,M15,1629891000,180760.0,181075.0,180690.0,181055.0,165976,5,677908
WIN$D,M15,1629891900,181050.0,181090.0,180745.0,180795.0,154829,5,633916
WIN$D,M15,1629892800,180795.0,181000.0,180650.0,180955.0,163521,5,685315
WIN$D,M15,1629893700,180950.0,181115.0,180820.0,180970.0,147247,5,590133
WIN$D,M15,1629894600,180970.0,181030.0,180700.0,180800.0,119022,5,489516
WIN$D,M15,1629895500,180800.0,180930.0,180730.0,180880.0,96216,5,406452
WIN$D,M15,1629896400,180880.0,180910.0,180545.0,180610.0,107374,5,447208
WIN$D,M15,1629897300,180610.0,180850.0,180605.0,180805.0,93942,5,379312
WIN$D,M15,1629898200,180805.0,180960.0,180670.0,180900.0,94473,5,382223
WIN$D,M15,1629899100,180900.0,180955.0,180695.0,180700.0,90320,5,389718
WIN$D,M15,1629900000,180695.0,180785.0,180635.0,180685.0,79462,5,344558
WIN$D,M15,1629900900,180680.0,180945.0,180650.0,180935.0,86262,5,381287
WIN$D,M15,1629901800,180940.0,181035.0,180785.0,180860.0,112644,5,479438
WIN$D,M15,1629902700,180860.0,181085.0,180855.0,181075.0,94113,5,418704
WIN$D,M15,1629903600,181070.0,181360.0,181025.0,181265.0,134394,5,590176
WIN$D,M15,1629904500,181270.0,181430.0,181145.0,181410.0,112941,5,492219
WIN$D,M15,1629905400,181405.0,181760.0,181385.0,181595.0,153765,5,736413
WIN$D,M15,1629906300,181595.0,181720.0,181500.0,181640.0,102477,5,483036
WIN$D,M15,1629907200,181640.0,181655.0,181465.0,181545.0,84073,5,405110
WIN$D,M15,1629908100,181550.0,181825.0,181540.0,181755.0,111348,5,485965
WIN$D,M15,1629909000,181755.0,181820.0,181670.0,181760.0,82972,5,378286
WIN$D,M15,1629909900,181755.0,181985.0,181640.0,181910.0,98963,5,453457
WIN$D,M15,1629910800,181910.0,181960.0,181745.0,181745.0,67046,5,302617
WIN$D,M15,1629911700,181745.0,181865.0,181695.0,181800.0,46930,5,198299
WIN$D,M15,1629912600,181795.0,181925.0,181715.0,181910.0,51282,5,183725
WIN$D,M15,1629913500,181910.0,182025.0,181825.0,181825.0,27985,5,99537
WIN$D,M15,1629968400,181485.0,181620.0,181310.0,181545.0,160632,5,434260
WIN$D,M15,1629969300,181545.0,181575.0,181400.0,181460.0,80062,5,285205
WIN$D,M15,1629970200,181460.0,181525.0,181020.0,181115.0,188542,5,702374
WIN$D,M15,1629971100,181115.0,181235.0,181095.0,181175.0,101507,5,392039
WIN$D,M15,1629972000,181175.0,181450.0,181030.0,181445.0,191735,5,770454
WIN$D,M15,1629972900,181445.0,181520.0,181205.0,181330.0,223420,5,904384
WIN$D,M15,1629973800,181330.0,181465.0,181045.0,181355.0,286584,5,1106772
WIN$D,M15,1629974700,181360.0,181915.0,181350.0,181890.0,251741,5,1000673
WIN$D,M15,1629975600,181895.0,181970.0,181630.0,181920.0,196878,5,781311
WIN$D,M15,1629976500,181925.0,181995.0,181250.0,181465.0,258738,5,1047690
WIN$D,M15,1629977400,181465.0,181695.0,181295.0,181350.0,225870,5,898418
WIN$D,M15,1629978300,181350.0,181460.0,181050.0,181140.0,189040,5,793782
WIN$D,M15,1629979200,181140.0,181145.0,180610.0,180860.0,225173,5,1009004
WIN$D,M15,1629980100,180860.0,181075.0,180745.0,180745.0,128678,5,540595
WIN$D,M15,1629981000,180745.0,180830.0,180450.0,180615.0,178120,5,735843
WIN$D,M15,1629981900,180615.0,180925.0,180595.0,180840.0,100081,5,413971
WIN$D,M15,1629982800,180840.0,181125.0,180710.0,180860.0,144290,5,629199
WIN$D,M15,1629983700,180865.0,180975.0,180750.0,180935.0,90202,5,371513
WIN$D,M15,1629984600,180930.0,181005.0,180775.0,180865.0,88914,5,369824
WIN$D,M15,1629985500,180865.0,180890.0,180650.0,180785.0,91679,5,372029
WIN$D,M15,1629986400,180780.0,180835.0,180655.0,180805.0,76226,5,325677
WIN$D,M15,1629987300,180800.0,180955.0,180460.0,180580.0,147890,5,635593
WIN$D,M15,1629988200,180585.0,180695.0,180415.0,180650.0,129649,5,566895
WIN$D,M15,1629989100,180655.0,180655.0,180425.0,180465.0,89589,5,369385
WIN$D,M15,1629990000,180465.0,180505.0,180295.0,180325.0,124333,5,522877
WIN$D,M15,1629990900,180320.0,180405.0,180165.0,180255.0,125653,5,556207
WIN$D,M15,1629991800,180260.0,180355.0,180135.0,180310.0,95928,5,424714
WIN$D,M15,1629992700,180315.0,180375.0,180145.0,180210.0,98270,5,470872
WIN$D,M15,1629993600,180205.0,180205.0,179860.0,180145.0,138239,5,656563
WIN$D,M15,1629994500,180145.0,180475.0,180090.0,180275.0,118680,5,552557
WIN$D,M15,1629995400,180280.0,180305.0,179880.0,179925.0,136431,5,611795
WIN$D,M15,1629996300,179925.0,180080.0,179780.0,179905.0,123511,5,541054
WIN$D,M15,1629997200,179905.0,179950.0,179465.0,179545.0,100554,5,423355
WIN$D,M15,1629998100,179540.0,179730.0,179540.0,179565.0,61476,5,248804
WIN$D,M15,1629999000,179565.0,179860.0,179510.0,179835.0,66686,5,227491
WIN$D,M15,1629999900,179840.0,180010.0,179755.0,180010.0,34611,5,111930
WIN$D,M15,1630054800,180420.0,180535.0,180300.0,180360.0,112147,5,345455
WIN$D,M15,1630055700,180365.0,180565.0,180205.0,180240.0,130448,5,444767
WIN$D,M15,1630056600,180240.0,180510.0,180150.0,180445.0,138614,5,499821
WIN$D,M15,1630057500,180450.0,180555.0,180350.0,180475.0,116965,5,425495
WIN$D,M15,1630058400,180470.0,180605.0,180110.0,180395.0,238853,5,856974
WIN$D,M15,1630059300,180390.0,180550.0,180265.0,180515.0,172661,5,634079
WIN$D,M15,1630060200,180515.0,180605.0,180095.0,180595.0,266577,5,1048482
WIN$D,M15,1630061100,180595.0,180900.0,180595.0,180720.0,186419,5,786510
WIN$D,M15,1630062000,180720.0,181220.0,180600.0,181140.0,233053,5,985047
WIN$D,M15,1630062900,181140.0,181325.0,180955.0,181055.0,184359,5,770293
WIN$D,M15,1630063800,181055.0,181155.0,180915.0,181065.0,139886,5,563686
WIN$D,M15,1630064700,181060.0,181280.0,181040.0,181095.0,122952,5,492961
WIN$D,M15,1630065600,181095.0,181150.0,180815.0,181015.0,134852,5,557295
WIN$D,M15,1630066500,181015.0,181225.0,180975.0,181080.0,109418,5,472536
WIN$D,M15,1630067400,181080.0,181315.0,181035.0,181280.0,93688,5,404552
WIN$D,M15,1630068300,181280.0,181465.0,181240.0,181315.0,115724,5,499525
WIN$D,M15,1630069200,181315.0,181355.0,181205.0,181260.0,83161,5,385393
WIN$D,M15,1630070100,181260.0,181350.0,181160.0,181305.0,78957,5,321639
WIN$D,M15,1630071000,181300.0,181525.0,181295.0,181450.0,90653,5,370129
WIN$D,M15,1630071900,181455.0,181560.0,181405.0,181475.0,69740,5,301108
WIN$D,M15,1630072800,181480.0,181560.0,181240.0,181285.0,90880,5,376399
WIN$D,M15,1630073700,181285.0,181400.0,181210.0,181370.0,84037,5,361493
WIN$D,M15,1630074600,181370.0,181530.0,181365.0,181475.0,72739,5,307083
WIN$D,M15,1630075500,181470.0,181485.0,181330.0,181440.0,82991,5,347448
WIN$D,M15,1630076400,181435.0,181545.0,181345.0,181395.0,93420,5,387263
WIN$D,M15,1630077300,181395.0,181525.0,181295.0,181510.0,84195,5,369286
WIN$D,M15,1630078200,181515.0,181605.0,181335.0,181435.0,101507,5,453521
WIN$D,M15,1630079100,181435.0,181480.0,181265.0,181310.0,74617,5,340552
WIN$D,M15,1630080000,181310.0,181425.0,181290.0,181400.0,54846,5,274509
WIN$D,M15,1630080900,181400.0,181485.0,181365.0,181395.0,67479,5,311408
WIN$D,M15,1630081800,181390.0,181630.0,181375.0,181620.0,77748,5,368914
WIN$D,M15,1630082700,181625.0,181825.0,181595.0,181805.0,97112,5,447398
WIN$D,M15,1630083600,181800.0,181835.0,181715.0,181760.0,55677,5,226520
WIN$D,M15,1630084500,181760.0,181825.0,181725.0,181735.0,30632,5,128797
WIN$D,M15,1630085400,181735.0,181755.0,181495.0,181580.0,54550,5,225097
WIN$D,M15,1630086300,181580.0,181625.0,181285.0,181285.0,32818,5,111440
WIN$D,M15,1630314000,181555.0,181635.0,181185.0,181280.0,138494,5,390148
WIN$D,M15,1630314900,181285.0,181340.0,181110.0,181195.0,107577,5,369474
WIN$D,M15,1630315800,181195.0,181225.0,181035.0,181105.0,89383,5,328229
WIN$D,M15,1630316700,181100.0,181165.0,180990.0,180990.0,88227,5,331414
WIN$D,M15,1630317600,180990.0,181410.0,180970.0,181380.0,193541,5,749014
WIN$D,M15,1630318500,181380.0,181400.0,181015.0,181025.0,182816,5,706982
WIN$D,M15,1630319400,181030.0,181090.0,180335.0,180395.0,283731,5,1224422
WIN$D,M15,1630320300,180400.0,180585.0,180370.0,180420.0,155429,5,665366
WIN$D,M15,1630321200,180420.0,180720.0,180405.0,180580.0,208232,5,845902
WIN$D,M15,1630322100,180585.0,180680.0,180480.0,180635.0,130425,5,559106
WIN$D,M15,1630323000,180635.0,180755.0,180535.0,180670.0,115937,5,519486
WIN$D,M15,1630323900,180675.0,181120.0,180640.0,181110.0,140247,5,609573
WIN$D,M15,1630324800,181110.0,181210.0,180975.0,181090.0,147115,5,651064
WIN$D,M15,1630325700,181090.0,181285.0,181065.0,181210.0,115278,5,501055
WIN$D,M15,1630326600,181205.0,181365.0,181150.0,181315.0,109633,5,489175
WIN$D,M15,1630327500,181320.0,181370.0,181225.0,181300.0,89683,5,407475
WIN$D,M15,1630328400,181295.0,181455.0,181265.0,181300.0,109116,5,490120
WIN$D,M15,1630329300,181305.0,181305.0,181155.0,181165.0,87567,5,389994
WIN$D,M15,1630330200,181170.0,181270.0,181070.0,181260.0,94703,5,414598
WIN$D,M15,1630331100,181255.0,181365.0,181250.0,181305.0,77653,5,337407
WIN$D,M15,1630332000,181300.0,181330.0,180920.0,181095.0,158188,5,686099
WIN$D,M15,1630332900,181095.0,181105.0,180735.0,180905.0,151275,5,636753
WIN$D,M15,1630333800,180900.0,180945.0,180780.0,180855.0,99246,5,430483
WIN$D,M15,1630334700,180855.0,180885.0,180595.0,180635.0,118711,5,515004
WIN$D,M15,1630335600,180635.0,180800.0,180565.0,180775.0,109806,5,472833
WIN$D,M15,1630336500,180775.0,180965.0,180755.0,180960.0,101613,5,462898
WIN$D,M15,1630337400,180960.0,181010.0,180920.0,180965.0,65955,5,320926
WIN$D,M15,1630338300,180970.0,181015.0,180875.0,180980.0,73727,5,364648
WIN$D,M15,1630339200,180975.0,181010.0,180680.0,180725.0,113547,5,530503
WIN$D,M15,1630340100,180725.0,180900.0,180660.0,180830.0,89736,5,417944
WIN$D,M15,1630341000,180830.0,180875.0,180720.0,180795.0,80139,5,374500
WIN$D,M15,1630341900,180795.0,180870.0,180725.0,180740.0,67039,5,304918
WIN$D,M15,1630342800,180735.0,180780.0,180640.0,180715.0,66221,5,281549
WIN$D,M15,1630343700,180715.0,180865.0,180660.0,180840.0,52984,5,223767
WIN$D,M15,1630344600,180840.0,180915.0,180800.0,180855.0,52295,5,198343
WIN$D,M15,1630345500,180850.0,181120.0,180850.0,181065.0,26601,5,97099
WIN$D,M15,1630400400,180625.0,180715.0,180240.0,180680.0,200958,5,577792
WIN$D,M15,1630401300,180675.0,180855.0,180570.0,180630.0,172133,5,602097
WIN$D,M15,1630402200,180635.0,180725.0,180355.0,180440.0,175851,5,615549
WIN$D,M15,1630403100,180440.0,180650.0,180415.0,180650.0,124207,5,423088
WIN$D,M15,1630404000,180650.0,180720.0,180425.0,180595.0,240897,5,890094
WIN$D,M15,1630404900,180590.0,181145.0,180565.0,181075.0,240484,5,902507
WIN$D,M15,1630405800,181075.0,181230.0,180930.0,180945.0,219617,5,833262
WIN$D,M15,1630406700,180940.0,180985.0,180300.0,180445.0,291538,5,1143272
WIN$D,M15,1630407600,180445.0,180665.0,180420.0,180615.0,214686,5,816131
WIN$D,M15,1630408500,180620.0,180985.0,180535.0,180735.0,231327,5,881625
WIN$D,M15,1630409400,180740.0,180960.0,180560.0,180795.0,210584,5,795174
WIN$D,M15,1630410300,180800.0,180845.0,180500.0,180580.0,154035,5,604996
WIN$D,M15,1630411200,180575.0,180740.0,180385.0,180445.0,172380,5,678406
WIN$D,M15,1630412100,180445.0,180830.0,180365.0,180570.0,154862,5,614619
WIN$D,M15,1630413000,180570.0,180595.0,180000.0,180285.0,219885,5,885201
WIN$D,M15,1630413900,180290.0,180380.0,179915.0,179945.0,163185,5,628232
WIN$D,M15,1630414800,179945.0,180140.0,179800.0,179920.0,173036,5,683573
WIN$D,M15,1630415700,179920.0,179950.0,179720.0,179835.0,127134,5,493669
WIN$D,M15,1630416600,179840.0,179865.0,179290.0,179340.0,161440,5,665485
WIN$D,M15,1630417500,179340.0,179455.0,179260.0,179300.0,125286,5,533252
WIN$D,M15,1630418400,179305.0,179480.0,179165.0,179310.0,148233,5,621633
WIN$D,M15,1630419300,179310.0,179410.0,179085.0,179190.0,131034,5,553234
WIN$D,M15,1630420200,179195.0,179255.0,179000.0,179015.0,110823,5,511904
WIN$D,M15,1630421100,179015.0,179160.0,178850.0,178980.0,141310,5,617921
WIN$D,M15,1630422000,178980.0,179200.0,178890.0,179185.0,119101,5,488364
WIN$D,M15,1630422900,179185.0,179350.0,179065.0,179110.0,115959,5,496583
WIN$D,M15,1630423800,179105.0,179450.0,179105.0,179235.0,120761,5,542375
WIN$D,M15,1630424700,179235.0,179275.0,179055.0,179190.0,108008,5,478855
WIN$D,M15,1630425600,179190.0,179220.0,178965.0,179145.0,106546,5,498990
WIN$D,M15,1630426500,179150.0,179165.0,178965.0,179130.0,99548,5,442965
WIN$D,M15,1630427400,179125.0,179395.0,179095.0,179345.0,96241,5,443158
WIN$D,M15,1630428300,179350.0,179620.0,179340.0,179355.0,126555,5,560108
WIN$D,M15,1630429200,179350.0,179585.0,179315.0,179580.0,97965,5,371713
WIN$D,M15,1630430100,179580.0,179680.0,179475.0,179550.0,65244,5,268341
WIN$D,M15,1630431000,179550.0,179625.0,179345.0,179595.0,74624,5,277435
WIN$D,M15,1630431900,179590.0,179745.0,179490.0,179635.0,35925,5,125440
WIN$D,M15,1630486800,179835.0,179955.0,179440.0,179790.0,196048,5,583919
WIN$D,M15,1630487700,179785.0,179895.0,179725.0,179810.0,133252,5,444778
WIN$D,M15,1630488600,179810.0,180025.0,179805.0,179870.0,141435,5,498686
WIN$D,M15,1630489500,179870.0,180100.0,179835.0,180070.0,149482,5,540234
WIN$D,M15,1630490400,180070.0,180090.0,179490.0,179670.0,294900,5,1062808
WIN$D,M15,1630491300,179670.0,179775.0,179060.0,179305.0,280017,5,1061287
WIN$D,M15,1630492200,179305.0,180030.0,179230.0,179890.0,281111,5,1192277
WIN$D,M15,1630493100,179890.0,180140.0,179795.0,180060.0,243920,5,913155
WIN$D,M15,1630494000,180055.0,180280.0,179875.0,179930.0,204409,5,790081
WIN$D,M15,1630494900,179925.0,180300.0,179915.0,180240.0,178879,5,678705
WIN$D,M15,1630495800,180240.0,180415.0,180185.0,180310.0,172356,5,689269
WIN$D,M15,1630496700,180305.0,180385.0,180075.0,180310.0,146507,5,572363
WIN$D,M15,1630497600,180310.0,180430.0,180210.0,180365.0,137758,5,547809
WIN$D,M15,1630498500,180365.0,180475.0,179970.0,180030.0,157201,5,654791
WIN$D,M15,1630499400,180025.0,180070.0,179740.0,179940.0,161193,5,656906
WIN$D,M15,1630500300,179940.0,180020.0,179625.0,179960.0,174160,5,655804
WIN$D,M15,1630501200,179960.0,180280.0,179885.0,180190.0,144695,5,576466
WIN$D,M15,1630502100,180190.0,180270.0,180010.0,180240.0,115742,5,444944
WIN$D,M15,1630503000,180240.0,180375.0,180220.0,180310.0,100845,5,416125
WIN$D,M15,1630503900,180305.0,180315.0,180045.0,180155.0,131162,5,516587
WIN$D,M15,1630504800,180150.0,180250.0,180095.0,180235.0,100120,5,423956
WIN$D,M15,1630505700,180240.0,180485.0,180170.0,180435.0,128901,5,549374
WIN$D,M15,1630506600,180440.0,180995.0,180395.0,180955.0,178026,5,760708
WIN$D,M15,1630507500,180950.0,180975.0,180790.0,180835.0,102344,5,428919
WIN$D,M15,1630508400,180835.0,180935.0,180695.0,180740.0,97059,5,423878
WIN$D,M15,1630509300,180745.0,181050.0,180680.0,180975.0,120689,5,525639
WIN$D,M15,1630510200,180970.0,180980.0,180860.0,180900.0,74512,5,340922
WIN$D,M15,1630511100,180895.0,180925.0,180500.0,180555.0,107685,5,484127
WIN$D,M15,1630512000,180560.0,180670.0,180445.0,180585.0,125096,5,555211
WIN$D,M15,1630512900,180590.0,180645.0,180485.0,180495.0,79025,5,362846
WIN$D,M15,1630513800,180495.0,180610.0,180400.0,180460.0,106963,5,460874
WIN$D,M15,1630514700,180460.0,180555.0,180290.0,180365.0,104541,5,436071
WIN$D,M15,1630515600,180360.0,180375.0,180180.0,180240.0,80093,5,344114
WIN$D,M15,1630516500,180245.0,180300.0,179940.0,180085.0,72242,5,291625
WIN$D,M15,1630517400,180085.0,180090.0,179785.0,179835.0,80310,5,301361
WIN$D,M15,1630518300,179830.0,179845.0,179515.0,179615.0,41847,5,151854
WIN$D,M15,1630573200,180030.0,180170.0,179655.0,179760.0,175023,5,514434
WIN$D,M15,1630574100,179765.0,179995.0,179720.0,179910.0,116265,5,405029
WIN$D,M15,1630575000,179905.0,180080.0,179615.0,179800.0,203175,5,722600
WIN$D,M15,1630575900,179800.0,179910.0,179575.0,179700.0,177068,5,684221
WIN$D,M15,1630576800,179695.0,179765.0,179115.0,179185.0,347018,5,1278979
WIN$D,M15,1630577700,179190.0,179335.0,179020.0,179105.0,228938,5,852023
WIN$D,M15,1630578600,179105.0,179105.0,178660.0,178685.0,280876,5,1107892
WIN$D,M15,1630579500,178685.0,178845.0,178520.0,178720.0,217768,5,911588
WIN$D,M15,1630580400,178720.0,179095.0,178595.0,178945.0,280601,5,1137398
WIN$D,M15,1630581300,178940.0,179180.0,178760.0,179170.0,165506,5,643041
WIN$D,M15,1630582200,179170.0,179410.0,179140.0,179230.0,148646,5,599277
WIN$D,M15,1630583100,179230.0,179475.0,178970.0,179230.0,241512,5,922355
WIN$D,M15,1630584000,179225.0,179575.0,179060.0,179225.0,205225,5,796411
WIN$D,M15,1630584900,179225.0,179230.0,178760.0,179115.0,184111,5,701378
WIN$D,M15,1630585800,179115.0,179405.0,178905.0,179235.0,186224,5,703759
WIN$D,M15,1630586700,179240.0,179370.0,178950.0,178990.0,166089,5,616269
WIN$D,M15,1630587600,178990.0,179080.0,178525.0,178540.0,152366,5,594267
WIN$D,M15,1630588500,178535.0,179030.0,178460.0,178985.0,136533,5,551308
WIN$D,M15,1630589400,178985.0,179065.0,178695.0,178935.0,148193,5,602006
WIN$D,M15,1630590300,178935.0,179025.0,178645.0,178675.0,124497,5,509908
WIN$D,M15,1630591200,178670.0,178910.0,178525.0,178645.0,138397,5,592957
WIN$D,M15,1630592100,178645.0,178955.0,178645.0,178835.0,125891,5,560974
WIN$D,M15,1630593000,178840.0,178865.0,178240.0,178515.0,206705,5,826446
WIN$D,M15,1630593900,178520.0,178610.0,178285.0,178320.0,171291,5,659338
WIN$D,M15,1630594800,178315.0,178475.0,178195.0,178340.0,142370,5,539986
WIN$D,M15,1630595700,178345.0,178395.0,177975.0,177985.0,137213,5,534827
WIN$D,M15,1630596600,177985.0,178225.0,177950.0,178040.0,138135,5,566839
WIN$D,M15,1630597500,178040.0,178115.0,177765.0,177975.0,143312,5,605961
WIN$D,M15,1630598400,177970.0,178020.0,177755.0,177950.0,93897,5,399981
WIN$D,M15,1630599300,177950.0,177995.0,177565.0,177640.0,115698,5,478142
WIN$D,M15,1630600200,177640.0,177745.0,177475.0,177670.0,110259,5,447366
WIN$D,M15,1630601100,177670.0,177785.0,177510.0,177760.0,94056,5,382333
WIN$D,M15,1630602000,177765.0,177800.0,177355.0,177460.0,103975,5,406660
WIN$D,M15,1630602900,177460.0,177540.0,177380.0,177395.0,49361,5,197658
WIN$D,M15,1630603800,177400.0,177770.0,177395.0,177695.0,67779,5,236634
WIN$D,M15,1630604700,177700.0,177735.0,177510.0,177595.0,27522,5,106082
WIN$D,M15,1630659600,178100.0,178490.0,178035.0,178460.0,135173,5,424433
WIN$D,M15,1630660500,178465.0,178600.0,178240.0,178415.0,169319,5,483530
WIN$D,M15,1630661400,178415.0,178785.0,177955.0,178170.0,305406,5,951893
WIN$D,M15,1630662300,178175.0,178610.0,178080.0,178580.0,186603,5,632488
WIN$D,M15,1630663200,178580.0,178635.0,177985.0,178205.0,287034,5,998290
WIN$D,M15,1630664100,178205.0,178345.0,177880.0,178135.0,293235,5,1025214
WIN$D,M15,1630665000,178140.0,178275.0,177685.0,177840.0,274888,5,985066
WIN$D,M15,1630665900,177835.0,178115.0,177750.0,177815.0,237673,5,837825
WIN$D,M15,1630666800,177810.0,177915.0,177605.0,177655.0,210807,5,785381
WIN$D,M15,1630667700,177655.0,177795.0,177445.0,177455.0,167634,5,643764
WIN$D,M15,1630668600,177455.0,177660.0,177190.0,177335.0,224758,5,882838
WIN$D,M15,1630669500,177335.0,177380.0,177055.0,177080.0,162352,5,631905
WIN$D,M15,1630670400,177075.0,177375.0,176960.0,177290.0,154980,5,614453
WIN$D,M15,1630671300,177290.0,177325.0,176935.0,177075.0,146651,5,600426
WIN$D,M15,1630672200,177075.0,177080.0,176760.0,176925.0,134611,5,551097
WIN$D,M15,1630673100,176925.0,177035.0,176730.0,176825.0,115643,5,459653
WIN$D,M15,1630674000,176820.0,176990.0,176785.0,176895.0,101852,5,396348
WIN$D,M15,1630674900,176890.0,177075.0,176805.0,176945.0,90017,5,382715
WIN$D,M15,1630675800,176950.0,177165.0,176810.0,176815.0,130001,5,524328
WIN$D,M15,1630676700,176820.0,176865.0,176550.0,176635.0,148834,5,600977
WIN$D,M15,1630677600,176635.0,176830.0,176565.0,176690.0,112484,5,465556
WIN$D,M15,1630678500,176690.0,176745.0,176520.0,176720.0,108098,5,455196
WIN$D,M15,1630679400,176720.0,176795.0,176535.0,176590.0,105454,5,437069
WIN$D,M15,1630680300,176595.0,176720.0,176550.0,176600.0,82923,5,348947
WIN$D,M15,1630681200,176600.0,177075.0,176565.0,176930.0,138986,5,578200
WIN$D,M15,1630682100,176925.0,177130.0,176850.0,177110.0,101735,5,417414
WIN$D,M15,1630683000,177115.0,177480.0,177085.0,177235.0,148013,5,666133
WIN$D,M15,1630683900,177235.0,177620.0,177220.0,177590.0,114576,5,509876
WIN$D,M15,1630684800,177590.0,177655.0,177320.0,177380.0,112231,5,502221
WIN$D,M15,1630685700,177380.0,177580.0,177355.0,177480.0,82132,5,340473
WIN$D,M15,1630686600,177475.0,177510.0,177290.0,177420.0,96171,5,393282
WIN$D,M15,1630687500,177415.0,177550.0,177315.0,177470.0,71322,5,293119
WIN$D,M15,1630688400,177470.0,177795.0,177415.0,177600.0,95828,5,386203
WIN$D,M15,1630689300,177600.0,177610.0,177115.0,177145.0,76711,5,301302
WIN$D,M15,1630690200,177145.0,177295.0,176940.0,177235.0,80106,5,271010
WIN$D,M15,1630691100,177245.0,177385.0,177155.0,177290.0,31841,5,95365
WIN$D,M15,1630918800,177635.0,177740.0,177255.0,177260.0,120543,5,356217
WIN$D,M15,1630919700,177260.0,177295.0,177030.0,177185.0,112869,5,344561
WIN$D,M15,1630920600,177190.0,177245.0,176965.0,177115.0,125304,5,391270
WIN$D,M15,1630921500,177110.0,177210.0,177005.0,177105.0,119838,5,406926
WIN$D,M15,1630922400,177110.0,177375.0,177055.0,177325.0,191708,5,681789
WIN$D,M15,1630923300,177325.0,177695.0,177175.0,177620.0,195980,5,712911
WIN$D,M15,1630924200,177620.0,177910.0,177545.0,177680.0,193694,5,729352
WIN$D,M15,1630925100,177680.0,178010.0,177440.0,177990.0,212027,5,786037
WIN$D,M15,1630926000,177985.0,178280.0,177860.0,178200.0,161501,5,636176
WIN$D,M15,1630926900,178200.0,178345.0,178105.0,178230.0,125684,5,507053
WIN$D,M15,1630927800,178230.0,178450.0,178140.0,178390.0,119940,5,492712
WIN$D,M15,1630928700,178390.0,178475.0,178235.0,178370.0,131352,5,534567
WIN$D,M15,1630929600,178375.0,178475.0,178240.0,178330.0,98263,5,403223
WIN$D,M15,1630930500,178325.0,178435.0,178205.0,178320.0,117521,5,465414
WIN$D,M15,1630931400,178320.0,178415.0,178190.0,178225.0,85289,5,334261
WIN$D,M15,1630932300,178220.0,178290.0,178005.0,178195.0,104599,5,410818
WIN$D,M15,1630933200,178195.0,178360.0,178125.0,178280.0,99722,5,390234
WIN$D,M15,1630934100,178280.0,178330.0,178165.0,178225.0,65973,5,258992
WIN$D,M15,1630935000,178230.0,178635.0,178190.0,178575.0,102438,5,402218
WIN$D,M15,1630935900,178570.0,178745.0,178495.0,178530.0,103312,5,395455
WIN$D,M15,1630936800,178535.0,178815.0,178520.0,178665.0,78333,5,298763
WIN$D,M15,1630937700,178670.0,178960.0,178640.0,178850.0,80899,5,312330
WIN$D,M15,1630938600,178850.0,179020.0,178745.0,178910.0,88037,5,330280
WIN$D,M15,1630939500,178905.0,178940.0,178835.0,178865.0,49888,5,190435
WIN$D,M15,1630940400,178870.0,178985.0,178665.0,178740.0,91698,5,333494
WIN$D,M15,1630941300,178740.0,178815.0,178550.0,178650.0,99874,5,364397
WIN$D,M15,1630942200,178655.0,178785.0,178500.0,178760.0,88019,5,329817
WIN$D,M15,1630943100,178760.0,178915.0,178685.0,178695.0,83946,5,331356
WIN$D,M15,1630944000,178695.0,178945.0,178580.0,178850.0,95646,5,374124
WIN$D,M15,1630944900,178855.0,178895.0,178695.0,178725.0,59586,5,218949
WIN$D,M15,1630945800,178725.0,178760.0,178560.0,178595.0,65931,5,245223
WIN$D,M15,1630946700,178590.0,178785.0,178505.0,178685.0,78670,5,313236
WIN$D,M15,1630947600,178690.0,178855.0,178640.0,178740.0,65277,5,255375
WIN$D,M15,1630948500,178740.0,178845.0,178660.0,178715.0,49419,5,179060
WIN$D,M15,1630949400,178705.0,178780.0,178560.0,178675.0,56868,5,187154
WIN$D,M15,1630950300,178670.0,178885.0,178625.0,178805.0,28631,5,102046
WIN$D,M15,1631091600,177585.0,177935.0,177445.0,177675.0,178948,5,534713
WIN$D,M15,1631092500,177675.0,178110.0,177600.0,178015.0,163599,5,547270
WIN$D,M15,1631093400,178015.0,178230.0,177965.0,178210.0,143945,5,503402
WIN$D,M15,1631094300,178210.0,178355.0,178135.0,178325.0,139345,5,507717
WIN$D,M15,1631095200,178325.0,178415.0,177255.0,177275.0,328008,5,1236456
WIN$D,M15,1631096100,177280.0,177355.0,177075.0,177240.0,220905,5,888546
WIN$D,M15,1631097000,177235.0,177265.0,176860.0,177230.0,287978,5,1119906
WIN$D,M15,1631097900,177230.0,177245.0,176755.0,176765.0,261558,5,1011051
WIN$D,M15,1631098800,176765.0,176945.0,176585.0,176645.0,203981,5,793547
WIN$D,M15,1631099700,176645.0,176700.0,176335.0,176490.0,194048,5,782228
WIN$D,M15,1631100600,176495.0,176495.0,175505.0,175720.0,290794,5,1253623
WIN$D,M15,1631101500,175720.0,175755.0,175490.0,175675.0,186891,5,812230
WIN$D,M15,1631102400,175680.0,175755.0,175410.0,175470.0,164891,5,693904
WIN$D,M15,1631103300,175470.0,175575.0,175220.0,175365.0,202946,5,854992
WIN$D,M15,1631104200,175365.0,175780.0,175360.0,175745.0,156986,5,633967
WIN$D,M15,1631105100,175745.0,175770.0,175445.0,175700.0,137870,5,545535
WIN$D,M15,1631106000,175705.0,175840.0,175500.0,175530.0,162483,5,648243
WIN$D,M15,1631106900,175530.0,175595.0,175255.0,175350.0,151656,5,612280
WIN$D,M15,1631107800,175345.0,175985.0,175105.0,175720.0,247992,5,997416
WIN$D,M15,1631108700,175720.0,175750.0,175355.0,175575.0,147743,5,558067
WIN$D,M15,1631109600,175575.0,175685.0,175360.0,175430.0,123827,5,497283
WIN$D,M15,1631110500,175430.0,175540.0,175155.0,175520.0,153304,5,588317
WIN$D,M15,1631111400,175525.0,175670.0,174990.0,175615.0,198363,5,804495
WIN$D,M15,1631112300,175610.0,175765.0,175405.0,175435.0,149834,5,614449
WIN$D,M15,1631113200,175440.0,175710.0,175310.0,175410.0,155106,5,603732
WIN$D,M15,1631114100,175410.0,175440.0,175165.0,175330.0,136600,5,563234
WIN$D,M15,1631115000,175325.0,175420.0,175205.0,175300.0,95732,5,422374
WIN$D,M15,1631115900,175305.0,175325.0,175010.0,175080.0,109005,5,496649
WIN$D,M15,1631116800,175080.0,175115.0,174555.0,174675.0,173894,5,794938
WIN$D,M15,1631117700,174670.0,174735.0,174310.0,174345.0,137637,5,614495
WIN$D,M15,1631118600,174350.0,174420.0,174005.0,174380.0,175884,5,793362
WIN$D,M15,1631119500,174375.0,174395.0,174080.0,174240.0,127936,5,507809
WIN$D,M15,1631120400,174245.0,174340.0,174045.0,174190.0,104679,5,368763
WIN$D,M15,1631121300,174185.0,174375.0,174155.0,174310.0,65228,5,247948
WIN$D,M15,1631122200,174305.0,174520.0,174290.0,174480.0,72625,5,274647
WIN$D,M15,1631123100,174485.0,174505.0,174265.0,174265.0,33439,5,127829
WIN$D,M15,1631178000,175005.0,175315.0,174660.0,175285.0,230906,5,663156
WIN$D,M15,1631178900,175280.0,175365.0,174480.0,174605.0,352755,5,1173525
WIN$D,M15,1631179800,174600.0,174605.0,174235.0,174250.0,281987,5,896134
WIN$D,M15,1631180700,174250.0,174770.0,173935.0,174580.0,371168,5,1164965
WIN$D,M15,1631181600,174585.0,175030.0,174445.0,174750.0,332206,5,1069487
WIN$D,M15,1631182500,174745.0,174875.0,174090.0,174800.0,335078,5,1098061
WIN$D,M15,1631183400,174795.0,175070.0,174510.0,174855.0,349765,5,1229419
WIN$D,M15,1631184300,174855.0,175185.0,174335.0,174665.0,306259,5,1064291
WIN$D,M15,1631185200,174665.0,174880.0,174450.0,174480.0,239342,5,829143
WIN$D,M15,1631186100,174485.0,174920.0,174275.0,174715.0,226023,5,789244
WIN$D,M15,1631187000,174715.0,174820.0,174575.0,174660.0,147709,5,540198
WIN$D,M15,1631187900,174660.0,174735.0,174290.0,174405.0,203617,5,744657
WIN$D,M15,1631188800,174405.0,174540.0,174160.0,174340.0,207576,5,769530
WIN$D,M15,1631189700,174340.0,174410.0,173740.0,173935.0,218414,5,800061
WIN$D,M15,1631190600,173935.0,174080.0,173660.0,173685.0,171204,5,589419
WIN$D,M15,1631191500,173680.0,174035.0,173535.0,173915.0,164368,5,581296
WIN$D,M15,1631192400,173920.0,174320.0,173910.0,174290.0,151348,5,549081
WIN$D,M15,1631193300,174290.0,174405.0,174105.0,174275.0,138867,5,498043
WIN$D,M15,1631194200,174270.0,174895.0,174260.0,174860.0,174943,5,633867
WIN$D,M15,1631195100,174865.0,174865.0,174280.0,174580.0,170245,5,630632
WIN$D,M15,1631196000,174580.0,174670.0,174340.0,174585.0,154593,5,597057
WIN$D,M15,1631196900,174580.0,174620.0,173700.0,173880.0,247611,5,932776
WIN$D,M15,1631197800,173885.0,173945.0,173595.0,173745.0,173544,5,635830
WIN$D,M15,1631198700,173750.0,173835.0,173440.0,173595.0,159572,5,601305
WIN$D,M15,1631199600,173595.0,173655.0,173250.0,173585.0,180826,5,697492
WIN$D,M15,1631200500,173580.0,173765.0,173360.0,173510.0,168015,5,660275
WIN$D,M15,1631201400,173515.0,173670.0,173285.0,173450.0,123950,5,501120
WIN$D,M15,1631202300,173455.0,173995.0,173400.0,173700.0,168206,5,672583
WIN$D,M15,1631203200,173700.0,173755.0,173465.0,173570.0,133497,5,528386
WIN$D,M15,1631204100,173575.0,173685.0,173470.0,173490.0,96891,5,374030
WIN$D,M15,1631205000,173485.0,177680.0,173445.0,177140.0,244811,5,1073806
WIN$D,M15,1631205900,177125.0,177435.0,175765.0,176275.0,216220,5,730842
WIN$D,M15,1631206800,176280.0,176865.0,175890.0,176550.0,138011,5,410015
WIN$D,M15,1631207700,176555.0,177435.0,176550.0,176895.0,159367,5,466520
WIN$D,M15,1631208600,176895.0,177500.0,176795.0,177415.0,120306,5,311529
WIN$D,M15,1631209500,177410.0,177515.0,177145.0,177515.0,37718,5,100778
WIN$D,M15,1631264400,177685.0,178630.0,177685.0,178060.0,260762,5,602896
WIN$D,M15,1631265300,178060.0,178230.0,177900.0,177925.0,192401,5,553581
WIN$D,M15,1631266200,177930.0,178360.0,177740.0,177950.0,202636,5,613443
WIN$D,M15,1631267100,177950.0,178060.0,177685.0,177705.0,125159,5,400304
WIN$D,M15,1631268000,177710.0,177785.0,177310.0,177600.0,345939,5,1072973
WIN$D,M15,1631268900,177605.0,177775.0,177200.0,177305.0,254005,5,794081
WIN$D,M15,1631269800,177300.0,177370.0,176750.0,176835.0,329656,5,1026629
WIN$D,M15,1631270700,176840.0,177070.0,176560.0,176800.0,288967,5,925335
WIN$D,M15,1631271600,176800.0,176970.0,176560.0,176740.0,228646,5,715275
WIN$D,M15,1631272500,176740.0,177015.0,176655.0,176915.0,205260,5,653506
WIN$D,M15,1631273400,176915.0,176940.0,176175.0,176370.0,261894,5,852266
WIN$D,M15,1631274300,176370.0,176500.0,176105.0,176315.0,223657,5,742667
WIN$D,M15,1631275200,176320.0,176580.0,176170.0,176475.0,189126,5,628074
WIN$D,M15,1631276100,176470.0,176645.0,176235.0,176585.0,152378,5,497748
WIN$D,M15,1631277000,176585.0,176780.0,176390.0,176575.0,168766,5,533261
WIN$D,M15,1631277900,176575.0,176645.0,176335.0,176465.0,144200,5,448843
WIN$D,M15,1631278800,176465.0,176675.0,176355.0,176565.0,125425,5,394971
WIN$D,M15,1631279700,176560.0,176865.0,176555.0,176630.0,144136,5,472983
WIN$D,M15,1631280600,176630.0,176940.0,176605.0,176875.0,142212,5,475193
WIN$D,M15,1631281500,176875.0,176900.0,176585.0,176685.0,115156,5,378331
WIN$D,M15,1631282400,176685.0,176840.0,175775.0,175925.0,278476,5,906536
WIN$D,M15,1631283300,175925.0,175960.0,175400.0,175535.0,237302,5,783361
WIN$D,M15,1631284200,175535.0,175705.0,175115.0,175580.0,221371,5,774505
WIN$D,M15,1631285100,175585.0,176050.0,175530.0,176015.0,162577,5,549524
WIN$D,M15,1631286000,176015.0,176215.0,175775.0,176150.0,165175,5,552367
WIN$D,M15,1631286900,176145.0,176385.0,175845.0,176265.0,188762,5,640073
WIN$D,M15,1631287800,176265.0,176420.0,175975.0,176175.0,139795,5,492374
WIN$D,M15,1631288700,176175.0,176275.0,176025.0,176185.0,98795,5,377750
WIN$D,M15,1631289600,176180.0,176300.0,175795.0,175925.0,117872,5,448649
WIN$D,M15,1631290500,175925.0,176020.0,175515.0,175690.0,139429,5,484748
WIN$D,M15,1631291400,175695.0,175730.0,175380.0,175445.0,124283,5,426046
WIN$D,M15,1631292300,175445.0,175470.0,175065.0,175220.0,152163,5,549681
WIN$D,M15,1631293200,175220.0,175430.0,174840.0,174880.0,120639,5,390553
WIN$D,M15,1631294100,174875.0,175080.0,174835.0,175050.0,60635,5,191195
WIN$D,M15,1631295000,175055.0,175380.0,175050.0,175225.0,105949,5,281734
WIN$D,M15,1631295900,175220.0,175320.0,175115.0,175115.0,41383,5,96498
WIN$D,M15,1631523600,176035.0,176325.0,175950.0,176280.0,161395,5,419875
WIN$D,M15,1631524500,176280.0,176590.0,176185.0,176580.0,164818,5,489004
WIN$D,M15,1631525400,176580.0,176730.0,176545.0,176670.0,165449,5,516923
WIN$D,M15,1631526300,176665.0,176880.0,176665.0,176805.0,160822,5,519050
WIN$D,M15,1631527200,176800.0,177055.0,176485.0,176610.0,276641,5,918547
WIN$D,M15,1631528100,176610.0,177120.0,176580.0,177045.0,292877,5,928047
WIN$D,M15,1631529000,177045.0,177060.0,176340.0,176390.0,397263,5,1225882
WIN$D,M15,1631529900,176390.0,177080.0,176310.0,176950.0,349480,5,1085339
WIN$D,M15,1631530800,176950.0,177115.0,176705.0,176910.0,275329,5,911209
WIN$D,M15,1631531700,176910.0,177105.0,176525.0,176655.0,272962,5,915950
WIN$D,M15,1631532600,176660.0,177415.0,176470.0,177315.0,333812,5,1101514
WIN$D,M15,1631533500,177315.0,177585.0,177200.0,177395.0,239472,5,771254
WIN$D,M15,1631534400,177395.0,177565.0,177065.0,177160.0,203777,5,644461
WIN$D,M15,1631535300,177160.0,177665.0,177090.0,177565.0,187466,5,591832
WIN$D,M15,1631536200,177565.0,177890.0,177505.0,177715.0,183855,5,583710
WIN$D,M15,1631537100,177715.0,177890.0,177635.0,177675.0,121066,5,371902
WIN$D,M15,1631538000,177670.0,177885.0,177595.0,177810.0,132221,5,427429
WIN$D,M15,1631538900,177810.0,178020.0,177770.0,177855.0,119915,5,381986
WIN$D,M15,1631539800,177855.0,177905.0,177415.0,177495.0,206020,5,683515
WIN$D,M15,1631540700,177495.0,177615.0,177435.0,177505.0,116113,5,390100
WIN$D,M15,1631541600,177500.0,177730.0,177445.0,177510.0,125010,5,412573
WIN$D,M15,1631542500,177505.0,177675.0,177335.0,177445.0,132783,5,445196
WIN$D,M15,1631543400,177450.0,177520.0,177290.0,177355.0,128822,5,412616
WIN$D,M15,1631544300,177355.0,177435.0,177175.0,177355.0,148683,5,496255
WIN$D,M15,1631545200,177355.0,177680.0,177115.0,177145.0,198586,5,664902
WIN$D,M15,1631546100,177145.0,177225.0,176965.0,177090.0,175370,5,585528
WIN$D,M15,1631547000,177090.0,177295.0,176980.0,177215.0,122407,5,425656
WIN$D,M15,1631547900,177215.0,177805.0,177190.0,177675.0,197720,5,719033
WIN$D,M15,1631548800,177675.0,177680.0,177225.0,177290.0,162254,5,558297
WIN$D,M15,1631549700,177290.0,177375.0,177145.0,177275.0,127237,5,422440
WIN$D,M15,1631550600,177275.0,177390.0,177190.0,177255.0,99778,5,329043
WIN$D,M15,1631551500,177255.0,177325.0,177060.0,177170.0,116089,5,372396
WIN$D,M15,1631552400,177170.0,177510.0,177120.0,177370.0,96368,5,296733
WIN$D,M15,1631553300,177370.0,177460.0,177245.0,177280.0,70480,5,213887
WIN$D,M15,1631554200,177280.0,177340.0,177140.0,177270.0,71089,5,208600
WIN$D,M15,1631555100,177275.0,177305.0,177115.0,177115.0,31267,5,87165
WIN$D,M15,1631610000,176735.0,176845.0,176415.0,176500.0,232209,5,599034
WIN$D,M15,1631610900,176495.0,176690.0,176420.0,176540.0,177894,5,496998
WIN$D,M15,1631611800,176545.0,177460.0,176525.0,177415.0,340905,5,1002322
WIN$D,M15,1631612700,177415.0,177580.0,177360.0,177450.0,161743,5,509399
WIN$D,M15,1631613600,177450.0,177640.0,177160.0,177330.0,278233,5,905461
WIN$D,M15,1631614500,177330.0,178135.0,177305.0,178130.0,348146,5,1126292
WIN$D,M15,1631615400,178130.0,178170.0,177830.0,177950.0,249689,5,850984
WIN$D,M15,1631616300,177955.0,178010.0,177400.0,177450.0,256651,5,820642
WIN$D,M15,1631617200,177445.0,177520.0,177110.0,177315.0,270527,5,915652
WIN$D,M15,1631618100,177315.0,177735.0,177260.0,177500.0,256407,5,823947
WIN$D,M15,1631619000,177500.0,177570.0,176960.0,177165.0,253879,5,825998
WIN$D,M15,1631619900,177170.0,177255.0,177095.0,177140.0,133545,5,447554
WIN$D,M15,1631620800,177135.0,177790.0,177110.0,177770.0,191248,5,651986
WIN$D,M15,1631621700,177770.0,177875.0,177620.0,177785.0,140590,5,478051
WIN$D,M15,1631622600,177785.0,178000.0,177725.0,177915.0,130322,5,464271
WIN$D,M15,1631623500,177910.0,178055.0,177765.0,178030.0,127127,5,431292
WIN$D,M15,1631624400,178030.0,178150.0,177970.0,178025.0,102955,5,353495
WIN$D,M15,1631625300,178020.0,178030.0,177785.0,177900.0,120141,5,422738
WIN$D,M15,1631626200,177900.0,177985.0,177805.0,177850.0,102682,5,377886
WIN$D,M15,1631627100,177850.0,177870.0,177685.0,177740.0,124997,5,437835
WIN$D,M15,1631628000,177740.0,177905.0,177530.0,177590.0,147295,5,540749
WIN$D,M15,1631628900,177590.0,177845.0,177525.0,177630.0,151484,5,538121
WIN$D,M15,1631629800,177625.0,177815.0,177450.0,177790.0,145290,5,515646
WIN$D,M15,1631630700,177790.0,177895.0,177720.0,177795.0,108356,5,375551
WIN$D,M15,1631631600,177795.0,177870.0,177620.0,177660.0,119741,5,421935
WIN$D,M15,1631632500,177660.0,177710.0,177440.0,177515.0,150887,5,526629
WIN$D,M15,1631633400,177510.0,177550.0,177375.0,177505.0,100001,5,391620
WIN$D,M15,1631634300,177505.0,177510.0,177260.0,177375.0,131802,5,513313
WIN$D,M15,1631635200,177375.0,177405.0,176875.0,176920.0,187619,5,718475
WIN$D,M15,1631636100,176915.0,177025.0,176695.0,176705.0,160192,5,577105
WIN$D,M15,1631637000,176700.0,177050.0,176635.0,176900.0,148071,5,523698
WIN$D,M15,1631637900,176905.0,177130.0,176855.0,176990.0,126776,5,440452
WIN$D,M15,1631638800,176995.0,177060.0,176800.0,176900.0,80982,5,263994
WIN$D,M15,1631639700,176900.0,177025.0,176760.0,176875.0,67606,5,210072
WIN$D,M15,1631640600,176875.0,177080.0,176855.0,177010.0,56581,5,163892
WIN$D,M15,1631641500,177010.0,177335.0,177010.0,177335.0,34872,5,94478
WIN$D,M15,1631696400,177085.0,177360.0,176950.0,177100.0,174924,5,426228
WIN$D,M15,1631697300,177095.0,177225.0,176870.0,176965.0,155293,5,450350
WIN$D,M15,1631698200,176965.0,177275.0,176890.0,177190.0,206526,5,596117
WIN$D,M15,1631699100,177190.0,177415.0,177140.0,177205.0,177331,5,559620
WIN$D,M15,1631700000,177205.0,177205.0,176470.0,176540.0,313934,5,1015686
WIN$D,M15,1631700900,176540.0,176710.0,176345.0,176420.0,259440,5,789557
WIN$D,M15,1631701800,176420.0,176520.0,176020.0,176150.0,264218,5,927394
WIN$D,M15,1631702700,176145.0,176710.0,176130.0,176475.0,327567,5,1100029
WIN$D,M15,1631703600,176475.0,176535.0,176095.0,176190.0,227610,5,720086
WIN$D,M15,1631704500,176190.0,176500.0,176030.0,176115.0,233905,5,772866
WIN$D,M15,1631705400,176120.0,176230.0,175755.0,175795.0,245031,5,830875
WIN$D,M15,1631706300,175795.0,175975.0,175695.0,175850.0,182102,5,629223
WIN$D,M15,1631707200,175850.0,175935.0,175700.0,175795.0,118806,5,397028
WIN$D,M15,1631708100,175795.0,175965.0,175610.0,175660.0,156634,5,546026
WIN$D,M15,1631709000,175660.0,175830.0,175540.0,175815.0,129284,5,431694
WIN$D,M15,1631709900,175815.0,176065.0,175750.0,175930.0,114487,5,400734
WIN$D,M15,1631710800,175935.0,175950.0,175700.0,175760.0,120824,5,412850
WIN$D,M15,1631711700,175755.0,176040.0,175730.0,175910.0,134219,5,455945
WIN$D,M15,1631712600,175915.0,175955.0,175745.0,175915.0,111231,5,383045
WIN$D,M15,1631713500,175910.0,176195.0,175865.0,176060.0,156406,5,553367
WIN$D,M15,1631714400,176060.0,176105.0,175615.0,175750.0,161395,5,550250
WIN$D,M15,1631715300,175750.0,175810.0,175550.0,175730.0,139346,5,462840
WIN$D,M15,1631716200,175730.0,175885.0,175645.0,175775.0,105072,5,345129
WIN$D,M15,1631717100,175775.0,175950.0,175690.0,175865.0,129458,5,424329
WIN$D,M15,1631718000,175860.0,176040.0,175765.0,175790.0,126005,5,423831
WIN$D,M15,1631718900,175790.0,175960.0,175755.0,175880.0,100875,5,340887
WIN$D,M15,1631719800,175885.0,176005.0,175820.0,175980.0,88880,5,340014
WIN$D,M15,1631720700,175975.0,176105.0,175910.0,175960.0,105820,5,403449
WIN$D,M15,1631721600,175960.0,175975.0,175735.0,175835.0,96086,5,361096
WIN$D,M15,1631722500,175840.0,175865.0,175670.0,175780.0,85417,5,309422
WIN$D,M15,1631723400,175780.0,175970.0,175755.0,175925.0,92533,5,350671
WIN$D,M15,1631724300,175925.0,175990.0,175795.0,175950.0,80612,5,296680
WIN$D,M15,1631725200,175945.0,176035.0,175910.0,175975.0,47571,5,158813
WIN$D,M15,1631726100,175980.0,176025.0,175845.0,175975.0,59163,5,182266
WIN$D,M15,1631727000,175975.0,176010.0,175890.0,175940.0,40924,5,105768
WIN$D,M15,1631727900,175940.0,176035.0,175900.0,176035.0,23668,5,71424
WIN$D,M15,1631782800,175280.0,175565.0,175170.0,175365.0,196335,5,487480
WIN$D,M15,1631783700,175365.0,175425.0,175040.0,175120.0,174921,5,525607
WIN$D,M15,1631784600,175120.0,175510.0,175075.0,175085.0,268546,5,791087
WIN$D,M15,1631785500,175090.0,175135.0,174865.0,174990.0,203152,5,646370
WIN$D,M15,1631786400,174995.0,175060.0,174515.0,174705.0,296370,5,969705
WIN$D,M15,1631787300,174700.0,175285.0,174665.0,175020.0,276188,5,841455
WIN$D,M15,1631788200,175015.0,175100.0,174545.0,174755.0,337377,5,1029016
WIN$D,M15,1631789100,174750.0,174760.0,174145.0,174310.0,319132,5,1020009
WIN$D,M15,1631790000,174315.0,174420.0,174165.0,174210.0,190021,5,590428
WIN$D,M15,1631790900,174210.0,174680.0,174140.0,174625.0,223247,5,714535
WIN$D,M15,1631791800,174620.0,174835.0,174285.0,174550.0,257094,5,813772
WIN$D,M15,1631792700,174545.0,174935.0,174500.0,174785.0,211061,5,663922
WIN$D,M15,1631793600,174790.0,175070.0,174670.0,174990.0,173704,5,576945
WIN$D,M15,1631794500,174995.0,175090.0,174625.0,174715.0,179812,5,584132
WIN$D,M15,1631795400,174715.0,174735.0,174460.0,174495.0,112961,5,374353
WIN$D,M15,1631796300,174495.0,174755.0,174470.0,174730.0,125270,5,427345
WIN$D,M15,1631797200,174730.0,174745.0,174375.0,174595.0,134340,5,457868
WIN$D,M15,1631798100,174595.0,174625.0,174295.0,174375.0,104122,5,343239
WIN$D,M15,1631799000,174370.0,174615.0,174345.0,174580.0,97373,5,327127
WIN$D,M15,1631799900,174580.0,174715.0,174500.0,174610.0,94747,5,319690
WIN$D,M15,1631800800,174610.0,174705.0,174435.0,174530.0,96534,5,327754
WIN$D,M15,1631801700,174525.0,174670.0,174480.0,174520.0,79401,5,264406
WIN$D,M15,1631802600,174520.0,174690.0,174395.0,174660.0,94076,5,334634
WIN$D,M15,1631803500,174660.0,175015.0,174635.0,174820.0,134340,5,491126
WIN$D,M15,1631804400,174825.0,175010.0,174780.0,174995.0,105404,5,377290
WIN$D,M15,1631805300,174990.0,175110.0,174820.0,174885.0,123381,5,457265
WIN$D,M15,1631806200,174885.0,174930.0,174555.0,174570.0,121448,5,442411
WIN$D,M15,1631807100,174570.0,174685.0,174485.0,174620.0,112397,5,412690
WIN$D,M15,1631808000,174620.0,174685.0,174505.0,174645.0,89773,5,325001
WIN$D,M15,1631808900,174650.0,174655.0,174260.0,174275.0,110298,5,403016
WIN$D,M15,1631809800,174270.0,174570.0,174260.0,174565.0,104688,5,394577
WIN$D,M15,1631810700,174565.0,174890.0,174520.0,174775.0,136511,5,507981
WIN$D,M15,1631811600,174775.0,174785.0,174480.0,174595.0,92055,5,318811
WIN$D,M15,1631812500,174595.0,174780.0,174545.0,174705.0,48920,5,160729
WIN$D,M15,1631813400,174705.0,175050.0,174635.0,174710.0,76922,5,217630
WIN$D,M15,1631814300,174715.0,174885.0,174680.0,174845.0,25206,5,66970
WIN$D,M15,1631869200,174215.0,174580.0,174205.0,174375.0,177446,5,444471
WIN$D,M15,1631870100,174380.0,174570.0,174350.0,174385.0,111304,5,331898
WIN$D,M15,1631871000,174390.0,174445.0,173990.0,174035.0,228954,5,742818
WIN$D,M15,1631871900,174040.0,174495.0,174030.0,174470.0,217453,5,688676
WIN$D,M15,1631872800,174470.0,174550.0,173950.0,173960.0,290326,5,920585
WIN$D,M15,1631873700,173965.0,173975.0,173600.0,173645.0,245487,5,801435
WIN$D,M15,1631874600,173650.0,173705.0,173190.0,173260.0,277923,5,995794
WIN$D,M15,1631875500,173255.0,173360.0,172850.0,172970.0,257438,5,932454
WIN$D,M15,1631876400,172970.0,173035.0,172630.0,172640.0,215019,5,789220
WIN$D,M15,1631877300,172645.0,172905.0,172490.0,172595.0,211950,5,764946
WIN$D,M15,1631878200,172595.0,172610.0,172305.0,172415.0,158732,5,578209
WIN$D,M15,1631879100,172420.0,172430.0,172090.0,172185.0,194348,5,705276
WIN$D,M15,1631880000,172180.0,172495.0,172125.0,172465.0,141212,5,502627
WIN$D,M15,1631880900,172460.0,172480.0,172205.0,172250.0,122927,5,423086
WIN$D,M15,1631881800,172250.0,172385.0,172010.0,172320.0,154562,5,552245
WIN$D,M15,1631882700,172320.0,172410.0,172160.0,172300.0,114124,5,423783
WIN$D,M15,1631883600,172295.0,172330.0,172075.0,172155.0,104543,5,398742
WIN$D,M15,1631884500,172150.0,172205.0,171860.0,172025.0,141806,5,535236
WIN$D,M15,1631885400,172025.0,172390.0,171960.0,172235.0,141475,5,538565
WIN$D,M15,1631886300,172230.0,172330.0,172095.0,172115.0,106718,5,395500
WIN$D,M15,1631887200,172120.0,172225.0,171980.0,172070.0,111111,5,380508
WIN$D,M15,1631888100,172070.0,172275.0,172070.0,172230.0,89275,5,330825
WIN$D,M15,1631889000,172225.0,172420.0,172075.0,172225.0,132581,5,466211
WIN$D,M15,1631889900,172230.0,172230.0,171965.0,172165.0,136666,5,485624
WIN$D,M15,1631890800,172160.0,172365.0,172125.0,172255.0,108425,5,409110
WIN$D,M15,1631891700,172260.0,172355.0,172195.0,172295.0,89607,5,349017
WIN$D,M15,1631892600,172300.0,172595.0,172210.0,172585.0,131580,5,516706
WIN$D,M15,1631893500,172585.0,172645.0,172395.0,172495.0,132208,5,510064
WIN$D,M15,1631894400,172500.0,172630.0,172435.0,172460.0,95019,5,362080
WIN$D,M15,1631895300,172455.0,172455.0,172065.0,172110.0,156538,5,599095
WIN$D,M15,1631896200,172110.0,172480.0,171995.0,172480.0,157426,5,596383
WIN$D,M15,1631897100,172475.0,172485.0,172185.0,172210.0,140226,5,498188
WIN$D,M15,1631898000,172205.0,172235.0,172045.0,172170.0,87965,5,295013
WIN$D,M15,1631898900,172170.0,172200.0,172015.0,172095.0,68971,5,230109
WIN$D,M15,1631899800,172095.0,172175.0,172045.0,172075.0,48284,5,139834
WIN$D,M15,1631900700,172075.0,172105.0,171640.0,171640.0,53526,5,153808
WIN$D,M15,1632128400,169640.0,169785.0,169160.0,169500.0,212784,5,563084
WIN$D,M15,1632129300,169500.0,169660.0,169295.0,169355.0,192657,5,585735
WIN$D,M15,1632130200,169355.0,169605.0,169200.0,169280.0,173023,5,551200
WIN$D,M15,1632131100,169280.0,169820.0,169210.0,169775.0,214678,5,682725
WIN$D,M15,1632132000,169770.0,170095.0,169640.0,170070.0,288178,5,915008
WIN$D,M15,1632132900,170070.0,170390.0,169955.0,170340.0,313126,5,957300
WIN$D,M15,1632133800,170345.0,170600.0,169825.0,170085.0,395306,5,1277876
WIN$D,M15,1632134700,170085.0,170170.0,169355.0,169620.0,362098,5,1146695
WIN$D,M15,1632135600,169620.0,169910.0,169290.0,169565.0,298839,5,952386
WIN$D,M15,1632136500,169565.0,169780.0,169370.0,169475.0,218998,5,697909
WIN$D,M15,1632137400,169470.0,169690.0,169190.0,169205.0,231080,5,794698
WIN$D,M15,1632138300,169210.0,169525.0,169045.0,169140.0,231058,5,757230
WIN$D,M15,1632139200,169145.0,169330.0,168955.0,169000.0,196888,5,673864
WIN$D,M15,1632140100,169000.0,169085.0,168735.0,168865.0,189708,5,669735
WIN$D,M15,1632141000,168870.0,168890.0,168485.0,168505.0,144487,5,513942
WIN$D,M15,1632141900,168500.0,168625.0,168360.0,168590.0,158849,5,612754
WIN$D,M15,1632142800,168595.0,168625.0,168290.0,168365.0,148136,5,534178
WIN$D,M15,1632143700,168365.0,168745.0,168295.0,168680.0,168700,5,608510
WIN$D,M15,1632144600,168680.0,168725.0,168335.0,168385.0,153805,5,529600
WIN$D,M15,1632145500,168385.0,168525.0,168260.0,168375.0,141357,5,486932
WIN$D,M15,1632146400,168375.0,168485.0,168235.0,168345.0,119735,5,418559
WIN$D,M15,1632147300,168340.0,168655.0,168330.0,168565.0,132729,5,468052
WIN$D,M15,1632148200,168560.0,168920.0,168475.0,168725.0,150511,5,543512
WIN$D,M15,1632149100,168720.0,169070.0,168645.0,168785.0,175614,5,618700
WIN$D,M15,1632150000,168780.0,168860.0,168490.0,168510.0,148562,5,520652
WIN$D,M15,1632150900,168510.0,168560.0,168310.0,168460.0,134179,5,489129
WIN$D,M15,1632151800,168460.0,168675.0,168325.0,168485.0,163920,5,608363
WIN$D,M15,1632152700,168485.0,168755.0,168350.0,168455.0,163049,5,616532
WIN$D,M15,1632153600,168460.0,168620.0,168385.0,168470.0,129177,5,476416
WIN$D,M15,1632154500,168465.0,169115.0,168430.0,169045.0,158554,5,590093
WIN$D,M15,1632155400,169045.0,169485.0,169030.0,169430.0,189634,5,706019
WIN$D,M15,1632156300,169430.0,169655.0,169220.0,169545.0,172282,5,630637
WIN$D,M15,1632157200,169540.0,169630.0,169390.0,169595.0,90140,5,310598
WIN$D,M15,1632158100,169595.0,169630.0,169350.0,169420.0,85900,5,283571
WIN$D,M15,1632159000,169425.0,169775.0,169385.0,169710.0,94383,5,284003
WIN$D,M15,1632159900,169715.0,170210.0,169655.0,170145.0,67851,5,182716
WIN$D,M15,1632214800,171035.0,171310.0,170595.0,170655.0,263434,5,721586
WIN$D,M15,1632215700,170660.0,170800.0,170445.0,170545.0,225544,5,657684
WIN$D,M15,1632216600,170545.0,170580.0,170290.0,170395.0,171334,5,535182
WIN$D,M15,1632217500,170395.0,170475.0,170180.0,170290.0,178667,5,574739
WIN$D,M15,1632218400,170295.0,170540.0,169980.0,170205.0,315172,5,1038201
WIN$D,M15,1632219300,170205.0,170285.0,169945.0,170255.0,247314,5,800857
WIN$D,M15,1632220200,170250.0,170390.0,169610.0,169755.0,381442,5,1313446
WIN$D,M15,1632221100,169755.0,170570.0,169755.0,170475.0,422875,5,1398357
WIN$D,M15,1632222000,170475.0,170755.0,169795.0,170035.0,338471,5,1051902
WIN$D,M15,1632222900,170030.0,170265.0,169880.0,170150.0,273358,5,911045
WIN$D,M15,1632223800,170150.0,170475.0,169990.0,170415.0,230214,5,749775
WIN$D,M15,1632224700,170415.0,170450.0,169765.0,170070.0,258741,5,874522
WIN$D,M15,1632225600,170075.0,170385.0,169885.0,170115.0,207223,5,676079
WIN$D,M15,1632226500,170115.0,170315.0,169975.0,170235.0,160111,5,527370
WIN$D,M15,1632227400,170230.0,170885.0,170185.0,170685.0,232236,5,760278
WIN$D,M15,1632228300,170685.0,171145.0,170570.0,171055.0,196491,5,673218
WIN$D,M15,1632229200,171060.0,171595.0,171040.0,171295.0,195634,5,700046
WIN$D,M15,1632230100,171300.0,171450.0,171200.0,171265.0,135198,5,493791
WIN$D,M15,1632231000,171265.0,171510.0,171105.0,171295.0,151887,5,540040
WIN$D,M15,1632231900,171295.0,171350.0,171065.0,171190.0,138822,5,499382
WIN$D,M15,1632232800,171185.0,171460.0,171100.0,171440.0,136893,5,494210
WIN$D,M15,1632233700,171440.0,171625.0,171375.0,171425.0,171884,5,595768
WIN$D,M15,1632234600,171430.0,171535.0,171325.0,171365.0,126036,5,436780
WIN$D,M15,1632235500,171365.0,171560.0,171230.0,171375.0,165884,5,582518
WIN$D,M15,1632236400,171375.0,171520.0,171265.0,171320.0,103570,5,365729
WIN$D,M15,1632237300,171320.0,171330.0,170785.0,170840.0,182353,5,673791
WIN$D,M15,1632238200,170835.0,171105.0,170815.0,171040.0,139318,5,523864
WIN$D,M15,1632239100,171040.0,171405.0,170955.0,171190.0,155720,5,615502
WIN$D,M15,1632240000,171190.0,171315.0,170890.0,171070.0,147822,5,540985
WIN$D,M15,1632240900,171070.0,171265.0,170865.0,171220.0,151937,5,547201
WIN$D,M15,1632241800,171215.0,171400.0,171170.0,171305.0,116062,5,431657
WIN$D,M15,1632242700,171305.0,171305.0,170800.0,170820.0,142309,5,527721
WIN$D,M15,1632243600,170815.0,171060.0,170660.0,170665.0,132818,5,460802
WIN$D,M15,1632244500,170665.0,170665.0,170390.0,170530.0,94527,5,327916
WIN$D,M15,1632245400,170530.0,170745.0,170415.0,170545.0,86197,5,261154
WIN$D,M15,1632246300,170550.0,170830.0,170470.0,170675.0,34267,5,92116
WIN$D,M15,1632301200,171935.0,172675.0,171935.0,172650.0,246579,5,650013
WIN$D,M15,1632302100,172650.0,172895.0,172540.0,172545.0,188333,5,595135
WIN$D,M15,1632303000,172545.0,172585.0,172325.0,172370.0,140091,5,441395
WIN$D,M15,1632303900,172375.0,172665.0,172270.0,172425.0,173733,5,565569
WIN$D,M15,1632304800,172430.0,172760.0,172345.0,172745.0,229714,5,728404
WIN$D,M15,1632305700,172745.0,172960.0,172480.0,172660.0,260813,5,844931
WIN$D,M15,1632306600,172660.0,173110.0,172555.0,173020.0,277942,5,940180
WIN$D,M15,1632307500,173015.0,173130.0,172780.0,172960.0,175487,5,566406
WIN$D,M15,1632308400,172960.0,173200.0,172930.0,173180.0,166713,5,586466
WIN$D,M15,1632309300,173180.0,173245.0,172780.0,172800.0,185792,5,621337
WIN$D,M15,1632310200,172795.0,172895.0,172505.0,172695.0,226958,5,788603
WIN$D,M15,1632311100,172695.0,172770.0,172495.0,172630.0,163183,5,549195
WIN$D,M15,1632312000,172630.0,173060.0,172550.0,173040.0,175652,5,620106
WIN$D,M15,1632312900,173040.0,173245.0,172990.0,173205.0,145115,5,533952
WIN$D,M15,1632313800,173210.0,173470.0,173175.0,173440.0,158870,5,577795
WIN$D,M15,1632314700,173435.0,173600.0,173365.0,173445.0,156515,5,563796
WIN$D,M15,1632315600,173445.0,173560.0,173220.0,173360.0,111232,5,397602
WIN$D,M15,1632316500,173360.0,173555.0,173310.0,173505.0,106940,5,358840
WIN$D,M15,1632317400,173505.0,173570.0,173290.0,173350.0,106462,5,374599
WIN$D,M15,1632318300,173345.0,173435.0,173310.0,173375.0,81301,5,285063
WIN$D,M15,1632319200,173375.0,173395.0,173185.0,173280.0,111691,5,414666
WIN$D,M15,1632320100,173280.0,173485.0,173260.0,173440.0,95824,5,358032
WIN$D,M15,1632321000,173440.0,173515.0,173225.0,173480.0,134331,5,533388
WIN$D,M15,1632321900,173480.0,173685.0,173435.0,173510.0,127486,5,451695
WIN$D,M15,1632322800,173505.0,173870.0,173305.0,173820.0,234516,5,743083
WIN$D,M15,1632323700,173815.0,174040.0,173725.0,173875.0,150773,5,539027
WIN$D,M15,1632324600,173880.0,173985.0,173245.0,173445.0,224099,5,797211
WIN$D,M15,1632325500,173440.0,173470.0,172605.0,173125.0,315510,5,1209979
WIN$D,M15,1632326400,173120.0,173505.0,172970.0,173345.0,188880,5,678344
WIN$D,M15,1632327300,173345.0,173715.0,173270.0,173470.0,163797,5,604239
WIN$D,M15,1632328200,173470.0,173535.0,173155.0,173280.0,145662,5,538876
WIN$D,M15,1632329100,173275.0,173365.0,172920.0,172995.0,118110,5,438475
WIN$D,M15,1632330000,172995.0,173060.0,172705.0,172930.0,106812,5,372261
WIN$D,M15,1632330900,172925.0,173160.0,172860.0,172975.0,88638,5,306713
WIN$D,M15,1632331800,172970.0,173100.0,172915.0,172970.0,51977,5,163074
WIN$D,M15,1632332700,172970.0,173030.0,172835.0,172870.0,23049,5,70126
WIN$D,M15,1632387600,173330.0,173675.0,173205.0,173455.0,174784,5,488947
WIN$D,M15,1632388500,173455.0,173815.0,173415.0,173735.0,171966,5,506801
WIN$D,M15,1632389400,173735.0,173830.0,173635.0,173675.0,122185,5,381359
WIN$D,M15,1632390300,173670.0,173715.0,173385.0,173410.0,160753,5,512290
WIN$D,M15,1632391200,173405.0,173520.0,173105.0,173290.0,308964,5,997032
WIN$D,M15,1632392100,173285.0,173495.0,173205.0,173405.0,234620,5,744113
WIN$D,M15,1632393000,173405.0,173885.0,173215.0,173865.0,392531,5,1279585
WIN$D,M15,1632393900,173865.0,174380.0,173860.0,174240.0,264143,5,878131
WIN$D,M15,1632394800,174235.0,174450.0,174180.0,174255.0,196823,5,634061
WIN$D,M15,1632395700,174255.0,174325.0,173945.0,174230.0,237246,5,776635
WIN$D,M15,1632396600,174235.0,174390.0,174105.0,174250.0,162881,5,547025
WIN$D,M15,1632397500,174250.0,174445.0,174140.0,174315.0,170498,5,567503
WIN$D,M15,1632398400,174315.0,174400.0,174200.0,174275.0,125513,5,437854
WIN$D,M15,1632399300,174275.0,174570.0,174020.0,174510.0,207631,5,725166
WIN$D,M15,1632400200,174510.0,174765.0,174510.0,174625.0,159187,5,562250
WIN$D,M15,1632401100,174620.0,174895.0,174585.0,174875.0,142849,5,513740
WIN$D,M15,1632402000,174870.0,174965.0,174740.0,174860.0,128754,5,446986
WIN$D,M15,1632402900,174860.0,174940.0,174730.0,174780.0,109990,5,404402
WIN$D,M15,1632403800,174780.0,174885.0,174660.0,174780.0,118755,5,421069
WIN$D,M15,1632404700,174780.0,175010.0,174685.0,174700.0,133089,5,478937
WIN$D,M15,1632405600,174700.0,175075.0,174620.0,174940.0,158011,5,575922
WIN$D,M15,1632406500,174940.0,175030.0,174860.0,174920.0,86596,5,311808
WIN$D,M15,1632407400,174920.0,174940.0,174735.0,174765.0,96404,5,342947
WIN$D,M15,1632408300,174765.0,174945.0,174680.0,174880.0,113933,5,406914
WIN$D,M15,1632409200,174880.0,174900.0,174720.0,174755.0,96305,5,348919
WIN$D,M15,1632410100,174755.0,174860.0,174695.0,174745.0,76441,5,278543
WIN$D,M15,1632411000,174750.0,174830.0,174450.0,174470.0,124371,5,476050
WIN$D,M15,1632411900,174470.0,174610.0,174385.0,174580.0,129947,5,493238
WIN$D,M15,1632412800,174575.0,174630.0,174415.0,174415.0,92657,5,342677
WIN$D,M15,1632413700,174420.0,174555.0,174360.0,174405.0,118300,5,435246
WIN$D,M15,1632414600,174410.0,174535.0,174390.0,174485.0,78086,5,288938
WIN$D,M15,1632415500,174490.0,174690.0,174400.0,174675.0,100170,5,369593
WIN$D,M15,1632416400,174675.0,174725.0,174560.0,174630.0,82040,5,271730
WIN$D,M15,1632417300,174630.0,174835.0,174595.0,174625.0,78049,5,252739
WIN$D,M15,1632418200,174625.0,174735.0,174505.0,174575.0,71701,5,212582
WIN$D,M15,1632419100,174575.0,174605.0,174445.0,174445.0,27040,5,79133
WIN$D,M15,1632474000,173700.0,173905.0,173460.0,173825.0,200730,5,520568
WIN$D,M15,1632474900,173820.0,173930.0,173560.0,173700.0,174129,5,517131
WIN$D,M15,1632475800,173695.0,173835.0,173660.0,173825.0,119957,5,357478
WIN$D,M15,1632476700,173825.0,173865.0,173425.0,173625.0,196122,5,617999
WIN$D,M15,1632477600,173630.0,173745.0,173240.0,173365.0,277474,5,854172
WIN$D,M15,1632478500,173365.0,173665.0,173285.0,173605.0,211332,5,648868
WIN$D,M15,1632479400,173605.0,174125.0,173525.0,173775.0,330046,5,1041519
WIN$D,M15,1632480300,173780.0,173780.0,173500.0,173690.0,250364,5,826868
WIN$D,M15,1632481200,173690.0,174030.0,173655.0,173760.0,247273,5,785641
WIN$D,M15,1632482100,173755.0,173915.0,173555.0,173910.0,226769,5,737870
WIN$D,M15,1632483000,173915.0,173995.0,173445.0,173525.0,232150,5,758987
WIN$D,M15,1632483900,173520.0,173535.0,173120.0,173225.0,191832,5,657587
WIN$D,M15,1632484800,173230.0,173410.0,173090.0,173385.0,171760,5,585103
WIN$D,M15,1632485700,173385.0,173615.0,173335.0,173515.0,138112,5,489681
WIN$D,M15,1632486600,173515.0,173730.0,173420.0,173700.0,150196,5,511419
WIN$D,M15,1632487500,173700.0,173880.0,173670.0,173810.0,98338,5,363364
WIN$D,M15,1632488400,173810.0,174255.0,173720.0,174140.0,181327,5,670423
WIN$D,M15,1632489300,174140.0,174160.0,173920.0,173930.0,109673,5,430909
WIN$D,M15,1632490200,173930.0,173960.0,173690.0,173700.0,108707,5,392842
WIN$D,M15,1632491100,173705.0,173755.0,173545.0,173565.0,114705,5,444959
WIN$D,M15,1632492000,173565.0,173945.0,173545.0,173875.0,127175,5,457561
WIN$D,M15,1632492900,173875.0,173940.0,173770.0,173915.0,105839,5,395588
WIN$D,M15,1632493800,173920.0,174015.0,173715.0,173875.0,159679,5,583489
WIN$D,M15,1632494700,173875.0,173960.0,173770.0,173785.0,97061,5,347279
WIN$D,M15,1632495600,173785.0,173835.0,173675.0,173705.0,95679,5,332070
WIN$D,M15,1632496500,173700.0,173925.0,173685.0,173905.0,83898,5,300068
WIN$D,M15,1632497400,173910.0,174025.0,173835.0,173890.0,86820,5,322523
WIN$D,M15,1632498300,173885.0,174215.0,173850.0,174160.0,110897,5,423512
WIN$D,M15,1632499200,174155.0,174175.0,173900.0,173975.0,104647,5,395192
WIN$D,M15,1632500100,173970.0,174055.0,173855.0,173980.0,83434,5,306660
WIN$D,M15,1632501000,173985.0,174125.0,173750.0,173990.0,132242,5,492839
WIN$D,M15,1632501900,173985.0,174075.0,173900.0,173955.0,90261,5,333107
WIN$D,M15,1632502800,173955.0,174025.0,173890.0,173925.0,47302,5,166514
WIN$D,M15,1632503700,173920.0,174055.0,173910.0,174025.0,31538,5,108384
WIN$D,M15,1632504600,174025.0,174175.0,173935.0,173980.0,72289,5,212988
WIN$D,M15,1632505500,173980.0,174185.0,173955.0,174185.0,28652,5,70784
WIN$D,M15,1632733200,174515.0,174585.0,173825.0,173900.0,180914,5,488887
WIN$D,M15,1632734100,173895.0,173960.0,173650.0,173655.0,137233,5,449458
WIN$D,M15,1632735000,173655.0,173780.0,173555.0,173750.0,152901,5,527312
WIN$D,M15,1632735900,173750.0,173955.0,173660.0,173935.0,157906,5,560548
WIN$D,M15,1632736800,173930.0,173950.0,173605.0,173860.0,256701,5,920258
WIN$D,M15,1632737700,173855.0,173880.0,173455.0,173555.0,212585,5,779183
WIN$D,M15,1632738600,173555.0,173720.0,173305.0,173635.0,279668,5,989868
WIN$D,M15,1632739500,173635.0,174165.0,173570.0,174150.0,251955,5,907772
WIN$D,M15,1632740400,174150.0,174455.0,174060.0,174290.0,212175,5,819335
WIN$D,M15,1632741300,174290.0,174340.0,174010.0,174220.0,177967,5,684646
WIN$D,M15,1632742200,174220.0,174300.0,174010.0,174155.0,138872,5,519621
WIN$D,M15,1632743100,174160.0,174380.0,174120.0,174200.0,170309,5,655633
WIN$D,M15,1632744000,174195.0,174315.0,173860.0,173975.0,172513,5,674316
WIN$D,M15,1632744900,173970.0,174120.0,173815.0,173900.0,144411,5,561961
WIN$D,M15,1632745800,173900.0,174020.0,173800.0,173990.0,122365,5,455913
WIN$D,M15,1632746700,173990.0,174065.0,173895.0,173990.0,93872,5,360127
WIN$D,M15,1632747600,173990.0,174230.0,173915.0,174200.0,113271,5,476206
WIN$D,M15,1632748500,174200.0,174455.0,174180.0,174325.0,121694,5,487266
WIN$D,M15,1632749400,174325.0,174550.0,174230.0,174380.0,139780,5,536546
WIN$D,M15,1632750300,174380.0,174420.0,174195.0,174265.0,108486,5,428030
WIN$D,M15,1632751200,174270.0,174350.0,174195.0,174260.0,81578,5,327409
WIN$D,M15,1632752100,174265.0,174355.0,174060.0,174070.0,120204,5,497934
WIN$D,M15,1632753000,174070.0,174080.0,173810.0,173910.0,136252,5,576113
WIN$D,M15,1632753900,173910.0,173985.0,173750.0,173930.0,111752,5,469605
WIN$D,M15,1632754800,173930.0,174095.0,172790.0,173105.0,265941,5,1139789
WIN$D,M15,1632755700,173110.0,173675.0,173020.0,173600.0,184832,5,717805
WIN$D,M15,1632756600,173605.0,173635.0,173390.0,173570.0,116318,5,473331
WIN$D,M15,1632757500,173575.0,173665.0,173200.0,173290.0,146642,5,594539
WIN$D,M15,1632758400,173290.0,173725.0,173240.0,173645.0,132716,5,534031
WIN$D,M15,1632759300,173645.0,173795.0,173600.0,173640.0,100152,5,412518
WIN$D,M15,1632760200,173640.0,175550.0,173615.0,174530.0,239006,5,954803
WIN$D,M15,1632761100,174530.0,174590.0,174065.0,174150.0,129517,5,522065
WIN$D,M15,1632762000,174150.0,174230.0,173770.0,174000.0,78409,5,324902
WIN$D,M15,1632762900,174000.0,174035.0,173825.0,173975.0,61802,5,227189
WIN$D,M15,1632763800,173980.0,174265.0,173915.0,174150.0,72496,5,241661
WIN$D,M15,1632764700,174150.0,174205.0,173835.0,173835.0,21780,5,77189
WIN$D,M15,1632819600,172990.0,173205.0,172705.0,173140.0,215760,5,578450
WIN$D,M15,1632820500,173140.0,173375.0,172985.0,173070.0,186897,5,578254
WIN$D,M15,1632821400,173070.0,173160.0,172845.0,172990.0,174530,5,537836
WIN$D,M15,1632822300,172995.0,173275.0,172965.0,173215.0,146241,5,491022
WIN$D,M15,1632823200,173215.0,173575.0,173120.0,173305.0,295673,5,1011560
WIN$D,M15,1632824100,173300.0,173775.0,173215.0,173475.0,260733,5,883542
WIN$D,M15,1632825000,173470.0,173795.0,173415.0,173440.0,276766,5,897856
WIN$D,M15,1632825900,173440.0,173455.0,172865.0,173145.0,311318,5,1094300
WIN$D,M15,1632826800,173145.0,173235.0,172410.0,172440.0,325918,5,1157353
WIN$D,M15,1632827700,172440.0,172505.0,172010.0,172245.0,262351,5,961833
WIN$D,M15,1632828600,172245.0,172615.0,171910.0,172490.0,303511,5,1061517
WIN$D,M15,1632829500,172485.0,172515.0,171795.0,171955.0,232219,5,818516
WIN$D,M15,1632830400,171955.0,172025.0,171580.0,171640.0,206324,5,737096
WIN$D,M15,1632831300,171635.0,171960.0,171485.0,171920.0,166683,5,622760
WIN$D,M15,1632832200,171920.0,172060.0,171810.0,171915.0,170332,5,608797
WIN$D,M15,1632833100,171920.0,171945.0,171560.0,171765.0,150163,5,527511
WIN$D,M15,1632834000,171760.0,172085.0,171700.0,172010.0,129536,5,460650
WIN$D,M15,1632834900,172015.0,172080.0,171815.0,171940.0,106254,5,386765
WIN$D,M15,1632835800,171940.0,171950.0,171530.0,171540.0,123304,5,455066
WIN$D,M15,1632836700,171545.0,171655.0,171310.0,171430.0,175525,5,656758
WIN$D,M15,1632837600,171435.0,171480.0,171190.0,171340.0,165288,5,628189
WIN$D,M15,1632838500,171340.0,171555.0,171140.0,171400.0,169607,5,630770
WIN$D,M15,1632839400,171400.0,171405.0,171115.0,171130.0,151866,5,555498
WIN$D,M15,1632840300,171125.0,171190.0,170705.0,170720.0,151203,5,576320
WIN$D,M15,1632841200,170720.0,170880.0,170540.0,170620.0,156189,5,621845
WIN$D,M15,1632842100,170620.0,171000.0,170605.0,170960.0,144363,5,560515
WIN$D,M15,1632843000,170965.0,171050.0,170760.0,170985.0,147725,5,596668
WIN$D,M15,1632843900,170980.0,171115.0,170880.0,171010.0,117447,5,462280
WIN$D,M15,1632844800,171005.0,171220.0,170795.0,171155.0,150676,5,590774
WIN$D,M15,1632845700,171160.0,171230.0,170645.0,170670.0,157422,5,620897
WIN$D,M15,1632846600,170670.0,171110.0,170660.0,170950.0,160586,5,629851
WIN$D,M15,1632847500,170950.0,171025.0,170640.0,170740.0,139306,5,534960
WIN$D,M15,1632848400,170745.0,170830.0,170585.0,170745.0,96767,5,372556
WIN$D,M15,1632849300,170745.0,170810.0,170600.0,170650.0,51107,5,183409
WIN$D,M15,1632850200,170650.0,170670.0,170450.0,170530.0,60821,5,213219
WIN$D,M15,1632851100,170530.0,170550.0,170415.0,170455.0,36536,5,123024
WIN$D,M15,1632906000,171135.0,171790.0,171065.0,171575.0,220750,5,619267
WIN$D,M15,1632906900,171575.0,171630.0,171275.0,171335.0,165546,5,517970
WIN$D,M15,1632907800,171335.0,171505.0,171160.0,171485.0,202655,5,648659
WIN$D,M15,1632908700,171485.0,171650.0,171290.0,171580.0,215069,5,682858
WIN$D,M15,1632909600,171580.0,171705.0,171335.0,171665.0,281352,5,906459
WIN$D,M15,1632910500,171670.0,171775.0,171445.0,171545.0,225820,5,753767
WIN$D,M15,1632911400,171550.0,171660.0,170935.0,171095.0,381112,5,1284831
WIN$D,M15,1632912300,171095.0,171875.0,170925.0,171730.0,377087,5,1273839
WIN$D,M15,1632913200,171730.0,172035.0,171675.0,171885.0,252393,5,830628
WIN$D,M15,1632914100,171885.0,172105.0,171850.0,172100.0,172590,5,601802
WIN$D,M15,1632915000,172100.0,172375.0,171910.0,172355.0,210849,5,760612
WIN$D,M15,1632915900,172355.0,172410.0,172240.0,172315.0,124700,5,463838
WIN$D,M15,1632916800,172310.0,172630.0,172255.0,172545.0,158789,5,621906
WIN$D,M15,1632917700,172550.0,172620.0,172140.0,172400.0,186157,5,740940
WIN$D,M15,1632918600,172400.0,172445.0,172055.0,172090.0,150395,5,574968
WIN$D,M15,1632919500,172090.0,172470.0,172025.0,172395.0,140104,5,558043
WIN$D,M15,1632920400,172400.0,172555.0,172095.0,172165.0,141291,5,561642
WIN$D,M15,1632921300,172165.0,172235.0,171895.0,172035.0,176737,5,668090
WIN$D,M15,1632922200,172030.0,172180.0,171975.0,172085.0,107428,5,381995
WIN$D,M15,1632923100,172085.0,172335.0,172005.0,172255.0,104902,5,395860
WIN$D,M15,1632924000,172260.0,172320.0,171995.0,172020.0,141444,5,531024
WIN$D,M15,1632924900,172015.0,172185.0,171750.0,171840.0,161509,5,624355
WIN$D,M15,1632925800,171840.0,171845.0,171280.0,171525.0,196109,5,806275
WIN$D,M15,1632926700,171525.0,171740.0,171450.0,171585.0,158430,5,623468
WIN$D,M15,1632927600,171585.0,171920.0,171455.0,171915.0,165836,5,618012
WIN$D,M15,1632928500,171915.0,171925.0,171545.0,171610.0,137550,5,510513
WIN$D,M15,1632929400,171610.0,172020.0,171595.0,171945.0,122267,5,467185
WIN$D,M15,1632930300,171945.0,171960.0,171440.0,171440.0,144285,5,567211
WIN$D,M15,1632931200,171445.0,171850.0,171425.0,171810.0,137632,5,538392
WIN$D,M15,1632932100,171805.0,171930.0,171705.0,171810.0,118567,5,469014
WIN$D,M15,1632933000,171815.0,171970.0,171665.0,171695.0,121723,5,489877
WIN$D,M15,1632933900,171690.0,171715.0,171315.0,171455.0,139147,5,562575
WIN$D,M15,1632934800,171455.0,171900.0,171440.0,171750.0,95702,5,361607
WIN$D,M15,1632935700,171755.0,171830.0,171640.0,171700.0,69171,5,246061
WIN$D,M15,1632936600,171700.0,171835.0,171550.0,171585.0,73921,5,216961
WIN$D,M15,1632937500,171590.0,171665.0,171485.0,171575.0,29202,5,79263
WIN$D,M15,1632992400,172085.0,172335.0,172015.0,172075.0,168906,5,454382
WIN$D,M15,1632993300,172075.0,172290.0,171960.0,172205.0,145658,5,449588
WIN$D,M15,1632994200,172210.0,172585.0,172205.0,172545.0,198753,5,670698
WIN$D,M15,1632995100,172545.0,172800.0,172535.0,172555.0,156155,5,566543
WIN$D,M15,1632996000,172555.0,172565.0,172005.0,172140.0,274709,5,959700
WIN$D,M15,1632996900,172140.0,172610.0,171990.0,172545.0,261617,5,900101
WIN$D,M15,1632997800,172545.0,172830.0,172265.0,172515.0,331071,5,1167987
WIN$D,M15,1632998700,172515.0,172910.0,172345.0,172655.0,262013,5,916076
WIN$D,M15,1632999600,172660.0,172820.0,172395.0,172585.0,267952,5,936781
WIN$D,M15,1633000500,172585.0,172700.0,172320.0,172605.0,242592,5,865620
WIN$D,M15,1633001400,172605.0,172890.0,172475.0,172700.0,231724,5,828583
WIN$D,M15,1633002300,172700.0,172770.0,172145.0,172295.0,200501,5,733832
WIN$D,M15,1633003200,172295.0,172745.0,172195.0,172660.0,197989,5,722525
WIN$D,M15,1633004100,172665.0,172950.0,172655.0,172860.0,183037,5,690704
WIN$D,M15,1633005000,172860.0,172935.0,172505.0,172555.0,184162,5,677138
WIN$D,M15,1633005900,172550.0,172595.0,171965.0,172385.0,204124,5,794730
WIN$D,M15,1633006800,172385.0,172510.0,171490.0,171665.0,231783,5,876303
WIN$D,M15,1633007700,171665.0,171810.0,171525.0,171575.0,170883,5,606409
WIN$D,M15,1633008600,171570.0,171910.0,171445.0,171815.0,166507,5,608508
WIN$D,M15,1633009500,171815.0,172170.0,171715.0,172010.0,161438,5,587454
WIN$D,M15,1633010400,172005.0,172260.0,171910.0,172160.0,141113,5,506914
WIN$D,M15,1633011300,172160.0,172235.0,171765.0,171785.0,168030,5,612279
WIN$D,M15,1633012200,171785.0,171870.0,171650.0,171845.0,121311,5,445459
WIN$D,M15,1633013100,171850.0,172125.0,171760.0,171965.0,161436,5,589082
WIN$D,M15,1633014000,171965.0,172360.0,171950.0,172180.0,145596,5,536301
WIN$D,M15,1633014900,172180.0,172190.0,171715.0,171915.0,163807,5,603940
WIN$D,M15,1633015800,171915.0,172080.0,171760.0,171960.0,152988,5,615679
WIN$D,M15,1633016700,171955.0,172230.0,171770.0,171850.0,164864,5,629523
WIN$D,M15,1633017600,171850.0,172040.0,171650.0,171955.0,138478,5,532875
WIN$D,M15,1633018500,171960.0,172120.0,171840.0,171855.0,118410,5,455519
WIN$D,M15,1633019400,171860.0,172060.0,171705.0,171780.0,115877,5,449100
WIN$D,M15,1633020300,171775.0,171795.0,171075.0,171090.0,189153,5,749662
WIN$D,M15,1633021200,171090.0,171375.0,171070.0,171210.0,95088,5,326173
WIN$D,M15,1633022100,171215.0,171355.0,171060.0,171105.0,54938,5,195054
WIN$D,M15,1633023000,171105.0,171120.0,170905.0,170970.0,61793,5,205979
WIN$D,M15,1633023900,170975.0,171135.0,170895.0,171125.0,27739,5,92836
WIN$D,M15,1633078800,171485.0,171625.0,171365.0,171605.0,155785,5,469866
WIN$D,M15,1633079700,171600.0,171780.0,171535.0,171675.0,149543,5,463178
WIN$D,M15,1633080600,171675.0,171755.0,171370.0,171495.0,201017,5,666294
WIN$D,M15,1633081500,171495.0,171770.0,171370.0,171725.0,187049,5,610719
WIN$D,M15,1633082400,171730.0,171980.0,171640.0,171960.0,213848,5,746718
WIN$D,M15,1633083300,171965.0,172315.0,171960.0,172250.0,233750,5,857331
WIN$D,M15,1633084200,172250.0,172415.0,172110.0,172275.0,274879,5,1007206
WIN$D,M15,1633085100,172275.0,172385.0,172070.0,172230.0,226438,5,772608
WIN$D,M15,1633086000,172225.0,172575.0,172200.0,172460.0,265204,5,977026
WIN$D,M15,1633086900,172455.0,172475.0,172035.0,172205.0,244287,5,901297
WIN$D,M15,1633087800,172195.0,172565.0,172115.0,172205.0,231892,5,833632
WIN$D,M15,1633088700,172200.0,172355.0,171845.0,172225.0,250505,5,960594
WIN$D,M15,1633089600,172225.0,172615.0,172085.0,172455.0,230048,5,843203
WIN$D,M15,1633090500,172455.0,172700.0,172330.0,172480.0,192977,5,705468
WIN$D,M15,1633091400,172480.0,172810.0,172465.0,172795.0,164024,5,595468
WIN$D,M15,1633092300,172795.0,172860.0,172545.0,172650.0,138045,5,514698
WIN$D,M15,1633093200,172645.0,172705.0,172540.0,172575.0,100839,5,368539
WIN$D,M15,1633094100,172570.0,172805.0,172490.0,172745.0,115471,5,430302
WIN$D,M15,1633095000,172745.0,172755.0,172595.0,172745.0,92519,5,356089
WIN$D,M15,1633095900,172745.0,172835.0,172685.0,172725.0,92170,5,376933
WIN$D,M15,1633096800,172725.0,172930.0,172655.0,172870.0,103850,5,406759
WIN$D,M15,1633097700,172865.0,173255.0,172815.0,173185.0,140808,5,560634
WIN$D,M15,1633098600,173180.0,173405.0,173125.0,173320.0,124732,5,505258
WIN$D,M15,1633099500,173320.0,173500.0,173270.0,173385.0,124483,5,517936
WIN$D,M15,1633100400,173390.0,173585.0,173320.0,173435.0,125321,5,500354
WIN$D,M15,1633101300,173435.0,173520.0,173365.0,173450.0,83205,5,328268
WIN$D,M15,1633102200,173455.0,173470.0,173195.0,173240.0,107000,5,455260
WIN$D,M15,1633103100,173240.0,173395.0,173215.0,173280.0,95002,5,409028
WIN$D,M15,1633104000,173275.0,173430.0,173160.0,173400.0,104794,5,434655
WIN$D,M15,1633104900,173395.0,173425.0,173245.0,173295.0,85628,5,357821
WIN$D,M15,1633105800,173295.0,173345.0,173190.0,173255.0,88891,5,370700
WIN$D,M15,1633106700,173255.0,173280.0,173105.0,173195.0,103456,5,423229
WIN$D,M15,1633107600,173195.0,173375.0,173150.0,173225.0,85336,5,312640
WIN$D,M15,1633108500,173225.0,173345.0,173215.0,173300.0,39873,5,141041
WIN$D,M15,1633109400,173295.0,173375.0,173225.0,173345.0,67224,5,215353
WIN$D,M15,1633110300,173340.0,173555.0,173285.0,173555.0,43215,5,116838
WIN$D,M15,1633338000,172735.0,172830.0,172555.0,172685.0,150518,5,407180
WIN$D,M15,1633338900,172685.0,172710.0,172445.0,172515.0,111086,5,355122
WIN$D,M15,1633339800,172515.0,172665.0,172435.0,172655.0,121899,5,399144
WIN$D,M15,1633340700,172655.0,172855.0,172605.0,172715.0,168144,5,558889
WIN$D,M15,1633341600,172715.0,172735.0,172090.0,172235.0,292204,5,1035436
WIN$D,M15,1633342500,172235.0,172280.0,171715.0,171805.0,271914,5,946504
WIN$D,M15,1633343400,171800.0,171905.0,171670.0,171860.0,238843,5,819091
WIN$D,M15,1633344300,171855.0,172035.0,171695.0,171985.0,241627,5,843871
WIN$D,M15,1633345200,171985.0,172055.0,171740.0,171855.0,252361,5,872618
WIN$D,M15,1633346100,171855.0,171880.0,171300.0,171375.0,264498,5,1000280
WIN$D,M15,1633347000,171375.0,171400.0,171175.0,171335.0,203508,5,819306
WIN$D,M15,1633347900,171335.0,171445.0,170950.0,171125.0,235775,5,922250
WIN$D,M15,1633348800,171125.0,171255.0,170990.0,171150.0,168055,5,641487
WIN$D,M15,1633349700,171155.0,171170.0,170785.0,170900.0,208127,5,770596
WIN$D,M15,1633350600,170900.0,170915.0,170335.0,170545.0,216711,5,851928
WIN$D,M15,1633351500,170545.0,170850.0,170510.0,170805.0,132496,5,549329
WIN$D,M15,1633352400,170805.0,170860.0,170630.0,170830.0,118932,5,470457
WIN$D,M15,1633353300,170830.0,170885.0,170540.0,170765.0,133577,5,520958
WIN$D,M15,1633354200,170760.0,170765.0,170560.0,170635.0,109855,5,444874
WIN$D,M15,1633355100,170635.0,170785.0,170575.0,170685.0,140385,5,538614
WIN$D,M15,1633356000,170690.0,170870.0,170615.0,170830.0,115677,5,455771
WIN$D,M15,1633356900,170830.0,170860.0,170550.0,170590.0,145156,5,581614
WIN$D,M15,1633357800,170590.0,170820.0,170535.0,170705.0,141464,5,559017
WIN$D,M15,1633358700,170705.0,170845.0,170635.0,170670.0,104297,5,428277
WIN$D,M15,1633359600,170670.0,171005.0,170665.0,170825.0,174507,5,672094
WIN$D,M15,1633360500,170825.0,170920.0,170695.0,170755.0,140894,5,553533
WIN$D,M15,1633361400,170760.0,170815.0,170645.0,170675.0,116613,5,456459
WIN$D,M15,1633362300,170675.0,170865.0,170655.0,170815.0,109353,5,424552
WIN$D,M15,1633363200,170815.0,170980.0,170720.0,170960.0,158737,5,632635
WIN$D,M15,1633364100,170965.0,171075.0,170660.0,170740.0,160060,5,611562
WIN$D,M15,1633365000,170740.0,170830.0,170545.0,170675.0,155419,5,587121
WIN$D,M15,1633365900,170680.0,170870.0,170615.0,170855.0,151899,5,564216
WIN$D,M15,1633366800,170860.0,170910.0,170620.0,170660.0,93106,5,353051
WIN$D,M15,1633367700,170655.0,170735.0,170630.0,170720.0,52777,5,199608
WIN$D,M15,1633368600,170720.0,170815.0,170665.0,170785.0,64404,5,219621
WIN$D,M15,1633369500,170785.0,170835.0,170735.0,170835.0,42590,5,128925
WIN$D,M15,1633424400,171505.0,171700.0,171320.0,171375.0,220276,5,621460
WIN$D,M15,1633425300,171375.0,171565.0,171230.0,171230.0,209717,5,628926
WIN$D,M15,1633426200,171240.0,171355.0,171090.0,171335.0,201104,5,621044
WIN$D,M15,1633427100,171335.0,171375.0,171110.0,171345.0,214255,5,681296
WIN$D,M15,1633428000,171350.0,171495.0,170905.0,171080.0,362212,5,1187710
WIN$D,M15,1633428900,171085.0,171315.0,170965.0,171090.0,267809,5,838772
WIN$D,M15,1633429800,171095.0,171160.0,170515.0,170550.0,392956,5,1339150
WIN$D,M15,1633430700,170550.0,171100.0,170495.0,170990.0,265153,5,918231
WIN$D,M15,1633431600,170990.0,171400.0,170975.0,171385.0,239889,5,857995
WIN$D,M15,1633432500,171385.0,171415.0,170895.0,171035.0,275095,5,1022964
WIN$D,M15,1633433400,171035.0,171360.0,171025.0,171290.0,203165,5,759571
WIN$D,M15,1633434300,171290.0,171455.0,171160.0,171235.0,183512,5,685078
WIN$D,M15,1633435200,171235.0,171610.0,171180.0,171610.0,197734,5,770736
WIN$D,M15,1633436100,171605.0,172040.0,171580.0,171905.0,203124,5,847102
WIN$D,M15,1633437000,171910.0,171965.0,171620.0,171625.0,141898,5,561240
WIN$D,M15,1633437900,171630.0,172080.0,171560.0,172005.0,163881,5,655481
WIN$D,M15,1633438800,172005.0,172180.0,171920.0,172145.0,119063,5,451168
WIN$D,M15,1633439700,172145.0,172250.0,171945.0,172175.0,143982,5,555381
WIN$D,M15,1633440600,172170.0,172240.0,172075.0,172130.0,89860,5,349597
WIN$D,M15,1633441500,172130.0,172205.0,171945.0,171985.0,103347,5,396534
WIN$D,M15,1633442400,171980.0,172065.0,171800.0,171990.0,128670,5,489391
WIN$D,M15,1633443300,171985.0,172010.0,171675.0,171710.0,145860,5,552786
WIN$D,M15,1633444200,171705.0,171770.0,171525.0,171645.0,129647,5,500690
WIN$D,M15,1633445100,171645.0,171700.0,171475.0,171530.0,114551,5,435651
WIN$D,M15,1633446000,171525.0,171695.0,171490.0,171510.0,126622,5,468321
WIN$D,M15,1633446900,171510.0,171570.0,171070.0,171225.0,194154,5,747264
WIN$D,M15,1633447800,171225.0,171530.0,171170.0,171480.0,126202,5,507733
WIN$D,M15,1633448700,171485.0,171575.0,171305.0,171370.0,117871,5,485161
WIN$D,M15,1633449600,171365.0,171605.0,171280.0,171475.0,142749,5,557990
WIN$D,M15,1633450500,171480.0,171530.0,171170.0,171185.0,121045,5,460249
WIN$D,M15,1633451400,171180.0,171320.0,171085.0,171140.0,113157,5,448383
WIN$D,M15,1633452300,171135.0,171140.0,170635.0,170740.0,158235,5,646436
WIN$D,M15,1633453200,170740.0,171005.0,170705.0,170895.0,83355,5,314391
WIN$D,M15,1633454100,170895.0,170950.0,170795.0,170825.0,59107,5,210117
WIN$D,M15,1633455000,170825.0,170885.0,170730.0,170740.0,60332,5,192553
WIN$D,M15,1633455900,170740.0,170765.0,170590.0,170735.0,41030,5,120317
WIN$D,M15,1633510800,169725.0,169755.0,168645.0,169095.0,314590,5,896766
WIN$D,M15,1633511700,169095.0,169365.0,168995.0,169335.0,188989,5,609583
WIN$D,M15,1633512600,169330.0,169655.0,169220.0,169445.0,240451,5,797365
WIN$D,M15,1633513500,169450.0,169570.0,169240.0,169240.0,162256,5,532834
WIN$D,M15,1633514400,169240.0,169670.0,169200.0,169645.0,270814,5,906184
WIN$D,M15,1633515300,169645.0,169820.0,169305.0,169425.0,323680,5,1076806
WIN$D,M15,1633516200,169420.0,170130.0,169260.0,169670.0,451444,5,1564566
WIN$D,M15,1633517100,169670.0,169845.0,169150.0,169240.0,309973,5,1098256
WIN$D,M15,1633518000,169245.0,169245.0,168555.0,168840.0,379261,5,1481402
WIN$D,M15,1633518900,168835.0,169490.0,168645.0,169090.0,296392,5,1125243
WIN$D,M15,1633519800,169090.0,169565.0,169045.0,169325.0,257801,5,939860
WIN$D,M15,1633520700,169325.0,169700.0,169170.0,169665.0,210037,5,757416
WIN$D,M15,1633521600,169660.0,169860.0,169560.0,169640.0,180490,5,652354
WIN$D,M15,1633522500,169640.0,169745.0,169195.0,169230.0,190945,5,670985
WIN$D,M15,1633523400,169230.0,169405.0,169095.0,169310.0,159673,5,556982
WIN$D,M15,1633524300,169305.0,169720.0,169210.0,169705.0,160825,5,597630
WIN$D,M15,1633525200,169710.0,169815.0,169510.0,169525.0,126035,5,455097
WIN$D,M15,1633526100,169525.0,169640.0,169180.0,169235.0,172442,5,651972
WIN$D,M15,1633527000,169235.0,169280.0,168950.0,169245.0,164334,5,636192
WIN$D,M15,1633527900,169250.0,169560.0,169140.0,169455.0,157140,5,626577
WIN$D,M15,1633528800,169460.0,169590.0,169160.0,169310.0,161340,5,615172
WIN$D,M15,1633529700,169310.0,169565.0,169280.0,169485.0,124011,5,479684
WIN$D,M15,1633530600,169485.0,170130.0,169475.0,170010.0,212708,5,870991
WIN$D,M15,1633531500,170010.0,170185.0,169820.0,170170.0,190924,5,772437
WIN$D,M15,1633532400,170170.0,170475.0,170020.0,170380.0,216998,5,849652
WIN$D,M15,1633533300,170380.0,170615.0,170295.0,170580.0,160576,5,638493
WIN$D,M15,1633534200,170580.0,170775.0,170510.0,170725.0,153795,5,666982
WIN$D,M15,1633535100,170725.0,170920.0,170660.0,170690.0,146184,5,635965
WIN$D,M15,1633536000,170690.0,170875.0,170650.0,170770.0,99115,5,415038
WIN$D,M15,1633536900,170765.0,170830.0,170680.0,170820.0,86374,5,362964
WIN$D,M15,1633537800,170820.0,171015.0,170770.0,170925.0,106738,5,429402
WIN$D,M15,1633538700,170920.0,171100.0,170900.0,170970.0,98255,5,399764
WIN$D,M15,1633539600,170975.0,171050.0,170880.0,171015.0,60733,5,241854
WIN$D,M15,1633540500,171010.0,171095.0,170980.0,171010.0,48216,5,193930
WIN$D,M15,1633541400,171005.0,171100.0,170975.0,171065.0,44144,5,156646
WIN$D,M15,1633542300,171060.0,171225.0,171055.0,171130.0,34494,5,127123
WIN$D,M15,1633597200,172200.0,172200.0,171615.0,171740.0,176657,5,509191
WIN$D,M15,1633598100,171740.0,171845.0,171440.0,171465.0,160604,5,512018
WIN$D,M15,1633599000,171460.0,171630.0,171350.0,171445.0,186048,5,622075
WIN$D,M15,1633599900,171440.0,171615.0,171315.0,171370.0,198438,5,638549
WIN$D,M15,1633600800,171365.0,171515.0,171205.0,171435.0,268599,5,909936
WIN$D,M15,1633601700,171435.0,171570.0,171080.0,171280.0,273980,5,903904
WIN$D,M15,1633602600,171285.0,171515.0,171085.0,171165.0,330432,5,1126704
WIN$D,M15,1633603500,171175.0,171340.0,170965.0,171330.0,260169,5,915068
WIN$D,M15,1633604400,171330.0,171475.0,171050.0,171070.0,240360,5,859953
WIN$D,M15,1633605300,171075.0,171500.0,171010.0,171435.0,251888,5,913797
WIN$D,M15,1633606200,171430.0,171700.0,171320.0,171550.0,231313,5,796787
WIN$D,M15,1633607100,171550.0,171715.0,171415.0,171445.0,185761,5,671036
WIN$D,M15,1633608000,171440.0,171455.0,171150.0,171295.0,198635,5,740190
WIN$D,M15,1633608900,171295.0,171365.0,171070.0,171165.0,158247,5,589312
WIN$D,M15,1633609800,171160.0,171480.0,171150.0,171475.0,170229,5,645804
WIN$D,M15,1633610700,171470.0,171700.0,171385.0,171665.0,137225,5,508605
WIN$D,M15,1633611600,171665.0,171765.0,171425.0,171490.0,160341,5,594229
WIN$D,M15,1633612500,171490.0,171750.0,171455.0,171745.0,127352,5,472444
WIN$D,M15,1633613400,171745.0,171920.0,171525.0,171595.0,150275,5,557429
WIN$D,M15,1633614300,171600.0,171610.0,171390.0,171575.0,125403,5,462547
WIN$D,M15,1633615200,171575.0,171630.0,171225.0,171275.0,144180,5,548525
WIN$D,M15,1633616100,171280.0,171610.0,171170.0,171600.0,151060,5,563846
WIN$D,M15,1633617000,171600.0,171705.0,171510.0,171595.0,137080,5,526383
WIN$D,M15,1633617900,171600.0,171725.0,171360.0,171400.0,143461,5,563731
WIN$D,M15,1633618800,171405.0,171670.0,171285.0,171615.0,158373,5,590628
WIN$D,M15,1633619700,171615.0,171760.0,171540.0,171590.0,148358,5,557472
WIN$D,M15,1633620600,171590.0,171915.0,171540.0,171665.0,159542,5,602425
WIN$D,M15,1633621500,171670.0,171675.0,171350.0,171390.0,128631,5,494889
WIN$D,M15,1633622400,171390.0,171670.0,171380.0,171615.0,102889,5,383007
WIN$D,M15,1633623300,171620.0,171635.0,171320.0,171355.0,119534,5,460652
WIN$D,M15,1633624200,171355.0,171505.0,171250.0,171255.0,111289,5,431259
WIN$D,M15,1633625100,171260.0,171330.0,171115.0,171180.0,106572,5,401661
WIN$D,M15,1633626000,171180.0,171210.0,170910.0,171085.0,103502,5,400398
WIN$D,M15,1633626900,171090.0,171235.0,171010.0,171115.0,66772,5,244609
WIN$D,M15,1633627800,171110.0,171175.0,171065.0,171130.0,40490,5,139516
WIN$D,M15,1633628700,171130.0,171415.0,171120.0,171415.0,33566,5,107061
WIN$D,M15,1633683600,171780.0,172075.0,171680.0,172020.0,161744,5,455225
WIN$D,M15,1633684500,172020.0,172415.0,171950.0,172260.0,133399,5,355745
WIN$D,M15,1633685400,172255.0,172575.0,171790.0,172380.0,335162,5,1040823
WIN$D,M15,1633686300,172380.0,172445.0,171985.0,172255.0,214680,5,744289
WIN$D,M15,1633687200,172255.0,172770.0,172250.0,172740.0,264998,5,904071
WIN$D,M15,1633688100,172745.0,173025.0,172730.0,172975.0,215613,5,764131
WIN$D,M15,1633689000,172975.0,173090.0,172795.0,172895.0,264353,5,907204
WIN$D,M15,1633689900,172890.0,173290.0,172740.0,173165.0,262771,5,939130
WIN$D,M15,1633690800,173160.0,173405.0,173155.0,173340.0,183811,5,696573
WIN$D,M15,1633691700,173340.0,173565.0,173330.0,173545.0,149671,5,591771
WIN$D,M15,1633692600,173550.0,173755.0,173520.0,173575.0,187450,5,822966
WIN$D,M15,1633693500,173570.0,173925.0,173405.0,173755.0,239579,5,1004647
WIN$D,M15,1633694400,173755.0,173920.0,173700.0,173900.0,155612,5,625463
WIN$D,M15,1633695300,173900.0,174920.0,173855.0,174435.0,317712,5,1316615
WIN$D,M15,1633696200,174435.0,174605.0,174220.0,174410.0,156203,5,586392
WIN$D,M15,1633697100,174415.0,174575.0,174310.0,174370.0,109932,5,420513
WIN$D,M15,1633698000,174370.0,174435.0,174215.0,174225.0,106765,5,422547
WIN$D,M15,1633698900,174230.0,174320.0,174085.0,174120.0,123000,5,495884
WIN$D,M15,1633699800,174115.0,174290.0,174005.0,174155.0,136851,5,561778
WIN$D,M15,1633700700,174155.0,174255.0,174125.0,174145.0,81353,5,354174
WIN$D,M15,1633701600,174140.0,174290.0,174070.0,174210.0,107214,5,457729
WIN$D,M15,1633702500,174210.0,174225.0,173945.0,174010.0,127165,5,527850
WIN$D,M15,1633703400,174015.0,174065.0,173845.0,173920.0,119969,5,490047
WIN$D,M15,1633704300,173920.0,174115.0,173830.0,174055.0,110860,5,471827
WIN$D,M15,1633705200,174050.0,174190.0,173870.0,173890.0,118462,5,500453
WIN$D,M15,1633706100,173895.0,174060.0,173845.0,174005.0,107949,5,469094
WIN$D,M15,1633707000,174005.0,174090.0,173845.0,173945.0,101969,5,440557
WIN$D,M15,1633707900,173945.0,173995.0,173655.0,173680.0,104642,5,455192
WIN$D,M15,1633708800,173680.0,173775.0,173600.0,173760.0,104571,5,466414
WIN$D,M15,1633709700,173765.0,173795.0,173660.0,173680.0,74067,5,344623
WIN$D,M15,1633710600,173685.0,173705.0,173335.0,173380.0,127582,5,550497
WIN$D,M15,1633711500,173385.0,173600.0,173350.0,173505.0,100882,5,429034
WIN$D,M15,1633712400,173510.0,173520.0,173235.0,173345.0,80343,5,347983
WIN$D,M15,1633713300,173350.0,173470.0,173300.0,173405.0,46437,5,185658
WIN$D,M15,1633714200,173405.0,173460.0,173325.0,173355.0,36759,5,133901
WIN$D,M15,1633715100,173350.0,173435.0,173280.0,173435.0,22924,5,73647
WIN$D,M15,1633942800,173635.0,174050.0,173500.0,173655.0,193645,5,553638
WIN$D,M15,1633943700,173660.0,173880.0,173545.0,173590.0,160825,5,496817
WIN$D,M15,1633944600,173585.0,173725.0,173495.0,173625.0,148662,5,494043
WIN$D,M15,1633945500,173620.0,173675.0,173465.0,173585.0,136809,5,461474
WIN$D,M15,1633946400,173585.0,173585.0,173195.0,173320.0,282691,5,960546
WIN$D,M15,1633947300,173320.0,173655.0,173105.0,173455.0,286478,5,945113
WIN$D,M15,1633948200,173455.0,174360.0,173430.0,174330.0,318205,5,1110412
WIN$D,M15,1633949100,174330.0,174395.0,173840.0,173990.0,230684,5,856350
WIN$D,M15,1633950000,173990.0,174030.0,173550.0,173785.0,268160,5,961419
WIN$D,M15,1633950900,173785.0,173930.0,173645.0,173800.0,197424,5,704707
WIN$D,M15,1633951800,173800.0,173925.0,173535.0,173670.0,211385,5,755405
WIN$D,M15,1633952700,173670.0,174015.0,173595.0,173635.0,205738,5,745666
WIN$D,M15,1633953600,173630.0,174130.0,173555.0,173970.0,200525,5,695314
WIN$D,M15,1633954500,173970.0,174240.0,173945.0,174230.0,151431,5,515076
WIN$D,M15,1633955400,174225.0,174230.0,173960.0,174005.0,131112,5,445893
WIN$D,M15,1633956300,174005.0,174165.0,173845.0,174055.0,140519,5,489442
WIN$D,M15,1633957200,174055.0,174085.0,173720.0,173740.0,150836,5,534658
WIN$D,M15,1633958100,173740.0,173815.0,173600.0,173640.0,133666,5,487788
WIN$D,M15,1633959000,173640.0,173745.0,173510.0,173555.0,120429,5,449125
WIN$D,M15,1633959900,173560.0,173695.0,173530.0,173695.0,113778,5,432916
WIN$D,M15,1633960800,173690.0,173715.0,173400.0,173430.0,118370,5,432120
WIN$D,M15,1633961700,173430.0,173435.0,172985.0,173060.0,156216,5,559070
WIN$D,M15,1633962600,173060.0,173120.0,172950.0,173035.0,101208,5,344706
WIN$D,M15,1633963500,173035.0,173050.0,172840.0,172915.0,132826,5,500072
WIN$D,M15,1633964400,172910.0,173200.0,172835.0,173120.0,151936,5,557905
WIN$D,M15,1633965300,173115.0,173175.0,172890.0,173020.0,127792,5,513740
WIN$D,M15,1633966200,173015.0,173065.0,172745.0,172845.0,118491,5,505503
WIN$D,M15,1633967100,172845.0,172980.0,172790.0,172920.0,106111,5,452254
WIN$D,M15,1633968000,172920.0,172935.0,172700.0,172845.0,91135,5,386289
WIN$D,M15,1633968900,172850.0,172860.0,172585.0,172605.0,88835,5,365247
WIN$D,M15,1633969800,172600.0,172700.0,172530.0,172585.0,79263,5,337887
WIN$D,M15,1633970700,172585.0,172665.0,172495.0,172545.0,63923,5,278563
WIN$D,M15,1633971600,172540.0,172580.0,172435.0,172480.0,50085,5,222480
WIN$D,M15,1633972500,172485.0,172635.0,172465.0,172610.0,41763,5,178294
WIN$D,M15,1633973400,172610.0,172680.0,172530.0,172635.0,43690,5,146709
WIN$D,M15,1633974300,172635.0,172725.0,172535.0,172535.0,19857,5,75905
WIN$D,M15,1634115600,172535.0,172740.0,172365.0,172710.0,132535,5,330761
WIN$D,M15,1634116500,172710.0,172800.0,172550.0,172790.0,110415,5,334437
WIN$D,M15,1634117400,172785.0,172900.0,172335.0,172420.0,206110,5,633731
WIN$D,M15,1634118300,172415.0,172715.0,172365.0,172560.0,152762,5,509459
WIN$D,M15,1634119200,172555.0,172670.0,172310.0,172585.0,202536,5,692751
WIN$D,M15,1634120100,172580.0,173130.0,172575.0,173085.0,246368,5,822432
WIN$D,M15,1634121000,173085.0,173455.0,173075.0,173330.0,239715,5,907682
WIN$D,M15,1634121900,173330.0,173360.0,172700.0,172875.0,272344,5,1054510
WIN$D,M15,1634122800,172875.0,172940.0,172555.0,172595.0,214066,5,808160
WIN$D,M15,1634123700,172595.0,172765.0,172535.0,172580.0,180003,5,664298
WIN$D,M15,1634124600,172580.0,173180.0,172515.0,173160.0,228754,5,842298
WIN$D,M15,1634125500,173160.0,173310.0,173090.0,173205.0,140355,5,529379
WIN$D,M15,1634126400,173205.0,173675.0,173175.0,173580.0,153681,5,616389
WIN$D,M15,1634127300,173575.0,173790.0,173480.0,173760.0,126638,5,495761
WIN$D,M15,1634128200,173760.0,174170.0,173615.0,174080.0,160775,5,631197
WIN$D,M15,1634129100,174080.0,174255.0,174060.0,174125.0,104391,5,436104
WIN$D,M15,1634130000,174125.0,174260.0,174075.0,174130.0,107792,5,447617
WIN$D,M15,1634130900,174135.0,174180.0,173925.0,174050.0,115492,5,498166
WIN$D,M15,1634131800,174055.0,174150.0,173885.0,174145.0,104511,5,447898
WIN$D,M15,1634132700,174145.0,174460.0,173935.0,174390.0,139996,5,609974
WIN$D,M15,1634133600,174390.0,174425.0,173915.0,173995.0,156221,5,691665
WIN$D,M15,1634134500,174000.0,174125.0,173935.0,174040.0,110256,5,517074
WIN$D,M15,1634135400,174040.0,174180.0,173900.0,174125.0,128483,5,577092
WIN$D,M15,1634136300,174125.0,174290.0,173970.0,174070.0,104525,5,441504
WIN$D,M15,1634137200,174065.0,174410.0,173965.0,174140.0,189561,5,770259
WIN$D,M15,1634138100,174140.0,174605.0,174090.0,174365.0,141704,5,585707
WIN$D,M15,1634139000,174360.0,174430.0,173835.0,173955.0,136754,5,598266
WIN$D,M15,1634139900,173950.0,174200.0,173940.0,174025.0,109775,5,506616
WIN$D,M15,1634140800,174025.0,174115.0,173905.0,174035.0,82537,5,376673
WIN$D,M15,1634141700,174035.0,174085.0,173835.0,173865.0,75561,5,353897
WIN$D,M15,1634142600,173865.0,174040.0,173785.0,173835.0,83045,5,390402
WIN$D,M15,1634143500,173830.0,173885.0,173665.0,173785.0,86169,5,399232
WIN$D,M15,1634144400,173785.0,173805.0,173670.0,173730.0,50543,5,217491
WIN$D,M15,1634145300,173730.0,173775.0,173605.0,173720.0,40671,5,177167
WIN$D,M15,1634146200,173720.0,173790.0,173625.0,173630.0,43194,5,166656
WIN$D,M15,1634147100,173630.0,173640.0,173500.0,173510.0,24745,5,107711
WIN$D,M15,1634202000,174460.0,174695.0,174155.0,174215.0,188867,5,550241
WIN$D,M15,1634202900,174215.0,174370.0,174175.0,174230.0,106001,5,334680
WIN$D,M15,1634203800,174230.0,174450.0,174100.0,174150.0,160393,5,549041
WIN$D,M15,1634204700,174150.0,174190.0,173955.0,174090.0,141597,5,497976
WIN$D,M15,1634205600,174095.0,174115.0,173805.0,174040.0,242379,5,871601
WIN$D,M15,1634206500,174040.0,174080.0,173610.0,173690.0,257428,5,914525
WIN$D,M15,1634207400,173690.0,173860.0,173415.0,173635.0,284807,5,1027178
WIN$D,M15,1634208300,173635.0,173795.0,173525.0,173680.0,199422,5,723861
WIN$D,M15,1634209200,173680.0,173695.0,173465.0,173560.0,156691,5,574067
WIN$D,M15,1634210100,173555.0,173675.0,173425.0,173620.0,154512,5,596037
WIN$D,M15,1634211000,173620.0,174020.0,173615.0,173945.0,220298,5,818423
WIN$D,M15,1634211900,173940.0,173975.0,173655.0,173950.0,177961,5,644950
WIN$D,M15,1634212800,173950.0,174015.0,173440.0,173505.0,207633,5,746123
WIN$D,M15,1634213700,173505.0,173515.0,173215.0,173375.0,165128,5,617184
WIN$D,M15,1634214600,173375.0,173395.0,173120.0,173275.0,149942,5,556771
WIN$D,M15,1634215500,173275.0,173460.0,173185.0,173290.0,137560,5,512874
WIN$D,M15,1634216400,173290.0,173360.0,173070.0,173245.0,119351,5,465278
WIN$D,M15,1634217300,173250.0,173315.0,173095.0,173275.0,92385,5,351035
WIN$D,M15,1634218200,173275.0,173430.0,173205.0,173370.0,98283,5,383775
WIN$D,M15,1634219100,173370.0,173430.0,173270.0,173390.0,86433,5,333905
WIN$D,M15,1634220000,173385.0,173500.0,173325.0,173365.0,94899,5,352964
WIN$D,M15,1634220900,173365.0,173415.0,173295.0,173390.0,72903,5,286970
WIN$D,M15,1634221800,173395.0,173565.0,173390.0,173495.0,108765,5,423893
WIN$D,M15,1634222700,173495.0,173550.0,173405.0,173445.0,75409,5,296292
WIN$D,M15,1634223600,173445.0,173450.0,173200.0,173365.0,128358,5,486724
WIN$D,M15,1634224500,173360.0,173475.0,173315.0,173365.0,76353,5,291006
WIN$D,M15,1634225400,173365.0,173530.0,173215.0,173280.0,99919,5,397809
WIN$D,M15,1634226300,173275.0,173345.0,173200.0,173255.0,71312,5,279034
WIN$D,M15,1634227200,173255.0,173260.0,172915.0,173110.0,134255,5,545146
WIN$D,M15,1634228100,173105.0,173410.0,173090.0,173300.0,111268,5,457746
WIN$D,M15,1634229000,173295.0,173740.0,173295.0,173625.0,141767,5,587123
WIN$D,M15,1634229900,173625.0,173700.0,173465.0,173535.0,88381,5,351345
WIN$D,M15,1634230800,173535.0,173600.0,173400.0,173515.0,63316,5,241095
WIN$D,M15,1634231700,173520.0,173665.0,173495.0,173630.0,40737,5,150456
WIN$D,M15,1634232600,173625.0,173765.0,173605.0,173700.0,46915,5,162138
WIN$D,M15,1634233500,173700.0,173850.0,173700.0,173820.0,24616,5,90108
WIN$D,M15,1634288400,174035.0,174045.0,173645.0,173810.0,141834,5,411321
WIN$D,M15,1634289300,173805.0,173895.0,173770.0,173800.0,80651,5,269089
WIN$D,M15,1634290200,173805.0,173980.0,173700.0,173950.0,141530,5,477749
WIN$D,M15,1634291100,173955.0,173995.0,173755.0,173765.0,115365,5,406140
WIN$D,M15,1634292000,173760.0,173805.0,173490.0,173555.0,210479,5,790169
WIN$D,M15,1634292900,173550.0,173615.0,173320.0,173365.0,226394,5,847250
WIN$D,M15,1634293800,173360.0,173780.0,173275.0,173770.0,281843,5,1095585
WIN$D,M15,1634294700,173770.0,174415.0,173735.0,174405.0,242899,5,993663
WIN$D,M15,1634295600,174400.0,174770.0,174380.0,174435.0,228397,5,1033824
WIN$D,M15,1634296500,174440.0,174530.0,174245.0,174380.0,162628,5,696214
WIN$D,M15,1634297400,174380.0,174700.0,174375.0,174655.0,171636,5,719972
WIN$D,M15,1634298300,174655.0,174845.0,174585.0,174595.0,144874,5,589014
WIN$D,M15,1634299200,174600.0,174750.0,174555.0,174680.0,99670,5,398539
WIN$D,M15,1634300100,174680.0,174780.0,174625.0,174695.0,86756,5,347458
WIN$D,M15,1634301000,174690.0,174945.0,174680.0,174785.0,125077,5,504503
WIN$D,M15,1634301900,174780.0,174835.0,174705.0,174795.0,79740,5,324590
WIN$D,M15,1634302800,174790.0,174825.0,174725.0,174755.0,51293,5,211960
WIN$D,M15,1634303700,174755.0,174755.0,174615.0,174690.0,78208,5,331942
WIN$D,M15,1634304600,174690.0,174895.0,174630.0,174845.0,104229,5,473399
WIN$D,M15,1634305500,174845.0,174870.0,174755.0,174865.0,67049,5,281969
WIN$D,M15,1634306400,174860.0,174935.0,174710.0,174715.0,86834,5,376762
WIN$D,M15,1634307300,174715.0,174750.0,174635.0,174675.0,85251,5,369760
WIN$D,M15,1634308200,174670.0,174835.0,174670.0,174760.0,83546,5,365325
WIN$D,M15,1634309100,174760.0,174870.0,174720.0,174785.0,60654,5,251767
WIN$D,M15,1634310000,174785.0,174865.0,174615.0,174845.0,108199,5,474180
WIN$D,M15,1634310900,174850.0,174950.0,174810.0,174880.0,94695,5,413902
WIN$D,M15,1634311800,174880.0,175105.0,174785.0,175015.0,127524,5,545016
WIN$D,M15,1634312700,175015.0,175040.0,174915.0,174940.0,57344,5,241858
WIN$D,M15,1634313600,174940.0,174980.0,174775.0,174845.0,90068,5,397538
WIN$D,M15,1634314500,174850.0,174950.0,174745.0,174910.0,91517,5,416500
WIN$D,M15,1634315400,174905.0,175005.0,174880.0,174995.0,72692,5,334761
WIN$D,M15,1634316300,174990.0,175005.0,174825.0,174850.0,76351,5,311838
WIN$D,M15,1634317200,174845.0,174855.0,174725.0,174765.0,53873,5,235465
WIN$D,M15,1634318100,174770.0,174840.0,174620.0,174680.0,51992,5,213495
WIN$D,M15,1634319000,174675.0,174750.0,174645.0,174675.0,39271,5,138365
WIN$D,M15,1634319900,174670.0,174785.0,174665.0,174725.0,19130,5,74331
WIN$D,M15,1634547600,174225.0,174355.0,173750.0,173810.0,176959,5,508598
WIN$D,M15,1634548500,173815.0,173955.0,173665.0,173740.0,156679,5,503986
WIN$D,M15,1634549400,173735.0,173815.0,173590.0,173615.0,141209,5,464071
WIN$D,M15,1634550300,173610.0,173620.0,173390.0,173555.0,160423,5,575588
WIN$D,M15,1634551200,173555.0,173645.0,173315.0,173395.0,203620,5,728960
WIN$D,M15,1634552100,173400.0,173555.0,173165.0,173550.0,213269,5,772004
WIN$D,M15,1634553000,173550.0,173590.0,172915.0,173130.0,320917,5,1158370
WIN$D,M15,1634553900,173130.0,173325.0,173035.0,173295.0,204999,5,725237
WIN$D,M15,1634554800,173290.0,173760.0,173185.0,173545.0,272573,5,1021990
WIN$D,M15,1634555700,173545.0,173675.0,173420.0,173475.0,199715,5,730520
WIN$D,M15,1634556600,173475.0,173835.0,173435.0,173755.0,175941,5,665240
WIN$D,M15,1634557500,173760.0,173830.0,173335.0,173440.0,208325,5,782710
WIN$D,M15,1634558400,173435.0,173695.0,173335.0,173535.0,158460,5,583911
WIN$D,M15,1634559300,173540.0,173870.0,173400.0,173840.0,174320,5,675231
WIN$D,M15,1634560200,173840.0,174195.0,173730.0,174195.0,166474,5,637443
WIN$D,M15,1634561100,174195.0,174580.0,174170.0,174555.0,162573,5,660657
WIN$D,M15,1634562000,174555.0,174925.0,174495.0,174770.0,148852,5,652543
WIN$D,M15,1634562900,174770.0,175015.0,174755.0,174875.0,127858,5,536300
WIN$D,M15,1634563800,174875.0,175050.0,174850.0,174940.0,97310,5,400503
WIN$D,M15,1634564700,174940.0,175005.0,174825.0,174920.0,94588,5,391331
WIN$D,M15,1634565600,174920.0,175115.0,174920.0,174980.0,96303,5,390819
WIN$D,M15,1634566500,174975.0,175225.0,174965.0,175065.0,109870,5,455930
WIN$D,M15,1634567400,175065.0,175115.0,174940.0,174980.0,85254,5,335344
WIN$D,M15,1634568300,174985.0,175030.0,174880.0,174950.0,88657,5,356653
WIN$D,M15,1634569200,174950.0,175005.0,174835.0,174945.0,87275,5,354599
WIN$D,M15,1634570100,174950.0,175020.0,174820.0,174925.0,85047,5,331418
WIN$D,M15,1634571000,174925.0,174925.0,174775.0,174835.0,82101,5,326878
WIN$D,M15,1634571900,174830.0,175095.0,174735.0,175065.0,119360,5,494818
WIN$D,M15,1634572800,175070.0,175105.0,174925.0,174935.0,83407,5,334616
WIN$D,M15,1634573700,174935.0,174940.0,174725.0,174790.0,92210,5,391820
WIN$D,M15,1634574600,174795.0,174795.0,174595.0,174750.0,110814,5,486702
WIN$D,M15,1634575500,174755.0,174910.0,174680.0,174710.0,100913,5,420938
WIN$D,M15,1634576400,174705.0,174715.0,174485.0,174535.0,73377,5,302995
WIN$D,M15,1634577300,174535.0,174610.0,174355.0,174455.0,83193,5,335741
WIN$D,M15,1634578200,174455.0,174610.0,174390.0,174590.0,48582,5,181699
WIN$D,M15,1634579100,174590.0,174635.0,174455.0,174455.0,25578,5,89947
WIN$D,M15,1634634000,174055.0,174065.0,172855.0,172955.0,261197,5,772420
WIN$D,M15,1634634900,172955.0,173245.0,172820.0,173195.0,230239,5,720981
WIN$D,M15,1634635800,173195.0,173295.0,172980.0,172995.0,183913,5,579466
WIN$D,M15,1634636700,172995.0,173130.0,172915.0,172980.0,152330,5,496907
WIN$D,M15,1634637600,172980.0,173200.0,172700.0,173045.0,274037,5,920477
WIN$D,M15,1634638500,173050.0,173375.0,172840.0,172895.0,282196,5,968013
WIN$D,M15,1634639400,172895.0,172960.0,172185.0,172255.0,335495,5,1216017
WIN$D,M15,1634640300,172260.0,172525.0,172120.0,172485.0,227672,5,795145
WIN$D,M15,1634641200,172485.0,172590.0,172315.0,172420.0,199260,5,706211
WIN$D,M15,1634642100,172425.0,172720.0,172380.0,172600.0,187046,5,666868
WIN$D,M15,1634643000,172600.0,172670.0,172245.0,172335.0,175071,5,649732
WIN$D,M15,1634643900,172340.0,172350.0,171985.0,172250.0,194987,5,754060
WIN$D,M15,1634644800,172250.0,172280.0,171530.0,171605.0,257457,5,1023087
WIN$D,M15,1634645700,171600.0,171765.0,171500.0,171650.0,149966,5,598887
WIN$D,M15,1634646600,171650.0,172000.0,171625.0,171870.0,153974,5,612012
WIN$D,M15,1634647500,171870.0,172085.0,171835.0,171995.0,110247,5,458709
WIN$D,M15,1634648400,171995.0,171995.0,171650.0,171960.0,149043,5,572746
WIN$D,M15,1634649300,171960.0,171985.0,171530.0,171695.0,149153,5,564644
WIN$D,M15,1634650200,171695.0,172000.0,171640.0,171885.0,101264,5,391159
WIN$D,M15,1634651100,171885.0,171980.0,171735.0,171895.0,111734,5,424914
WIN$D,M15,1634652000,171895.0,172065.0,171790.0,172055.0,94821,5,372512
WIN$D,M15,1634652900,172055.0,172345.0,172015.0,172265.0,157294,5,612800
WIN$D,M15,1634653800,172265.0,172295.0,171845.0,172000.0,159040,5,626813
WIN$D,M15,1634654700,172005.0,172165.0,171785.0,171815.0,126795,5,496869
WIN$D,M15,1634655600,171815.0,171915.0,170970.0,171305.0,252352,5,1026301
WIN$D,M15,1634656500,171310.0,171405.0,170895.0,171080.0,194783,5,722473
WIN$D,M15,1634657400,171085.0,171180.0,170485.0,170795.0,230015,5,878253
WIN$D,M15,1634658300,170790.0,170925.0,170490.0,170540.0,146255,5,530030
WIN$D,M15,1634659200,170540.0,170595.0,170045.0,170170.0,205716,5,755347
WIN$D,M15,1634660100,170165.0,172060.0,170150.0,171250.0,349617,5,1305986
WIN$D,M15,1634661000,171245.0,171310.0,170515.0,170705.0,197710,5,679849
WIN$D,M15,1634661900,170705.0,170965.0,170560.0,170685.0,96836,5,311267
WIN$D,M15,1634662800,170685.0,171385.0,170590.0,171230.0,105200,5,339292
WIN$D,M15,1634663700,171230.0,171820.0,171055.0,171445.0,117459,5,356709
WIN$D,M15,1634664600,171445.0,171520.0,171220.0,171405.0,77540,5,211686
WIN$D,M15,1634665500,171400.0,171515.0,170995.0,171315.0,56494,5,138569
WIN$D,M15,1634720400,171555.0,171645.0,170685.0,171305.0,295322,5,859900
WIN$D,M15,1634721300,171305.0,171475.0,171120.0,171245.0,218629,5,695577
WIN$D,M15,1634722200,171245.0,171615.0,171045.0,171560.0,204522,5,691814
WIN$D,M15,1634723100,171565.0,171890.0,171515.0,171750.0,200407,5,675829
WIN$D,M15,1634724000,171745.0,171940.0,171240.0,171865.0,384906,5,1256642
WIN$D,M15,1634724900,171865.0,171880.0,171000.0,171055.0,296453,5,939842
WIN$D,M15,1634725800,171055.0,171120.0,170700.0,170970.0,349663,5,1249579
WIN$D,M15,1634726700,170965.0,171095.0,170625.0,170880.0,287841,5,1045080
WIN$D,M15,1634727600,170880.0,171170.0,170740.0,171075.0,251690,5,900801
WIN$D,M15,1634728500,171075.0,171520.0,171025.0,171455.0,274862,5,969772
WIN$D,M15,1634729400,171460.0,171685.0,171365.0,171620.0,239892,5,845879
WIN$D,M15,1634730300,171620.0,171760.0,171300.0,171325.0,254612,5,935081
WIN$D,M15,1634731200,171330.0,171690.0,171265.0,171560.0,189503,5,659757
WIN$D,M15,1634732100,171555.0,171915.0,171440.0,171730.0,169092,5,599468
WIN$D,M15,1634733000,171725.0,171805.0,171225.0,171300.0,167914,5,571169
WIN$D,M15,1634733900,171295.0,171355.0,171120.0,171250.0,133293,5,449521
WIN$D,M15,1634734800,171250.0,171485.0,171180.0,171275.0,138353,5,472657
WIN$D,M15,1634735700,171270.0,171540.0,171215.0,171420.0,111370,5,403325
WIN$D,M15,1634736600,171425.0,171570.0,171320.0,171355.0,121882,5,454705
WIN$D,M15,1634737500,171355.0,171545.0,171280.0,171435.0,106567,5,388002
WIN$D,M15,1634738400,171435.0,171610.0,170905.0,170925.0,181744,5,709168
WIN$D,M15,1634739300,170925.0,170990.0,170690.0,170900.0,154008,5,563863
WIN$D,M15,1634740200,170900.0,171055.0,170280.0,170990.0,228828,5,839689
WIN$D,M15,1634741100,170990.0,171450.0,170975.0,171315.0,169670,5,655105
WIN$D,M15,1634742000,171320.0,171350.0,171070.0,171275.0,119296,5,436804
WIN$D,M15,1634742900,171275.0,171510.0,171190.0,171455.0,111281,5,424009
WIN$D,M15,1634743800,171450.0,172300.0,171425.0,171710.0,272799,5,1087757
WIN$D,M15,1634744700,171705.0,171945.0,171485.0,171530.0,167693,5,654519
WIN$D,M15,1634745600,171530.0,171645.0,171315.0,171470.0,112360,5,429049
WIN$D,M15,1634746500,171470.0,171525.0,171190.0,171195.0,94406,5,360860
WIN$D,M15,1634747400,171200.0,171490.0,171105.0,171315.0,128369,5,495312
WIN$D,M15,1634748300,171315.0,171355.0,170920.0,170925.0,110572,5,418523
WIN$D,M15,1634749200,170925.0,170990.0,170080.0,170125.0,137567,5,518381
WIN$D,M15,1634750100,170130.0,170405.0,169785.0,169855.0,127796,5,485160
WIN$D,M15,1634751000,169860.0,170080.0,169430.0,169480.0,102900,5,339236
WIN$D,M15,1634751900,169475.0,169515.0,169000.0,169235.0,49607,5,185746
WIN$D,M15,1634806800,167745.0,168550.0,167665.0,168525.0,235276,5,638876
WIN$D,M15,1634807700,168520.0,168600.0,168300.0,168525.0,176154,5,535219
WIN$D,M15,1634808600,168525.0,168965.0,168475.0,168910.0,192249,5,600950
WIN$D,M15,1634809500,168910.0,168960.0,168240.0,168265.0,205845,5,620617
WIN$D,M15,1634810400,168260.0,168835.0,168180.0,168705.0,286824,5,893096
WIN$D,M15,1634811300,168700.0,169485.0,168585.0,169470.0,282144,5,917225
WIN$D,M15,1634812200,169470.0,169625.0,169170.0,169465.0,337829,5,1174210
WIN$D,M15,1634813100,169465.0,169500.0,168955.0,169075.0,268364,5,942429
WIN$D,M15,1634814000,169075.0,169285.0,168795.0,168965.0,262797,5,915606
WIN$D,M15,1634814900,168965.0,169090.0,168745.0,168825.0,241934,5,814646
WIN$D,M15,1634815800,168825.0,169445.0,168760.0,169255.0,262363,5,903960
WIN$D,M15,1634816700,169250.0,169335.0,168750.0,168920.0,232019,5,829832
WIN$D,M15,1634817600,168920.0,168930.0,168190.0,168305.0,208682,5,725909
WIN$D,M15,1634818500,168305.0,168805.0,168130.0,168335.0,224689,5,811280
WIN$D,M15,1634819400,168335.0,168545.0,168225.0,168445.0,164924,5,588866
WIN$D,M15,1634820300,168440.0,168710.0,168195.0,168260.0,155602,5,550952
WIN$D,M15,1634821200,168260.0,168575.0,168225.0,168440.0,150480,5,546203
WIN$D,M15,1634822100,168445.0,168485.0,167995.0,168125.0,176210,5,625682
WIN$D,M15,1634823000,168130.0,168355.0,167815.0,168345.0,170177,5,620965
WIN$D,M15,1634823900,168345.0,168720.0,168135.0,168460.0,243061,5,887958
WIN$D,M15,1634824800,168460.0,168510.0,167580.0,167685.0,208461,5,761940
WIN$D,M15,1634825700,167685.0,167950.0,167390.0,167505.0,200750,5,739418
WIN$D,M15,1634826600,167505.0,167510.0,166860.0,166880.0,214899,5,835694
WIN$D,M15,1634827500,166880.0,166965.0,165895.0,166170.0,348149,5,1353690
WIN$D,M15,1634828400,166170.0,166565.0,165760.0,166355.0,251262,5,908033
WIN$D,M15,1634829300,166360.0,166855.0,166010.0,166700.0,212130,5,784880
WIN$D,M15,1634830200,166700.0,167630.0,166580.0,167545.0,217209,5,767862
WIN$D,M15,1634831100,167545.0,167900.0,167065.0,167210.0,214119,5,750956
WIN$D,M15,1634832000,167210.0,167505.0,167130.0,167310.0,141727,5,495879
WIN$D,M15,1634832900,167315.0,168045.0,167300.0,167845.0,157487,5,575944
WIN$D,M15,1634833800,167850.0,167985.0,167305.0,167485.0,187735,5,683881
WIN$D,M15,1634834700,167485.0,167845.0,167375.0,167540.0,133063,5,483925
WIN$D,M15,1634835600,167545.0,168105.0,167490.0,167895.0,115667,5,397847
WIN$D,M15,1634836500,167890.0,167950.0,167535.0,167635.0,100017,5,329567
WIN$D,M15,1634837400,167640.0,167780.0,167385.0,167485.0,84942,5,252027
WIN$D,M15,1634838300,167490.0,168080.0,167485.0,167825.0,70821,5,207258
WIN$D,M15,1634893200,167015.0,167540.0,166720.0,167025.0,267980,5,661406
WIN$D,M15,1634894100,167025.0,167200.0,166830.0,167140.0,184013,5,529866
WIN$D,M15,1634895000,167135.0,167235.0,166540.0,166895.0,254164,5,779734
WIN$D,M15,1634895900,166900.0,166945.0,166350.0,166545.0,264911,5,829087
WIN$D,M15,1634896800,166550.0,166665.0,166225.0,166325.0,282915,5,886007
WIN$D,M15,1634897700,166325.0,167045.0,166310.0,166585.0,289585,5,958834
WIN$D,M15,1634898600,166585.0,166835.0,165620.0,165770.0,356658,5,1308072
WIN$D,M15,1634899500,165770.0,165850.0,165270.0,165700.0,320961,5,1255808
WIN$D,M15,1634900400,165705.0,165770.0,165320.0,165335.0,222302,5,832039
WIN$D,M15,1634901300,165330.0,165410.0,164920.0,164975.0,251629,5,947538
WIN$D,M15,1634902200,164975.0,164985.0,163775.0,163945.0,351803,5,1402259
WIN$D,M15,1634903100,163945.0,164535.0,163150.0,163475.0,433015,5,1690214
WIN$D,M15,1634904000,163470.0,164120.0,163420.0,163800.0,221785,5,720442
WIN$D,M15,1634904900,163800.0,163945.0,162825.0,163415.0,281495,5,896759
WIN$D,M15,1634905800,163410.0,164630.0,163170.0,164410.0,289868,5,992429
WIN$D,M15,1634906700,164410.0,164810.0,164135.0,164330.0,249819,5,822266
WIN$D,M15,1634907600,164330.0,164730.0,163955.0,163980.0,199921,5,648792
WIN$D,M15,1634908500,163980.0,164095.0,163575.0,163835.0,190078,5,628474
WIN$D,M15,1634909400,163830.0,165785.0,163730.0,165475.0,295778,5,901291
WIN$D,M15,1634910300,165455.0,165525.0,164420.0,164620.0,201815,5,616981
WIN$D,M15,1634911200,164615.0,165230.0,164400.0,164910.0,221809,5,673129
WIN$D,M15,1634912100,164910.0,166455.0,164715.0,166105.0,320544,5,911960
WIN$D,M15,1634913000,166105.0,166530.0,165510.0,166165.0,262475,5,755753
WIN$D,M15,1634913900,166165.0,166260.0,165785.0,165930.0,161500,5,474016
WIN$D,M15,1634914800,165935.0,166865.0,165180.0,166255.0,277698,5,854530
WIN$D,M15,1634915700,166255.0,166420.0,165735.0,166200.0,187655,5,537824
WIN$D,M15,1634916600,166205.0,168030.0,166055.0,167650.0,277840,5,809300
WIN$D,M15,1634917500,167655.0,167775.0,166790.0,166970.0,224809,5,617843
WIN$D,M15,1634918400,166965.0,167565.0,166545.0,167020.0,202030,5,587882
WIN$D,M15,1634919300,167020.0,167085.0,166540.0,166885.0,159776,5,456205
WIN$D,M15,1634920200,166880.0,166935.0,166190.0,166380.0,139827,5,438290
WIN$D,M15,1634921100,166385.0,166490.0,165915.0,166240.0,115786,5,353852
WIN$D,M15,1634922000,166245.0,166655.0,165985.0,166470.0,106059,5,273180
WIN$D,M15,1634922900,166465.0,166805.0,166355.0,166455.0,64337,5,168858
WIN$D,M15,1634923800,166455.0,166475.0,166125.0,166240.0,67426,5,149342
WIN$D,M15,1634924700,166240.0,166320.0,165925.0,166165.0,34322,5,74338
WIN$D,M15,1635152400,167070.0,167325.0,166775.0,166800.0,149140,5,435805
WIN$D,M15,1635153300,166795.0,166820.0,166420.0,166775.0,199874,5,561379
WIN$D,M15,1635154200,166780.0,167295.0,166665.0,167275.0,305946,5,915765
WIN$D,M15,1635155100,167275.0,167465.0,167020.0,167165.0,253600,5,756249
WIN$D,M15,1635156000,167165.0,167750.0,166955.0,167610.0,374345,5,1124764
WIN$D,M15,1635156900,167610.0,168135.0,167265.0,167800.0,311117,5,937798
WIN$D,M15,1635157800,167805.0,168035.0,167340.0,167625.0,316638,5,1007942
WIN$D,M15,1635158700,167625.0,168295.0,167225.0,168275.0,284902,5,868732
WIN$D,M15,1635159600,168270.0,168650.0,168270.0,168350.0,252146,5,816694
WIN$D,M15,1635160500,168350.0,168760.0,168330.0,168475.0,194978,5,638738
WIN$D,M15,1635161400,168475.0,168550.0,168165.0,168340.0,199935,5,646680
WIN$D,M15,1635162300,168335.0,168525.0,168230.0,168485.0,163396,5,542046
WIN$D,M15,1635163200,168485.0,168715.0,168320.0,168410.0,184854,5,636511
WIN$D,M15,1635164100,168405.0,168470.0,168040.0,168160.0,157028,5,536545
WIN$D,M15,1635165000,168160.0,168185.0,167850.0,168030.0,158287,5,533584
WIN$D,M15,1635165900,168035.0,168365.0,167890.0,168100.0,168507,5,566117
WIN$D,M15,1635166800,168095.0,168330.0,167890.0,168115.0,153406,5,527288
WIN$D,M15,1635167700,168120.0,168360.0,168085.0,168180.0,150328,5,551190
WIN$D,M15,1635168600,168180.0,168450.0,168080.0,168375.0,138312,5,476167
WIN$D,M15,1635169500,168375.0,168640.0,168315.0,168450.0,163629,5,563991
WIN$D,M15,1635170400,168455.0,168635.0,168280.0,168610.0,129223,5,471604
WIN$D,M15,1635171300,168610.0,168655.0,168175.0,168575.0,166955,5,583630
WIN$D,M15,1635172200,168575.0,168645.0,168205.0,168210.0,163680,5,615598
WIN$D,M15,1635173100,168210.0,168505.0,168115.0,168380.0,171622,5,649832
WIN$D,M15,1635174000,168380.0,168740.0,168215.0,168635.0,150760,5,562155
WIN$D,M15,1635174900,168635.0,169360.0,168625.0,169200.0,190953,5,707847
WIN$D,M15,1635175800,169200.0,169260.0,168860.0,169150.0,186300,5,672360
WIN$D,M15,1635176700,169155.0,169475.0,169000.0,169340.0,192846,5,689965
WIN$D,M15,1635177600,169340.0,169505.0,169090.0,169240.0,160103,5,578375
WIN$D,M15,1635178500,169245.0,169355.0,169060.0,169225.0,113218,5,399272
WIN$D,M15,1635179400,169225.0,169320.0,169000.0,169270.0,123131,5,430553
WIN$D,M15,1635180300,169265.0,169275.0,168885.0,169005.0,127003,5,449807
WIN$D,M15,1635181200,169005.0,169025.0,168645.0,168690.0,99306,5,351594
WIN$D,M15,1635182100,168690.0,168900.0,168615.0,168820.0,81634,5,293653
WIN$D,M15,1635183000,168820.0,168825.0,168610.0,168640.0,67001,5,192360
WIN$D,M15,1635183900,168645.0,168765.0,168570.0,168755.0,28856,5,86766
WIN$D,M15,1635238800,168460.0,168470.0,167720.0,167775.0,161001,5,477816
WIN$D,M15,1635239700,167780.0,168105.0,167620.0,167720.0,250503,5,749305
WIN$D,M15,1635240600,167720.0,167900.0,167355.0,167590.0,269073,5,824631
WIN$D,M15,1635241500,167590.0,167615.0,167235.0,167435.0,225557,5,687285
WIN$D,M15,1635242400,167440.0,167740.0,167205.0,167540.0,307678,5,953621
WIN$D,M15,1635243300,167545.0,167800.0,167395.0,167645.0,261926,5,841364
WIN$D,M15,1635244200,167640.0,167765.0,167355.0,167400.0,299234,5,1012011
WIN$D,M15,1635245100,167400.0,167530.0,166790.0,166975.0,312220,5,1075579
WIN$D,M15,1635246000,166975.0,167745.0,166850.0,167535.0,315475,5,1059789
WIN$D,M15,1635246900,167530.0,167600.0,167185.0,167215.0,263451,5,962042
WIN$D,M15,1635247800,167220.0,167475.0,167070.0,167110.0,217153,5,771788
WIN$D,M15,1635248700,167110.0,167130.0,166725.0,166860.0,249533,5,879825
WIN$D,M15,1635249600,166855.0,167030.0,166595.0,166880.0,213981,5,756596
WIN$D,M15,1635250500,166880.0,167325.0,166835.0,167005.0,176548,5,619818
WIN$D,M15,1635251400,167010.0,167285.0,166875.0,167110.0,185436,5,640084
WIN$D,M15,1635252300,167105.0,167170.0,166595.0,166610.0,199322,5,706772
WIN$D,M15,1635253200,166610.0,166910.0,166475.0,166615.0,201012,5,694830
WIN$D,M15,1635254100,166615.0,166630.0,166325.0,166505.0,168199,5,597235
WIN$D,M15,1635255000,166500.0,166690.0,166425.0,166550.0,134130,5,495550
WIN$D,M15,1635255900,166550.0,166815.0,166415.0,166795.0,133935,5,477609
WIN$D,M15,1635256800,166785.0,166855.0,166640.0,166790.0,140410,5,514852
WIN$D,M15,1635257700,166790.0,167230.0,166720.0,167020.0,219003,5,816675
WIN$D,M15,1635258600,167020.0,167220.0,166885.0,167040.0,170304,5,616158
WIN$D,M15,1635259500,167035.0,167070.0,166730.0,166745.0,167741,5,592189
WIN$D,M15,1635260400,166745.0,166990.0,166735.0,166910.0,143138,5,508684
WIN$D,M15,1635261300,166915.0,167330.0,166870.0,167080.0,179249,5,670110
WIN$D,M15,1635262200,167080.0,167155.0,166785.0,166800.0,156730,5,583422
WIN$D,M15,1635263100,166805.0,167030.0,166765.0,167005.0,135392,5,498659
WIN$D,M15,1635264000,167000.0,167175.0,166840.0,166945.0,139437,5,527001
WIN$D,M15,1635264900,166945.0,167020.0,166685.0,166755.0,108434,5,413135
WIN$D,M15,1635265800,166755.0,166870.0,166690.0,166805.0,99074,5,363223
WIN$D,M15,1635266700,166805.0,166890.0,166220.0,166320.0,163037,5,617200
WIN$D,M15,1635267600,166320.0,166520.0,166200.0,166300.0,103209,5,365626
WIN$D,M15,1635268500,166305.0,166520.0,166250.0,166315.0,73352,5,256155
WIN$D,M15,1635269400,166320.0,166540.0,166305.0,166460.0,60896,5,191219
WIN$D,M15,1635270300,166465.0,166665.0,166415.0,166665.0,27172,5,90357
WIN$D,M15,1635325200,166565.0,167010.0,166535.0,166850.0,143229,5,415548
WIN$D,M15,1635326100,166855.0,166885.0,166480.0,166555.0,215378,5,616425
WIN$D,M15,1635327000,166550.0,166815.0,166375.0,166765.0,209645,5,605651
WIN$D,M15,1635327900,166765.0,167115.0,166720.0,167100.0,245567,5,771752
WIN$D,M15,1635328800,167100.0,167490.0,166890.0,167450.0,280726,5,950093
WIN$D,M15,1635329700,167450.0,167860.0,167400.0,167835.0,250619,5,884037
WIN$D,M15,1635330600,167835.0,167950.0,167580.0,167880.0,257530,5,852553
WIN$D,M15,1635331500,167875.0,167915.0,167715.0,167815.0,151010,5,487040
WIN$D,M15,1635332400,167810.0,168235.0,167805.0,168095.0,280858,5,994521
WIN$D,M15,1635333300,168095.0,168250.0,168060.0,168195.0,174253,5,605757
WIN$D,M15,1635334200,168200.0,168315.0,167920.0,167970.0,195475,5,696428
WIN$D,M15,1635335100,167970.0,168000.0,167750.0,167850.0,198952,5,717530
WIN$D,M15,1635336000,167850.0,168340.0,167830.0,167975.0,234523,5,846243
WIN$D,M15,1635336900,167970.0,168140.0,167695.0,167760.0,165536,5,581196
WIN$D,M15,1635337800,167755.0,167900.0,167635.0,167805.0,136191,5,477604
WIN$D,M15,1635338700,167800.0,167850.0,167460.0,167520.0,154708,5,557955
WIN$D,M15,1635339600,167525.0,167760.0,167520.0,167670.0,137787,5,482132
WIN$D,M15,1635340500,167665.0,168025.0,167655.0,167935.0,153303,5,521498
WIN$D,M15,1635341400,167940.0,167955.0,167635.0,167695.0,121622,5,411964
WIN$D,M15,1635342300,167695.0,167735.0,167510.0,167550.0,132941,5,466614
WIN$D,M15,1635343200,167555.0,167665.0,167290.0,167390.0,145722,5,514677
WIN$D,M15,1635344100,167395.0,167590.0,167275.0,167505.0,126651,5,458099
WIN$D,M15,1635345000,167505.0,167725.0,167455.0,167595.0,149499,5,528167
WIN$D,M15,1635345900,167600.0,167850.0,167580.0,167765.0,144161,5,490687
WIN$D,M15,1635346800,167765.0,167905.0,167630.0,167760.0,148617,5,521680
WIN$D,M15,1635347700,167760.0,167825.0,167705.0,167735.0,83431,5,316181
WIN$D,M15,1635348600,167735.0,167765.0,167430.0,167450.0,141089,5,520272
WIN$D,M15,1635349500,167450.0,167470.0,167095.0,167145.0,164233,5,605172
WIN$D,M15,1635350400,167145.0,167260.0,166710.0,166740.0,157800,5,601673
WIN$D,M15,1635351300,166740.0,166840.0,166050.0,166480.0,213423,5,822921
WIN$D,M15,1635352200,166475.0,166630.0,166065.0,166535.0,168311,5,649938
WIN$D,M15,1635353100,166530.0,166830.0,166335.0,166480.0,151754,5,558432
WIN$D,M15,1635354000,166480.0,166640.0,166430.0,166500.0,69151,5,243657
WIN$D,M15,1635354900,166505.0,166800.0,166500.0,166700.0,48547,5,175343
WIN$D,M15,1635355800,166700.0,166835.0,166570.0,166735.0,65064,5,189992
WIN$D,M15,1635356700,166725.0,167295.0,166720.0,167110.0,38868,5,122698
WIN$D,M15,1635411600,166640.0,166715.0,166105.0,166140.0,197724,5,538958
WIN$D,M15,1635412500,166145.0,166500.0,165845.0,165985.0,254883,5,743664
WIN$D,M15,1635413400,165985.0,166135.0,165765.0,166035.0,226922,5,683057
WIN$D,M15,1635414300,166030.0,166180.0,165595.0,165950.0,241246,5,754899
WIN$D,M15,1635415200,165945.0,166215.0,165675.0,166115.0,249974,5,763703
WIN$D,M15,1635416100,166110.0,166680.0,166030.0,166385.0,289347,5,948829
WIN$D,M15,1635417000,166385.0,166450.0,165935.0,166285.0,316570,5,1070535
WIN$D,M15,1635417900,166285.0,167090.0,166270.0,166870.0,274753,5,954839
WIN$D,M15,1635418800,166870.0,167015.0,166700.0,166740.0,200881,5,677330
WIN$D,M15,1635419700,166740.0,166890.0,166295.0,166430.0,212838,5,721909
WIN$D,M15,1635420600,166430.0,166615.0,166205.0,166410.0,198804,5,686615
WIN$D,M15,1635421500,166410.0,166550.0,165825.0,165975.0,285522,5,975583
WIN$D,M15,1635422400,165980.0,166090.0,165385.0,165745.0,247006,5,842724
WIN$D,M15,1635423300,165745.0,165915.0,165425.0,165695.0,206718,5,667628
WIN$D,M15,1635424200,165695.0,165810.0,165220.0,165755.0,226550,5,756092
WIN$D,M15,1635425100,165755.0,165890.0,165560.0,165830.0,146770,5,481062
WIN$D,M15,1635426000,165830.0,166050.0,165760.0,166010.0,145104,5,460691
WIN$D,M15,1635426900,166010.0,166295.0,165715.0,165745.0,179770,5,588011
WIN$D,M15,1635427800,165740.0,166390.0,165690.0,166245.0,206147,5,673746
WIN$D,M15,1635428700,166240.0,166315.0,165750.0,165770.0,183246,5,600405
WIN$D,M15,1635429600,165775.0,166045.0,165600.0,165930.0,164820,5,545299
WIN$D,M15,1635430500,165925.0,166345.0,165865.0,166325.0,147346,5,472669
WIN$D,M15,1635431400,166330.0,167355.0,166125.0,166860.0,296408,5,1033720
WIN$D,M15,1635432300,166860.0,167055.0,166625.0,166675.0,173255,5,572412
WIN$D,M15,1635433200,166675.0,166860.0,166570.0,166660.0,130604,5,410451
WIN$D,M15,1635434100,166655.0,166795.0,166425.0,166640.0,137580,5,465157
WIN$D,M15,1635435000,166640.0,166700.0,166330.0,166620.0,140901,5,477879
WIN$D,M15,1635435900,166620.0,166625.0,165590.0,165735.0,222937,5,757064
WIN$D,M15,1635436800,165735.0,165835.0,165330.0,165600.0,176437,5,578635
WIN$D,M15,1635437700,165605.0,165840.0,165505.0,165785.0,110999,5,392124
WIN$D,M15,1635438600,165785.0,166150.0,165695.0,165820.0,145443,5,495292
WIN$D,M15,1635439500,165820.0,165945.0,165615.0,165865.0,99185,5,337696
WIN$D,M15,1635440400,165870.0,165975.0,164620.0,164720.0,164161,5,544652
WIN$D,M15,1635441300,164710.0,164785.0,163990.0,164520.0,149583,5,472583
WIN$D,M15,1635442200,164515.0,164735.0,164315.0,164385.0,81748,5,228604
WIN$D,M15,1635443100,164385.0,164845.0,164385.0,164635.0,46673,5,130103
WIN$D,M15,1635498000,165020.0,165455.0,164945.0,165145.0,227374,5,561804
WIN$D,M15,1635498900,165145.0,165575.0,164965.0,165560.0,221318,5,622160
WIN$D,M15,1635499800,165560.0,165910.0,165360.0,165875.0,233991,5,677490
WIN$D,M15,1635500700,165875.0,166205.0,165665.0,166060.0,291697,5,900940
WIN$D,M15,1635501600,166060.0,166265.0,165690.0,166005.0,268717,5,832452
WIN$D,M15,1635502500,166000.0,166030.0,165560.0,165770.0,291258,5,857517
WIN$D,M15,1635503400,165770.0,165940.0,164695.0,164910.0,431278,5,1366499
WIN$D,M15,1635504300,164910.0,165045.0,164170.0,164205.0,346690,5,1091622
WIN$D,M15,1635505200,164200.0,164605.0,164150.0,164510.0,280696,5,903994
WIN$D,M15,1635506100,164515.0,164965.0,164255.0,164910.0,255211,5,805950
WIN$D,M15,1635507000,164910.0,165185.0,164835.0,165145.0,217408,5,682941
WIN$D,M15,1635507900,165140.0,165555.0,165015.0,165505.0,246703,5,800973
WIN$D,M15,1635508800,165500.0,165640.0,165320.0,165355.0,201127,5,644050
WIN$D,M15,1635509700,165355.0,165380.0,164735.0,165030.0,253918,5,819593
WIN$D,M15,1635510600,165035.0,165435.0,164995.0,165250.0,174087,5,520815
WIN$D,M15,1635511500,165255.0,165365.0,164770.0,164895.0,199706,5,603576
WIN$D,M15,1635512400,164895.0,165085.0,164545.0,164585.0,164072,5,491114
WIN$D,M15,1635513300,164585.0,164845.0,164465.0,164590.0,162047,5,464966
WIN$D,M15,1635514200,164590.0,164860.0,164545.0,164785.0,130655,5,389768
WIN$D,M15,1635515100,164785.0,165000.0,164750.0,164930.0,126705,5,398479
WIN$D,M15,1635516000,164930.0,165110.0,164900.0,165010.0,119714,5,373027
WIN$D,M15,1635516900,165015.0,165230.0,164880.0,165075.0,161018,5,508215
WIN$D,M15,1635517800,165075.0,165410.0,164805.0,165250.0,198449,5,614828
WIN$D,M15,1635518700,165245.0,165280.0,164790.0,164900.0,162599,5,508921
WIN$D,M15,1635519600,164895.0,165075.0,164475.0,164515.0,192954,5,606205
WIN$D,M15,1635520500,164520.0,164565.0,163755.0,163800.0,213265,5,709518
WIN$D,M15,1635521400,163795.0,164230.0,163630.0,163950.0,198910,5,703271
WIN$D,M15,1635522300,163955.0,165055.0,163850.0,164450.0,270106,5,926494
WIN$D,M15,1635523200,164450.0,164665.0,164155.0,164455.0,140370,5,468572
WIN$D,M15,1635524100,164455.0,164490.0,163500.0,163550.0,166447,5,567539
WIN$D,M15,1635525000,163555.0,163835.0,163510.0,163685.0,144790,5,478958
WIN$D,M15,1635525900,163685.0,163715.0,163370.0,163470.0,120150,5,406840
WIN$D,M15,1635526800,163470.0,163710.0,163275.0,163660.0,106561,5,345700
WIN$D,M15,1635527700,163665.0,164000.0,163595.0,163825.0,98189,5,305241
WIN$D,M15,1635528600,163825.0,163835.0,163570.0,163615.0,78619,5,213920
WIN$D,M15,1635529500,163610.0,164015.0,163590.0,163915.0,30762,5,91613
WIN$D,M15,1635757200,164495.0,164635.0,164235.0,164480.0,124686,5,360364
WIN$D,M15,1635758100,164485.0,164655.0,164410.0,164620.0,164015,5,460970
WIN$D,M15,1635759000,164625.0,164910.0,164510.0,164895.0,183349,5,533080
WIN$D,M15,1635759900,164895.0,165030.0,164760.0,164980.0,176660,5,534939
WIN$D,M15,1635760800,164985.0,165085.0,164660.0,164680.0,257152,5,761559
WIN$D,M15,1635761700,164680.0,164910.0,164365.0,164410.0,275334,5,847573
WIN$D,M15,1635762600,164410.0,164865.0,164335.0,164630.0,309734,5,957231
WIN$D,M15,1635763500,164630.0,165010.0,164480.0,164725.0,292610,5,928871
WIN$D,M15,1635764400,164730.0,165225.0,164635.0,165065.0,262749,5,909125
WIN$D,M15,1635765300,165070.0,165365.0,164980.0,165210.0,223309,5,764849
WIN$D,M15,1635766200,165210.0,165445.0,165015.0,165280.0,218488,5,729763
WIN$D,M15,1635767100,165280.0,165385.0,164785.0,164860.0,243710,5,784170
WIN$D,M15,1635768000,164860.0,165115.0,164615.0,164665.0,222029,5,722697
WIN$D,M15,1635768900,164665.0,165030.0,164625.0,164925.0,201424,5,645769
WIN$D,M15,1635769800,164930.0,165255.0,164915.0,165235.0,186120,5,617130
WIN$D,M15,1635770700,165235.0,165430.0,165120.0,165425.0,137253,5,465289
WIN$D,M15,1635771600,165425.0,165560.0,165340.0,165520.0,147665,5,502053
WIN$D,M15,1635772500,165525.0,165650.0,165300.0,165430.0,164102,5,573150
WIN$D,M15,1635773400,165430.0,165765.0,165335.0,165735.0,164877,5,566765
WIN$D,M15,1635774300,165735.0,165950.0,165725.0,165920.0,138715,5,502388
WIN$D,M15,1635775200,165920.0,165970.0,165635.0,165670.0,153026,5,545268
WIN$D,M15,1635776100,165670.0,165835.0,165630.0,165675.0,124525,5,450538
WIN$D,M15,1635777000,165670.0,166095.0,165640.0,165880.0,177014,5,626392
WIN$D,M15,1635777900,165885.0,165945.0,165745.0,165830.0,139059,5,484306
WIN$D,M15,1635778800,165830.0,165940.0,165490.0,165545.0,162348,5,560824
WIN$D,M15,1635779700,165550.0,165735.0,165470.0,165605.0,150509,5,530696
WIN$D,M15,1635780600,165605.0,165730.0,165440.0,165450.0,133929,5,476150
WIN$D,M15,1635781500,165450.0,165730.0,165400.0,165610.0,145354,5,519613
WIN$D,M15,1635782400,165610.0,166015.0,165585.0,165935.0,136086,5,479301
WIN$D,M15,1635783300,165935.0,165940.0,165745.0,165800.0,109720,5,403027
WIN$D,M15,1635784200,165800.0,165900.0,165755.0,165830.0,90512,5,318863
WIN$D,M15,1635785100,165835.0,165875.0,165615.0,165680.0,99781,5,350532
WIN$D,M15,1635786000,165680.0,165710.0,165420.0,165490.0,125591,5,419518
WIN$D,M15,1635786900,165495.0,165625.0,165320.0,165335.0,80794,5,269800
WIN$D,M15,1635787800,165335.0,165415.0,165260.0,165310.0,79724,5,238255
WIN$D,M15,1635788700,165315.0,165525.0,165165.0,165165.0,39916,5,117056
WIN$D,M15,1635930000,164530.0,164635.0,164280.0,164490.0,185678,5,474919
WIN$D,M15,1635930900,164495.0,164540.0,164175.0,164520.0,174443,5,514483
WIN$D,M15,1635931800,164520.0,164785.0,164370.0,164610.0,211981,5,652594
WIN$D,M15,1635932700,164615.0,164845.0,164535.0,164540.0,204203,5,626873
WIN$D,M15,1635933600,164540.0,164895.0,164365.0,164885.0,299537,5,949108
WIN$D,M15,1635934500,164890.0,165080.0,164545.0,164805.0,319663,5,984799
WIN$D,M15,1635935400,164810.0,164825.0,163995.0,164120.0,348248,5,1106373
WIN$D,M15,1635936300,164120.0,164515.0,164070.0,164490.0,227880,5,694240
WIN$D,M15,1635937200,164490.0,164835.0,164410.0,164755.0,291946,5,923314
WIN$D,M15,1635938100,164755.0,165420.0,164670.0,165225.0,309529,5,1035413
WIN$D,M15,1635939000,165225.0,165575.0,165195.0,165435.0,262311,5,875627
WIN$D,M15,1635939900,165430.0,165755.0,165340.0,165350.0,206382,5,707576
WIN$D,M15,1635940800,165345.0,165405.0,165075.0,165265.0,241096,5,833704
WIN$D,M15,1635941700,165260.0,165505.0,165040.0,165310.0,204673,5,655864
WIN$D,M15,1635942600,165305.0,166450.0,165255.0,166430.0,308986,5,1062360
WIN$D,M15,1635943500,166435.0,166800.0,166250.0,166740.0,252943,5,844930
WIN$D,M15,1635944400,166740.0,166755.0,166290.0,166320.0,181877,5,571237
WIN$D,M15,1635945300,166325.0,166405.0,166150.0,166190.0,146335,5,481433
WIN$D,M15,1635946200,166190.0,166215.0,165975.0,166010.0,135921,5,452036
WIN$D,M15,1635947100,166005.0,166295.0,165485.0,165485.0,206084,5,707498
WIN$D,M15,1635948000,165485.0,165815.0,165475.0,165595.0,151217,5,506054
WIN$D,M15,1635948900,165595.0,165635.0,165185.0,165220.0,169805,5,567558
WIN$D,M15,1635949800,165225.0,165270.0,164990.0,165145.0,142521,5,488241
WIN$D,M15,1635950700,165145.0,165175.0,164765.0,165005.0,193034,5,574344
WIN$D,M15,1635951600,165005.0,165600.0,164725.0,165145.0,314156,5,817233
WIN$D,M15,1635952500,165145.0,165540.0,164970.0,165055.0,199237,5,612092
WIN$D,M15,1635953400,165055.0,165275.0,164870.0,165195.0,194603,5,595622
WIN$D,M15,1635954300,165200.0,166710.0,165170.0,166195.0,353819,5,1145874
WIN$D,M15,1635955200,166195.0,166460.0,165870.0,166010.0,167117,5,553758
WIN$D,M15,1635956100,166015.0,166395.0,165875.0,166065.0,148060,5,500387
WIN$D,M15,1635957000,166065.0,166180.0,165830.0,166140.0,139833,5,492610
WIN$D,M15,1635957900,166135.0,166255.0,165770.0,165770.0,120631,5,418737
WIN$D,M15,1635958800,165775.0,166065.0,165625.0,165975.0,118884,5,384822
WIN$D,M15,1635959700,165975.0,166245.0,165970.0,166120.0,94714,5,291113
WIN$D,M15,1635960600,166125.0,166465.0,166065.0,166265.0,83197,5,210272
WIN$D,M15,1635961500,166270.0,166605.0,166260.0,166495.0,53465,5,133318
WIN$D,M15,1636016400,166665.0,166690.0,166015.0,166080.0,192842,5,490646
WIN$D,M15,1636017300,166080.0,166080.0,165695.0,165795.0,151676,5,488765
WIN$D,M15,1636018200,165795.0,165875.0,165380.0,165435.0,192504,5,626146
WIN$D,M15,1636019100,165435.0,165790.0,165420.0,165735.0,182254,5,584034
WIN$D,M15,1636020000,165730.0,165735.0,165225.0,165385.0,282518,5,886546
WIN$D,M15,1636020900,165385.0,165460.0,164990.0,165025.0,268244,5,846909
WIN$D,M15,1636021800,165025.0,165220.0,164725.0,164740.0,312547,5,1064305
WIN$D,M15,1636022700,164745.0,165035.0,164525.0,164825.0,303777,5,1030820
WIN$D,M15,1636023600,164825.0,164845.0,164395.0,164510.0,264804,5,934822
WIN$D,M15,1636024500,164510.0,165015.0,164490.0,164975.0,266496,5,884201
WIN$D,M15,1636025400,164975.0,165135.0,164505.0,164610.0,260944,5,869876
WIN$D,M15,1636026300,164615.0,164780.0,164375.0,164435.0,205557,5,696874
WIN$D,M15,1636027200,164430.0,164560.0,164215.0,164300.0,206126,5,696596
WIN$D,M15,1636028100,164295.0,164315.0,164025.0,164135.0,171307,5,572672
WIN$D,M15,1636029000,164130.0,164560.0,164040.0,164310.0,170168,5,580643
WIN$D,M15,1636029900,164315.0,164490.0,164085.0,164470.0,153442,5,516154
WIN$D,M15,1636030800,164470.0,164540.0,164250.0,164280.0,149029,5,497314
WIN$D,M15,1636031700,164275.0,164375.0,163945.0,164040.0,160492,5,550222
WIN$D,M15,1636032600,164040.0,164265.0,163475.0,163735.0,261945,5,901827
WIN$D,M15,1636033500,163740.0,163755.0,163440.0,163560.0,152138,5,493348
WIN$D,M15,1636034400,163560.0,163895.0,163515.0,163700.0,170267,5,553375
WIN$D,M15,1636035300,163700.0,163765.0,163245.0,163385.0,170731,5,557435
WIN$D,M15,1636036200,163385.0,163605.0,163040.0,163160.0,199009,5,652896
WIN$D,M15,1636037100,163165.0,163385.0,163005.0,163160.0,156992,5,522575
WIN$D,M15,1636038000,163155.0,163255.0,162685.0,163090.0,258130,5,871866
WIN$D,M15,1636038900,163085.0,163610.0,162980.0,163570.0,206242,5,682513
WIN$D,M15,1636039800,163570.0,163580.0,163255.0,163380.0,139646,5,447803
WIN$D,M15,1636040700,163380.0,163390.0,162995.0,163230.0,168647,5,547613
WIN$D,M15,1636041600,163230.0,163540.0,163150.0,163400.0,137405,5,440914
WIN$D,M15,1636042500,163395.0,163735.0,163325.0,163575.0,155373,5,514782
WIN$D,M15,1636043400,163575.0,163710.0,163180.0,163300.0,156544,5,521244
WIN$D,M15,1636044300,163305.0,163430.0,163035.0,163295.0,142131,5,465515
WIN$D,M15,1636045200,163295.0,163410.0,163220.0,163240.0,61807,5,213200
WIN$D,M15,1636046100,163235.0,163610.0,163130.0,163355.0,112771,5,359566
WIN$D,M15,1636047000,163355.0,163540.0,163315.0,163360.0,71749,5,206015
WIN$D,M15,1636047900,163360.0,163440.0,163195.0,163195.0,51822,5,130030
WIN$D,M15,1636102800,163765.0,164110.0,163165.0,164085.0,169250,5,405469
WIN$D,M15,1636103700,164090.0,164150.0,163705.0,164020.0,223723,5,543990
WIN$D,M15,1636104600,164020.0,164415.0,163880.0,164215.0,244116,5,645464
WIN$D,M15,1636105500,164215.0,164490.0,164160.0,164360.0,186292,5,553326
WIN$D,M15,1636106400,164360.0,164595.0,164230.0,164555.0,260061,5,793737
WIN$D,M15,1636107300,164555.0,164900.0,164545.0,164865.0,211100,5,680431
WIN$D,M15,1636108200,164860.0,165115.0,164650.0,165090.0,309495,5,1002958
WIN$D,M15,1636109100,165090.0,165500.0,165015.0,165385.0,245650,5,814121
WIN$D,M15,1636110000,165385.0,165550.0,165140.0,165175.0,196244,5,680183
WIN$D,M15,1636110900,165175.0,165195.0,164475.0,164565.0,235794,5,822487
WIN$D,M15,1636111800,164560.0,164740.0,164300.0,164580.0,234068,5,803371
WIN$D,M15,1636112700,164575.0,164770.0,164380.0,164725.0,189350,5,614490
WIN$D,M15,1636113600,164720.0,165020.0,164550.0,164900.0,188891,5,625115
WIN$D,M15,1636114500,164900.0,164925.0,164495.0,164740.0,162658,5,530782
WIN$D,M15,1636115400,164740.0,164935.0,164655.0,164805.0,128662,5,416710
WIN$D,M15,1636116300,164800.0,164885.0,164635.0,164710.0,127700,5,421166
WIN$D,M15,1636117200,164705.0,165195.0,164690.0,164980.0,152445,5,519451
WIN$D,M15,1636118100,164980.0,165045.0,164700.0,164900.0,146574,5,471421
WIN$D,M15,1636119000,164905.0,165115.0,164855.0,164970.0,140125,5,444639
WIN$D,M15,1636119900,164965.0,165245.0,164900.0,165040.0,127592,5,414805
WIN$D,M15,1636120800,165035.0,165290.0,164725.0,164815.0,168007,5,538433
WIN$D,M15,1636121700,164820.0,165105.0,164235.0,164270.0,205301,5,726151
WIN$D,M15,1636122600,164270.0,164685.0,164240.0,164510.0,164262,5,553348
WIN$D,M15,1636123500,164510.0,164955.0,164360.0,164790.0,169152,5,565459
WIN$D,M15,1636124400,164790.0,165100.0,164775.0,164950.0,127958,5,432596
WIN$D,M15,1636125300,164950.0,165060.0,164835.0,164940.0,115496,5,362378
WIN$D,M15,1636126200,164945.0,164960.0,164705.0,164810.0,133743,5,443048
WIN$D,M15,1636127100,164810.0,164890.0,164640.0,164650.0,107032,5,355246
WIN$D,M15,1636128000,164650.0,164695.0,164475.0,164615.0,126791,5,430083
WIN$D,M15,1636128900,164610.0,164715.0,164490.0,164675.0,111837,5,374938
WIN$D,M15,1636129800,164670.0,164890.0,164640.0,164865.0,104375,5,363501
WIN$D,M15,1636130700,164865.0,164985.0,164810.0,164815.0,107951,5,376912
WIN$D,M15,1636131600,164820.0,164850.0,164550.0,164565.0,95595,5,302212
WIN$D,M15,1636132500,164565.0,164685.0,164385.0,164450.0,68152,5,207769
WIN$D,M15,1636133400,164445.0,164560.0,164385.0,164450.0,65315,5,177921
WIN$D,M15,1636134300,164450.0,164460.0,164315.0,164425.0,35034,5,85719
WIN$D,M15,1636362000,164015.0,164105.0,163700.0,163900.0,189993,5,464859
WIN$D,M15,1636362900,163905.0,164130.0,163645.0,163840.0,226232,5,620384
WIN$D,M15,1636363800,163840.0,164055.0,163610.0,163690.0,198722,5,566866
WIN$D,M15,1636364700,163690.0,163865.0,163505.0,163675.0,215087,5,602160
WIN$D,M15,1636365600,163675.0,164230.0,163630.0,164225.0,306397,5,904388
WIN$D,M15,1636366500,164225.0,164455.0,164190.0,164435.0,237863,5,721253
WIN$D,M15,1636367400,164440.0,164555.0,164110.0,164555.0,271864,5,838573
WIN$D,M15,1636368300,164550.0,164710.0,164445.0,164630.0,202962,5,632986
WIN$D,M15,1636369200,164630.0,165030.0,164600.0,164995.0,227485,5,680279
WIN$D,M15,1636370100,164990.0,165040.0,164625.0,164695.0,195248,5,602576
WIN$D,M15,1636371000,164695.0,165535.0,164605.0,165465.0,319058,5,1055917
WIN$D,M15,1636371900,165470.0,165640.0,165315.0,165390.0,204006,5,690958
WIN$D,M15,1636372800,165395.0,165425.0,165120.0,165260.0,173911,5,589239
WIN$D,M15,1636373700,165265.0,165410.0,164945.0,164965.0,164719,5,562076
WIN$D,M15,1636374600,164970.0,165290.0,164845.0,164935.0,200637,5,649917
WIN$D,M15,1636375500,164940.0,164945.0,164740.0,164770.0,146060,5,486723
WIN$D,M15,1636376400,164775.0,164950.0,164700.0,164855.0,137427,5,467758
WIN$D,M15,1636377300,164850.0,165020.0,164805.0,164850.0,138228,5,455387
WIN$D,M15,1636378200,164845.0,164860.0,164575.0,164610.0,135956,5,450439
WIN$D,M15,1636379100,164605.0,165160.0,164490.0,165040.0,189504,5,661867
WIN$D,M15,1636380000,165045.0,165215.0,164855.0,164995.0,192908,5,660186
WIN$D,M15,1636380900,164995.0,165040.0,164820.0,164965.0,120228,5,391153
WIN$D,M15,1636381800,164960.0,165350.0,164945.0,165065.0,181680,5,625254
WIN$D,M15,1636382700,165060.0,165175.0,164830.0,164975.0,172435,5,591714
WIN$D,M15,1636383600,164975.0,165100.0,164845.0,164925.0,109241,5,381715
WIN$D,M15,1636384500,164925.0,164995.0,164720.0,164770.0,127684,5,410351
WIN$D,M15,1636385400,164765.0,164770.0,164475.0,164540.0,159548,5,528867
WIN$D,M15,1636386300,164535.0,164580.0,164330.0,164485.0,139824,5,472390
WIN$D,M15,1636387200,164485.0,164670.0,164455.0,164610.0,107528,5,373676
WIN$D,M15,1636388100,164605.0,164690.0,164430.0,164660.0,137417,5,458383
WIN$D,M15,1636389000,164655.0,164805.0,164580.0,164760.0,123458,5,421182
WIN$D,M15,1636389900,164760.0,164895.0,164620.0,164805.0,111307,5,398063
WIN$D,M15,1636390800,164805.0,164945.0,164730.0,164895.0,95461,5,320842
WIN$D,M15,1636391700,164900.0,164940.0,164585.0,164640.0,98814,5,348376
WIN$D,M15,1636392600,164635.0,164735.0,164535.0,164605.0,100514,5,326132
WIN$D,M15,1636393500,164605.0,164835.0,164555.0,164640.0,80695,5,285013
WIN$D,M15,1636394400,164635.0,164675.0,164525.0,164620.0,46563,5,142848
WIN$D,M15,1636395300,164620.0,164760.0,164505.0,164760.0,16490,5,58354
WIN$D,M15,1636448400,165005.0,165110.0,164620.0,164930.0,205491,5,496009
WIN$D,M15,1636449300,164930.0,165150.0,164820.0,165135.0,168561,5,447691
WIN$D,M15,1636450200,165135.0,165305.0,165075.0,165220.0,179149,5,516757
WIN$D,M15,1636451100,165215.0,165280.0,164935.0,164960.0,202357,5,601001
WIN$D,M15,1636452000,164960.0,165340.0,164645.0,165250.0,340621,5,1081431
WIN$D,M15,1636452900,165250.0,165515.0,165175.0,165480.0,224550,5,685808
WIN$D,M15,1636453800,165480.0,165900.0,165300.0,165850.0,264243,5,820949
WIN$D,M15,1636454700,165850.0,166310.0,165845.0,166260.0,238429,5,783283
WIN$D,M15,1636455600,166255.0,166575.0,166235.0,166325.0,239612,5,786487
WIN$D,M15,1636456500,166325.0,166490.0,166150.0,166155.0,207825,5,647999
WIN$D,M15,1636457400,166160.0,166545.0,166120.0,166325.0,244189,5,771750
WIN$D,M15,1636458300,166320.0,166410.0,165695.0,165785.0,276937,5,898247
WIN$D,M15,1636459200,165785.0,165960.0,165645.0,165955.0,237062,5,787549
WIN$D,M15,1636460100,165955.0,166135.0,165795.0,166025.0,222798,5,698290
WIN$D,M15,1636461000,166030.0,166200.0,165815.0,165855.0,162365,5,502537
WIN$D,M15,1636461900,165860.0,165910.0,165685.0,165800.0,138307,5,427914
WIN$D,M15,1636462800,165800.0,165940.0,165450.0,165505.0,178056,5,576162
WIN$D,M15,1636463700,165500.0,165680.0,165420.0,165615.0,145969,5,461535
WIN$D,M15,1636464600,165615.0,166050.0,165600.0,166035.0,186173,5,596606
WIN$D,M15,1636465500,166030.0,166050.0,165745.0,165885.0,162760,5,500197
WIN$D,M15,1636466400,165885.0,165960.0,165545.0,165735.0,174334,5,533465
WIN$D,M15,1636467300,165730.0,165930.0,165650.0,165820.0,129729,5,396519
WIN$D,M15,1636468200,165815.0,166110.0,165785.0,166080.0,170368,5,536973
WIN$D,M15,1636469100,166075.0,166335.0,166005.0,166080.0,198390,5,626327
WIN$D,M15,1636470000,166080.0,166335.0,166020.0,166085.0,182515,5,564475
WIN$D,M15,1636470900,166085.0,166155.0,165855.0,165860.0,124138,5,379350
WIN$D,M15,1636471800,165855.0,166090.0,165850.0,165995.0,121114,5,378817
WIN$D,M15,1636472700,165990.0,166045.0,165695.0,165775.0,125954,5,407507
WIN$D,M15,1636473600,165780.0,165865.0,165520.0,165620.0,141003,5,470542
WIN$D,M15,1636474500,165620.0,165850.0,165565.0,165570.0,141133,5,472580
WIN$D,M15,1636475400,165575.0,165685.0,165475.0,165525.0,100324,5,343401
WIN$D,M15,1636476300,165520.0,165705.0,164900.0,165430.0,256050,5,901030
WIN$D,M15,1636477200,165430.0,165465.0,165035.0,165265.0,126830,5,406686
WIN$D,M15,1636478100,165260.0,165395.0,165135.0,165200.0,115797,5,375454
WIN$D,M15,1636479000,165195.0,165760.0,165085.0,165705.0,158305,5,484851
WIN$D,M15,1636479900,165710.0,165750.0,165295.0,165365.0,84461,5,274846
WIN$D,M15,1636480800,165370.0,165415.0,165235.0,165240.0,28464,5,89123
WIN$D,M15,1636481700,165240.0,165440.0,165145.0,165195.0,27159,5,75075
WIN$D,M15,1636534800,164905.0,164925.0,164425.0,164495.0,179440,5,441283
WIN$D,M15,1636535700,164490.0,165015.0,164470.0,165005.0,203396,5,568423
WIN$D,M15,1636536600,165010.0,165140.0,164915.0,164965.0,190833,5,534832
WIN$D,M15,1636537500,164960.0,165310.0,164935.0,165235.0,234984,5,702180
WIN$D,M15,1636538400,165230.0,165420.0,164810.0,165410.0,377860,5,1117796
WIN$D,M15,1636539300,165405.0,165560.0,165250.0,165495.0,230486,5,699660
WIN$D,M15,1636540200,165495.0,165510.0,164895.0,165220.0,357000,5,1040485
WIN$D,M15,1636541100,165225.0,165800.0,165005.0,165705.0,282746,5,893762
WIN$D,M15,1636542000,165705.0,165965.0,165675.0,165900.0,217424,5,710126
WIN$D,M15,1636542900,165900.0,166235.0,165860.0,166175.0,173694,5,548512
WIN$D,M15,1636543800,166180.0,166590.0,166160.0,166320.0,287292,5,1045450
WIN$D,M15,1636544700,166325.0,166740.0,166270.0,166685.0,228445,5,759048
WIN$D,M15,1636545600,166685.0,166895.0,166390.0,166450.0,211350,5,731689
WIN$D,M15,1636546500,166445.0,166720.0,166405.0,166665.0,154949,5,512599
WIN$D,M15,1636547400,166660.0,166785.0,166420.0,166700.0,165303,5,541775
WIN$D,M15,1636548300,166705.0,166740.0,166500.0,166625.0,121355,5,383357
WIN$D,M15,1636549200,166630.0,166685.0,166385.0,166595.0,140471,5,454975
WIN$D,M15,1636550100,166595.0,167155.0,166595.0,166880.0,174914,5,584029
WIN$D,M15,1636551000,166880.0,167125.0,166730.0,167085.0,160396,5,502639
WIN$D,M15,1636551900,167085.0,167235.0,167030.0,167060.0,142500,5,464058
WIN$D,M15,1636552800,167065.0,167135.0,166930.0,167015.0,114512,5,371881
WIN$D,M15,1636553700,167015.0,167050.0,166900.0,166935.0,93697,5,304049
WIN$D,M15,1636554600,166935.0,167075.0,166760.0,166800.0,117756,5,393129
WIN$D,M15,1636555500,166800.0,166885.0,166695.0,166835.0,110922,5,373922
WIN$D,M15,1636556400,166840.0,166870.0,166405.0,166555.0,210250,5,745390
WIN$D,M15,1636557300,166555.0,166620.0,166170.0,166590.0,202070,5,684395
WIN$D,M15,1636558200,166590.0,166630.0,166210.0,166255.0,186037,5,593437
WIN$D,M15,1636559100,166255.0,166330.0,165950.0,166060.0,210581,5,715376
WIN$D,M15,1636560000,166060.0,166160.0,165900.0,166060.0,141077,5,462955
WIN$D,M15,1636560900,166065.0,166305.0,165895.0,165920.0,155542,5,516997
WIN$D,M15,1636561800,165920.0,166035.0,165345.0,165445.0,192614,5,680598
WIN$D,M15,1636562700,165445.0,165695.0,165400.0,165485.0,144259,5,475082
WIN$D,M15,1636563600,165490.0,165790.0,165465.0,165695.0,114622,5,377723
WIN$D,M15,1636564500,165690.0,166110.0,165685.0,165900.0,132464,5,431522
WIN$D,M15,1636565400,165905.0,165980.0,165650.0,165650.0,116046,5,315079
WIN$D,M15,1636566300,165655.0,166020.0,165585.0,165780.0,102538,5,307014
WIN$D,M15,1636567200,165780.0,165850.0,165645.0,165760.0,39898,5,111569
WIN$D,M15,1636568100,165765.0,166120.0,165680.0,166105.0,38062,5,102943
WIN$D,M15,1636621200,166715.0,166945.0,166625.0,166835.0,179001,5,435479
WIN$D,M15,1636622100,166835.0,167330.0,166725.0,167300.0,202137,5,596440
WIN$D,M15,1636623000,167300.0,167355.0,167215.0,167245.0,123541,5,366825
WIN$D,M15,1636623900,167245.0,167555.0,167165.0,167525.0,222120,5,645217
WIN$D,M15,1636624800,167520.0,167560.0,167205.0,167440.0,223224,5,653077
WIN$D,M15,1636625700,167440.0,167710.0,167315.0,167585.0,279320,5,827181
WIN$D,M15,1636626600,167585.0,167900.0,167500.0,167840.0,234337,5,723090
WIN$D,M15,1636627500,167840.0,167995.0,167655.0,167940.0,200401,5,624828
WIN$D,M15,1636628400,167940.0,168120.0,167840.0,168000.0,170863,5,552413
WIN$D,M15,1636629300,168000.0,168010.0,167680.0,167720.0,182060,5,593241
WIN$D,M15,1636630200,167715.0,168190.0,167640.0,168085.0,295689,5,960876
WIN$D,M15,1636631100,168085.0,168235.0,167915.0,167940.0,187986,5,619497
WIN$D,M15,1636632000,167940.0,168395.0,167900.0,168390.0,199961,5,667379
WIN$D,M15,1636632900,168390.0,168450.0,168165.0,168175.0,157353,5,543057
WIN$D,M15,1636633800,168170.0,168260.0,168010.0,168145.0,159231,5,522780
WIN$D,M15,1636634700,168145.0,168390.0,168140.0,168375.0,139239,5,441795
WIN$D,M15,1636635600,168380.0,168490.0,168135.0,168240.0,156380,5,519160
WIN$D,M15,1636636500,168235.0,168285.0,167910.0,167960.0,126148,5,415171
WIN$D,M15,1636637400,167955.0,168235.0,167885.0,168125.0,162644,5,531900
WIN$D,M15,1636638300,168125.0,168260.0,168050.0,168150.0,111980,5,358340
WIN$D,M15,1636639200,168155.0,168405.0,168130.0,168400.0,142804,5,450244
WIN$D,M15,1636640100,168395.0,168410.0,167995.0,168070.0,163943,5,535176
WIN$D,M15,1636641000,168065.0,168150.0,167960.0,168085.0,109031,5,354362
WIN$D,M15,1636641900,168085.0,168280.0,167825.0,167855.0,156821,5,524203
WIN$D,M15,1636642800,167860.0,167925.0,167615.0,167625.0,163543,5,543038
WIN$D,M15,1636643700,167630.0,167970.0,167520.0,167530.0,192269,5,668697
WIN$D,M15,1636644600,167530.0,167760.0,167500.0,167685.0,139027,5,435971
WIN$D,M15,1636645500,167690.0,167930.0,167570.0,167910.0,162180,5,529017
WIN$D,M15,1636646400,167905.0,167905.0,167685.0,167710.0,124987,5,405654
WIN$D,M15,1636647300,167710.0,167795.0,167435.0,167465.0,117095,5,384781
WIN$D,M15,1636648200,167465.0,167680.0,167385.0,167525.0,142430,5,486370
WIN$D,M15,1636649100,167530.0,167765.0,167300.0,167325.0,118322,5,390360
WIN$D,M15,1636650000,167325.0,167505.0,167250.0,167465.0,114582,5,376725
WIN$D,M15,1636650900,167465.0,167590.0,167425.0,167550.0,77149,5,242490
WIN$D,M15,1636651800,167555.0,167605.0,167345.0,167380.0,84234,5,263434
WIN$D,M15,1636652700,167380.0,167490.0,167320.0,167450.0,59565,5,202988
WIN$D,M15,1636653600,167450.0,167475.0,167355.0,167415.0,40203,5,128801
WIN$D,M15,1636654500,167420.0,167965.0,167400.0,167965.0,25701,5,83735
WIN$D,M15,1636707600,167665.0,167840.0,167370.0,167580.0,202709,5,517600
WIN$D,M15,1636708500,167575.0,167640.0,167245.0,167255.0,186515,5,516739
WIN$D,M15,1636709400,167250.0,167290.0,166870.0,166970.0,218507,5,656279
WIN$D,M15,1636710300,166970.0,167215.0,166820.0,166840.0,220821,5,643225
WIN$D,M15,1636711200,166840.0,167765.0,166815.0,167710.0,361675,5,1055284
WIN$D,M15,1636712100,167710.0,167750.0,167180.0,167340.0,295842,5,835834
WIN$D,M15,1636713000,167335.0,167430.0,166985.0,167165.0,296202,5,870506
WIN$D,M15,1636713900,167160.0,167480.0,166870.0,167190.0,340999,5,1053539
WIN$D,M15,1636714800,167185.0,167350.0,166690.0,166735.0,279320,5,844854
WIN$D,M15,1636715700,166740.0,166825.0,166135.0,166160.0,279410,5,882385
WIN$D,M15,1636716600,166165.0,166210.0,165815.0,165985.0,244464,5,842673
WIN$D,M15,1636717500,165990.0,166145.0,165720.0,166060.0,190306,5,661374
WIN$D,M15,1636718400,166060.0,166195.0,165955.0,166015.0,156753,5,520558
WIN$D,M15,1636719300,166015.0,166105.0,165840.0,165885.0,152672,5,473528
WIN$D,M15,1636720200,165885.0,165910.0,165585.0,165775.0,166643,5,560072
WIN$D,M15,1636721100,165770.0,166040.0,165680.0,165995.0,143420,5,493923
WIN$D,M15,1636722000,165995.0,166190.0,165950.0,166120.0,120600,5,389010
WIN$D,M15,1636722900,166115.0,166200.0,165705.0,165780.0,166369,5,566495
WIN$D,M15,1636723800,165780.0,166140.0,165770.0,166100.0,123422,5,394405
WIN$D,M15,1636724700,166100.0,166345.0,165830.0,166275.0,148326,5,501425
WIN$D,M15,1636725600,166275.0,166435.0,166030.0,166195.0,156173,5,492716
WIN$D,M15,1636726500,166195.0,166285.0,166100.0,166180.0,104594,5,340278
WIN$D,M15,1636727400,166180.0,166210.0,165465.0,165960.0,253466,5,855756
WIN$D,M15,1636728300,165960.0,166215.0,165780.0,165885.0,129197,5,398437
WIN$D,M15,1636729200,165885.0,166185.0,165840.0,166095.0,109600,5,359722
WIN$D,M15,1636730100,166100.0,166235.0,165920.0,166100.0,127690,5,411126
WIN$D,M15,1636731000,166095.0,166210.0,166000.0,166120.0,93347,5,294133
WIN$D,M15,1636731900,166125.0,166345.0,166045.0,166240.0,108232,5,353836
WIN$D,M15,1636732800,166245.0,166355.0,166150.0,166300.0,95582,5,318961
WIN$D,M15,1636733700,166295.0,166430.0,165990.0,166000.0,125125,5,426001
WIN$D,M15,1636734600,166000.0,166135.0,165865.0,166110.0,116707,5,393952
WIN$D,M15,1636735500,166110.0,166115.0,165960.0,166015.0,79410,5,246333
WIN$D,M15,1636736400,166015.0,166110.0,165935.0,166065.0,75056,5,241897
WIN$D,M15,1636737300,166065.0,166160.0,166000.0,166060.0,62037,5,212458
WIN$D,M15,1636738200,166060.0,166265.0,166050.0,166170.0,77878,5,255439
WIN$D,M15,1636739100,166170.0,166215.0,165955.0,166110.0,70404,5,240371
WIN$D,M15,1636740000,166110.0,166115.0,165905.0,165955.0,55529,5,158674
WIN$D,M15,1636740900,165955.0,166140.0,165930.0,166105.0,38329,5,92194
WIN$D,M15,1637053200,166375.0,166530.0,166080.0,166225.0,190622,5,463020
WIN$D,M15,1637054100,166225.0,166460.0,166135.0,166365.0,161374,5,447636
WIN$D,M15,1637055000,166370.0,166595.0,166245.0,166390.0,211334,5,586121
WIN$D,M15,1637055900,166385.0,166795.0,166285.0,166735.0,234594,5,687779
WIN$D,M15,1637056800,166730.0,166795.0,166295.0,166435.0,315761,5,922910
WIN$D,M15,1637057700,166440.0,166665.0,165500.0,165755.0,347736,5,1103615
WIN$D,M15,1637058600,165760.0,166200.0,165600.0,166040.0,236245,5,732984
WIN$D,M15,1637059500,166035.0,166360.0,165635.0,165655.0,262272,5,823348
WIN$D,M15,1637060400,165650.0,165705.0,165085.0,165125.0,265129,5,899922
WIN$D,M15,1637061300,165120.0,165220.0,164810.0,164980.0,202244,5,680838
WIN$D,M15,1637062200,164975.0,165175.0,164710.0,164810.0,245725,5,843671
WIN$D,M15,1637063100,164805.0,164830.0,164315.0,164365.0,204934,5,720905
WIN$D,M15,1637064000,164360.0,164425.0,164120.0,164385.0,184488,5,678010
WIN$D,M15,1637064900,164380.0,164395.0,163965.0,163975.0,178437,5,618885
WIN$D,M15,1637065800,163980.0,164230.0,163835.0,163985.0,146365,5,545162
WIN$D,M15,1637066700,163990.0,164100.0,163775.0,163875.0,130651,5,448706
WIN$D,M15,1637067600,163880.0,164220.0,163800.0,164205.0,133572,5,472287
WIN$D,M15,1637068500,164205.0,164330.0,164110.0,164240.0,119552,5,435889
WIN$D,M15,1637069400,164235.0,164290.0,164040.0,164170.0,127639,5,439040
WIN$D,M15,1637070300,164170.0,164410.0,164085.0,164280.0,106738,5,389206
WIN$D,M15,1637071200,164285.0,164435.0,164255.0,164290.0,105735,5,398299
WIN$D,M15,1637072100,164290.0,164355.0,164115.0,164340.0,124175,5,437095
WIN$D,M15,1637073000,164335.0,164640.0,164285.0,164635.0,145485,5,519142
WIN$D,M15,1637073900,164635.0,164850.0,164540.0,164815.0,147710,5,527147
WIN$D,M15,1637074800,164815.0,164960.0,164685.0,164745.0,137805,5,497947
WIN$D,M15,1637075700,164745.0,164890.0,164610.0,164860.0,128715,5,461837
WIN$D,M15,1637076600,164855.0,164880.0,164630.0,164680.0,99915,5,369026
WIN$D,M15,1637077500,164680.0,164695.0,164450.0,164475.0,130337,5,477947
WIN$D,M15,1637078400,164475.0,164575.0,164395.0,164465.0,111324,5,399409
WIN$D,M15,1637079300,164470.0,164680.0,164445.0,164600.0,110287,5,422045
WIN$D,M15,1637080200,164600.0,164640.0,164375.0,164415.0,116388,5,417634
WIN$D,M15,1637081100,164415.0,164440.0,164180.0,164190.0,111149,5,436703
WIN$D,M15,1637082000,164195.0,164395.0,164120.0,164195.0,109856,5,402841
WIN$D,M15,1637082900,164195.0,164305.0,164095.0,164240.0,104554,5,398113
WIN$D,M15,1637083800,164240.0,164415.0,164225.0,164380.0,89417,5,300665
WIN$D,M15,1637084700,164380.0,164455.0,163985.0,164025.0,118893,5,380085
WIN$D,M15,1637085600,164030.0,164205.0,163980.0,164180.0,65017,5,191565
WIN$D,M15,1637086500,164180.0,164220.0,164090.0,164165.0,23932,5,83434
WIN$D,M15,1637139600,163965.0,164625.0,163930.0,164580.0,207257,5,549579
WIN$D,M15,1637140500,164580.0,164840.0,164510.0,164820.0,217456,5,631584
WIN$D,M15,1637141400,164825.0,164915.0,164730.0,164830.0,155261,5,455609
WIN$D,M15,1637142300,164830.0,165145.0,164715.0,165065.0,212127,5,645765
WIN$D,M15,1637143200,165065.0,165330.0,165030.0,165150.0,242955,5,740207
WIN$D,M15,1637144100,165155.0,165300.0,164950.0,165005.0,275397,5,804351
WIN$D,M15,1637145000,165010.0,165045.0,164165.0,164570.0,398757,5,1291224
WIN$D,M15,1637145900,164570.0,164595.0,163930.0,164245.0,310551,5,971603
WIN$D,M15,1637146800,164245.0,164275.0,163700.0,163885.0,280511,5,844029
WIN$D,M15,1637147700,163890.0,164385.0,163780.0,164210.0,254676,5,767194
WIN$D,M15,1637148600,164210.0,164500.0,163945.0,164470.0,296822,5,939412
WIN$D,M15,1637149500,164465.0,164530.0,163405.0,163450.0,301075,5,1006657
WIN$D,M15,1637150400,163455.0,163845.0,163365.0,163710.0,198713,5,654840
WIN$D,M15,1637151300,163715.0,163740.0,163150.0,163495.0,212333,5,690586
WIN$D,M15,1637152200,163495.0,163950.0,163440.0,163790.0,170177,5,510483
WIN$D,M15,1637153100,163790.0,163915.0,163520.0,163835.0,172661,5,532850
WIN$D,M15,1637154000,163830.0,163990.0,163550.0,163560.0,147373,5,451066
WIN$D,M15,1637154900,163565.0,163610.0,163155.0,163190.0,186130,5,617265
WIN$D,M15,1637155800,163195.0,163460.0,163065.0,163315.0,156157,5,517028
WIN$D,M15,1637156700,163315.0,163475.0,163270.0,163430.0,98595,5,309894
WIN$D,M15,1637157600,163425.0,163550.0,163265.0,163480.0,135758,5,442391
WIN$D,M15,1637158500,163485.0,163640.0,163320.0,163325.0,154539,5,538645
WIN$D,M15,1637159400,163325.0,163405.0,162875.0,163145.0,203690,5,695600
WIN$D,M15,1637160300,163145.0,163210.0,162695.0,162715.0,183697,5,622007
WIN$D,M15,1637161200,162715.0,162755.0,162185.0,162275.0,235644,5,834128
WIN$D,M15,1637162100,162280.0,162595.0,162080.0,162310.0,213254,5,721582
WIN$D,M15,1637163000,162310.0,162570.0,162185.0,162490.0,131116,5,403773
WIN$D,M15,1637163900,162490.0,162525.0,162245.0,162400.0,113446,5,343541
WIN$D,M15,1637164800,162400.0,162685.0,162355.0,162550.0,128019,5,408204
WIN$D,M15,1637165700,162550.0,162820.0,162420.0,162795.0,125500,5,417275
WIN$D,M15,1637166600,162795.0,163105.0,162760.0,162905.0,131739,5,451602
WIN$D,M15,1637167500,162910.0,163080.0,162635.0,162815.0,128647,5,423762
WIN$D,M15,1637168400,162820.0,162955.0,162435.0,162645.0,139248,5,459856
WIN$D,M15,1637169300,162645.0,162835.0,162545.0,162665.0,89203,5,288490
WIN$D,M15,1637170200,162660.0,162685.0,162465.0,162585.0,91173,5,275461
WIN$D,M15,1637171100,162590.0,162910.0,162565.0,162815.0,90436,5,265708
WIN$D,M15,1637172000,162815.0,162850.0,162535.0,162785.0,73490,5,206586
WIN$D,M15,1637172900,162785.0,162865.0,162670.0,162865.0,20925,5,68813
WIN$D,M15,1637226000,162965.0,163335.0,162865.0,163220.0,197725,5,510755
WIN$D,M15,1637226900,163220.0,163275.0,162825.0,162920.0,232928,5,635565
WIN$D,M15,1637227800,162920.0,163240.0,162575.0,163200.0,291702,5,824295
WIN$D,M15,1637228700,163195.0,163390.0,163100.0,163240.0,223732,5,667379
WIN$D,M15,1637229600,163240.0,163295.0,162780.0,163010.0,324382,5,995646
WIN$D,M15,1637230500,163010.0,163055.0,162275.0,162575.0,304620,5,954840
WIN$D,M15,1637231400,162570.0,163480.0,162440.0,163045.0,324125,5,1004701
WIN$D,M15,1637232300,163040.0,163155.0,162715.0,162880.0,260844,5,794593
WIN$D,M15,1637233200,162880.0,163335.0,162790.0,162840.0,270678,5,852916
WIN$D,M15,1637234100,162840.0,163125.0,162610.0,163105.0,276561,5,835826
WIN$D,M15,1637235000,163100.0,163215.0,162570.0,162625.0,265033,5,857485
WIN$D,M15,1637235900,162625.0,162835.0,162415.0,162425.0,236008,5,745514
WIN$D,M15,1637236800,162425.0,162480.0,161930.0,162020.0,238506,5,796607
WIN$D,M15,1637237700,162020.0,162110.0,161680.0,162010.0,202625,5,682108
WIN$D,M15,1637238600,162010.0,162260.0,161845.0,161885.0,185712,5,621127
WIN$D,M15,1637239500,161885.0,162115.0,161785.0,162010.0,148636,5,483729
WIN$D,M15,1637240400,162010.0,162240.0,161775.0,162035.0,164803,5,538317
WIN$D,M15,1637241300,162035.0,162145.0,161935.0,162040.0,108207,5,362994
WIN$D,M15,1637242200,162040.0,162345.0,162005.0,162130.0,142945,5,478158
WIN$D,M15,1637243100,162130.0,162240.0,161840.0,161955.0,156265,5,531355
WIN$D,M15,1637244000,161960.0,162425.0,161955.0,162395.0,156669,5,549278
WIN$D,M15,1637244900,162395.0,162420.0,162080.0,162205.0,118406,5,401323
WIN$D,M15,1637245800,162205.0,162290.0,161935.0,162180.0,142717,5,476943
WIN$D,M15,1637246700,162180.0,162245.0,161850.0,161920.0,155519,5,532610
WIN$D,M15,1637247600,161920.0,162115.0,161725.0,162000.0,147771,5,513862
WIN$D,M15,1637248500,162005.0,162305.0,161860.0,162230.0,124710,5,404178
WIN$D,M15,1637249400,162230.0,162320.0,162055.0,162280.0,106167,5,367387
WIN$D,M15,1637250300,162275.0,162435.0,161950.0,161995.0,145552,5,493501
WIN$D,M15,1637251200,162000.0,162075.0,161880.0,161950.0,110623,5,368215
WIN$D,M15,1637252100,161950.0,162050.0,161825.0,161895.0,94755,5,325397
WIN$D,M15,1637253000,161895.0,162100.0,161815.0,161915.0,105942,5,373527
WIN$D,M15,1637253900,161915.0,162235.0,161915.0,162220.0,102291,5,369760
WIN$D,M15,1637254800,162225.0,162320.0,162025.0,162120.0,116426,5,418824
WIN$D,M15,1637255700,162125.0,162340.0,162030.0,162245.0,94015,5,346692
WIN$D,M15,1637256600,162245.0,162275.0,161950.0,162005.0,101081,5,340479
WIN$D,M15,1637257500,162000.0,162145.0,161980.0,162080.0,62729,5,225736
WIN$D,M15,1637258400,162080.0,162285.0,162005.0,162230.0,44367,5,138887
WIN$D,M15,1637259300,162230.0,162615.0,162200.0,162615.0,28997,5,102463
WIN$D,M15,1637312400,162190.0,162360.0,161845.0,162160.0,184458,5,448182
WIN$D,M15,1637313300,162155.0,162385.0,161815.0,162380.0,238444,5,701740
WIN$D,M15,1637314200,162380.0,162660.0,162325.0,162640.0,202460,5,603766
WIN$D,M15,1637315100,162640.0,162660.0,162265.0,162340.0,212124,5,641437
WIN$D,M15,1637316000,162345.0,162500.0,161920.0,162285.0,370239,5,1104601
WIN$D,M15,1637316900,162290.0,162315.0,161865.0,162200.0,263712,5,806275
WIN$D,M15,1637317800,162200.0,162895.0,162140.0,162855.0,304983,5,1010245
WIN$D,M15,1637318700,162855.0,163115.0,162800.0,162855.0,221434,5,706167
WIN$D,M15,1637319600,162860.0,163150.0,162630.0,162940.0,235383,5,757481
WIN$D,M15,1637320500,162945.0,163465.0,162930.0,163335.0,230572,5,741826
WIN$D,M15,1637321400,163340.0,163590.0,163190.0,163525.0,229731,5,728500
WIN$D,M15,1637322300,163530.0,163660.0,163250.0,163465.0,192127,5,622573
WIN$D,M15,1637323200,163460.0,163525.0,163095.0,163420.0,199181,5,629824
WIN$D,M15,1637324100,163420.0,163555.0,163200.0,163285.0,160119,5,482676
WIN$D,M15,1637325000,163280.0,163500.0,163220.0,163450.0,139302,5,438079
WIN$D,M15,1637325900,163455.0,163595.0,163015.0,163130.0,185654,5,598268
WIN$D,M15,1637326800,163130.0,163215.0,162875.0,163060.0,153895,5,499970
WIN$D,M15,1637327700,163060.0,163590.0,163050.0,163425.0,147134,5,473959
WIN$D,M15,1637328600,163425.0,163430.0,163210.0,163265.0,101033,5,336656
WIN$D,M15,1637329500,163270.0,163390.0,163095.0,163295.0,133184,5,450582
WIN$D,M15,1637330400,163295.0,163380.0,163080.0,163295.0,120964,5,412190
WIN$D,M15,1637331300,163290.0,163455.0,163240.0,163385.0,112424,5,381132
WIN$D,M15,1637332200,163385.0,163510.0,163035.0,163140.0,155660,5,546991
WIN$D,M15,1637333100,163145.0,163415.0,163040.0,163295.0,134950,5,463613
WIN$D,M15,1637334000,163295.0,163305.0,163080.0,163245.0,109323,5,355983
WIN$D,M15,1637334900,163240.0,163380.0,163115.0,163145.0,100411,5,334536
WIN$D,M15,1637335800,163145.0,163150.0,162720.0,162775.0,163859,5,547447
WIN$D,M15,1637336700,162770.0,162855.0,162595.0,162595.0,122140,5,412447
WIN$D,M15,1637337600,162595.0,162910.0,162585.0,162905.0,114782,5,365169
WIN$D,M15,1637338500,162900.0,163010.0,162865.0,162945.0,92594,5,293270
WIN$D,M15,1637339400,162950.0,163010.0,162735.0,162875.0,100051,5,325296
WIN$D,M15,1637340300,162880.0,163000.0,162855.0,162935.0,66522,5,213209
WIN$D,M15,1637341200,162930.0,162975.0,162725.0,162765.0,74399,5,239644
WIN$D,M15,1637342100,162765.0,162805.0,162650.0,162715.0,67676,5,227300
WIN$D,M15,1637343000,162720.0,162855.0,162705.0,162780.0,59452,5,186135
WIN$D,M15,1637343900,162775.0,162830.0,162705.0,162715.0,41443,5,133416
WIN$D,M15,1637344800,162715.0,162765.0,162670.0,162740.0,29777,5,88765
WIN$D,M15,1637345700,162740.0,162835.0,162705.0,162765.0,19825,5,57760
WIN$D,M15,1637571600,163475.0,163490.0,163015.0,163190.0,161126,5,375167
WIN$D,M15,1637572500,163190.0,163230.0,162835.0,162850.0,159790,5,429854
WIN$D,M15,1637573400,162850.0,163140.0,162840.0,163000.0,188318,5,544060
WIN$D,M15,1637574300,162995.0,163265.0,162975.0,163030.0,202844,5,588125
WIN$D,M15,1637575200,163035.0,163095.0,162735.0,162825.0,299224,5,902843
WIN$D,M15,1637576100,162825.0,163165.0,162620.0,163135.0,290240,5,868096
WIN$D,M15,1637577000,163135.0,163485.0,163070.0,163370.0,246536,5,773728
WIN$D,M15,1637577900,163365.0,163925.0,163310.0,163915.0,255428,5,837539
WIN$D,M15,1637578800,163915.0,164100.0,163860.0,163895.0,220993,5,769149
WIN$D,M15,1637579700,163900.0,163990.0,163655.0,163715.0,189627,5,646978
WIN$D,M15,1637580600,163710.0,163920.0,163620.0,163915.0,194094,5,633011
WIN$D,M15,1637581500,163910.0,163995.0,163415.0,163510.0,224254,5,763821
WIN$D,M15,1637582400,163505.0,163590.0,163340.0,163585.0,168717,5,584475
WIN$D,M15,1637583300,163585.0,163905.0,163510.0,163875.0,153889,5,530054
WIN$D,M15,1637584200,163875.0,163975.0,163740.0,163955.0,132982,5,441216
WIN$D,M15,1637585100,163955.0,164280.0,163950.0,164160.0,159794,5,548294
WIN$D,M15,1637586000,164165.0,164290.0,164020.0,164070.0,138731,5,452998
WIN$D,M15,1637586900,164070.0,164140.0,163870.0,163910.0,111224,5,364638
WIN$D,M15,1637587800,163910.0,163985.0,163720.0,163760.0,115134,5,379783
WIN$D,M15,1637588700,163760.0,163835.0,163445.0,163560.0,136658,5,469988
WIN$D,M15,1637589600,163555.0,163725.0,163360.0,163360.0,169370,5,566161
WIN$D,M15,1637590500,163360.0,163500.0,163270.0,163375.0,128478,5,433907
WIN$D,M15,1637591400,163380.0,163460.0,163160.0,163270.0,120430,5,414995
WIN$D,M15,1637592300,163270.0,163275.0,163015.0,163025.0,135357,5,463325
WIN$D,M15,1637593200,163025.0,163125.0,162885.0,162940.0,119827,5,425681
WIN$D,M15,1637594100,162940.0,162955.0,162315.0,162375.0,178678,5,699025
WIN$D,M15,1637595000,162370.0,162490.0,161940.0,162210.0,205057,5,780735
WIN$D,M15,1637595900,162210.0,162265.0,161725.0,161910.0,185995,5,718609
WIN$D,M15,1637596800,161905.0,162220.0,161765.0,162210.0,127068,5,492478
WIN$D,M15,1637597700,162210.0,162315.0,162085.0,162285.0,129077,5,472376
WIN$D,M15,1637598600,162280.0,162395.0,162140.0,162285.0,114512,5,410163
WIN$D,M15,1637599500,162285.0,162355.0,162175.0,162270.0,83922,5,299497
WIN$D,M15,1637600400,162270.0,162445.0,162235.0,162265.0,98053,5,367282
WIN$D,M15,1637601300,162265.0,162290.0,162000.0,162165.0,119241,5,442372
WIN$D,M15,1637602200,162160.0,162265.0,162085.0,162130.0,70450,5,247019
WIN$D,M15,1637603100,162130.0,162165.0,161685.0,161785.0,100669,5,362401
WIN$D,M15,1637604000,161785.0,161885.0,161735.0,161855.0,44568,5,137518
WIN$D,M15,1637604900,161850.0,161895.0,161565.0,161565.0,35448,5,112464
WIN$D,M15,1637658000,161865.0,162350.0,161745.0,162315.0,171167,5,456309
WIN$D,M15,1637658900,162315.0,162385.0,162020.0,162150.0,214179,5,616477
WIN$D,M15,1637659800,162150.0,162595.0,162120.0,162585.0,206186,5,613297
WIN$D,M15,1637660700,162585.0,162655.0,162450.0,162600.0,159653,5,489968
WIN$D,M15,1637661600,162600.0,162795.0,162370.0,162640.0,271089,5,868375
WIN$D,M15,1637662500,162640.0,162780.0,161965.0,162370.0,377663,5,1200833
WIN$D,M15,1637663400,162365.0,162810.0,162265.0,162675.0,298476,5,937485
WIN$D,M15,1637664300,162680.0,162710.0,162210.0,162555.0,272783,5,865154
WIN$D,M15,1637665200,162560.0,162890.0,162485.0,162850.0,258755,5,866636
WIN$D,M15,1637666100,162850.0,162910.0,162345.0,162560.0,234015,5,733818
WIN$D,M15,1637667000,162555.0,163065.0,162485.0,163025.0,262349,5,863208
WIN$D,M15,1637667900,163025.0,163280.0,162930.0,163070.0,206369,5,690659
WIN$D,M15,1637668800,163075.0,163125.0,162240.0,162365.0,268122,5,863447
WIN$D,M15,1637669700,162370.0,162410.0,161950.0,162135.0,239320,5,800425
WIN$D,M15,1637670600,162140.0,162295.0,161615.0,161655.0,226923,5,764838
WIN$D,M15,1637671500,161660.0,161875.0,161440.0,161475.0,204073,5,656377
WIN$D,M15,1637672400,161475.0,161760.0,161305.0,161670.0,197505,5,668049
WIN$D,M15,1637673300,161670.0,161935.0,161530.0,161725.0,193729,5,635420
WIN$D,M15,1637674200,161725.0,161950.0,161690.0,161790.0,156749,5,492189
WIN$D,M15,1637675100,161785.0,162140.0,161750.0,162030.0,163662,5,532165
WIN$D,M15,1637676000,162035.0,162185.0,161860.0,161860.0,155077,5,509422
WIN$D,M15,1637676900,161860.0,162395.0,161800.0,162380.0,181428,5,631912
WIN$D,M15,1637677800,162380.0,162485.0,161965.0,162030.0,170559,5,591948
WIN$D,M15,1637678700,162030.0,162180.0,161840.0,161915.0,166017,5,566134
WIN$D,M15,1637679600,161915.0,162470.0,161885.0,162360.0,181149,5,626074
WIN$D,M15,1637680500,162355.0,162820.0,162125.0,162730.0,201257,5,676470
WIN$D,M15,1637681400,162735.0,163055.0,162485.0,162960.0,185619,5,620692
WIN$D,M15,1637682300,162955.0,163370.0,162875.0,163060.0,192303,5,663006
WIN$D,M15,1637683200,163055.0,163115.0,162765.0,162785.0,140614,5,480657
WIN$D,M15,1637684100,162785.0,163045.0,162625.0,162785.0,146892,5,521552
WIN$D,M15,1637685000,162790.0,162930.0,162580.0,162705.0,158736,5,549955
WIN$D,M15,1637685900,162705.0,162855.0,162640.0,162770.0,129068,5,466875
WIN$D,M15,1637686800,162770.0,162880.0,162380.0,162750.0,151775,5,567712
WIN$D,M15,1637687700,162745.0,163060.0,162575.0,162930.0,113054,5,381173
WIN$D,M15,1637688600,162930.0,163525.0,162920.0,163025.0,175946,5,567210
WIN$D,M15,1637689500,163025.0,163140.0,162915.0,162935.0,101433,5,301929
WIN$D,M15,1637690400,162940.0,163435.0,162925.0,163335.0,99820,5,268332
WIN$D,M15,1637691300,163340.0,163725.0,163335.0,163665.0,48317,5,139516
WIN$D,M15,1637744400,163165.0,163405.0,162865.0,163025.0,210971,5,541791
WIN$D,M15,1637745300,163025.0,163195.0,162800.0,162900.0,201461,5,558995
WIN$D,M15,1637746200,162895.0,162960.0,162575.0,162645.0,239128,5,721925
WIN$D,M15,1637747100,162645.0,162735.0,162490.0,162520.0,175569,5,545970
WIN$D,M15,1637748000,162520.0,162845.0,162340.0,162830.0,292784,5,917966
WIN$D,M15,1637748900,162835.0,163075.0,162635.0,162950.0,274593,5,906376
WIN$D,M15,1637749800,162945.0,163050.0,162300.0,162485.0,340931,5,1034214
WIN$D,M15,1637750700,162485.0,162515.0,161970.0,162165.0,260305,5,851329
WIN$D,M15,1637751600,162170.0,162605.0,162100.0,162505.0,258182,5,844929
WIN$D,M15,1637752500,162505.0,163105.0,162420.0,162990.0,230082,5,748926
WIN$D,M15,1637753400,162990.0,163230.0,162475.0,162795.0,350786,5,1112865
WIN$D,M15,1637754300,162800.0,163445.0,162645.0,163420.0,283314,5,914540
WIN$D,M15,1637755200,163420.0,164030.0,163310.0,164010.0,264465,5,932760
WIN$D,M15,1637756100,164005.0,164145.0,163780.0,163895.0,192645,5,641684
WIN$D,M15,1637757000,163900.0,164120.0,163785.0,163940.0,147563,5,460776
WIN$D,M15,1637757900,163940.0,164310.0,163870.0,164195.0,159863,5,524549
WIN$D,M15,1637758800,164195.0,164650.0,164155.0,164645.0,146530,5,504395
WIN$D,M15,1637759700,164645.0,164705.0,164420.0,164440.0,128386,5,458053
WIN$D,M15,1637760600,164440.0,164490.0,164270.0,164335.0,97868,5,342345
WIN$D,M15,1637761500,164330.0,164370.0,164040.0,164120.0,120886,5,424189
WIN$D,M15,1637762400,164115.0,164255.0,163980.0,164100.0,140113,5,495574
WIN$D,M15,1637763300,164100.0,164125.0,163880.0,163920.0,109585,5,381184
WIN$D,M15,1637764200,163920.0,164235.0,163860.0,164000.0,146995,5,513991
WIN$D,M15,1637765100,164000.0,164330.0,163975.0,164220.0,148576,5,528114
WIN$D,M15,1637766000,164220.0,164260.0,163990.0,164080.0,112380,5,380819
WIN$D,M15,1637766900,164075.0,164175.0,163885.0,163980.0,113566,5,394468
WIN$D,M15,1637767800,163985.0,164095.0,163805.0,163815.0,124029,5,435054
WIN$D,M15,1637768700,163820.0,163955.0,163680.0,163765.0,126456,5,449585
WIN$D,M15,1637769600,163765.0,163935.0,163470.0,163735.0,189357,5,681840
WIN$D,M15,1637770500,163730.0,163880.0,163695.0,163735.0,110925,5,403555
WIN$D,M15,1637771400,163735.0,164150.0,163735.0,164020.0,139458,5,506917
WIN$D,M15,1637772300,164020.0,164170.0,163915.0,164075.0,105464,5,382056
WIN$D,M15,1637773200,164070.0,164380.0,164030.0,164180.0,103739,5,372851
WIN$D,M15,1637774100,164175.0,164285.0,164045.0,164060.0,84639,5,290038
WIN$D,M15,1637775000,164060.0,164135.0,163975.0,164030.0,80468,5,255115
WIN$D,M15,1637775900,164025.0,164180.0,163950.0,164130.0,62577,5,201250
WIN$D,M15,1637776800,164125.0,164180.0,163980.0,164020.0,42407,5,123973
WIN$D,M15,1637777700,164020.0,164225.0,164010.0,164065.0,24687,5,73438
WIN$D,M15,1637830800,163915.0,164425.0,163740.0,164210.0,202905,5,529386
WIN$D,M15,1637831700,164210.0,164645.0,164195.0,164550.0,181082,5,537425
WIN$D,M15,1637832600,164550.0,164700.0,164440.0,164640.0,184547,5,568465
WIN$D,M15,1637833500,164640.0,164785.0,164315.0,164315.0,232390,5,749423
WIN$D,M15,1637834400,164315.0,164760.0,164245.0,164690.0,292846,5,945071
WIN$D,M15,1637835300,164685.0,164905.0,164330.0,164410.0,269981,5,914868
WIN$D,M15,1637836200,164410.0,164655.0,164255.0,164645.0,221972,5,762795
WIN$D,M15,1637837100,164650.0,165010.0,164545.0,164950.0,227796,5,751108
WIN$D,M15,1637838000,164955.0,165060.0,164725.0,164835.0,207590,5,680677
WIN$D,M15,1637838900,164835.0,165110.0,164775.0,165080.0,156571,5,525746
WIN$D,M15,1637839800,165085.0,165180.0,164800.0,165055.0,174449,5,597247
WIN$D,M15,1637840700,165050.0,165525.0,165025.0,165450.0,180137,5,676272
WIN$D,M15,1637841600,165450.0,165605.0,165340.0,165570.0,137202,5,514067
WIN$D,M15,1637842500,165570.0,165825.0,165430.0,165770.0,162959,5,597945
WIN$D,M15,1637843400,165765.0,165960.0,165675.0,165800.0,121844,5,431826
WIN$D,M15,1637844300,165805.0,166040.0,165705.0,165765.0,132038,5,460980
WIN$D,M15,1637845200,165770.0,165905.0,165650.0,165860.0,124103,5,415629
WIN$D,M15,1637846100,165860.0,165980.0,165700.0,165890.0,128074,5,415837
WIN$D,M15,1637847000,165890.0,165920.0,165735.0,165760.0,78658,5,272826
WIN$D,M15,1637847900,165760.0,165790.0,165580.0,165660.0,108811,5,394631
WIN$D,M15,1637848800,165660.0,165780.0,165600.0,165720.0,74054,5,268731
WIN$D,M15,1637849700,165725.0,165755.0,165550.0,165620.0,90201,5,314000
WIN$D,M15,1637850600,165625.0,165900.0,165605.0,165790.0,115061,5,402424
WIN$D,M15,1637851500,165790.0,165850.0,165535.0,165650.0,109320,5,357076
WIN$D,M15,1637852400,165650.0,165665.0,165445.0,165590.0,115198,5,355564
WIN$D,M15,1637853300,165585.0,165755.0,165515.0,165700.0,112094,5,349073
WIN$D,M15,1637854200,165700.0,165770.0,165440.0,165450.0,118706,5,369970
WIN$D,M15,1637855100,165455.0,165520.0,165350.0,165365.0,100098,5,293692
WIN$D,M15,1637856000,165370.0,165455.0,165210.0,165280.0,116524,5,365455
WIN$D,M15,1637856900,165285.0,165465.0,165215.0,165415.0,113605,5,342642
WIN$D,M15,1637857800,165415.0,165475.0,165230.0,165245.0,75070,5,235556
WIN$D,M15,1637858700,165250.0,165505.0,165245.0,165425.0,71746,5,217164
WIN$D,M15,1637859600,165420.0,165550.0,165370.0,165465.0,67483,5,216793
WIN$D,M15,1637860500,165465.0,165485.0,165295.0,165325.0,56559,5,173749
WIN$D,M15,1637861400,165325.0,165505.0,165285.0,165450.0,73969,5,203245
WIN$D,M15,1637862300,165460.0,165480.0,165350.0,165390.0,43151,5,127894
WIN$D,M15,1637863200,165395.0,165545.0,165330.0,165515.0,34800,5,119879
WIN$D,M15,1637864100,165515.0,165665.0,165455.0,165600.0,19483,5,73624
WIN$D,M15,1637917200,162265.0,163165.0,162265.0,162775.0,203951,5,540797
WIN$D,M15,1637918100,162780.0,163015.0,162735.0,162745.0,175996,5,482698
WIN$D,M15,1637919000,162745.0,162980.0,162695.0,162865.0,163736,5,467670
WIN$D,M15,1637919900,162865.0,162955.0,162625.0,162735.0,183930,5,540169
WIN$D,M15,1637920800,162740.0,162760.0,162190.0,162260.0,323834,5,1018256
WIN$D,M15,1637921700,162265.0,162590.0,161955.0,162355.0,321693,5,1026781
WIN$D,M15,1637922600,162360.0,162400.0,161865.0,162095.0,264049,5,834047
WIN$D,M15,1637923500,162095.0,162605.0,162015.0,162515.0,249358,5,792030
WIN$D,M15,1637924400,162515.0,162575.0,162175.0,162195.0,221799,5,740553
WIN$D,M15,1637925300,162200.0,162295.0,161920.0,162020.0,216942,5,688338
WIN$D,M15,1637926200,162020.0,162260.0,161750.0,161835.0,320027,5,1016889
WIN$D,M15,1637927100,161835.0,161885.0,161345.0,161560.0,272056,5,866762
WIN$D,M15,1637928000,161560.0,161610.0,161025.0,161055.0,224619,5,740180
WIN$D,M15,1637928900,161060.0,161530.0,160935.0,161510.0,205778,5,693695
WIN$D,M15,1637929800,161505.0,161525.0,161245.0,161410.0,151342,5,475054
WIN$D,M15,1637930700,161405.0,161615.0,161250.0,161300.0,150468,5,486579
WIN$D,M15,1637931600,161300.0,161395.0,161130.0,161175.0,146720,5,469174
WIN$D,M15,1637932500,161175.0,161295.0,161090.0,161280.0,109219,5,367566
WIN$D,M15,1637933400,161275.0,161440.0,161120.0,161400.0,145827,5,499404
WIN$D,M15,1637934300,161400.0,161435.0,161135.0,161245.0,119851,5,402604
WIN$D,M15,1637935200,161250.0,161785.0,161235.0,161490.0,176433,5,620032
WIN$D,M15,1637936100,161490.0,161900.0,161435.0,161890.0,158449,5,542820
WIN$D,M15,1637937000,161885.0,162110.0,161755.0,162075.0,163918,5,586356
WIN$D,M15,1637937900,162075.0,162125.0,161745.0,161830.0,186177,5,638082
WIN$D,M15,1637938800,161835.0,162030.0,161675.0,161695.0,122276,5,381625
WIN$D,M15,1637939700,161700.0,161880.0,161635.0,161720.0,105041,5,313524
WIN$D,M15,1637940600,161720.0,161960.0,161610.0,161880.0,93781,5,288690
WIN$D,M15,1637941500,161885.0,162010.0,161630.0,161680.0,90244,5,283694
WIN$D,M15,1637942400,161675.0,161720.0,161495.0,161625.0,95095,5,295131
WIN$D,M15,1637943300,161620.0,161735.0,161400.0,161480.0,107806,5,336563
WIN$D,M15,1637944200,161485.0,161720.0,161440.0,161660.0,75784,5,242186
WIN$D,M15,1637945100,161660.0,161695.0,161505.0,161560.0,68240,5,212680
WIN$D,M15,1637946000,161560.0,161675.0,161475.0,161635.0,50271,5,172020
WIN$D,M15,1637946900,161640.0,161870.0,161595.0,161790.0,55383,5,181818
WIN$D,M15,1637947800,161790.0,161965.0,161700.0,161865.0,66046,5,183164
WIN$D,M15,1637948700,161870.0,161955.0,161650.0,161705.0,74480,5,201522
WIN$D,M15,1637949600,161705.0,161810.0,161615.0,161685.0,42449,5,121485
WIN$D,M15,1637950500,161685.0,161715.0,161525.0,161525.0,25819,5,66385
WIN$D,M15,1638176400,162780.0,163215.0,162695.0,163155.0,203344,5,532868
WIN$D,M15,1638177300,163150.0,163340.0,163070.0,163085.0,167664,5,457997
WIN$D,M15,1638178200,163085.0,163425.0,163040.0,163280.0,172245,5,515406
WIN$D,M15,1638179100,163280.0,163475.0,163220.0,163235.0,166863,5,505065
WIN$D,M15,1638180000,163235.0,163360.0,162980.0,163290.0,307656,5,953491
WIN$D,M15,1638180900,163290.0,163460.0,162785.0,162800.0,312888,5,1026049
WIN$D,M15,1638181800,162800.0,163500.0,162720.0,163430.0,304633,5,1021736
WIN$D,M15,1638182700,163430.0,163625.0,163360.0,163415.0,210393,5,701761
WIN$D,M15,1638183600,163415.0,163680.0,163150.0,163555.0,282006,5,1003069
WIN$D,M15,1638184500,163555.0,163640.0,163175.0,163210.0,193662,5,719149
WIN$D,M15,1638185400,163210.0,163285.0,162795.0,162850.0,267340,5,948392
WIN$D,M15,1638186300,162850.0,162945.0,162350.0,162405.0,301173,5,1098223
WIN$D,M15,1638187200,162405.0,162495.0,162185.0,162240.0,224997,5,741020
WIN$D,M15,1638188100,162245.0,162590.0,162075.0,162135.0,213660,5,721400
WIN$D,M15,1638189000,162135.0,162445.0,162045.0,162390.0,193221,5,674302
WIN$D,M15,1638189900,162395.0,162610.0,162350.0,162575.0,162920,5,556110
WIN$D,M15,1638190800,162575.0,162695.0,162525.0,162570.0,120883,5,441653
WIN$D,M15,1638191700,162565.0,162655.0,162410.0,162455.0,144906,5,503142
WIN$D,M15,1638192600,162455.0,162605.0,162280.0,162450.0,146906,5,512397
WIN$D,M15,1638193500,162455.0,162655.0,162265.0,162285.0,151912,5,537932
WIN$D,M15,1638194400,162285.0,162595.0,162190.0,162565.0,153976,5,566966
WIN$D,M15,1638195300,162565.0,163035.0,162565.0,162905.0,180715,5,717947
WIN$D,M15,1638196200,162905.0,163190.0,162870.0,163020.0,161787,5,592665
WIN$D,M15,1638197100,163020.0,163115.0,162920.0,163045.0,100843,5,373887
WIN$D,M15,1638198000,163050.0,163105.0,162935.0,163010.0,93281,5,353492
WIN$D,M15,1638198900,163010.0,163040.0,162730.0,162865.0,132765,5,531947
WIN$D,M15,1638199800,162865.0,163115.0,162840.0,163075.0,113123,5,447456
WIN$D,M15,1638200700,163080.0,163315.0,162905.0,163295.0,136577,5,570526
WIN$D,M15,1638201600,163295.0,163320.0,162980.0,162995.0,120596,5,470792
WIN$D,M15,1638202500,162990.0,163130.0,162865.0,162965.0,138762,5,553747
WIN$D,M15,1638203400,162960.0,163010.0,162820.0,162830.0,109690,5,429911
WIN$D,M15,1638204300,162830.0,162895.0,162735.0,162880.0,100994,5,388886
WIN$D,M15,1638205200,162880.0,163120.0,162870.0,163040.0,100017,5,392981
WIN$D,M15,1638206100,163035.0,163100.0,162620.0,162620.0,110104,5,442708
WIN$D,M15,1638207000,162625.0,162685.0,162275.0,162345.0,130813,5,493468
WIN$D,M15,1638207900,162345.0,162415.0,162220.0,162260.0,84257,5,312713
WIN$D,M15,1638208800,162255.0,162460.0,162180.0,162390.0,76395,5,250569
WIN$D,M15,1638209700,162390.0,162485.0,162295.0,162485.0,25014,5,81541
WIN$D,M15,1638262800,161515.0,161850.0,161415.0,161810.0,161001,5,393901
WIN$D,M15,1638263700,161810.0,162110.0,161680.0,162100.0,176441,5,553472
WIN$D,M15,1638264600,162100.0,162135.0,161720.0,161810.0,186247,5,609297
WIN$D,M15,1638265500,161815.0,161965.0,161605.0,161715.0,217999,5,689835
WIN$D,M15,1638266400,161715.0,161995.0,161520.0,161535.0,292389,5,957193
WIN$D,M15,1638267300,161535.0,161955.0,161465.0,161790.0,273350,5,903740
WIN$D,M15,1638268200,161790.0,162205.0,161440.0,161980.0,338054,5,1146253
WIN$D,M15,1638269100,161980.0,162450.0,161870.0,162430.0,289915,5,993361
WIN$D,M15,1638270000,162425.0,162555.0,162190.0,162430.0,261613,5,909032
WIN$D,M15,1638270900,162435.0,162475.0,162100.0,162110.0,206949,5,705366
WIN$D,M15,1638271800,162115.0,162435.0,161955.0,162060.0,312175,5,1042426
WIN$D,M15,1638272700,162060.0,162220.0,161710.0,161720.0,267390,5,851304
WIN$D,M15,1638273600,161730.0,162185.0,161670.0,161950.0,226436,5,746952
WIN$D,M15,1638274500,161955.0,162190.0,161755.0,161875.0,193451,5,643275
WIN$D,M15,1638275400,161875.0,162080.0,161480.0,161515.0,269812,5,931818
WIN$D,M15,1638276300,161520.0,161545.0,160210.0,160220.0,375170,5,1396403
WIN$D,M15,1638277200,160215.0,160615.0,160150.0,160595.0,259690,5,921668
WIN$D,M15,1638278100,160590.0,160730.0,160450.0,160630.0,168755,5,580947
WIN$D,M15,1638279000,160630.0,160660.0,160040.0,160115.0,215203,5,792450
WIN$D,M15,1638279900,160115.0,160175.0,159825.0,160125.0,179068,5,641846
WIN$D,M15,1638280800,160125.0,160125.0,159555.0,159605.0,194236,5,711218
WIN$D,M15,1638281700,159605.0,160015.0,159600.0,159980.0,161230,5,567023
WIN$D,M15,1638282600,159985.0,160120.0,159795.0,160095.0,136000,5,479577
WIN$D,M15,1638283500,160090.0,160150.0,159830.0,159935.0,155684,5,557154
WIN$D,M15,1638284400,159935.0,160035.0,159730.0,159845.0,150758,5,557315
WIN$D,M15,1638285300,159845.0,159955.0,159620.0,159735.0,139480,5,521309
WIN$D,M15,1638286200,159740.0,160030.0,159705.0,159985.0,124337,5,474435
WIN$D,M15,1638287100,159980.0,160245.0,159885.0,160205.0,104970,5,419321
WIN$D,M15,1638288000,160205.0,160430.0,160020.0,160325.0,142030,5,559484
WIN$D,M15,1638288900,160320.0,160425.0,160135.0,160370.0,124916,5,494448
WIN$D,M15,1638289800,160375.0,160610.0,160350.0,160390.0,125739,5,493215
WIN$D,M15,1638290700,160385.0,160635.0,160220.0,160620.0,138314,5,570795
WIN$D,M15,1638291600,160620.0,161145.0,160550.0,161070.0,191112,5,778875
WIN$D,M15,1638292500,161070.0,161445.0,160940.0,161285.0,149808,5,584500
WIN$D,M15,1638293400,161285.0,161545.0,161240.0,161340.0,123343,5,437883
WIN$D,M15,1638294300,161340.0,161470.0,161135.0,161265.0,105067,5,383396
WIN$D,M15,1638295200,161265.0,161620.0,161250.0,161530.0,77222,5,231243
WIN$D,M15,1638296100,161525.0,161745.0,161485.0,161725.0,35753,5,116015
WIN$D,M15,1638349200,162380.0,162900.0,162315.0,162770.0,186370,5,523834
WIN$D,M15,1638350100,162775.0,162810.0,162445.0,162555.0,156082,5,477303
WIN$D,M15,1638351000,162555.0,162720.0,162485.0,162615.0,161452,5,498366
WIN$D,M15,1638351900,162620.0,162840.0,162525.0,162815.0,135126,5,434371
WIN$D,M15,1638352800,162815.0,163175.0,162535.0,163160.0,259631,5,814349
WIN$D,M15,1638353700,163155.0,163225.0,162475.0,162495.0,285707,5,933410
WIN$D,M15,1638354600,162495.0,163185.0,162475.0,163135.0,283459,5,978111
WIN$D,M15,1638355500,163135.0,163275.0,162850.0,163060.0,261301,5,872705
WIN$D,M15,1638356400,163060.0,163165.0,162850.0,163000.0,205972,5,678659
WIN$D,M15,1638357300,163000.0,163355.0,162935.0,163140.0,230106,5,766225
WIN$D,M15,1638358200,163145.0,163170.0,162670.0,162975.0,268824,5,924619
WIN$D,M15,1638359100,162970.0,163335.0,162720.0,163285.0,233059,5,778785
WIN$D,M15,1638360000,163285.0,163600.0,163245.0,163435.0,209046,5,751845
WIN$D,M15,1638360900,163435.0,163510.0,163145.0,163250.0,189852,5,652033
WIN$D,M15,1638361800,163255.0,163420.0,162965.0,163185.0,188636,5,635313
WIN$D,M15,1638362700,163180.0,163475.0,163150.0,163210.0,151254,5,535775
WIN$D,M15,1638363600,163215.0,163260.0,162970.0,163035.0,141266,5,490765
WIN$D,M15,1638364500,163040.0,163095.0,162645.0,162705.0,184826,5,666173
WIN$D,M15,1638365400,162700.0,162840.0,162400.0,162405.0,162250,5,597475
WIN$D,M15,1638366300,162410.0,162470.0,161945.0,162140.0,222559,5,838911
WIN$D,M15,1638367200,162140.0,162415.0,162050.0,162225.0,196473,5,720760
WIN$D,M15,1638368100,162225.0,162525.0,162180.0,162310.0,160358,5,587958
WIN$D,M15,1638369000,162310.0,162430.0,162015.0,162175.0,176782,5,643895
WIN$D,M15,1638369900,162170.0,162190.0,161590.0,161645.0,212048,5,752570
WIN$D,M15,1638370800,161645.0,161880.0,161240.0,161380.0,251624,5,908719
WIN$D,M15,1638371700,161385.0,161550.0,161155.0,161490.0,207059,5,721241
WIN$D,M15,1638372600,161490.0,161505.0,160880.0,160940.0,200131,5,717059
WIN$D,M15,1638373500,160940.0,160950.0,160345.0,160560.0,244513,5,958692
WIN$D,M15,1638374400,160560.0,160700.0,160255.0,160335.0,172916,5,634953
WIN$D,M15,1638375300,160330.0,160645.0,160215.0,160590.0,154306,5,573857
WIN$D,M15,1638376200,160590.0,160930.0,160555.0,160890.0,173330,5,662169
WIN$D,M15,1638377100,160895.0,161055.0,160570.0,160655.0,170037,5,619430
WIN$D,M15,1638378000,160655.0,160765.0,160110.0,160580.0,161113,5,596115
WIN$D,M15,1638378900,160580.0,160590.0,160055.0,160355.0,158570,5,568193
WIN$D,M15,1638379800,160355.0,160900.0,160280.0,160835.0,160596,5,542810
WIN$D,M15,1638380700,160835.0,160865.0,160215.0,160230.0,122008,5,375509
WIN$D,M15,1638381600,160230.0,160305.0,160035.0,160230.0,101882,5,286644
WIN$D,M15,1638382500,160230.0,160255.0,159965.0,159965.0,43964,5,121979
WIN$D,M15,1638435600,160745.0,161385.0,160670.0,161270.0,215694,5,596011
WIN$D,M15,1638436500,161270.0,161535.0,161195.0,161360.0,161563,5,474033
WIN$D,M15,1638437400,161365.0,161415.0,160945.0,161120.0,207552,5,629738
WIN$D,M15,1638438300,161120.0,161480.0,161045.0,161455.0,208999,5,636549
WIN$D,M15,1638439200,161460.0,161905.0,161415.0,161810.0,256078,5,851149
WIN$D,M15,1638440100,161815.0,162065.0,161660.0,162020.0,229273,5,763696
WIN$D,M15,1638441000,162025.0,162225.0,161560.0,161630.0,259239,5,856462
WIN$D,M15,1638441900,161635.0,162335.0,161615.0,162185.0,260420,5,890528
WIN$D,M15,1638442800,162190.0,162355.0,161875.0,162160.0,232693,5,798073
WIN$D,M15,1638443700,162160.0,162255.0,161795.0,161835.0,215337,5,703290
WIN$D,M15,1638444600,161840.0,162610.0,161730.0,162515.0,304438,5,1078425
WIN$D,M15,1638445500,162515.0,163145.0,162425.0,163115.0,242394,5,912330
WIN$D,M15,1638446400,163115.0,163150.0,162835.0,163025.0,205126,5,747924
WIN$D,M15,1638447300,163030.0,163165.0,162830.0,163155.0,168022,5,595265
WIN$D,M15,1638448200,163150.0,163340.0,162785.0,162850.0,227161,5,820424
WIN$D,M15,1638449100,162850.0,163200.0,162690.0,163150.0,194525,5,684519
WIN$D,M15,1638450000,163145.0,163380.0,162970.0,163310.0,155232,5,539912
WIN$D,M15,1638450900,163310.0,163410.0,163035.0,163070.0,154578,5,552906
WIN$D,M15,1638451800,163070.0,163440.0,162935.0,163195.0,190927,5,697529
WIN$D,M15,1638452700,163190.0,163445.0,163120.0,163355.0,165557,5,610430
WIN$D,M15,1638453600,163355.0,163415.0,163140.0,163320.0,134075,5,507852
WIN$D,M15,1638454500,163315.0,163455.0,163235.0,163420.0,111708,5,411568
WIN$D,M15,1638455400,163420.0,163705.0,163175.0,163260.0,228582,5,847761
WIN$D,M15,1638456300,163265.0,163365.0,162970.0,163295.0,166033,5,586459
WIN$D,M15,1638457200,163300.0,163385.0,162875.0,163160.0,202235,5,747589
WIN$D,M15,1638458100,163160.0,163165.0,162775.0,162830.0,157385,5,588037
WIN$D,M15,1638459000,162830.0,162945.0,162740.0,162830.0,130794,5,461850
WIN$D,M15,1638459900,162825.0,163030.0,162585.0,162925.0,160393,5,597918
WIN$D,M15,1638460800,162925.0,163055.0,162735.0,162840.0,140858,5,514243
WIN$D,M15,1638461700,162845.0,163205.0,162835.0,163150.0,128852,5,500166
WIN$D,M15,1638462600,163150.0,163255.0,163005.0,163125.0,117860,5,455760
WIN$D,M15,1638463500,163125.0,163150.0,162820.0,162860.0,111428,5,431240
WIN$D,M15,1638464400,162865.0,163070.0,162775.0,163040.0,99228,5,398481
WIN$D,M15,1638465300,163040.0,163150.0,162975.0,163020.0,87921,5,346107
WIN$D,M15,1638466200,163020.0,163510.0,163005.0,163385.0,116093,5,420008
WIN$D,M15,1638467100,163385.0,163685.0,163200.0,163660.0,116255,5,397076
WIN$D,M15,1638468000,163655.0,163820.0,163595.0,163715.0,69611,5,225824
WIN$D,M15,1638468900,163720.0,163920.0,163695.0,163915.0,37386,5,120440
WIN$D,M15,1638522000,163550.0,163640.0,163170.0,163220.0,195626,5,528247
WIN$D,M15,1638522900,163220.0,163475.0,163190.0,163240.0,175912,5,518077
WIN$D,M15,1638523800,163235.0,163810.0,163120.0,163560.0,265440,5,832557
WIN$D,M15,1638524700,163560.0,163780.0,163475.0,163660.0,185498,5,581648
WIN$D,M15,1638525600,163660.0,164740.0,163570.0,164515.0,344933,5,1152466
WIN$D,M15,1638526500,164510.0,165075.0,164435.0,164715.0,309610,5,937277
WIN$D,M15,1638527400,164720.0,165515.0,164710.0,165470.0,320320,5,935057
WIN$D,M15,1638528300,165470.0,165985.0,165225.0,165785.0,255406,5,882838
WIN$D,M15,1638529200,165785.0,166040.0,165635.0,165955.0,212726,5,691412
WIN$D,M15,1638530100,165950.0,165980.0,165515.0,165670.0,187760,5,617026
WIN$D,M15,1638531000,165675.0,166295.0,165430.0,165665.0,341289,5,1147255
WIN$D,M15,1638531900,165660.0,165825.0,165280.0,165420.0,242067,5,808986
WIN$D,M15,1638532800,165420.0,165560.0,164720.0,164730.0,253368,5,867916
WIN$D,M15,1638533700,164725.0,165520.0,164720.0,165510.0,228626,5,796423
WIN$D,M15,1638534600,165510.0,165510.0,164835.0,164840.0,194303,5,646670
WIN$D,M15,1638535500,164845.0,165040.0,164340.0,164740.0,254976,5,880830
WIN$D,M15,1638536400,164740.0,164845.0,164305.0,164720.0,218815,5,709698
WIN$D,M15,1638537300,164720.0,165195.0,164465.0,165035.0,214065,5,690114
WIN$D,M15,1638538200,165040.0,165110.0,164430.0,164475.0,184404,5,581949
WIN$D,M15,1638539100,164470.0,164700.0,164185.0,164235.0,210625,5,676922
WIN$D,M15,1638540000,164240.0,164500.0,164070.0,164350.0,176400,5,566885
WIN$D,M15,1638540900,164355.0,164875.0,164335.0,164660.0,174593,5,588673
WIN$D,M15,1638541800,164660.0,165010.0,164295.0,164790.0,206616,5,683328
WIN$D,M15,1638542700,164795.0,164880.0,164455.0,164570.0,152604,5,488465
WIN$D,M15,1638543600,164570.0,164920.0,164465.0,164780.0,154617,5,505348
WIN$D,M15,1638544500,164775.0,164985.0,164675.0,164730.0,147041,5,500954
WIN$D,M15,1638545400,164730.0,164785.0,164505.0,164765.0,141143,5,458819
WIN$D,M15,1638546300,164770.0,164865.0,164495.0,164750.0,157259,5,529530
WIN$D,M15,1638547200,164745.0,164795.0,164250.0,164280.0,154276,5,529308
WIN$D,M15,1638548100,164275.0,164370.0,163760.0,164245.0,203785,5,713597
WIN$D,M15,1638549000,164250.0,164315.0,163905.0,164200.0,168149,5,552919
WIN$D,M15,1638549900,164200.0,164250.0,163825.0,163840.0,130195,5,414526
WIN$D,M15,1638550800,163845.0,163980.0,163455.0,163895.0,172067,5,584980
WIN$D,M15,1638551700,163890.0,164300.0,163725.0,164050.0,132433,5,475974
WIN$D,M15,1638552600,164055.0,164505.0,164035.0,164090.0,137733,5,477473
WIN$D,M15,1638553500,164090.0,164370.0,163920.0,164260.0,111327,5,387508
WIN$D,M15,1638554400,164260.0,164910.0,164225.0,164730.0,101480,5,292833
WIN$D,M15,1638555300,164740.0,164930.0,164720.0,164815.0,34133,5,81983
WIN$D,M15,1638781200,165325.0,165470.0,164955.0,165260.0,207098,5,487985
WIN$D,M15,1638782100,165255.0,165320.0,165015.0,165145.0,173767,5,525358
WIN$D,M15,1638783000,165145.0,165425.0,165030.0,165310.0,213922,5,676407
WIN$D,M15,1638783900,165310.0,165560.0,165065.0,165340.0,268543,5,858831
WIN$D,M15,1638784800,165340.0,165735.0,165090.0,165520.0,364862,5,1097944
WIN$D,M15,1638785700,165520.0,165730.0,165000.0,165255.0,366006,5,1145447
WIN$D,M15,1638786600,165250.0,165925.0,165065.0,165905.0,328623,5,1041410
WIN$D,M15,1638787500,165905.0,166020.0,165590.0,166005.0,277873,5,891132
WIN$D,M15,1638788400,166000.0,166045.0,165470.0,165595.0,248268,5,808184
WIN$D,M15,1638789300,165600.0,165825.0,165395.0,165650.0,231493,5,791237
WIN$D,M15,1638790200,165650.0,166105.0,165245.0,166020.0,410401,5,1335151
WIN$D,M15,1638791100,166020.0,166515.0,165870.0,166445.0,316329,5,1086197
WIN$D,M15,1638792000,166445.0,166835.0,166170.0,166790.0,268238,5,936590
WIN$D,M15,1638792900,166790.0,166850.0,166620.0,166665.0,172256,5,579318
WIN$D,M15,1638793800,166660.0,166840.0,166545.0,166600.0,181722,5,609795
WIN$D,M15,1638794700,166595.0,166805.0,166470.0,166730.0,152940,5,510738
WIN$D,M15,1638795600,166735.0,166775.0,166400.0,166485.0,154049,5,509672
WIN$D,M15,1638796500,166480.0,166770.0,166455.0,166620.0,125639,5,417766
WIN$D,M15,1638797400,166615.0,166750.0,166495.0,166745.0,130471,5,434214
WIN$D,M15,1638798300,166740.0,166810.0,166630.0,166655.0,112083,5,374801
WIN$D,M15,1638799200,166650.0,166700.0,166470.0,166525.0,132448,5,460671
WIN$D,M15,1638800100,166525.0,166680.0,166455.0,166475.0,99018,5,340634
WIN$D,M15,1638801000,166480.0,166645.0,166405.0,166495.0,141058,5,498998
WIN$D,M15,1638801900,166495.0,167025.0,166480.0,166880.0,175015,5,641117
WIN$D,M15,1638802800,166880.0,166895.0,166545.0,166745.0,142867,5,497026
WIN$D,M15,1638803700,166740.0,166815.0,166545.0,166715.0,124662,5,444317
WIN$D,M15,1638804600,166710.0,166730.0,166435.0,166485.0,134430,5,474246
WIN$D,M15,1638805500,166485.0,166535.0,166265.0,166435.0,134571,5,480582
WIN$D,M15,1638806400,166435.0,166495.0,166205.0,166270.0,141463,5,526640
WIN$D,M15,1638807300,166265.0,166450.0,166245.0,166420.0,114831,5,420635
WIN$D,M15,1638808200,166420.0,166490.0,166220.0,166280.0,114923,5,411103
WIN$D,M15,1638809100,166280.0,166320.0,166095.0,166300.0,122633,5,437750
WIN$D,M15,1638810000,166300.0,166460.0,166230.0,166410.0,117625,5,405069
WIN$D,M15,1638810900,166410.0,166510.0,166275.0,166330.0,92701,5,326776
WIN$D,M15,1638811800,166330.0,166535.0,166230.0,166515.0,84616,5,290016
WIN$D,M15,1638812700,166515.0,166565.0,166350.0,166395.0,76437,5,286704
WIN$D,M15,1638813600,166395.0,166530.0,166250.0,166505.0,73830,5,240932
WIN$D,M15,1638814500,166510.0,166555.0,166385.0,166385.0,24654,5,73121
WIN$D,M15,1638867600,167700.0,168020.0,167465.0,167785.0,226057,5,521596
WIN$D,M15,1638868500,167785.0,168150.0,167725.0,167945.0,180753,5,529315
WIN$D,M15,1638869400,167945.0,167960.0,167755.0,167885.0,150502,5,461978
WIN$D,M15,1638870300,167885.0,168040.0,167825.0,168010.0,159124,5,488885
WIN$D,M15,1638871200,168010.0,168070.0,167775.0,167850.0,210616,5,647513
WIN$D,M15,1638872100,167850.0,167945.0,167535.0,167540.0,276726,5,832577
WIN$D,M15,1638873000,167540.0,167670.0,167305.0,167505.0,316543,5,966801
WIN$D,M15,1638873900,167500.0,167575.0,167225.0,167265.0,263298,5,877232
WIN$D,M15,1638874800,167270.0,167335.0,167100.0,167115.0,196742,5,655480
WIN$D,M15,1638875700,167115.0,167440.0,167065.0,167260.0,197904,5,626474
WIN$D,M15,1638876600,167260.0,167465.0,167195.0,167310.0,239120,5,787285
WIN$D,M15,1638877500,167310.0,167320.0,166920.0,167180.0,244477,5,829408
WIN$D,M15,1638878400,167180.0,167650.0,167050.0,167625.0,245272,5,857298
WIN$D,M15,1638879300,167625.0,167660.0,167360.0,167505.0,190513,5,635519
WIN$D,M15,1638880200,167500.0,167605.0,167400.0,167440.0,128011,5,431150
WIN$D,M15,1638881100,167445.0,167800.0,167405.0,167730.0,171507,5,580945
WIN$D,M15,1638882000,167730.0,167745.0,167540.0,167610.0,112782,5,366239
WIN$D,M15,1638882900,167610.0,167660.0,167300.0,167355.0,172397,5,583521
WIN$D,M15,1638883800,167355.0,167440.0,167230.0,167270.0,140305,5,473177
WIN$D,M15,1638884700,167265.0,167335.0,167070.0,167200.0,140588,5,484347
WIN$D,M15,1638885600,167200.0,167395.0,167140.0,167215.0,150381,5,514034
WIN$D,M15,1638886500,167220.0,167410.0,167090.0,167410.0,147250,5,488543
WIN$D,M15,1638887400,167405.0,167545.0,167115.0,167135.0,173450,5,585002
WIN$D,M15,1638888300,167135.0,167245.0,167000.0,167210.0,171112,5,575085
WIN$D,M15,1638889200,167210.0,167290.0,166685.0,166855.0,204625,5,728685
WIN$D,M15,1638890100,166855.0,167030.0,166815.0,166975.0,141322,5,500665
WIN$D,M15,1638891000,166975.0,167250.0,166820.0,167145.0,163311,5,567064
WIN$D,M15,1638891900,167145.0,167205.0,166990.0,167000.0,108967,5,378809
WIN$D,M15,1638892800,167000.0,167110.0,166915.0,166955.0,119849,5,421366
WIN$D,M15,1638893700,166955.0,167165.0,166875.0,167030.0,110039,5,379088
WIN$D,M15,1638894600,167025.0,167120.0,166950.0,167035.0,89445,5,312897
WIN$D,M15,1638895500,167035.0,167115.0,166830.0,167085.0,122601,5,429424
WIN$D,M15,1638896400,167085.0,167250.0,166980.0,167105.0,127632,5,448348
WIN$D,M15,1638897300,167105.0,167300.0,166945.0,166960.0,112691,5,389004
WIN$D,M15,1638898200,166960.0,167020.0,166470.0,166695.0,144525,5,489847
WIN$D,M15,1638899100,166695.0,166915.0,166545.0,166885.0,101792,5,336357
WIN$D,M15,1638900000,166885.0,167150.0,166855.0,166995.0,66568,5,207898
WIN$D,M15,1638900900,167000.0,167165.0,166925.0,167165.0,24112,5,70399
WIN$D,M15,1638954000,167635.0,167810.0,167185.0,167360.0,227517,5,579202
WIN$D,M15,1638954900,167360.0,167540.0,167180.0,167330.0,167678,5,481035
WIN$D,M15,1638955800,167325.0,167405.0,167030.0,167075.0,175499,5,526086
WIN$D,M15,1638956700,167080.0,167385.0,166980.0,167355.0,192533,5,606606
WIN$D,M15,1638957600,167360.0,167440.0,166885.0,166935.0,272122,5,844338
WIN$D,M15,1638958500,166935.0,167040.0,166780.0,166885.0,232778,5,770421
WIN$D,M15,1638959400,166885.0,166980.0,166645.0,166850.0,256188,5,836706
WIN$D,M15,1638960300,166850.0,167300.0,166845.0,167285.0,232572,5,791269
WIN$D,M15,1638961200,167285.0,167325.0,166785.0,166800.0,239940,5,801066
WIN$D,M15,1638962100,166800.0,167255.0,166765.0,167220.0,190139,5,665606
WIN$D,M15,1638963000,167220.0,167570.0,167155.0,167505.0,243688,5,863725
WIN$D,M15,1638963900,167510.0,167945.0,167500.0,167765.0,211155,5,778947
WIN$D,M15,1638964800,167765.0,167790.0,167405.0,167485.0,197006,5,690214
WIN$D,M15,1638965700,167485.0,167515.0,167245.0,167265.0,157247,5,527687
WIN$D,M15,1638966600,167260.0,167300.0,166880.0,167010.0,209795,5,721407
WIN$D,M15,1638967500,167015.0,167165.0,166820.0,166960.0,171098,5,575577
WIN$D,M15,1638968400,166955.0,167215.0,166855.0,167140.0,139432,5,472534
WIN$D,M15,1638969300,167135.0,167315.0,167030.0,167240.0,147764,5,512568
WIN$D,M15,1638970200,167240.0,167275.0,167040.0,167120.0,107492,5,355846
WIN$D,M15,1638971100,167120.0,167385.0,167075.0,167210.0,130085,5,442083
WIN$D,M15,1638972000,167205.0,167215.0,166980.0,167170.0,119887,5,412930
WIN$D,M15,1638972900,167170.0,167310.0,167085.0,167190.0,134480,5,475243
WIN$D,M15,1638973800,167190.0,167345.0,167150.0,167285.0,95997,5,330083
WIN$D,M15,1638974700,167290.0,167375.0,167095.0,167110.0,99361,5,350498
WIN$D,M15,1638975600,167110.0,167155.0,167010.0,167040.0,94034,5,350340
WIN$D,M15,1638976500,167035.0,167130.0,166970.0,167070.0,98030,5,372537
WIN$D,M15,1638977400,167075.0,167510.0,167035.0,167450.0,153260,5,582854
WIN$D,M15,1638978300,167455.0,167495.0,167275.0,167410.0,111986,5,389495
WIN$D,M15,1638979200,167415.0,167430.0,167240.0,167300.0,90298,5,307684
WIN$D,M15,1638980100,167305.0,167400.0,167240.0,167360.0,70398,5,243724
WIN$D,M15,1638981000,167355.0,167365.0,167170.0,167240.0,81259,5,306027
WIN$D,M15,1638981900,167235.0,167455.0,167190.0,167440.0,90667,5,350770
WIN$D,M15,1638982800,167435.0,167620.0,167405.0,167485.0,101107,5,391784
WIN$D,M15,1638983700,167485.0,167535.0,167350.0,167370.0,62332,5,235577
WIN$D,M15,1638984600,167370.0,167480.0,167300.0,167415.0,67967,5,266905
WIN$D,M15,1638985500,167415.0,167515.0,167375.0,167480.0,49314,5,192837
WIN$D,M15,1638986400,167480.0,167600.0,167440.0,167545.0,47043,5,173906
WIN$D,M15,1638987300,167545.0,167635.0,167475.0,167565.0,23946,5,94544
WIN$D,M15,1639040400,166615.0,166740.0,166435.0,166570.0,174849,5,465339
WIN$D,M15,1639041300,166565.0,166650.0,166400.0,166640.0,138153,5,423603
WIN$D,M15,1639042200,166645.0,166755.0,166515.0,166530.0,124028,5,398618
WIN$D,M15,1639043100,166525.0,166795.0,166495.0,166665.0,148870,5,503772
WIN$D,M15,1639044000,166665.0,166845.0,166320.0,166420.0,301523,5,1003858
WIN$D,M15,1639044900,166415.0,166665.0,166370.0,166660.0,205287,5,680615
WIN$D,M15,1639045800,166655.0,166700.0,166405.0,166450.0,186689,5,633373
WIN$D,M15,1639046700,166445.0,166450.0,165935.0,166040.0,247113,5,860843
WIN$D,M15,1639047600,166045.0,166165.0,165890.0,166110.0,185847,5,628794
WIN$D,M15,1639048500,166115.0,166215.0,166005.0,166150.0,169465,5,590733
WIN$D,M15,1639049400,166155.0,166245.0,165740.0,165770.0,266771,5,945799
WIN$D,M15,1639050300,165765.0,165855.0,165470.0,165580.0,200725,5,707751
WIN$D,M15,1639051200,165585.0,165640.0,165415.0,165540.0,154726,5,565638
WIN$D,M15,1639052100,165545.0,165700.0,165505.0,165670.0,127069,5,463929
WIN$D,M15,1639053000,165670.0,165790.0,165590.0,165760.0,132299,5,463970
WIN$D,M15,1639053900,165760.0,165950.0,165720.0,165950.0,116520,5,419246
WIN$D,M15,1639054800,165945.0,165985.0,165735.0,165775.0,126223,5,463667
WIN$D,M15,1639055700,165775.0,165825.0,165690.0,165810.0,98747,5,353413
WIN$D,M15,1639056600,165810.0,165985.0,165770.0,165980.0,103104,5,398235
WIN$D,M15,1639057500,165980.0,166040.0,165800.0,165855.0,121820,5,456832
WIN$D,M15,1639058400,165855.0,165905.0,165595.0,165635.0,141161,5,522045
WIN$D,M15,1639059300,165640.0,165695.0,165555.0,165670.0,107985,5,399824
WIN$D,M15,1639060200,165670.0,165750.0,165450.0,165490.0,119736,5,454101
WIN$D,M15,1639061100,165485.0,165805.0,165485.0,165790.0,107882,5,412335
WIN$D,M15,1639062000,165785.0,166015.0,165760.0,165880.0,126290,5,499914
WIN$D,M15,1639062900,165880.0,165995.0,165835.0,165985.0,92905,5,342023
WIN$D,M15,1639063800,165985.0,166055.0,165890.0,165930.0,106982,5,393166
WIN$D,M15,1639064700,165925.0,165965.0,165765.0,165855.0,133313,5,503847
WIN$D,M15,1639065600,165855.0,165965.0,165740.0,165750.0,99371,5,377910
WIN$D,M15,1639066500,165750.0,165925.0,165690.0,165715.0,105224,5,399164
WIN$D,M15,1639067400,165710.0,165800.0,165550.0,165585.0,107291,5,408229
WIN$D,M15,1639068300,165585.0,165605.0,165365.0,165550.0,144834,5,571530
WIN$D,M15,1639069200,165545.0,165630.0,165190.0,165275.0,129347,5,496413
WIN$D,M15,1639070100,165275.0,165400.0,165120.0,165190.0,101390,5,365601
WIN$D,M15,1639071000,165195.0,165560.0,165170.0,165505.0,96787,5,355071
WIN$D,M15,1639071900,165505.0,165550.0,165340.0,165365.0,61413,5,230050
WIN$D,M15,1639072800,165365.0,165535.0,165310.0,165390.0,48000,5,171322
WIN$D,M15,1639073700,165390.0,165575.0,165245.0,165575.0,31076,5,106812
WIN$D,M15,1639126800,166015.0,166680.0,166015.0,166575.0,206933,5,566963
WIN$D,M15,1639127700,166575.0,166680.0,166520.0,166600.0,91387,5,293762
WIN$D,M15,1639128600,166600.0,166805.0,166550.0,166745.0,126681,5,408176
WIN$D,M15,1639129500,166740.0,166900.0,166730.0,166870.0,121731,5,427862
WIN$D,M15,1639130400,166875.0,167090.0,166845.0,167080.0,199836,5,699319
WIN$D,M15,1639131300,167080.0,167255.0,166970.0,167090.0,168216,5,599614
WIN$D,M15,1639132200,167090.0,167620.0,167090.0,167500.0,291689,5,999403
WIN$D,M15,1639133100,167505.0,167510.0,167230.0,167360.0,173384,5,631951
WIN$D,M15,1639134000,167360.0,167455.0,167155.0,167280.0,161978,5,560760
WIN$D,M15,1639134900,167275.0,167310.0,167070.0,167090.0,161400,5,572141
WIN$D,M15,1639135800,167095.0,167265.0,166880.0,167165.0,262807,5,965071
WIN$D,M15,1639136700,167160.0,167185.0,166705.0,166745.0,216349,5,818026
WIN$D,M15,1639137600,166745.0,166815.0,166590.0,166785.0,172177,5,658274
WIN$D,M15,1639138500,166780.0,166995.0,166735.0,166965.0,149809,5,547470
WIN$D,M15,1639139400,166960.0,166980.0,166630.0,166795.0,151026,5,550401
WIN$D,M15,1639140300,166800.0,166910.0,166700.0,166815.0,124220,5,466836
WIN$D,M15,1639141200,166815.0,166845.0,166620.0,166740.0,120321,5,448445
WIN$D,M15,1639142100,166745.0,166970.0,166715.0,166915.0,104644,5,384057
WIN$D,M15,1639143000,166915.0,166920.0,166700.0,166820.0,102964,5,363644
WIN$D,M15,1639143900,166820.0,167125.0,166810.0,167005.0,125513,5,466674
WIN$D,M15,1639144800,167005.0,167050.0,166905.0,166965.0,84544,5,318842
WIN$D,M15,1639145700,166970.0,167030.0,166770.0,166805.0,94940,5,354903
WIN$D,M15,1639146600,166810.0,166880.0,166630.0,166680.0,92529,5,340630
WIN$D,M15,1639147500,166680.0,166940.0,166580.0,166905.0,123357,5,478034
WIN$D,M15,1639148400,166905.0,167025.0,166845.0,166980.0,98594,5,371009
WIN$D,M15,1639149300,166980.0,167045.0,166775.0,166930.0,112437,5,418875
WIN$D,M15,1639150200,166930.0,166935.0,166765.0,166845.0,82120,5,306080
WIN$D,M15,1639151100,166845.0,166945.0,166735.0,166865.0,91297,5,351345
WIN$D,M15,1639152000,166860.0,166995.0,166815.0,166855.0,81586,5,321829
WIN$D,M15,1639152900,166855.0,166925.0,166755.0,166805.0,62837,5,245947
WIN$D,M15,1639153800,166810.0,166945.0,166740.0,166895.0,69848,5,278882
WIN$D,M15,1639154700,166900.0,167025.0,166865.0,166965.0,77910,5,319719
WIN$D,M15,1639155600,166965.0,167075.0,166925.0,167005.0,63656,5,259206
WIN$D,M15,1639156500,167000.0,167040.0,166925.0,166925.0,43626,5,177975
WIN$D,M15,1639157400,166925.0,167005.0,166915.0,166985.0,42647,5,178739
WIN$D,M15,1639158300,166985.0,167020.0,166915.0,167000.0,37453,5,168667
WIN$D,M15,1639159200,167000.0,167130.0,166975.0,167115.0,37635,5,151961
WIN$D,M15,1639160100,167120.0,167235.0,167075.0,167175.0,36140,5,106748
WIN$D,M15,1639386000,167715.0,167725.0,167370.0,167465.0,131582,5,369400
WIN$D,M15,1639386900,167460.0,167555.0,167285.0,167325.0,119931,5,379103
WIN$D,M15,1639387800,167325.0,167350.0,167235.0,167330.0,77910,5,274655
WIN$D,M15,1639388700,167325.0,167340.0,167240.0,167280.0,64623,5,227450
WIN$D,M15,1639389600,167280.0,167315.0,167105.0,167245.0,153082,5,520755
WIN$D,M15,1639390500,167250.0,167305.0,167130.0,167220.0,143002,5,497110
WIN$D,M15,1639391400,167220.0,168445.0,167175.0,168370.0,353455,5,1329919
WIN$D,M15,1639392300,168370.0,168790.0,168220.0,168740.0,223317,5,878714
WIN$D,M15,1639393200,168735.0,168770.0,168570.0,168615.0,109849,5,423909
WIN$D,M15,1639394100,168610.0,168695.0,168405.0,168465.0,137448,5,504540
WIN$D,M15,1639395000,168465.0,168610.0,168365.0,168455.0,176044,5,615419
WIN$D,M15,1639395900,168455.0,168465.0,168275.0,168330.0,161411,5,561201
WIN$D,M15,1639396800,168335.0,168350.0,168165.0,168335.0,162503,5,592873
WIN$D,M15,1639397700,168335.0,168350.0,168020.0,168105.0,132503,5,465104
WIN$D,M15,1639398600,168110.0,168190.0,168025.0,168045.0,118025,5,412706
WIN$D,M15,1639399500,168045.0,168095.0,167250.0,167370.0,197170,5,797549
WIN$D,M15,1639400400,167370.0,167495.0,167265.0,167365.0,166011,5,654546
WIN$D,M15,1639401300,167365.0,167370.0,167085.0,167120.0,158328,5,617255
WIN$D,M15,1639402200,167115.0,167250.0,166970.0,167030.0,152898,5,570913
WIN$D,M15,1639403100,167030.0,167085.0,166720.0,166915.0,155512,5,600434
WIN$D,M15,1639404000,166910.0,166925.0,166730.0,166880.0,97583,5,356688
WIN$D,M15,1639404900,166875.0,167100.0,166865.0,167010.0,109235,5,429735
WIN$D,M15,1639405800,167010.0,167250.0,166995.0,167205.0,117166,5,449351
WIN$D,M15,1639406700,167210.0,167240.0,167090.0,167150.0,75475,5,288772
WIN$D,M15,1639407600,167150.0,167290.0,167115.0,167210.0,97268,5,362350
WIN$D,M15,1639408500,167215.0,167285.0,167010.0,167240.0,112989,5,435143
WIN$D,M15,1639409400,167240.0,167255.0,166970.0,167165.0,111598,5,430256
WIN$D,M15,1639410300,167165.0,167395.0,167100.0,167230.0,124592,5,509755
WIN$D,M15,1639411200,167230.0,167335.0,167105.0,167305.0,96251,5,358763
WIN$D,M15,1639412100,167300.0,167430.0,167215.0,167245.0,121529,5,468181
WIN$D,M15,1639413000,167245.0,167390.0,167190.0,167245.0,99637,5,385665
WIN$D,M15,1639413900,167250.0,167575.0,167210.0,167520.0,118541,5,468699
WIN$D,M15,1639414800,167520.0,167590.0,167405.0,167480.0,78537,5,299965
WIN$D,M15,1639415700,167485.0,167530.0,167355.0,167375.0,72400,5,273828
WIN$D,M15,1639416600,167370.0,167425.0,167270.0,167280.0,68745,5,258732
WIN$D,M15,1639417500,167280.0,167295.0,166755.0,166800.0,108734,5,430145
WIN$D,M15,1639418400,166800.0,166860.0,166485.0,166770.0,88359,5,343196
WIN$D,M15,1639419300,166770.0,167015.0,166645.0,166985.0,36972,5,134936
WIN$D,M15,1639472400,166505.0,167400.0,166500.0,167320.0,197003,5,529792
WIN$D,M15,1639473300,167315.0,167580.0,167255.0,167515.0,151311,5,468971
WIN$D,M15,1639474200,167515.0,167665.0,167395.0,167445.0,147021,5,502305
WIN$D,M15,1639475100,167445.0,167800.0,167420.0,167760.0,169937,5,559523
WIN$D,M15,1639476000,167760.0,168250.0,167750.0,167980.0,251269,5,913205
WIN$D,M15,1639476900,167975.0,168235.0,167950.0,168195.0,218728,5,733950
WIN$D,M15,1639477800,168200.0,168420.0,167540.0,167605.0,327138,5,1184969
WIN$D,M15,1639478700,167600.0,167635.0,167090.0,167485.0,262331,5,989539
WIN$D,M15,1639479600,167485.0,167830.0,167160.0,167390.0,278535,5,1009781
WIN$D,M15,1639480500,167390.0,167485.0,166775.0,166860.0,235116,5,846383
WIN$D,M15,1639481400,166860.0,167685.0,166815.0,167435.0,288500,5,1047010
WIN$D,M15,1639482300,167435.0,167545.0,167170.0,167455.0,215080,5,745948
WIN$D,M15,1639483200,167455.0,167560.0,167000.0,167045.0,211295,5,746292
WIN$D,M15,1639484100,167045.0,167495.0,166990.0,167425.0,166871,5,613533
WIN$D,M15,1639485000,167425.0,167465.0,167150.0,167270.0,163742,5,598193
WIN$D,M15,1639485900,167265.0,167325.0,166915.0,167110.0,181684,5,621962
WIN$D,M15,1639486800,167110.0,167285.0,166735.0,166805.0,177046,5,631401
WIN$D,M15,1639487700,166805.0,167025.0,166775.0,166995.0,141466,5,496432
WIN$D,M15,1639488600,166995.0,167005.0,166520.0,166540.0,167416,5,574087
WIN$D,M15,1639489500,166535.0,166620.0,166080.0,166145.0,196998,5,711579
WIN$D,M15,1639490400,166145.0,166290.0,166045.0,166230.0,129327,5,474565
WIN$D,M15,1639491300,166230.0,166355.0,166095.0,166330.0,104746,5,377335
WIN$D,M15,1639492200,166330.0,166340.0,165990.0,166010.0,131431,5,474976
WIN$D,M15,1639493100,166005.0,166130.0,165940.0,165990.0,130395,5,472111
WIN$D,M15,1639494000,165990.0,166260.0,165890.0,166240.0,142607,5,528910
WIN$D,M15,1639494900,166240.0,166360.0,166130.0,166260.0,119207,5,442209
WIN$D,M15,1639495800,166265.0,166410.0,165915.0,165955.0,144340,5,561200
WIN$D,M15,1639496700,165960.0,165970.0,165735.0,165905.0,135860,5,511582
WIN$D,M15,1639497600,165905.0,165995.0,165605.0,165940.0,180692,5,718956
WIN$D,M15,1639498500,165940.0,166035.0,165890.0,165920.0,83033,5,306133
WIN$D,M15,1639499400,165915.0,165955.0,165805.0,165950.0,83434,5,325212
WIN$D,M15,1639500300,165955.0,166040.0,165815.0,166040.0,85833,5,333807
WIN$D,M15,1639501200,166040.0,166120.0,165910.0,166010.0,92378,5,372278
WIN$D,M15,1639502100,166005.0,166190.0,165985.0,166160.0,69582,5,269384
WIN$D,M15,1639503000,166165.0,166280.0,165830.0,165845.0,111020,5,420991
WIN$D,M15,1639503900,165850.0,166010.0,165790.0,165945.0,82902,5,284419
WIN$D,M15,1639504800,165945.0,165965.0,165765.0,165835.0,46192,5,126243
WIN$D,M15,1639505700,165835.0,165880.0,165675.0,165685.0,19565,5,71547
WIN$D,M15,1639558800,165925.0,166195.0,165760.0,165935.0,113615,5,313446
WIN$D,M15,1639559700,165930.0,166160.0,165865.0,166080.0,121348,5,361477
WIN$D,M15,1639560600,166080.0,166265.0,165960.0,166110.0,135445,5,414540
WIN$D,M15,1639561500,166110.0,166305.0,165925.0,166275.0,150801,5,486220
WIN$D,M15,1639562400,166275.0,166405.0,165410.0,165515.0,297726,5,953943
WIN$D,M15,1639563300,165515.0,165680.0,165200.0,165555.0,258782,5,827776
WIN$D,M15,1639564200,165550.0,166225.0,165535.0,165860.0,298385,5,927625
WIN$D,M15,1639565100,165855.0,165975.0,165410.0,165460.0,283711,5,903224
WIN$D,M15,1639566000,165465.0,165960.0,165440.0,165720.0,224214,5,739610
WIN$D,M15,1639566900,165720.0,166015.0,165625.0,165695.0,209253,5,685726
WIN$D,M15,1639567800,165695.0,165725.0,165045.0,165095.0,272586,5,915837
WIN$D,M15,1639568700,165100.0,165225.0,164805.0,164880.0,201531,5,698768
WIN$D,M15,1639569600,164875.0,165080.0,164700.0,164990.0,152226,5,523421
WIN$D,M15,1639570500,164990.0,165265.0,164865.0,165165.0,145995,5,482871
WIN$D,M15,1639571400,165165.0,165510.0,165075.0,165495.0,118001,5,390337
WIN$D,M15,1639572300,165495.0,165505.0,165135.0,165205.0,127571,5,428300
WIN$D,M15,1639573200,165200.0,165470.0,165170.0,165295.0,91810,5,306978
WIN$D,M15,1639574100,165300.0,165875.0,165175.0,165570.0,158824,5,558196
WIN$D,M15,1639575000,165570.0,165625.0,165290.0,165620.0,135070,5,469730
WIN$D,M15,1639575900,165625.0,165660.0,165425.0,165435.0,105546,5,379617
WIN$D,M15,1639576800,165435.0,165670.0,165330.0,165495.0,116087,5,413022
WIN$D,M15,1639577700,165490.0,165790.0,165360.0,165765.0,81924,5,303444
WIN$D,M15,1639578600,165765.0,165805.0,165225.0,165415.0,116581,5,444341
WIN$D,M15,1639579500,165415.0,166010.0,165270.0,165835.0,131401,5,501532
WIN$D,M15,1639580400,165830.0,165985.0,165655.0,165885.0,120569,5,438480
WIN$D,M15,1639581300,165890.0,165940.0,165655.0,165895.0,110253,5,421066
WIN$D,M15,1639582200,165900.0,166045.0,165590.0,165860.0,118892,5,440229
WIN$D,M15,1639583100,165855.0,165980.0,165690.0,165945.0,99428,5,314953
WIN$D,M15,1639584000,165950.0,166670.0,165245.0,166505.0,317423,5,970193
WIN$D,M15,1639584900,166510.0,166590.0,165630.0,165770.0,158426,5,532063
WIN$D,M15,1639585800,165775.0,166045.0,165630.0,165790.0,150208,5,512714
WIN$D,M15,1639586700,165785.0,165935.0,165455.0,165580.0,150056,5,516127
WIN$D,M15,1639587600,165580.0,166160.0,165515.0,166140.0,112220,5,396537
WIN$D,M15,1639588500,166140.0,166425.0,166080.0,166400.0,123859,5,449912
WIN$D,M15,1639589400,166400.0,166515.0,166175.0,166225.0,91786,5,310357
WIN$D,M15,1639590300,166225.0,166515.0,166135.0,166450.0,85988,5,314480
WIN$D,M15,1639591200,166450.0,166475.0,166250.0,166460.0,41814,5,148679
WIN$D,M15,1639592100,166460.0,166600.0,166390.0,166600.0,18499,5,63304
WIN$D,M15,1639645200,167355.0,168025.0,167250.0,167685.0,221416,5,621815
WIN$D,M15,1639646100,167680.0,167875.0,167495.0,167735.0,191999,5,585465
WIN$D,M15,1639647000,167740.0,167790.0,167450.0,167635.0,161478,5,458401
WIN$D,M15,1639647900,167635.0,167800.0,167505.0,167505.0,179957,5,524217
WIN$D,M15,1639648800,167505.0,167895.0,167505.0,167560.0,217434,5,684373
WIN$D,M15,1639649700,167560.0,167950.0,167410.0,167880.0,214466,5,722979
WIN$D,M15,1639650600,167880.0,168060.0,167705.0,167720.0,184920,5,636031
WIN$D,M15,1639651500,167720.0,167735.0,167385.0,167465.0,201653,5,694667
WIN$D,M15,1639652400,167460.0,167490.0,167050.0,167200.0,244646,5,805807
WIN$D,M15,1639653300,167195.0,167385.0,167085.0,167330.0,173336,5,583174
WIN$D,M15,1639654200,167325.0,167790.0,166885.0,166955.0,345384,5,1234200
WIN$D,M15,1639655100,166955.0,167575.0,166955.0,167090.0,266750,5,902915
WIN$D,M15,1639656000,167085.0,167170.0,166725.0,166965.0,219211,5,741622
WIN$D,M15,1639656900,166960.0,167355.0,166860.0,167195.0,164735,5,570378
WIN$D,M15,1639657800,167190.0,167295.0,167035.0,167155.0,136529,5,487435
WIN$D,M15,1639658700,167155.0,167425.0,167105.0,167185.0,141559,5,491775
WIN$D,M15,1639659600,167190.0,167225.0,166950.0,167050.0,116224,5,402672
WIN$D,M15,1639660500,167055.0,167730.0,167045.0,167605.0,160879,5,576540
WIN$D,M15,1639661400,167610.0,167620.0,167330.0,167370.0,108199,5,383171
WIN$D,M15,1639662300,167375.0,167515.0,167200.0,167240.0,108418,5,371685
WIN$D,M15,1639663200,167240.0,167480.0,167185.0,167315.0,101579,5,359445
WIN$D,M15,1639664100,167310.0,167370.0,167075.0,167190.0,112920,5,401052
WIN$D,M15,1639665000,167185.0,167310.0,167050.0,167080.0,89069,5,319712
WIN$D,M15,1639665900,167085.0,167180.0,166970.0,166985.0,101896,5,359696
WIN$D,M15,1639666800,166990.0,167180.0,166965.0,167135.0,87803,5,323276
WIN$D,M15,1639667700,167135.0,167350.0,167075.0,167325.0,84303,5,305877
WIN$D,M15,1639668600,167325.0,167445.0,167200.0,167380.0,98661,5,346071
WIN$D,M15,1639669500,167380.0,167500.0,167345.0,167400.0,87392,5,310801
WIN$D,M15,1639670400,167400.0,167490.0,167265.0,167305.0,80231,5,288501
WIN$D,M15,1639671300,167305.0,167320.0,166960.0,167010.0,112588,5,422543
WIN$D,M15,1639672200,167010.0,167255.0,166860.0,167085.0,131321,5,482002
WIN$D,M15,1639673100,167085.0,167085.0,166705.0,166965.0,140039,5,510368
WIN$D,M15,1639674000,166970.0,167010.0,166665.0,166835.0,114916,5,420210
WIN$D,M15,1639674900,166835.0,167210.0,166775.0,167200.0,90439,5,325620
WIN$D,M15,1639675800,167205.0,167320.0,167015.0,167200.0,113860,5,396378
WIN$D,M15,1639676700,167195.0,167645.0,167100.0,167365.0,110766,5,404521
WIN$D,M15,1639677600,167365.0,167450.0,167280.0,167310.0,43147,5,142442
WIN$D,M15,1639678500,167305.0,167505.0,167290.0,167490.0,22137,5,72317
WIN$D,M15,1639731600,166995.0,167025.0,166670.0,166775.0,150219,5,395384
WIN$D,M15,1639732500,166770.0,166790.0,166555.0,166600.0,145837,5,433640
WIN$D,M15,1639733400,166600.0,166665.0,166425.0,166470.0,146168,5,440498
WIN$D,M15,1639734300,166470.0,166585.0,166240.0,166390.0,174244,5,554306
WIN$D,M15,1639735200,166395.0,166460.0,166135.0,166335.0,205143,5,672525
WIN$D,M15,1639736100,166340.0,166345.0,166035.0,166180.0,172802,5,559542
WIN$D,M15,1639737000,166175.0,166390.0,166125.0,166375.0,167452,5,561137
WIN$D,M15,1639737900,166375.0,166470.0,166275.0,166280.0,183765,5,620818
WIN$D,M15,1639738800,166280.0,166405.0,166100.0,166355.0,187201,5,646133
WIN$D,M15,1639739700,166355.0,166515.0,166130.0,166190.0,198185,5,697482
WIN$D,M15,1639740600,166195.0,166320.0,165715.0,165750.0,293837,5,1045616
WIN$D,M15,1639741500,165750.0,165975.0,165605.0,165805.0,221109,5,764303
WIN$D,M15,1639742400,165810.0,165915.0,165550.0,165575.0,177866,5,606783
WIN$D,M15,1639743300,165575.0,165725.0,165435.0,165725.0,151373,5,536733
WIN$D,M15,1639744200,165720.0,166155.0,165700.0,165965.0,198603,5,694858
WIN$D,M15,1639745100,165965.0,166510.0,165955.0,166395.0,194742,5,662661
WIN$D,M15,1639746000,166395.0,166660.0,166310.0,166610.0,158944,5,553065
WIN$D,M15,1639746900,166615.0,166640.0,166470.0,166575.0,112539,5,382660
WIN$D,M15,1639747800,166580.0,166675.0,166260.0,166300.0,166185,5,574983
WIN$D,M15,1639748700,166305.0,166410.0,166160.0,166395.0,138750,5,474410
WIN$D,M15,1639749600,166390.0,166395.0,166085.0,166325.0,143356,5,485960
WIN$D,M15,1639750500,166325.0,166595.0,166305.0,166470.0,151637,5,538175
WIN$D,M15,1639751400,166470.0,166830.0,166415.0,166750.0,163780,5,595388
WIN$D,M15,1639752300,166755.0,166860.0,166650.0,166670.0,118813,5,408965
WIN$D,M15,1639753200,166665.0,166710.0,166425.0,166445.0,116632,5,409560
WIN$D,M15,1639754100,166440.0,166605.0,166430.0,166515.0,105618,5,373067
WIN$D,M15,1639755000,166520.0,166800.0,166495.0,166655.0,136924,5,470363
WIN$D,M15,1639755900,166655.0,166790.0,166575.0,166775.0,116950,5,410480
WIN$D,M15,1639756800,166775.0,166790.0,166485.0,166495.0,101150,5,351999
WIN$D,M15,1639757700,166495.0,166620.0,166340.0,166385.0,98793,5,351195
WIN$D,M15,1639758600,166390.0,166585.0,166340.0,166580.0,90217,5,327843
WIN$D,M15,1639759500,166580.0,166695.0,166260.0,166380.0,119155,5,434605
WIN$D,M15,1639760400,166380.0,166500.0,166230.0,166265.0,104142,5,387752
WIN$D,M15,1639761300,166265.0,166355.0,166105.0,166325.0,102556,5,381279
WIN$D,M15,1639762200,166325.0,166370.0,166040.0,166180.0,100632,5,340538
WIN$D,M15,1639763100,166185.0,166310.0,165935.0,166250.0,98443,5,390111
WIN$D,M15,1639764000,166250.0,166300.0,165920.0,165995.0,61602,5,216398
WIN$D,M15,1639764900,165990.0,166165.0,165945.0,166020.0,24295,5,66408
WIN$D,M15,1639990800,164725.0,164945.0,164480.0,164560.0,147567,5,419146
WIN$D,M15,1639991700,164555.0,164815.0,164440.0,164535.0,185561,5,543638
WIN$D,M15,1639992600,164530.0,164830.0,164525.0,164765.0,127760,5,371533
WIN$D,M15,1639993500,164770.0,164800.0,164535.0,164785.0,158966,5,475725
WIN$D,M15,1639994400,164785.0,164885.0,164195.0,164215.0,317628,5,1007549
WIN$D,M15,1639995300,164215.0,164495.0,164090.0,164115.0,246070,5,791100
WIN$D,M15,1639996200,164120.0,164460.0,163965.0,164410.0,240081,5,769776
WIN$D,M15,1639997100,164410.0,164475.0,163955.0,164085.0,224152,5,726217
WIN$D,M15,1639998000,164090.0,164110.0,163805.0,163910.0,208124,5,692482
WIN$D,M15,1639998900,163910.0,164230.0,163815.0,164010.0,191992,5,634454
WIN$D,M15,1639999800,164015.0,164160.0,163630.0,163720.0,299097,5,951293
WIN$D,M15,1640000700,163725.0,164020.0,163620.0,164015.0,209742,5,670188
WIN$D,M15,1640001600,164010.0,164290.0,163975.0,164170.0,220440,5,695454
WIN$D,M15,1640002500,164175.0,164345.0,163840.0,163870.0,207769,5,683327
WIN$D,M15,1640003400,163865.0,163915.0,163545.0,163585.0,159419,5,499737
WIN$D,M15,1640004300,163585.0,163615.0,163210.0,163380.0,168040,5,577101
WIN$D,M15,1640005200,163375.0,163470.0,163265.0,163315.0,110960,5,367443
WIN$D,M15,1640006100,163315.0,163580.0,163280.0,163470.0,125283,5,411839
WIN$D,M15,1640007000,163470.0,163640.0,163350.0,163630.0,136449,5,443709
WIN$D,M15,1640007900,163630.0,163745.0,163555.0,163740.0,119341,5,400382
WIN$D,M15,1640008800,163740.0,163835.0,163580.0,163590.0,124509,5,421641
WIN$D,M15,1640009700,163590.0,163820.0,163580.0,163810.0,111915,5,373512
WIN$D,M15,1640010600,163810.0,163820.0,163595.0,163765.0,110901,5,382620
WIN$D,M15,1640011500,163760.0,163785.0,163475.0,163490.0,119173,5,439003
WIN$D,M15,1640012400,163495.0,163655.0,163420.0,163635.0,115797,5,420193
WIN$D,M15,1640013300,163635.0,163710.0,163545.0,163645.0,96575,5,342826
WIN$D,M15,1640014200,163645.0,163985.0,163550.0,163880.0,146348,5,538540
WIN$D,M15,1640015100,163875.0,163930.0,163645.0,163755.0,129185,5,472644
WIN$D,M15,1640016000,163750.0,163885.0,163715.0,163745.0,99227,5,350722
WIN$D,M15,1640016900,163745.0,163950.0,163730.0,163835.0,112616,5,401483
WIN$D,M15,1640017800,163835.0,163970.0,163745.0,163815.0,95159,5,343626
WIN$D,M15,1640018700,163810.0,163860.0,163640.0,163695.0,113624,5,400187
WIN$D,M15,1640019600,163690.0,163785.0,163600.0,163680.0,88333,5,327764
WIN$D,M15,1640020500,163685.0,163870.0,163675.0,163750.0,88422,5,316421
WIN$D,M15,1640021400,163750.0,163835.0,163675.0,163720.0,73828,5,252654
WIN$D,M15,1640022300,163720.0,163940.0,163700.0,163800.0,76035,5,292989
WIN$D,M15,1640023200,163805.0,164130.0,163770.0,164050.0,57045,5,197549
WIN$D,M15,1640024100,164055.0,164095.0,163890.0,164075.0,25520,5,90865
WIN$D,M15,1640077200,164930.0,165105.0,164745.0,164910.0,166086,5,483582
WIN$D,M15,1640078100,164915.0,164935.0,164750.0,164830.0,102911,5,310620
WIN$D,M15,1640079000,164830.0,164865.0,164640.0,164685.0,114010,5,366450
WIN$D,M15,1640079900,164685.0,164775.0,164645.0,164760.0,102177,5,326678
WIN$D,M15,1640080800,164760.0,164765.0,164490.0,164650.0,201660,5,656523
WIN$D,M15,1640081700,164655.0,164760.0,164475.0,164530.0,233018,5,765141
WIN$D,M15,1640082600,164530.0,164605.0,164225.0,164320.0,225664,5,763971
WIN$D,M15,1640083500,164315.0,164410.0,164195.0,164225.0,137148,5,485739
WIN$D,M15,1640084400,164220.0,164315.0,164110.0,164130.0,187110,5,639201
WIN$D,M15,1640085300,164135.0,164275.0,164035.0,164070.0,173409,5,609229
WIN$D,M15,1640086200,164075.0,164335.0,163875.0,163980.0,305244,5,1053877
WIN$D,M15,1640087100,163985.0,164100.0,163860.0,164010.0,190419,5,643168
WIN$D,M15,1640088000,164010.0,164380.0,164010.0,164320.0,161289,5,537961
WIN$D,M15,1640088900,164325.0,164450.0,164000.0,164140.0,183004,5,638409
WIN$D,M15,1640089800,164145.0,164260.0,164060.0,164215.0,135653,5,441649
WIN$D,M15,1640090700,164215.0,164290.0,164015.0,164045.0,118777,5,401329
WIN$D,M15,1640091600,164045.0,164340.0,163995.0,164295.0,130572,5,436500
WIN$D,M15,1640092500,164295.0,164365.0,164215.0,164290.0,89526,5,310136
WIN$D,M15,1640093400,164290.0,164480.0,164280.0,164420.0,123112,5,434063
WIN$D,M15,1640094300,164420.0,164470.0,164255.0,164340.0,97559,5,351320
WIN$D,M15,1640095200,164340.0,164415.0,164245.0,164295.0,102255,5,365029
WIN$D,M15,1640096100,164290.0,164325.0,164160.0,164275.0,101483,5,383448
WIN$D,M15,1640097000,164275.0,164315.0,164085.0,164235.0,129732,5,466086
WIN$D,M15,1640097900,164240.0,164340.0,164205.0,164275.0,89026,5,334139
WIN$D,M15,1640098800,164275.0,164400.0,164190.0,164380.0,91449,5,366622
WIN$D,M15,1640099700,164380.0,164515.0,164285.0,164455.0,114822,5,427146
WIN$D,M15,1640100600,164460.0,164660.0,164450.0,164545.0,140178,5,557987
WIN$D,M15,1640101500,164545.0,164550.0,164355.0,164385.0,87711,5,361544
WIN$D,M15,1640102400,164380.0,164425.0,164295.0,164330.0,77871,5,309776
WIN$D,M15,1640103300,164330.0,164385.0,164260.0,164355.0,75353,5,317214
WIN$D,M15,1640104200,164360.0,164405.0,164220.0,164315.0,82126,5,335823
WIN$D,M15,1640105100,164315.0,164475.0,164300.0,164390.0,93720,5,402916
WIN$D,M15,1640106000,164385.0,164530.0,164350.0,164425.0,78741,5,344295
WIN$D,M15,1640106900,164425.0,164490.0,164365.0,164390.0,56731,5,241885
WIN$D,M15,1640107800,164395.0,164450.0,164260.0,164290.0,59370,5,254966
WIN$D,M15,1640108700,164290.0,164320.0,164225.0,164235.0,47690,5,213892
WIN$D,M15,1640109600,164240.0,164380.0,164180.0,164340.0,43522,5,178645
WIN$D,M15,1640110500,164345.0,164380.0,164165.0,164165.0,17175,5,72207
WIN$D,M15,1640163600,164075.0,164415.0,164075.0,164345.0,161191,5,444874
WIN$D,M15,1640164500,164345.0,164375.0,164190.0,164305.0,124848,5,391220
WIN$D,M15,1640165400,164300.0,164335.0,164115.0,164240.0,116867,5,376691
WIN$D,M15,1640166300,164235.0,164325.0,164160.0,164195.0,105754,5,347014
WIN$D,M15,1640167200,164200.0,164560.0,164160.0,164495.0,249950,5,822512
WIN$D,M15,1640168100,164490.0,164595.0,164085.0,164140.0,229977,5,763295
WIN$D,M15,1640169000,164140.0,164215.0,163610.0,163690.0,256967,5,884885
WIN$D,M15,1640169900,163690.0,163805.0,163615.0,163765.0,150120,5,517754
WIN$D,M15,1640170800,163760.0,163820.0,163430.0,163470.0,178247,5,617715
WIN$D,M15,1640171700,163470.0,163535.0,163285.0,163395.0,175262,5,608872
WIN$D,M15,1640172600,163395.0,163590.0,163260.0,163570.0,186373,5,636528
WIN$D,M15,1640173500,163575.0,163625.0,163170.0,163280.0,216012,5,783246
WIN$D,M15,1640174400,163285.0,163530.0,163250.0,163510.0,138402,5,485828
WIN$D,M15,1640175300,163510.0,163705.0,163495.0,163570.0,149410,5,533498
WIN$D,M15,1640176200,163570.0,163690.0,163460.0,163490.0,132429,5,470723
WIN$D,M15,1640177100,163495.0,163725.0,163450.0,163545.0,122460,5,440146
WIN$D,M15,1640178000,163540.0,163705.0,163480.0,163680.0,81242,5,294940
WIN$D,M15,1640178900,163680.0,163760.0,163630.0,163725.0,95309,5,331991
WIN$D,M15,1640179800,163725.0,164035.0,163650.0,163930.0,132336,5,482961
WIN$D,M15,1640180700,163930.0,163990.0,163840.0,163885.0,99202,5,350841
WIN$D,M15,1640181600,163890.0,164005.0,163825.0,163960.0,98208,5,344013
WIN$D,M15,1640182500,163960.0,164070.0,163855.0,163980.0,114086,5,426525
WIN$D,M15,1640183400,163980.0,164050.0,163935.0,164045.0,71995,5,260146
WIN$D,M15,1640184300,164045.0,164155.0,164005.0,164115.0,94923,5,361108
WIN$D,M15,1640185200,164115.0,164145.0,164015.0,164130.0,70746,5,277591
WIN$D,M15,1640186100,164125.0,164150.0,163940.0,164100.0,90958,5,355829
WIN$D,M15,1640187000,164095.0,164140.0,163995.0,164065.0,72723,5,284463
WIN$D,M15,1640187900,164065.0,164135.0,164040.0,164045.0,57750,5,231300
WIN$D,M15,1640188800,164045.0,164115.0,164010.0,164105.0,55475,5,214112
WIN$D,M15,1640189700,164100.0,164205.0,163905.0,163925.0,101620,5,405220
WIN$D,M15,1640190600,163925.0,164105.0,163920.0,163975.0,90989,5,343539
WIN$D,M15,1640191500,163975.0,164030.0,163880.0,163970.0,75188,5,281828
WIN$D,M15,1640192400,163970.0,164035.0,163930.0,164015.0,52795,5,214258
WIN$D,M15,1640193300,164015.0,164055.0,163925.0,163950.0,52930,5,221585
WIN$D,M15,1640194200,163955.0,164030.0,163905.0,163995.0,42948,5,172258
WIN$D,M15,1640195100,163990.0,164100.0,163955.0,164075.0,47909,5,198566
WIN$D,M15,1640196000,164080.0,164105.0,164015.0,164100.0,30486,5,119763
WIN$D,M15,1640196900,164100.0,164360.0,164080.0,164360.0,22979,5,89922
WIN$D,M15,1640250000,164605.0,164770.0,164490.0,164655.0,126408,5,321890
WIN$D,M15,1640250900,164655.0,164705.0,164510.0,164655.0,95533,5,291378
WIN$D,M15,1640251800,164660.0,164680.0,164500.0,164555.0,86683,5,288699
WIN$D,M15,1640252700,164560.0,164600.0,164375.0,164400.0,121600,5,397318
WIN$D,M15,1640253600,164400.0,164475.0,164175.0,164190.0,180967,5,612319
WIN$D,M15,1640254500,164190.0,164205.0,163925.0,164005.0,140923,5,505277
WIN$D,M15,1640255400,164005.0,164080.0,163885.0,163960.0,142484,5,513880
WIN$D,M15,1640256300,163960.0,163995.0,163640.0,163660.0,183241,5,665668
WIN$D,M15,1640257200,163660.0,163730.0,163570.0,163580.0,129015,5,516847
WIN$D,M15,1640258100,163585.0,163605.0,163470.0,163570.0,119554,5,510553
WIN$D,M15,1640259000,163565.0,163765.0,163490.0,163660.0,198983,5,794343
WIN$D,M15,1640259900,163660.0,163700.0,163505.0,163680.0,156555,5,615362
WIN$D,M15,1640260800,163680.0,163690.0,163460.0,163605.0,139833,5,549589
WIN$D,M15,1640261700,163600.0,163760.0,163595.0,163745.0,108046,5,450971
WIN$D,M15,1640262600,163745.0,163865.0,163685.0,163805.0,107004,5,447362
WIN$D,M15,1640263500,163800.0,163850.0,163645.0,163710.0,105681,5,459529
WIN$D,M15,1640264400,163705.0,163755.0,163560.0,163585.0,100948,5,419079
WIN$D,M15,1640265300,163585.0,163620.0,163355.0,163510.0,128373,5,537839
WIN$D,M15,1640266200,163510.0,163555.0,163435.0,163505.0,65445,5,263550
WIN$D,M15,1640267100,163500.0,163640.0,163490.0,163590.0,70777,5,292233
WIN$D,M15,1640268000,163590.0,163610.0,163480.0,163550.0,79197,5,340961
WIN$D,M15,1640268900,163550.0,163665.0,163465.0,163655.0,71867,5,278192
WIN$D,M15,1640269800,163655.0,163690.0,163585.0,163670.0,61251,5,243063
WIN$D,M15,1640270700,163670.0,163700.0,163575.0,163695.0,57924,5,233819
WIN$D,M15,1640271600,163695.0,163775.0,163655.0,163710.0,64918,5,277101
WIN$D,M15,1640272500,163705.0,163795.0,163695.0,163775.0,47725,5,207341
WIN$D,M15,1640273400,163780.0,163790.0,163690.0,163765.0,53195,5,227870
WIN$D,M15,1640274300,163765.0,163790.0,163660.0,163695.0,56982,5,249745
WIN$D,M15,1640275200,163695.0,163810.0,163650.0,163800.0,54643,5,230539
WIN$D,M15,1640276100,163800.0,163820.0,163745.0,163785.0,39412,5,162486
WIN$D,M15,1640277000,163785.0,163825.0,163720.0,163775.0,44983,5,201489
WIN$D,M15,1640277900,163775.0,163785.0,163590.0,163600.0,65405,5,290311
WIN$D,M15,1640278800,163595.0,163645.0,163535.0,163610.0,54087,5,247294
WIN$D,M15,1640279700,163615.0,163700.0,163570.0,163650.0,40802,5,191498
WIN$D,M15,1640280600,163650.0,163660.0,163555.0,163650.0,43810,5,193611
WIN$D,M15,1640281500,163650.0,163745.0,163570.0,163615.0,57488,5,274826
WIN$D,M15,1640282400,163615.0,163625.0,163465.0,163545.0,36312,5,147683
WIN$D,M15,1640283300,163550.0,163570.0,163125.0,163125.0,47801,5,122535
WIN$D,M15,1640595600,163625.0,163685.0,163460.0,163540.0,108271,5,301958
WIN$D,M15,1640596500,163545.0,163605.0,163510.0,163575.0,56719,5,181265
WIN$D,M15,1640597400,163575.0,163735.0,163530.0,163555.0,105001,5,348973
WIN$D,M15,1640598300,163555.0,163695.0,163540.0,163650.0,100645,5,342877
WIN$D,M15,1640599200,163655.0,164075.0,163625.0,164035.0,189066,5,644321
WIN$D,M15,1640600100,164035.0,164250.0,163975.0,164145.0,157490,5,551589
WIN$D,M15,1640601000,164150.0,164390.0,164145.0,164265.0,183531,5,638288
WIN$D,M15,1640601900,164260.0,164360.0,164115.0,164260.0,136382,5,459614
WIN$D,M15,1640602800,164260.0,164340.0,164170.0,164200.0,105487,5,386522
WIN$D,M15,1640603700,164200.0,164260.0,163995.0,163995.0,122826,5,466008
WIN$D,M15,1640604600,163995.0,164085.0,163570.0,163680.0,216517,5,833277
WIN$D,M15,1640605500,163680.0,163985.0,163660.0,163860.0,178948,5,679388
WIN$D,M15,1640606400,163860.0,163995.0,163700.0,163980.0,125576,5,456123
WIN$D,M15,1640607300,163980.0,164370.0,163970.0,164355.0,134294,5,512328
WIN$D,M15,1640608200,164350.0,164445.0,164285.0,164365.0,129174,5,496824
WIN$D,M15,1640609100,164365.0,164485.0,164320.0,164425.0,82246,5,302085
WIN$D,M15,1640610000,164425.0,164455.0,164285.0,164370.0,82264,5,304460
WIN$D,M15,1640610900,164365.0,164395.0,164200.0,164300.0,94603,5,348950
WIN$D,M15,1640611800,164300.0,164315.0,164160.0,164250.0,76584,5,297756
WIN$D,M15,1640612700,164255.0,164325.0,164140.0,164165.0,80769,5,313047
WIN$D,M15,1640613600,164160.0,164410.0,164140.0,164385.0,99979,5,376458
WIN$D,M15,1640614500,164385.0,164405.0,164245.0,164275.0,69117,5,260849
WIN$D,M15,1640615400,164275.0,164350.0,164250.0,164260.0,56577,5,226454
WIN$D,M15,1640616300,164260.0,164325.0,164240.0,164290.0,49322,5,200749
WIN$D,M15,1640617200,164290.0,164315.0,164195.0,164295.0,67740,5,284690
WIN$D,M15,1640618100,164300.0,164375.0,164230.0,164325.0,79518,5,328499
WIN$D,M15,1640619000,164320.0,164365.0,164285.0,164315.0,51982,5,220381
WIN$D,M15,1640619900,164310.0,164390.0,164265.0,164320.0,57870,5,250359
WIN$D,M15,1640620800,164315.0,164420.0,164310.0,164375.0,54258,5,243672
WIN$D,M15,1640621700,164380.0,164460.0,164365.0,164420.0,50600,5,230676
WIN$D,M15,1640622600,164425.0,164460.0,164355.0,164360.0,50936,5,229680
WIN$D,M15,1640623500,164360.0,164390.0,164230.0,164240.0,66622,5,306154
WIN$D,M15,1640624400,164240.0,164255.0,164160.0,164185.0,61221,5,285567
WIN$D,M15,1640625300,164185.0,164290.0,164145.0,164275.0,54826,5,233369
WIN$D,M15,1640626200,164275.0,164280.0,164125.0,164200.0,59538,5,238583
WIN$D,M15,1640627100,164200.0,164260.0,164155.0,164190.0,47915,5,190415
WIN$D,M15,1640628000,164190.0,164230.0,164085.0,164180.0,37651,5,154087
WIN$D,M15,1640628900,164180.0,164425.0,164170.0,164425.0,21741,5,89506
WIN$D,M15,1640682000,164625.0,164690.0,164410.0,164610.0,129591,5,352453
WIN$D,M15,1640682900,164610.0,164615.0,164445.0,164490.0,109444,5,340860
WIN$D,M15,1640683800,164495.0,164550.0,164350.0,164535.0,118194,5,379659
WIN$D,M15,1640684700,164540.0,164570.0,164375.0,164400.0,112360,5,360241
WIN$D,M15,1640685600,164400.0,164595.0,164185.0,164225.0,222093,5,752678
WIN$D,M15,1640686500,164225.0,164305.0,164125.0,164200.0,146342,5,512016
WIN$D,M15,1640687400,164200.0,164210.0,163765.0,163810.0,202665,5,723320
WIN$D,M15,1640688300,163810.0,163865.0,163610.0,163625.0,145125,5,549105
WIN$D,M15,1640689200,163625.0,163640.0,163325.0,163430.0,166567,5,679331
WIN$D,M15,1640690100,163430.0,163515.0,163290.0,163500.0,114903,5,449485
WIN$D,M15,1640691000,163495.0,163620.0,163375.0,163435.0,168784,5,627215
WIN$D,M15,1640691900,163440.0,163565.0,163160.0,163540.0,187202,5,673145
WIN$D,M15,1640692800,163545.0,163645.0,163405.0,163420.0,135820,5,493263
WIN$D,M15,1640693700,163420.0,163605.0,163315.0,163325.0,126115,5,453504
WIN$D,M15,1640694600,163325.0,163370.0,163150.0,163310.0,125663,5,461651
WIN$D,M15,1640695500,163305.0,163410.0,163240.0,163340.0,76131,5,274284
WIN$D,M15,1640696400,163340.0,163420.0,163280.0,163405.0,62160,5,230195
WIN$D,M15,1640697300,163405.0,163470.0,163305.0,163370.0,73565,5,269827
WIN$D,M15,1640698200,163370.0,163540.0,163310.0,163340.0,96943,5,376224
WIN$D,M15,1640699100,163340.0,163495.0,163320.0,163420.0,70843,5,279846
WIN$D,M15,1640700000,163420.0,163425.0,163305.0,163395.0,60272,5,238865
WIN$D,M15,1640700900,163395.0,163470.0,163335.0,163355.0,69938,5,277866
WIN$D,M15,1640701800,163350.0,163395.0,163195.0,163365.0,110380,5,437637
WIN$D,M15,1640702700,163365.0,163470.0,163310.0,163435.0,63208,5,233834
WIN$D,M15,1640703600,163435.0,163535.0,163425.0,163480.0,72843,5,286110
WIN$D,M15,1640704500,163485.0,163535.0,163430.0,163500.0,52406,5,197281
WIN$D,M15,1640705400,163500.0,163500.0,163395.0,163435.0,56438,5,228893
WIN$D,M15,1640706300,163435.0,163455.0,163290.0,163365.0,82939,5,341261
WIN$D,M15,1640707200,163365.0,163480.0,163305.0,163435.0,72107,5,277002
WIN$D,M15,1640708100,163435.0,163505.0,163380.0,163495.0,69229,5,273409
WIN$D,M15,1640709000,163495.0,163550.0,163395.0,163445.0,62006,5,250808
WIN$D,M15,1640709900,163445.0,163480.0,163385.0,163430.0,47517,5,200149
WIN$D,M15,1640710800,163435.0,163535.0,163400.0,163505.0,42552,5,175604
WIN$D,M15,1640711700,163500.0,163585.0,163460.0,163560.0,43604,5,191160
WIN$D,M15,1640712600,163560.0,163615.0,163515.0,163565.0,51092,5,202023
WIN$D,M15,1640713500,163565.0,163655.0,163445.0,163520.0,59128,5,248823
WIN$D,M15,1640714400,163520.0,163600.0,163400.0,163480.0,46001,5,173726
WIN$D,M15,1640715300,163480.0,163595.0,163460.0,163485.0,15669,5,61399
WIN$D,M15,1640768400,163625.0,163705.0,163395.0,163585.0,131501,5,372707
WIN$D,M15,1640769300,163585.0,163720.0,163485.0,163700.0,100409,5,311886
WIN$D,M15,1640770200,163700.0,163795.0,163590.0,163745.0,134460,5,423032
WIN$D,M15,1640771100,163740.0,163765.0,163630.0,163745.0,96065,5,286844
WIN$D,M15,1640772000,163740.0,163780.0,163305.0,163315.0,295434,5,938973
WIN$D,M15,1640772900,163320.0,163405.0,163200.0,163220.0,182646,5,551671
WIN$D,M15,1640773800,163225.0,163325.0,163080.0,163080.0,152063,5,476148
WIN$D,M15,1640774700,163080.0,163510.0,162965.0,163445.0,229879,5,740413
WIN$D,M15,1640775600,163445.0,163970.0,163360.0,163910.0,245270,5,814833
WIN$D,M15,1640776500,163910.0,163955.0,163675.0,163800.0,142598,5,481618
WIN$D,M15,1640777400,163800.0,163890.0,163455.0,163465.0,222409,5,708920
WIN$D,M15,1640778300,163465.0,163540.0,163255.0,163260.0,180707,5,597770
WIN$D,M15,1640779200,163260.0,163275.0,162535.0,162665.0,253019,5,864118
WIN$D,M15,1640780100,162660.0,162945.0,162580.0,162825.0,126681,5,432939
WIN$D,M15,1640781000,162825.0,163115.0,162795.0,163090.0,127759,5,414130
WIN$D,M15,1640781900,163090.0,163270.0,163050.0,163135.0,129603,5,438682
WIN$D,M15,1640782800,163130.0,163220.0,162940.0,163015.0,101815,5,331875
WIN$D,M15,1640783700,163015.0,163125.0,162890.0,162980.0,90328,5,292615
WIN$D,M15,1640784600,162985.0,163105.0,162945.0,163040.0,62021,5,206732
WIN$D,M15,1640785500,163035.0,163040.0,162850.0,162880.0,75366,5,251933
WIN$D,M15,1640786400,162880.0,162885.0,162570.0,162605.0,103992,5,351072
WIN$D,M15,1640787300,162600.0,162650.0,162450.0,162475.0,87595,5,296411
WIN$D,M15,1640788200,162470.0,162620.0,162430.0,162570.0,81739,5,271404
WIN$D,M15,1640789100,162570.0,162645.0,162505.0,162605.0,64492,5,218380
WIN$D,M15,1640790000,162605.0,162735.0,162575.0,162705.0,60914,5,212561
WIN$D,M15,1640790900,162710.0,162800.0,162630.0,162770.0,72245,5,254034
WIN$D,M15,1640791800,162775.0,162800.0,162650.0,162705.0,55922,5,190956
WIN$D,M15,1640792700,162700.0,162825.0,162690.0,162795.0,57250,5,204783
WIN$D,M15,1640793600,162800.0,162875.0,162745.0,162870.0,55297,5,190913
WIN$D,M15,1640794500,162870.0,162965.0,162825.0,162900.0,57523,5,211501
WIN$D,M15,1640795400,162900.0,162940.0,162845.0,162875.0,47343,5,174757
WIN$D,M15,1640796300,162880.0,162895.0,162735.0,162780.0,54262,5,211355
WIN$D,M15,1640797200,162780.0,162815.0,162695.0,162755.0,48601,5,181232
WIN$D,M15,1640798100,162760.0,162860.0,162710.0,162850.0,42630,5,162619
WIN$D,M15,1640799000,162845.0,162900.0,162780.0,162820.0,49756,5,178669
WIN$D,M15,1640799900,162815.0,162860.0,162635.0,162640.0,51495,5,182574
WIN$D,M15,1640800800,162640.0,162790.0,162635.0,162685.0,40158,5,128564
WIN$D,M15,1640801700,162685.0,162700.0,162520.0,162520.0,23804,5,74928
WIN$D,M15,1640854800,162725.0,163025.0,162705.0,163025.0,109410,5,277280
WIN$D,M15,1640855700,163025.0,163070.0,162765.0,162990.0,149993,5,425100
WIN$D,M15,1640856600,162990.0,163180.0,162925.0,163155.0,113765,5,334120
WIN$D,M15,1640857500,163155.0,163345.0,163125.0,163345.0,132815,5,406590
WIN$D,M15,1640858400,163340.0,163500.0,163235.0,163295.0,226289,5,677289
WIN$D,M15,1640859300,163295.0,163520.0,163010.0,163420.0,232821,5,705851
WIN$D,M15,1640860200,163420.0,163500.0,163055.0,163220.0,211285,5,637090
WIN$D,M15,1640861100,163215.0,163565.0,163175.0,163285.0,238398,5,716031
WIN$D,M15,1640862000,163285.0,163405.0,162935.0,162935.0,219488,5,667243
WIN$D,M15,1640862900,162935.0,163270.0,162785.0,163140.0,209611,5,627646
WIN$D,M15,1640863800,163140.0,163650.0,163090.0,163450.0,242775,5,739988
WIN$D,M15,1640864700,163445.0,163785.0,163350.0,163565.0,170556,5,520369
WIN$D,M15,1640865600,163560.0,163695.0,163325.0,163440.0,154872,5,466890
WIN$D,M15,1640866500,163440.0,163625.0,163295.0,163605.0,126831,5,381093
WIN$D,M15,1640867400,163605.0,163685.0,163350.0,163380.0,112129,5,341914
WIN$D,M15,1640868300,163380.0,163510.0,163315.0,163480.0,92199,5,283438
WIN$D,M15,1640869200,163475.0,163570.0,163330.0,163385.0,88918,5,276108
WIN$D,M15,1640870100,163385.0,163420.0,163260.0,163375.0,83873,5,264359
WIN$D,M15,1640871000,163375.0,163540.0,163305.0,163515.0,76412,5,238844
WIN$D,M15,1640871900,163515.0,163775.0,163515.0,163750.0,90748,5,295756
WIN$D,M15,1640872800,163750.0,163840.0,163690.0,163740.0,84046,5,282092
WIN$D,M15,1640873700,163740.0,164015.0,163705.0,163915.0,116765,5,394781
WIN$D,M15,1640874600,163915.0,163935.0,163750.0,163775.0,58315,5,200446
WIN$D,M15,1640875500,163775.0,163870.0,163715.0,163845.0,73166,5,255393
WIN$D,M15,1640876400,163845.0,163935.0,163760.0,163860.0,69525,5,237091
WIN$D,M15,1640877300,163860.0,163895.0,163795.0,163830.0,46926,5,162406
WIN$D,M15,1640878200,163830.0,163880.0,163765.0,163790.0,39826,5,144992
WIN$D,M15,1640879100,163790.0,163865.0,163730.0,163830.0,60183,5,214214
WIN$D,M15,1640880000,163835.0,163835.0,163735.0,163810.0,44005,5,153979
WIN$D,M15,1640880900,163805.0,163850.0,163735.0,163755.0,37060,5,138304
WIN$D,M15,1640881800,163755.0,163820.0,163715.0,163795.0,37222,5,137921
WIN$D,M15,1640882700,163790.0,163800.0,163705.0,163725.0,41124,5,151854
WIN$D,M15,1640883600,163730.0,163770.0,163610.0,163625.0,46852,5,189699
WIN$D,M15,1640884500,163625.0,163655.0,163555.0,163640.0,47897,5,180961
WIN$D,M15,1640885400,163640.0,163710.0,163440.0,163490.0,74632,5,272497
WIN$D,M15,1640886300,163485.0,163490.0,163315.0,163400.0,73459,5,247892
WIN$D,M15,1640887200,163400.0,163440.0,163275.0,163365.0,46713,5,132965
WIN$D,M15,1640888100,163360.0,163490.0,163245.0,163390.0,20186,5,68556
WIN$D,M15,1641200400,163920.0,164075.0,163755.0,163990.0,149305,5,382254
WIN$D,M15,1641201300,163985.0,164130.0,163815.0,164125.0,121247,5,363592
WIN$D,M15,1641202200,164130.0,164140.0,163855.0,164035.0,170032,5,511624
WIN$D,M15,1641203100,164030.0,164175.0,163955.0,163955.0,152689,5,474287
WIN$D,M15,1641204000,163955.0,164525.0,163750.0,164510.0,358860,5,1132313
WIN$D,M15,1641204900,164510.0,164770.0,164450.0,164615.0,209326,5,685816
WIN$D,M15,1641205800,164620.0,164735.0,164485.0,164620.0,206381,5,659267
WIN$D,M15,1641206700,164615.0,164620.0,164205.0,164215.0,199133,5,660884
WIN$D,M15,1641207600,164215.0,164220.0,163355.0,163395.0,289039,5,1038801
WIN$D,M15,1641208500,163395.0,163530.0,162625.0,162685.0,262998,5,928838
WIN$D,M15,1641209400,162680.0,162685.0,162010.0,162160.0,305992,5,1100848
WIN$D,M15,1641210300,162155.0,162325.0,161885.0,162305.0,216107,5,737969
WIN$D,M15,1641211200,162305.0,162510.0,162210.0,162415.0,195236,5,657177
WIN$D,M15,1641212100,162415.0,162580.0,162340.0,162475.0,118736,5,391075
WIN$D,M15,1641213000,162475.0,162740.0,162440.0,162715.0,111460,5,388591
WIN$D,M15,1641213900,162715.0,162850.0,162635.0,162760.0,101834,5,366560
WIN$D,M15,1641214800,162755.0,162840.0,162530.0,162635.0,110514,5,388266
WIN$D,M15,1641215700,162635.0,162765.0,162480.0,162725.0,111929,5,383913
WIN$D,M15,1641216600,162720.0,162820.0,162655.0,162815.0,93710,5,331182
WIN$D,M15,1641217500,162815.0,162995.0,162765.0,162885.0,119759,5,417704
WIN$D,M15,1641218400,162885.0,162965.0,162765.0,162765.0,87677,5,301624
WIN$D,M15,1641219300,162770.0,162855.0,162710.0,162805.0,95412,5,326921
WIN$D,M15,1641220200,162810.0,162950.0,162785.0,162805.0,93527,5,338669
WIN$D,M15,1641221100,162810.0,162890.0,162775.0,162835.0,67147,5,242958
WIN$D,M15,1641222000,162840.0,162920.0,162795.0,162880.0,58168,5,210924
WIN$D,M15,1641222900,162875.0,162935.0,162815.0,162820.0,51724,5,197212
WIN$D,M15,1641223800,162825.0,162845.0,162685.0,162710.0,80429,5,290450
WIN$D,M15,1641224700,162715.0,162855.0,162700.0,162850.0,73487,5,255423
WIN$D,M15,1641225600,162850.0,162905.0,162795.0,162875.0,61289,5,236007
WIN$D,M15,1641226500,162870.0,162970.0,162805.0,162925.0,66578,5,244727
WIN$D,M15,1641227400,162925.0,162960.0,162865.0,162935.0,56752,5,207463
WIN$D,M15,1641228300,162935.0,162940.0,162745.0,162795.0,89253,5,337642
WIN$D,M15,1641229200,162795.0,162820.0,162610.0,162705.0,75869,5,289169
WIN$D,M15,1641230100,162705.0,162725.0,162445.0,162595.0,91352,5,357604
WIN$D,M15,1641231000,162595.0,162640.0,162465.0,162520.0,73513,5,249718
WIN$D,M15,1641231900,162520.0,162615.0,162400.0,162490.0,68365,5,222390
WIN$D,M15,1641232800,162490.0,162505.0,162325.0,162350.0,48929,5,150984
WIN$D,M15,1641233700,162345.0,162540.0,162230.0,162285.0,32252,5,98006
WIN$D,M15,1641286800,162965.0,163270.0,162760.0,163165.0,187741,5,522835
WIN$D,M15,1641287700,163170.0,163310.0,162860.0,162980.0,177284,5,546686
WIN$D,M15,1641288600,162980.0,163185.0,162940.0,163070.0,169129,5,542799
WIN$D,M15,1641289500,163070.0,163235.0,162815.0,163220.0,196179,5,630824
WIN$D,M15,1641290400,163220.0,163240.0,162495.0,162545.0,366982,5,1137355
WIN$D,M15,1641291300,162545.0,162680.0,162300.0,162595.0,278393,5,917265
WIN$D,M15,1641292200,162600.0,162685.0,162005.0,162045.0,307599,5,999271
WIN$D,M15,1641293100,162040.0,162275.0,161915.0,162265.0,200329,5,670983
WIN$D,M15,1641294000,162270.0,162410.0,161775.0,162010.0,275141,5,935930
WIN$D,M15,1641294900,162010.0,162045.0,161565.0,161690.0,206930,5,692069
WIN$D,M15,1641295800,161695.0,161945.0,161565.0,161735.0,211400,5,694474
WIN$D,M15,1641296700,161730.0,162080.0,161705.0,161980.0,168858,5,543700
WIN$D,M15,1641297600,161975.0,162200.0,161905.0,162165.0,169529,5,530452
WIN$D,M15,1641298500,162165.0,162470.0,161995.0,162415.0,143621,5,499542
WIN$D,M15,1641299400,162415.0,162680.0,162375.0,162600.0,155480,5,531760
WIN$D,M15,1641300300,162600.0,162835.0,162445.0,162475.0,151587,5,521743
WIN$D,M15,1641301200,162480.0,162500.0,162155.0,162380.0,175723,5,583434
WIN$D,M15,1641302100,162375.0,162425.0,162070.0,162190.0,139851,5,449334
WIN$D,M15,1641303000,162190.0,162245.0,162090.0,162165.0,84816,5,277698
WIN$D,M15,1641303900,162165.0,162460.0,162145.0,162405.0,106485,5,366868
WIN$D,M15,1641304800,162410.0,162485.0,162185.0,162380.0,117251,5,410543
WIN$D,M15,1641305700,162385.0,162490.0,162310.0,162470.0,83602,5,295994
WIN$D,M15,1641306600,162470.0,162475.0,162190.0,162420.0,119242,5,412586
WIN$D,M15,1641307500,162425.0,162460.0,162220.0,162285.0,91078,5,325642
WIN$D,M15,1641308400,162285.0,162415.0,162175.0,162215.0,100666,5,364931
WIN$D,M15,1641309300,162215.0,162245.0,161835.0,162015.0,135484,5,465347
WIN$D,M15,1641310200,162020.0,162080.0,161820.0,161975.0,107084,5,367577
WIN$D,M15,1641311100,161975.0,162065.0,161890.0,162005.0,84245,5,293955
WIN$D,M15,1641312000,162010.0,162050.0,161920.0,162030.0,57614,5,217816
WIN$D,M15,1641312900,162035.0,162110.0,161985.0,162085.0,60013,5,237255
WIN$D,M15,1641313800,162085.0,162235.0,161985.0,162105.0,90741,5,339810
WIN$D,M15,1641314700,162100.0,162105.0,161725.0,161890.0,113579,5,424181
WIN$D,M15,1641315600,161890.0,161920.0,161780.0,161855.0,59206,5,222973
WIN$D,M15,1641316500,161860.0,161955.0,161805.0,161920.0,46472,5,179713
WIN$D,M15,1641317400,161925.0,161930.0,161830.0,161870.0,40980,5,152382
WIN$D,M15,1641318300,161875.0,162060.0,161840.0,161965.0,55937,5,202232
WIN$D,M15,1641319200,161965.0,162000.0,161810.0,161815.0,39722,5,130435
WIN$D,M15,1641320100,161815.0,161960.0,161785.0,161960.0,23096,5,72776
WIN$D,M15,1641373200,162095.0,162220.0,162005.0,162160.0,122347,5,341652
WIN$D,M15,1641374100,162160.0,162180.0,161595.0,161640.0,213934,5,667521
WIN$D,M15,1641375000,161640.0,161675.0,161405.0,161470.0,179837,5,571428
WIN$D,M15,1641375900,161475.0,161700.0,161315.0,161585.0,181408,5,588866
WIN$D,M15,1641376800,161580.0,161700.0,161180.0,161360.0,313160,5,1026819
WIN$D,M15,1641377700,161355.0,161530.0,161040.0,161050.0,280714,5,906570
WIN$D,M15,1641378600,161050.0,161220.0,160885.0,161135.0,252058,5,845557
WIN$D,M15,1641379500,161135.0,161360.0,160985.0,161225.0,206955,5,703905
WIN$D,M15,1641380400,161220.0,161290.0,160855.0,161045.0,228628,5,786894
WIN$D,M15,1641381300,161045.0,161315.0,160985.0,161135.0,176655,5,611997
WIN$D,M15,1641382200,161135.0,161470.0,161065.0,161460.0,248233,5,878484
WIN$D,M15,1641383100,161465.0,161810.0,161430.0,161785.0,256023,5,909025
WIN$D,M15,1641384000,161785.0,161990.0,161480.0,161580.0,219400,5,799238
WIN$D,M15,1641384900,161580.0,161615.0,161280.0,161340.0,152386,5,527956
WIN$D,M15,1641385800,161340.0,161525.0,161250.0,161490.0,150999,5,529655
WIN$D,M15,1641386700,161485.0,161905.0,161465.0,161675.0,145505,5,520348
WIN$D,M15,1641387600,161680.0,161750.0,161525.0,161570.0,110797,5,404592
WIN$D,M15,1641388500,161570.0,161635.0,161445.0,161520.0,115594,5,415433
WIN$D,M15,1641389400,161520.0,161540.0,161175.0,161240.0,138491,5,498493
WIN$D,M15,1641390300,161240.0,161310.0,161045.0,161240.0,133053,5,483639
WIN$D,M15,1641391200,161240.0,161285.0,161005.0,161200.0,124053,5,457958
WIN$D,M15,1641392100,161200.0,161365.0,161085.0,161280.0,91012,5,322963
WIN$D,M15,1641393000,161285.0,161290.0,160635.0,160705.0,182300,5,701588
WIN$D,M15,1641393900,160710.0,160730.0,160500.0,160515.0,118733,5,426739
WIN$D,M15,1641394800,160515.0,160575.0,160385.0,160410.0,114678,5,414796
WIN$D,M15,1641395700,160415.0,160535.0,160370.0,160495.0,73764,5,278559
WIN$D,M15,1641396600,160500.0,160600.0,160415.0,160440.0,87047,5,303044
WIN$D,M15,1641397500,160440.0,160495.0,160260.0,160330.0,98828,5,360204
WIN$D,M15,1641398400,160335.0,160520.0,160005.0,160090.0,202886,5,774740
WIN$D,M15,1641399300,160090.0,160215.0,159945.0,159990.0,157151,5,603425
WIN$D,M15,1641400200,159990.0,160080.0,159655.0,159685.0,143915,5,543070
WIN$D,M15,1641401100,159680.0,159805.0,159590.0,159740.0,108727,5,401867
WIN$D,M15,1641402000,159735.0,159765.0,159345.0,159535.0,152741,5,610406
WIN$D,M15,1641402900,159530.0,159590.0,159250.0,159435.0,118963,5,464756
WIN$D,M15,1641403800,159435.0,159610.0,159375.0,159570.0,94501,5,334048
WIN$D,M15,1641404700,159575.0,159620.0,159380.0,159420.0,90006,5,317052
WIN$D,M15,1641405600,159420.0,159445.0,159230.0,159340.0,60395,5,229628
WIN$D,M15,1641406500,159340.0,159350.0,159105.0,159105.0,26748,5,116891
WIN$D,M15,1641459600,159500.0,159725.0,159410.0,159550.0,158538,5,441112
WIN$D,M15,1641460500,159555.0,159705.0,159265.0,159275.0,189636,5,554114
WIN$D,M15,1641461400,159275.0,159790.0,159170.0,159715.0,222921,5,671882
WIN$D,M15,1641462300,159715.0,159925.0,159650.0,159895.0,204436,5,617887
WIN$D,M15,1641463200,159900.0,159960.0,159425.0,159795.0,343682,5,1050378
WIN$D,M15,1641464100,159795.0,160015.0,159535.0,160010.0,253689,5,818000
WIN$D,M15,1641465000,160010.0,160075.0,159525.0,159800.0,262632,5,855225
WIN$D,M15,1641465900,159795.0,160100.0,159725.0,159920.0,244223,5,811952
WIN$D,M15,1641466800,159925.0,160115.0,159730.0,159740.0,202412,5,665927
WIN$D,M15,1641467700,159735.0,160265.0,159685.0,160185.0,252987,5,829532
WIN$D,M15,1641468600,160190.0,160495.0,160085.0,160375.0,288301,5,947812
WIN$D,M15,1641469500,160380.0,160495.0,159990.0,160050.0,227487,5,774920
WIN$D,M15,1641470400,160055.0,160205.0,159740.0,159955.0,243094,5,799184
WIN$D,M15,1641471300,159955.0,160295.0,159845.0,160230.0,218133,5,697237
WIN$D,M15,1641472200,160225.0,160680.0,160220.0,160495.0,209320,5,715700
WIN$D,M15,1641473100,160490.0,160705.0,160430.0,160460.0,167579,5,546774
WIN$D,M15,1641474000,160460.0,160575.0,160275.0,160515.0,163094,5,533130
WIN$D,M15,1641474900,160515.0,160655.0,160170.0,160260.0,152533,5,503427
WIN$D,M15,1641475800,160260.0,160305.0,160065.0,160190.0,145906,5,480869
WIN$D,M15,1641476700,160190.0,160355.0,160075.0,160305.0,123611,5,429064
WIN$D,M15,1641477600,160300.0,160495.0,160265.0,160395.0,123662,5,418872
WIN$D,M15,1641478500,160400.0,160540.0,160255.0,160280.0,127862,5,431672
WIN$D,M15,1641479400,160280.0,160455.0,160180.0,160405.0,130879,5,434812
WIN$D,M15,1641480300,160405.0,160445.0,160210.0,160265.0,109396,5,369168
WIN$D,M15,1641481200,160260.0,160285.0,160030.0,160070.0,118442,5,399620
WIN$D,M15,1641482100,160075.0,160075.0,159860.0,159990.0,129506,5,432083
WIN$D,M15,1641483000,159990.0,160105.0,159840.0,160015.0,119570,5,412049
WIN$D,M15,1641483900,160010.0,160230.0,159945.0,160130.0,110583,5,384777
WIN$D,M15,1641484800,160130.0,160225.0,160000.0,160065.0,112519,5,388477
WIN$D,M15,1641485700,160070.0,160165.0,159975.0,160120.0,80292,5,275205
WIN$D,M15,1641486600,160115.0,160165.0,159945.0,159980.0,84115,5,305274
WIN$D,M15,1641487500,159980.0,160015.0,159710.0,159785.0,112638,5,406843
WIN$D,M15,1641488400,159785.0,159900.0,159695.0,159735.0,92822,5,344575
WIN$D,M15,1641489300,159735.0,159840.0,159660.0,159790.0,91212,5,333589
WIN$D,M15,1641490200,159785.0,159865.0,159640.0,159725.0,79870,5,291574
WIN$D,M15,1641491100,159720.0,159800.0,159665.0,159765.0,48573,5,176872
WIN$D,M15,1641492000,159765.0,160010.0,159750.0,159940.0,52963,5,189237
WIN$D,M15,1641492900,159945.0,160125.0,159910.0,160125.0,20530,5,77951
WIN$D,M15,1641546000,159910.0,160245.0,159840.0,160140.0,152527,5,418034
WIN$D,M15,1641546900,160135.0,160215.0,159975.0,160115.0,138499,5,409595
WIN$D,M15,1641547800,160115.0,160120.0,159905.0,160050.0,136719,5,427476
WIN$D,M15,1641548700,160050.0,160155.0,159915.0,160120.0,162695,5,523504
WIN$D,M15,1641549600,160120.0,160175.0,159475.0,159490.0,290175,5,980622
WIN$D,M15,1641550500,159495.0,159825.0,159380.0,159795.0,201911,5,662253
WIN$D,M15,1641551400,159790.0,160200.0,159385.0,159775.0,418282,5,1322156
WIN$D,M15,1641552300,159780.0,160160.0,159700.0,160115.0,286727,5,979864
WIN$D,M15,1641553200,160110.0,160455.0,160035.0,160430.0,246503,5,866386
WIN$D,M15,1641554100,160430.0,160525.0,160090.0,160125.0,203837,5,721888
WIN$D,M15,1641555000,160120.0,160650.0,160075.0,160650.0,265763,5,935974
WIN$D,M15,1641555900,160650.0,160790.0,160495.0,160745.0,189621,5,680511
WIN$D,M15,1641556800,160740.0,160755.0,160375.0,160385.0,176635,5,651477
WIN$D,M15,1641557700,160390.0,160485.0,160210.0,160255.0,166860,5,597516
WIN$D,M15,1641558600,160260.0,160370.0,160130.0,160245.0,140793,5,511238
WIN$D,M15,1641559500,160250.0,160320.0,159860.0,159980.0,169664,5,642065
WIN$D,M15,1641560400,159975.0,160030.0,159780.0,159985.0,142716,5,487832
WIN$D,M15,1641561300,159980.0,160240.0,159865.0,160220.0,128480,5,471442
WIN$D,M15,1641562200,160220.0,160350.0,160175.0,160290.0,125330,5,480061
WIN$D,M15,1641563100,160285.0,160535.0,160250.0,160450.0,141033,5,541353
WIN$D,M15,1641564000,160450.0,160535.0,160340.0,160495.0,111897,5,403794
WIN$D,M15,1641564900,160490.0,160605.0,160310.0,160355.0,127832,5,470330
WIN$D,M15,1641565800,160355.0,160470.0,160305.0,160450.0,78194,5,276441
WIN$D,M15,1641566700,160455.0,160625.0,160440.0,160520.0,101368,5,367941
WIN$D,M15,1641567600,160520.0,160650.0,160455.0,160605.0,84405,5,302136
WIN$D,M15,1641568500,160605.0,160695.0,160490.0,160645.0,100739,5,395823
WIN$D,M15,1641569400,160645.0,160910.0,160640.0,160745.0,117657,5,468871
WIN$D,M15,1641570300,160750.0,160775.0,160615.0,160675.0,89171,5,347135
WIN$D,M15,1641571200,160680.0,160765.0,160595.0,160625.0,91475,5,358276
WIN$D,M15,1641572100,160630.0,160735.0,160605.0,160675.0,59487,5,227020
WIN$D,M15,1641573000,160680.0,160825.0,160625.0,160800.0,74730,5,298987
WIN$D,M15,1641573900,160800.0,160875.0,160755.0,160800.0,69107,5,271619
WIN$D,M15,1641574800,160795.0,160835.0,160685.0,160700.0,59058,5,244387
WIN$D,M15,1641575700,160700.0,160825.0,160680.0,160800.0,54265,5,220893
WIN$D,M15,1641576600,160800.0,160825.0,160695.0,160710.0,51984,5,211939
WIN$D,M15,1641577500,160710.0,160875.0,160695.0,160790.0,62892,5,254735
WIN$D,M15,1641578400,160790.0,160970.0,160750.0,160910.0,48987,5,171542
WIN$D,M15,1641579300,160910.0,161245.0,160890.0,160935.0,40800,5,125151
WIN$D,M15,1641805200,160425.0,160845.0,160330.0,160595.0,143470,5,430648
WIN$D,M15,1641806100,160595.0,160645.0,160415.0,160550.0,140569,5,414885
WIN$D,M15,1641807000,160545.0,160560.0,160355.0,160410.0,118524,5,365839
WIN$D,M15,1641807900,160415.0,160430.0,160095.0,160110.0,143895,5,455569
WIN$D,M15,1641808800,160110.0,160230.0,159980.0,160115.0,201417,5,676397
WIN$D,M15,1641809700,160115.0,160425.0,160090.0,160335.0,257592,5,898784
WIN$D,M15,1641810600,160335.0,160625.0,160145.0,160395.0,270655,5,941561
WIN$D,M15,1641811500,160395.0,160545.0,160170.0,160520.0,260868,5,931702
WIN$D,M15,1641812400,160520.0,160710.0,160470.0,160560.0,185034,5,658914
WIN$D,M15,1641813300,160560.0,160905.0,160440.0,160860.0,236158,5,832558
WIN$D,M15,1641814200,160855.0,160930.0,160250.0,160525.0,313395,5,1152576
WIN$D,M15,1641815100,160520.0,160535.0,159750.0,159765.0,282785,5,1034007
WIN$D,M15,1641816000,159765.0,159770.0,159415.0,159665.0,233483,5,891723
WIN$D,M15,1641816900,159660.0,159715.0,159535.0,159595.0,119567,5,447084
WIN$D,M15,1641817800,159600.0,159765.0,159400.0,159505.0,153644,5,581851
WIN$D,M15,1641818700,159505.0,159725.0,159275.0,159650.0,166908,5,620021
WIN$D,M15,1641819600,159650.0,159955.0,159600.0,159870.0,159637,5,590356
WIN$D,M15,1641820500,159870.0,160025.0,159815.0,159995.0,125625,5,488214
WIN$D,M15,1641821400,159995.0,160010.0,159810.0,159920.0,110595,5,405541
WIN$D,M15,1641822300,159915.0,159970.0,159770.0,159940.0,134986,5,464599
WIN$D,M15,1641823200,159940.0,159975.0,159790.0,159815.0,114325,5,438891
WIN$D,M15,1641824100,159815.0,159845.0,159715.0,159745.0,84428,5,316789
WIN$D,M15,1641825000,159750.0,159780.0,159605.0,159625.0,128818,5,512972
WIN$D,M15,1641825900,159625.0,159835.0,159590.0,159735.0,129140,5,530039
WIN$D,M15,1641826800,159730.0,159935.0,159705.0,159865.0,129337,5,534984
WIN$D,M15,1641827700,159860.0,159955.0,159770.0,159880.0,99601,5,437137
WIN$D,M15,1641828600,159880.0,159945.0,159755.0,159920.0,105147,5,422985
WIN$D,M15,1641829500,159920.0,160060.0,159840.0,159995.0,147218,5,637421
WIN$D,M15,1641830400,159990.0,160220.0,159940.0,160100.0,136495,5,547320
WIN$D,M15,1641831300,160100.0,160175.0,160060.0,160080.0,87536,5,316610
WIN$D,M15,1641832200,160075.0,160305.0,160045.0,160160.0,128007,5,488235
WIN$D,M15,1641833100,160160.0,160195.0,159945.0,160035.0,97782,5,371542
WIN$D,M15,1641834000,160035.0,160095.0,159710.0,159760.0,136661,5,540916
WIN$D,M15,1641834900,159760.0,159915.0,159685.0,159820.0,89014,5,333839
WIN$D,M15,1641835800,159820.0,160065.0,159770.0,160005.0,97127,5,367911
WIN$D,M15,1641836700,160005.0,160235.0,160000.0,160205.0,88582,5,337360
WIN$D,M15,1641837600,160205.0,160485.0,160170.0,160465.0,69276,5,262916
WIN$D,M15,1641838500,160465.0,160840.0,160460.0,160840.0,30524,5,136681
WIN$D,M15,1641891600,160925.0,161145.0,160460.0,160490.0,166472,5,457341
WIN$D,M15,1641892500,160490.0,160495.0,160355.0,160460.0,102756,5,328163
WIN$D,M15,1641893400,160460.0,160460.0,160255.0,160315.0,100314,5,330756
WIN$D,M15,1641894300,160315.0,160390.0,160180.0,160210.0,113276,5,390564
WIN$D,M15,1641895200,160210.0,160555.0,160090.0,160470.0,324019,5,1164299
WIN$D,M15,1641896100,160465.0,160840.0,160450.0,160655.0,250911,5,930996
WIN$D,M15,1641897000,160655.0,160880.0,160365.0,160450.0,254151,5,955271
WIN$D,M15,1641897900,160455.0,160795.0,160390.0,160790.0,229071,5,813051
WIN$D,M15,1641898800,160790.0,160865.0,160625.0,160770.0,192493,5,686935
WIN$D,M15,1641899700,160770.0,160830.0,160575.0,160720.0,149394,5,534385
WIN$D,M15,1641900600,160720.0,160910.0,160410.0,160660.0,331790,5,1248678
WIN$D,M15,1641901500,160660.0,160975.0,160405.0,160925.0,265147,5,1007715
WIN$D,M15,1641902400,160930.0,161305.0,160925.0,161065.0,228868,5,897590
WIN$D,M15,1641903300,161070.0,161425.0,160990.0,161375.0,186190,5,692457
WIN$D,M15,1641904200,161375.0,161455.0,161030.0,161105.0,186918,5,690193
WIN$D,M15,1641905100,161110.0,161295.0,161030.0,161280.0,125444,5,459712
WIN$D,M15,1641906000,161280.0,161490.0,161270.0,161440.0,147767,5,579634
WIN$D,M15,1641906900,161445.0,161715.0,161405.0,161690.0,142022,5,581327
WIN$D,M15,1641907800,161695.0,161825.0,161605.0,161785.0,97950,5,389205
WIN$D,M15,1641908700,161780.0,161875.0,161650.0,161765.0,109378,5,437400
WIN$D,M15,1641909600,161760.0,161815.0,161695.0,161780.0,63469,5,245487
WIN$D,M15,1641910500,161775.0,161795.0,161655.0,161670.0,81560,5,326808
WIN$D,M15,1641911400,161665.0,161715.0,161625.0,161680.0,54808,5,221090
WIN$D,M15,1641912300,161685.0,161815.0,161670.0,161770.0,88146,5,362364
WIN$D,M15,1641913200,161775.0,161795.0,161585.0,161665.0,95901,5,406234
WIN$D,M15,1641914100,161665.0,161850.0,161640.0,161745.0,91098,5,373511
WIN$D,M15,1641915000,161750.0,161775.0,161645.0,161755.0,69610,5,302042
WIN$D,M15,1641915900,161750.0,161950.0,161670.0,161835.0,118814,5,518771
WIN$D,M15,1641916800,161835.0,161880.0,161720.0,161820.0,90397,5,406459
WIN$D,M15,1641917700,161820.0,161865.0,161720.0,161840.0,75421,5,331424
WIN$D,M15,1641918600,161840.0,161925.0,161750.0,161910.0,69892,5,331125
WIN$D,M15,1641919500,161910.0,161975.0,161855.0,161900.0,68709,5,317926
WIN$D,M15,1641920400,161895.0,161940.0,161820.0,161845.0,59831,5,283546
WIN$D,M15,1641921300,161845.0,161940.0,161775.0,161915.0,56378,5,266640
WIN$D,M15,1641922200,161915.0,161940.0,161850.0,161895.0,40009,5,196663
WIN$D,M15,1641923100,161895.0,162175.0,161845.0,162115.0,73030,5,347856
WIN$D,M15,1641924000,162115.0,162190.0,162070.0,162175.0,46588,5,183934
WIN$D,M15,1641924900,162175.0,162400.0,162170.0,162300.0,31780,5,157192
WIN$D,M15,1641978000,162325.0,162440.0,162095.0,162335.0,174575,5,534602
WIN$D,M15,1641978900,162335.0,162375.0,162150.0,162155.0,116342,5,367250
WIN$D,M15,1641979800,162160.0,162185.0,161960.0,161965.0,158899,5,496951
WIN$D,M15,1641980700,161965.0,162210.0,161900.0,161990.0,193744,5,638955
WIN$D,M15,1641981600,161995.0,162645.0,161935.0,162615.0,309936,5,1043529
WIN$D,M15,1641982500,162620.0,162900.0,162565.0,162765.0,236863,5,847247
WIN$D,M15,1641983400,162765.0,163190.0,162645.0,162925.0,287621,5,1030476
WIN$D,M15,1641984300,162925.0,163215.0,162845.0,163160.0,218846,5,806578
WIN$D,M15,1641985200,163160.0,163505.0,163090.0,163425.0,237751,5,872806
WIN$D,M15,1641986100,163425.0,163675.0,163285.0,163545.0,203042,5,740114
WIN$D,M15,1641987000,163545.0,163810.0,163515.0,163695.0,233236,5,857467
WIN$D,M15,1641987900,163695.0,163830.0,163585.0,163815.0,148281,5,528349
WIN$D,M15,1641988800,163815.0,163870.0,163550.0,163655.0,155227,5,597865
WIN$D,M15,1641989700,163655.0,163745.0,163600.0,163675.0,98812,5,364427
WIN$D,M15,1641990600,163675.0,163695.0,163380.0,163455.0,151788,5,554309
WIN$D,M15,1641991500,163455.0,163585.0,163310.0,163465.0,153970,5,556369
WIN$D,M15,1641992400,163465.0,163735.0,163285.0,163290.0,190356,5,747211
WIN$D,M15,1641993300,163290.0,163560.0,163220.0,163535.0,151345,5,558912
WIN$D,M15,1641994200,163535.0,163640.0,163475.0,163555.0,111970,5,425483
WIN$D,M15,1641995100,163560.0,163695.0,163535.0,163650.0,88315,5,362152
WIN$D,M15,1641996000,163650.0,163690.0,163440.0,163545.0,97059,5,401547
WIN$D,M15,1641996900,163540.0,163625.0,163450.0,163615.0,106931,5,452594
WIN$D,M15,1641997800,163615.0,163725.0,163600.0,163625.0,91705,5,381954
WIN$D,M15,1641998700,163630.0,163870.0,163610.0,163775.0,115387,5,492263
WIN$D,M15,1641999600,163775.0,163825.0,163650.0,163695.0,86275,5,385163
WIN$D,M15,1642000500,163695.0,163740.0,163615.0,163650.0,76713,5,331105
WIN$D,M15,1642001400,163650.0,163670.0,163535.0,163635.0,92633,5,377477
WIN$D,M15,1642002300,163635.0,163735.0,163595.0,163685.0,99360,5,424651
WIN$D,M15,1642003200,163690.0,163765.0,163590.0,163735.0,87587,5,411637
WIN$D,M15,1642004100,163740.0,163805.0,163680.0,163770.0,70140,5,358682
WIN$D,M15,1642005000,163770.0,163820.0,163730.0,163760.0,63346,5,305509
WIN$D,M15,1642005900,163765.0,164050.0,163760.0,164000.0,106414,5,529231
WIN$D,M15,1642006800,164000.0,164015.0,163925.0,163990.0,60487,5,287244
WIN$D,M15,1642007700,163995.0,164180.0,163990.0,164065.0,85228,5,402904
WIN$D,M15,1642008600,164060.0,164170.0,164050.0,164095.0,62049,5,288121
WIN$D,M15,1642009500,164100.0,164140.0,164010.0,164055.0,63196,5,295131
WIN$D,M15,1642010400,164055.0,164080.0,163860.0,163955.0,51362,5,209353
WIN$D,M15,1642011300,163955.0,164265.0,163940.0,164265.0,27345,5,121753
WIN$D,M15,1642064400,163825.0,163885.0,163590.0,163620.0,159203,5,463156
WIN$D,M15,1642065300,163625.0,163705.0,163465.0,163595.0,148434,5,467314
WIN$D,M15,1642066200,163595.0,163625.0,163440.0,163590.0,133731,5,427026
WIN$D,M15,1642067100,163590.0,163650.0,163390.0,163420.0,141086,5,449562
WIN$D,M15,1642068000,163420.0,163720.0,163270.0,163305.0,294942,5,1028732
WIN$D,M15,1642068900,163300.0,163760.0,163285.0,163670.0,223507,5,791057
WIN$D,M15,1642069800,163670.0,163800.0,163230.0,163285.0,294402,5,1045732
WIN$D,M15,1642070700,163285.0,163590.0,163175.0,163565.0,247331,5,881907
WIN$D,M15,1642071600,163565.0,163960.0,163430.0,163915.0,251436,5,941847
WIN$D,M15,1642072500,163915.0,163970.0,163760.0,163855.0,144065,5,510236
WIN$D,M15,1642073400,163860.0,164300.0,163775.0,164250.0,256122,5,942237
WIN$D,M15,1642074300,164250.0,164540.0,164205.0,164425.0,176840,5,672231
WIN$D,M15,1642075200,164425.0,164430.0,163985.0,164000.0,181439,5,663220
WIN$D,M15,1642076100,164000.0,164010.0,163530.0,163750.0,211220,5,774083
WIN$D,M15,1642077000,163750.0,163955.0,163465.0,163875.0,225650,5,789715
WIN$D,M15,1642077900,163870.0,164040.0,163545.0,163780.0,188735,5,648152
WIN$D,M15,1642078800,163780.0,164010.0,163675.0,163840.0,175990,5,637935
WIN$D,M15,1642079700,163840.0,164185.0,163820.0,164165.0,123249,5,451536
WIN$D,M15,1642080600,164170.0,164300.0,164110.0,164235.0,109528,5,393217
WIN$D,M15,1642081500,164230.0,164345.0,164005.0,164015.0,151204,5,563043
WIN$D,M15,1642082400,164010.0,164095.0,163905.0,164030.0,134179,5,486065
WIN$D,M15,1642083300,164030.0,164040.0,163590.0,163715.0,200284,5,724539
WIN$D,M15,1642084200,163715.0,163895.0,163615.0,163845.0,130440,5,475751
WIN$D,M15,1642085100,163845.0,163990.0,163705.0,163960.0,150540,5,568066
WIN$D,M15,1642086000,163960.0,164115.0,163780.0,164095.0,152448,5,588815
WIN$D,M15,1642086900,164095.0,164275.0,163980.0,164205.0,130438,5,493536
WIN$D,M15,1642087800,164210.0,164410.0,164135.0,164370.0,121484,5,454216
WIN$D,M15,1642088700,164365.0,164405.0,164155.0,164325.0,110404,5,429202
WIN$D,M15,1642089600,164330.0,164520.0,164295.0,164370.0,106150,5,412639
WIN$D,M15,1642090500,164370.0,164375.0,164210.0,164240.0,90796,5,335253
WIN$D,M15,1642091400,164245.0,164310.0,164160.0,164210.0,82181,5,309186
WIN$D,M15,1642092300,164210.0,164300.0,164085.0,164295.0,94085,5,366757
WIN$D,M15,1642093200,164295.0,164300.0,163775.0,163920.0,134457,5,602798
WIN$D,M15,1642094100,163915.0,164020.0,163800.0,163955.0,92746,5,387197
WIN$D,M15,1642095000,163960.0,164155.0,163830.0,163945.0,106973,5,438458
WIN$D,M15,1642095900,163940.0,163955.0,163710.0,163800.0,90513,5,348781
WIN$D,M15,1642096800,163795.0,163830.0,163670.0,163765.0,47116,5,163045
WIN$D,M15,1642097700,163770.0,163825.0,163640.0,163825.0,16234,5,64063
WIN$D,M15,1642150800,163660.0,163810.0,163525.0,163780.0,138679,5,387751
WIN$D,M15,1642151700,163780.0,163945.0,163730.0,163825.0,157231,5,506878
WIN$D,M15,1642152600,163830.0,163985.0,163610.0,163700.0,237456,5,769183
WIN$D,M15,1642153500,163700.0,163810.0,163455.0,163470.0,184539,5,580213
WIN$D,M15,1642154400,163470.0,163965.0,163350.0,163800.0,344947,5,1127833
WIN$D,M15,1642155300,163805.0,163930.0,163605.0,163755.0,276703,5,895635
WIN$D,M15,1642156200,163750.0,163875.0,163365.0,163380.0,306657,5,992527
WIN$D,M15,1642157100,163380.0,163475.0,163225.0,163460.0,235813,5,825230
WIN$D,M15,1642158000,163455.0,163685.0,163325.0,163640.0,213729,5,732930
WIN$D,M15,1642158900,163645.0,163760.0,163450.0,163595.0,227360,5,760005
WIN$D,M15,1642159800,163590.0,164150.0,163475.0,164085.0,320068,5,1128566
WIN$D,M15,1642160700,164080.0,164365.0,163955.0,164280.0,234848,5,844227
WIN$D,M15,1642161600,164275.0,164510.0,164100.0,164300.0,209969,5,770380
WIN$D,M15,1642162500,164305.0,164570.0,164245.0,164280.0,179821,5,635642
WIN$D,M15,1642163400,164275.0,164620.0,164160.0,164485.0,173078,5,609842
WIN$D,M15,1642164300,164480.0,164865.0,164460.0,164720.0,184575,5,673090
WIN$D,M15,1642165200,164715.0,164810.0,164615.0,164690.0,119003,5,418345
WIN$D,M15,1642166100,164695.0,164790.0,164460.0,164540.0,142582,5,497678
WIN$D,M15,1642167000,164535.0,164630.0,164400.0,164525.0,133481,5,477561
WIN$D,M15,1642167900,164525.0,164675.0,164485.0,164585.0,108651,5,395301
WIN$D,M15,1642168800,164590.0,164690.0,164520.0,164545.0,89830,5,328074
WIN$D,M15,1642169700,164545.0,164600.0,164430.0,164545.0,89206,5,323163
WIN$D,M15,1642170600,164540.0,164585.0,164360.0,164415.0,85742,5,326072
WIN$D,M15,1642171500,164415.0,164425.0,164285.0,164395.0,98953,5,404709
WIN$D,M15,1642172400,164390.0,164465.0,164305.0,164455.0,74737,5,302273
WIN$D,M15,1642173300,164460.0,164510.0,164310.0,164500.0,99433,5,425718
WIN$D,M15,1642174200,164505.0,164690.0,164470.0,164670.0,109902,5,475315
WIN$D,M15,1642175100,164665.0,164840.0,164600.0,164775.0,115313,5,486436
WIN$D,M15,1642176000,164780.0,164865.0,164660.0,164715.0,97231,5,417460
WIN$D,M15,1642176900,164715.0,164870.0,164685.0,164755.0,95230,5,391320
WIN$D,M15,1642177800,164750.0,164990.0,164745.0,164935.0,106771,5,467630
WIN$D,M15,1642178700,164940.0,165120.0,164910.0,165080.0,91714,5,397306
WIN$D,M15,1642179600,165080.0,165235.0,165040.0,165100.0,84143,5,374246
WIN$D,M15,1642180500,165095.0,165310.0,165070.0,165190.0,80163,5,369587
WIN$D,M15,1642181400,165195.0,165295.0,165150.0,165230.0,73893,5,313255
WIN$D,M15,1642182300,165230.0,165255.0,165110.0,165195.0,78041,5,330825
WIN$D,M15,1642183200,165195.0,165395.0,165130.0,165305.0,45248,5,199201
WIN$D,M15,1642184100,165310.0,165510.0,165305.0,165510.0,30172,5,123699
WIN$D,M15,1642410000,165185.0,165380.0,164940.0,164980.0,133293,5,405865
WIN$D,M15,1642410900,164980.0,165100.0,164855.0,165045.0,154381,5,490083
WIN$D,M15,1642411800,165045.0,165070.0,164825.0,164840.0,117074,5,381062
WIN$D,M15,1642412700,164840.0,164845.0,164695.0,164705.0,103477,5,351410
WIN$D,M15,1642413600,164710.0,164995.0,164640.0,164885.0,265265,5,920422
WIN$D,M15,1642414500,164890.0,164950.0,164645.0,164915.0,204181,5,713062
WIN$D,M15,1642415400,164915.0,164980.0,164590.0,164635.0,203468,5,746541
WIN$D,M15,1642416300,164640.0,164675.0,164430.0,164490.0,162423,5,604347
WIN$D,M15,1642417200,164485.0,164500.0,164285.0,164320.0,154705,5,605203
WIN$D,M15,1642418100,164320.0,164430.0,164240.0,164415.0,138234,5,505060
WIN$D,M15,1642419000,164415.0,164545.0,164345.0,164485.0,139513,5,506527
WIN$D,M15,1642419900,164485.0,164650.0,164410.0,164645.0,147693,5,580649
WIN$D,M15,1642420800,164650.0,164780.0,164570.0,164760.0,126079,5,472997
WIN$D,M15,1642421700,164765.0,164880.0,164710.0,164845.0,119893,5,460292
WIN$D,M15,1642422600,164845.0,164860.0,164745.0,164830.0,77264,5,292351
WIN$D,M15,1642423500,164835.0,164860.0,164765.0,164805.0,56071,5,221986
WIN$D,M15,1642424400,164800.0,164945.0,164755.0,164780.0,99273,5,392431
WIN$D,M15,1642425300,164780.0,164785.0,164550.0,164605.0,104125,5,388943
WIN$D,M15,1642426200,164610.0,164635.0,164505.0,164560.0,75887,5,296750
WIN$D,M15,1642427100,164565.0,164665.0,164525.0,164640.0,77310,5,297298
WIN$D,M15,1642428000,164635.0,164760.0,164565.0,164755.0,90512,5,359015
WIN$D,M15,1642428900,164750.0,164880.0,164735.0,164840.0,84026,5,334620
WIN$D,M15,1642429800,164845.0,164925.0,164830.0,164895.0,58162,5,229612
WIN$D,M15,1642430700,164895.0,165000.0,164845.0,164990.0,92769,5,354007
WIN$D,M15,1642431600,164990.0,165050.0,164965.0,165025.0,56547,5,208795
WIN$D,M15,1642432500,165030.0,165070.0,164905.0,165035.0,104576,5,387531
WIN$D,M15,1642433400,165040.0,165060.0,164890.0,164915.0,67687,5,254796
WIN$D,M15,1642434300,164920.0,165010.0,164810.0,164830.0,85637,5,316104
WIN$D,M15,1642435200,164825.0,164855.0,164665.0,164745.0,92623,5,349912
WIN$D,M15,1642436100,164750.0,164770.0,164690.0,164730.0,50171,5,180832
WIN$D,M15,1642437000,164730.0,164770.0,164630.0,164655.0,51837,5,194267
WIN$D,M15,1642437900,164650.0,164685.0,164575.0,164620.0,50042,5,191083
WIN$D,M15,1642438800,164620.0,164765.0,164580.0,164755.0,59132,5,230372
WIN$D,M15,1642439700,164755.0,164865.0,164730.0,164860.0,47793,5,188344
WIN$D,M15,1642440600,164860.0,164910.0,164800.0,164890.0,52939,5,190320
WIN$D,M15,1642441500,164890.0,164915.0,164730.0,164760.0,50756,5,187121
WIN$D,M15,1642442400,164760.0,164775.0,164535.0,164535.0,69226,5,245212
WIN$D,M15,1642443300,164535.0,164680.0,164525.0,164525.0,19282,5,72738
WIN$D,M15,1642496400,163825.0,163990.0,163680.0,163835.0,142215,5,397794
WIN$D,M15,1642497300,163840.0,164020.0,163780.0,164015.0,107954,5,352953
WIN$D,M15,1642498200,164015.0,164150.0,163990.0,164105.0,104954,5,346447
WIN$D,M15,1642499100,164110.0,164250.0,164105.0,164230.0,107895,5,362018
WIN$D,M15,1642500000,164225.0,164470.0,164015.0,164445.0,297126,5,1041355
WIN$D,M15,1642500900,164445.0,164470.0,164270.0,164445.0,213821,5,761053
WIN$D,M15,1642501800,164440.0,164650.0,164425.0,164495.0,207685,5,773609
WIN$D,M15,1642502700,164500.0,164550.0,164330.0,164550.0,186339,5,673250
WIN$D,M15,1642503600,164550.0,164710.0,164525.0,164635.0,193130,5,713554
WIN$D,M15,1642504500,164635.0,164665.0,164365.0,164455.0,198561,5,732245
WIN$D,M15,1642505400,164455.0,164715.0,164090.0,164665.0,408790,5,1502376
WIN$D,M15,1642506300,164660.0,164685.0,164175.0,164505.0,265080,5,1010054
WIN$D,M15,1642507200,164505.0,165040.0,164430.0,164765.0,234442,5,927395
WIN$D,M15,1642508100,164770.0,164920.0,164560.0,164910.0,198296,5,756840
WIN$D,M15,1642509000,164910.0,164930.0,164625.0,164830.0,150933,5,556652
WIN$D,M15,1642509900,164830.0,164905.0,164675.0,164725.0,128240,5,493154
WIN$D,M15,1642510800,164730.0,164800.0,164550.0,164615.0,119992,5,475957
WIN$D,M15,1642511700,164620.0,164885.0,164610.0,164635.0,140123,5,565922
WIN$D,M15,1642512600,164640.0,164920.0,164515.0,164890.0,156687,5,656793
WIN$D,M15,1642513500,164885.0,165270.0,164860.0,165145.0,170564,5,709241
WIN$D,M15,1642514400,165145.0,165180.0,164710.0,164955.0,173071,5,724319
WIN$D,M15,1642515300,164960.0,165025.0,164370.0,164485.0,171182,5,685513
WIN$D,M15,1642516200,164485.0,164600.0,164330.0,164340.0,151302,5,605754
WIN$D,M15,1642517100,164340.0,164410.0,163930.0,164150.0,191732,5,782830
WIN$D,M15,1642518000,164145.0,164175.0,163910.0,164130.0,144700,5,594559
WIN$D,M15,1642518900,164130.0,164300.0,164105.0,164225.0,131028,5,557677
WIN$D,M15,1642519800,164225.0,164410.0,164160.0,164360.0,98667,5,396597
WIN$D,M15,1642520700,164355.0,164805.0,164320.0,164795.0,147508,5,617296
WIN$D,M15,1642521600,164790.0,164970.0,164765.0,164865.0,107274,5,422808
WIN$D,M15,1642522500,164870.0,164955.0,164770.0,164795.0,90325,5,397630
WIN$D,M15,1642523400,164795.0,165035.0,164780.0,164975.0,91146,5,426164
WIN$D,M15,1642524300,164975.0,165195.0,164930.0,165055.0,97902,5,462203
WIN$D,M15,1642525200,165050.0,165085.0,164890.0,164955.0,85799,5,424202
WIN$D,M15,1642526100,164955.0,164955.0,164585.0,164795.0,121557,5,604855
WIN$D,M15,1642527000,164795.0,164800.0,164590.0,164615.0,77659,5,340037
WIN$D,M15,1642527900,164615.0,164910.0,164610.0,164850.0,93803,5,421826
WIN$D,M15,1642528800,164845.0,165050.0,164760.0,165035.0,52451,5,198705
WIN$D,M15,1642529700,165035.0,165065.0,164885.0,165055.0,17652,5,67373
WIN$D,M15,1642582800,165055.0,165710.0,165035.0,165555.0,187344,5,593687
WIN$D,M15,1642583700,165555.0,165860.0,165510.0,165820.0,176952,5,582405
WIN$D,M15,1642584600,165825.0,165855.0,165690.0,165725.0,111550,5,379265
WIN$D,M15,1642585500,165725.0,165820.0,165670.0,165700.0,104155,5,364336
WIN$D,M15,1642586400,165700.0,166065.0,165680.0,166010.0,292340,5,1007870
WIN$D,M15,1642587300,166010.0,166450.0,165980.0,166360.0,239565,5,927805
WIN$D,M15,1642588200,166355.0,166495.0,166275.0,166415.0,194844,5,708309
WIN$D,M15,1642589100,166420.0,166585.0,166360.0,166450.0,166257,5,616501
WIN$D,M15,1642590000,166450.0,166475.0,166300.0,166310.0,131120,5,507950
WIN$D,M15,1642590900,166310.0,166725.0,166285.0,166680.0,252455,5,943249
WIN$D,M15,1642591800,166680.0,166770.0,166460.0,166510.0,316197,5,1145605
WIN$D,M15,1642592700,166510.0,166645.0,166385.0,166635.0,229566,5,811062
WIN$D,M15,1642593600,166630.0,166840.0,166540.0,166690.0,218428,5,795711
WIN$D,M15,1642594500,166695.0,166745.0,166530.0,166545.0,167709,5,632640
WIN$D,M15,1642595400,166545.0,166595.0,166345.0,166515.0,166207,5,629862
WIN$D,M15,1642596300,166515.0,166675.0,166330.0,166615.0,185685,5,694082
WIN$D,M15,1642597200,166615.0,166645.0,166450.0,166550.0,125395,5,442543
WIN$D,M15,1642598100,166555.0,166595.0,166405.0,166495.0,128528,5,469207
WIN$D,M15,1642599000,166490.0,166560.0,166295.0,166475.0,163022,5,579650
WIN$D,M15,1642599900,166475.0,166655.0,166445.0,166655.0,108720,5,395959
WIN$D,M15,1642600800,166650.0,166740.0,166520.0,166610.0,126866,5,484566
WIN$D,M15,1642601700,166605.0,166685.0,166565.0,166610.0,80915,5,304795
WIN$D,M15,1642602600,166610.0,166650.0,166435.0,166530.0,101680,5,394217
WIN$D,M15,1642603500,166530.0,166610.0,166445.0,166580.0,103400,5,394702
WIN$D,M15,1642604400,166580.0,166605.0,166400.0,166595.0,108552,5,433331
WIN$D,M15,1642605300,166595.0,166660.0,166480.0,166495.0,95233,5,384465
WIN$D,M15,1642606200,166495.0,166570.0,166385.0,166455.0,87755,5,365622
WIN$D,M15,1642607100,166460.0,166625.0,166390.0,166555.0,105640,5,434406
WIN$D,M15,1642608000,166550.0,166595.0,166350.0,166400.0,118695,5,466181
WIN$D,M15,1642608900,166405.0,166465.0,166225.0,166230.0,107736,5,418163
WIN$D,M15,1642609800,166235.0,166400.0,166215.0,166370.0,108349,5,437128
WIN$D,M15,1642610700,166370.0,166465.0,166220.0,166340.0,115509,5,493214
WIN$D,M15,1642611600,166340.0,166545.0,166325.0,166515.0,83285,5,349179
WIN$D,M15,1642612500,166510.0,166540.0,166385.0,166390.0,76259,5,322079
WIN$D,M15,1642613400,166385.0,166465.0,166285.0,166440.0,80291,5,305141
WIN$D,M15,1642614300,166445.0,166465.0,166175.0,166225.0,95133,5,371319
WIN$D,M15,1642615200,166220.0,166350.0,166175.0,166275.0,67538,5,246321
WIN$D,M15,1642616100,166275.0,166390.0,166175.0,166375.0,26651,5,97296
WIN$D,M15,1642669200,166925.0,166950.0,166435.0,166450.0,184443,5,549859
WIN$D,M15,1642670100,166445.0,166550.0,166385.0,166470.0,130666,5,406943
WIN$D,M15,1642671000,166475.0,166525.0,166430.0,166435.0,77954,5,247263
WIN$D,M15,1642671900,166435.0,166580.0,166335.0,166390.0,155814,5,502304
WIN$D,M15,1642672800,166390.0,166805.0,166325.0,166735.0,264029,5,930835
WIN$D,M15,1642673700,166735.0,166900.0,166480.0,166710.0,277714,5,979004
WIN$D,M15,1642674600,166710.0,167150.0,166700.0,167090.0,298918,5,1076108
WIN$D,M15,1642675500,167090.0,167290.0,167085.0,167125.0,199202,5,664205
WIN$D,M15,1642676400,167120.0,167310.0,167100.0,167170.0,143467,5,474287
WIN$D,M15,1642677300,167170.0,167475.0,167115.0,167450.0,165962,5,565649
WIN$D,M15,1642678200,167455.0,167555.0,167235.0,167250.0,241860,5,867877
WIN$D,M15,1642679100,167245.0,167605.0,167130.0,167590.0,248010,5,910434
WIN$D,M15,1642680000,167590.0,167650.0,167330.0,167420.0,198797,5,696785
WIN$D,M15,1642680900,167415.0,167600.0,167345.0,167525.0,127523,5,454696
WIN$D,M15,1642681800,167530.0,167625.0,167400.0,167515.0,119957,5,449797
WIN$D,M15,1642682700,167510.0,167675.0,167510.0,167600.0,96961,5,334857
WIN$D,M15,1642683600,167595.0,167700.0,167490.0,167510.0,100303,5,345017
WIN$D,M15,1642684500,167515.0,167625.0,167435.0,167575.0,104620,5,365366
WIN$D,M15,1642685400,167575.0,167665.0,167475.0,167480.0,86857,5,302222
WIN$D,M15,1642686300,167480.0,167610.0,167475.0,167585.0,60821,5,209815
WIN$D,M15,1642687200,167590.0,167720.0,167565.0,167700.0,82885,5,310754
WIN$D,M15,1642688100,167700.0,167870.0,167670.0,167855.0,111715,5,428076
WIN$D,M15,1642689000,167855.0,167965.0,167850.0,167890.0,98407,5,410688
WIN$D,M15,1642689900,167895.0,167990.0,167865.0,167935.0,95565,5,397599
WIN$D,M15,1642690800,167935.0,167950.0,167835.0,167870.0,90604,5,399118
WIN$D,M15,1642691700,167865.0,167905.0,167770.0,167780.0,95626,5,407982
WIN$D,M15,1642692600,167775.0,167900.0,167715.0,167875.0,99736,5,415682
WIN$D,M15,1642693500,167875.0,167965.0,167840.0,167920.0,91457,5,389283
WIN$D,M15,1642694400,167915.0,168040.0,167835.0,167845.0,106132,5,461997
WIN$D,M15,1642695300,167845.0,167905.0,167790.0,167795.0,103745,5,444423
WIN$D,M15,1642696200,167795.0,167820.0,167610.0,167670.0,118958,5,527347
WIN$D,M15,1642697100,167675.0,167760.0,167655.0,167690.0,88540,5,378315
WIN$D,M15,1642698000,167690.0,167720.0,167435.0,167445.0,114786,5,519076
WIN$D,M15,1642698900,167445.0,167570.0,167390.0,167425.0,102918,5,444990
WIN$D,M15,1642699800,167425.0,167425.0,167185.0,167285.0,120475,5,490041
WIN$D,M15,1642700700,167290.0,167335.0,167135.0,167260.0,102590,5,394796
WIN$D,M15,1642701600,167260.0,167370.0,167125.0,167140.0,65378,5,251026
WIN$D,M15,1642702500,167145.0,167375.0,167120.0,167375.0,26876,5,106220
WIN$D,M15,1642755600,167025.0,167105.0,166415.0,166590.0,201657,5,596771
WIN$D,M15,1642756500,166590.0,166625.0,166430.0,166595.0,139742,5,431215
WIN$D,M15,1642757400,166595.0,166770.0,166505.0,166750.0,145825,5,469113
WIN$D,M15,1642758300,166750.0,166840.0,166515.0,166760.0,201466,5,657283
WIN$D,M15,1642759200,166760.0,166880.0,166425.0,166550.0,314829,5,1053909
WIN$D,M15,1642760100,166550.0,166965.0,166505.0,166850.0,277901,5,979976
WIN$D,M15,1642761000,166845.0,167140.0,166800.0,167055.0,200193,5,720597
WIN$D,M15,1642761900,167055.0,167365.0,167050.0,167345.0,173640,5,652373
WIN$D,M15,1642762800,167340.0,167425.0,167060.0,167170.0,236975,5,861038
WIN$D,M15,1642763700,167170.0,167550.0,167105.0,167505.0,236620,5,847513
WIN$D,M15,1642764600,167500.0,167775.0,167350.0,167545.0,291377,5,1101977
WIN$D,M15,1642765500,167545.0,167955.0,167470.0,167495.0,289128,5,1023380
WIN$D,M15,1642766400,167490.0,167660.0,167100.0,167145.0,292472,5,1029118
WIN$D,M15,1642767300,167145.0,167395.0,166995.0,167285.0,244842,5,806047
WIN$D,M15,1642768200,167290.0,167570.0,167175.0,167425.0,259487,5,862380
WIN$D,M15,1642769100,167420.0,167650.0,167300.0,167425.0,209044,5,690762
WIN$D,M15,1642770000,167425.0,167555.0,167265.0,167415.0,193349,5,619147
WIN$D,M15,1642770900,167415.0,167685.0,167375.0,167625.0,154215,5,528408
WIN$D,M15,1642771800,167625.0,167670.0,167295.0,167405.0,178662,5,610295
WIN$D,M15,1642772700,167405.0,167480.0,167265.0,167390.0,156574,5,519464
WIN$D,M15,1642773600,167385.0,167465.0,167110.0,167320.0,186750,5,643158
WIN$D,M15,1642774500,167315.0,167415.0,167110.0,167365.0,163774,5,545880
WIN$D,M15,1642775400,167365.0,167490.0,167225.0,167295.0,164648,5,562945
WIN$D,M15,1642776300,167290.0,167410.0,167115.0,167260.0,167020,5,587844
WIN$D,M15,1642777200,167255.0,167315.0,166980.0,167185.0,169649,5,580776
WIN$D,M15,1642778100,167185.0,167200.0,166775.0,166900.0,175272,5,608852
WIN$D,M15,1642779000,166895.0,167080.0,166825.0,167010.0,166284,5,578741
WIN$D,M15,1642779900,167005.0,167180.0,166935.0,167070.0,145438,5,493477
WIN$D,M15,1642780800,167070.0,167270.0,167060.0,167225.0,119313,5,398241
WIN$D,M15,1642781700,167230.0,167385.0,167125.0,167170.0,127777,5,488247
WIN$D,M15,1642782600,167165.0,167440.0,167105.0,167300.0,133315,5,491564
WIN$D,M15,1642783500,167295.0,167350.0,167020.0,167040.0,107838,5,395457
WIN$D,M15,1642784400,167035.0,167090.0,166695.0,166820.0,145861,5,550811
WIN$D,M15,1642785300,166820.0,166990.0,166740.0,166840.0,137630,5,490202
WIN$D,M15,1642786200,166845.0,167170.0,166840.0,167055.0,130825,5,441766
WIN$D,M15,1642787100,167050.0,167160.0,166895.0,166910.0,118530,5,375785
WIN$D,M15,1642788000,166915.0,167085.0,166850.0,166910.0,71253,5,205814
WIN$D,M15,1642788900,166915.0,167130.0,166900.0,167075.0,27819,5,76112
WIN$D,M15,1643014800,166480.0,166760.0,166270.0,166665.0,200565,5,518057
WIN$D,M15,1643015700,166660.0,166725.0,166490.0,166710.0,166605,5,494449
WIN$D,M15,1643016600,166715.0,166840.0,166675.0,166810.0,158609,5,517104
WIN$D,M15,1643017500,166810.0,166840.0,166705.0,166725.0,107827,5,344037
WIN$D,M15,1643018400,166720.0,166875.0,166530.0,166650.0,310708,5,990941
WIN$D,M15,1643019300,166650.0,166820.0,166460.0,166565.0,297706,5,988124
WIN$D,M15,1643020200,166565.0,166670.0,166185.0,166185.0,282817,5,984810
WIN$D,M15,1643021100,166185.0,166195.0,165655.0,165700.0,309235,5,1160881
WIN$D,M15,1643022000,165700.0,165785.0,165500.0,165725.0,228148,5,869009
WIN$D,M15,1643022900,165725.0,165940.0,165710.0,165795.0,227109,5,815287
WIN$D,M15,1643023800,165795.0,166145.0,165645.0,165685.0,377281,5,1299116
WIN$D,M15,1643024700,165685.0,165690.0,165180.0,165280.0,336797,5,1162269
WIN$D,M15,1643025600,165280.0,165475.0,165135.0,165320.0,280141,5,933519
WIN$D,M15,1643026500,165315.0,165660.0,165230.0,165420.0,248429,5,813968
WIN$D,M15,1643027400,165420.0,165760.0,165315.0,165625.0,275817,5,909546
WIN$D,M15,1643028300,165625.0,165770.0,165355.0,165405.0,248352,5,830647
WIN$D,M15,1643029200,165400.0,165470.0,165225.0,165250.0,196533,5,591029
WIN$D,M15,1643030100,165250.0,165460.0,165065.0,165425.0,234533,5,757527
WIN$D,M15,1643031000,165430.0,165475.0,165040.0,165115.0,199774,5,653733
WIN$D,M15,1643031900,165110.0,165255.0,164810.0,165210.0,256058,5,860520
WIN$D,M15,1643032800,165210.0,165230.0,164885.0,164980.0,196692,5,638452
WIN$D,M15,1643033700,164980.0,165095.0,164710.0,164910.0,277729,5,906926
WIN$D,M15,1643034600,164910.0,165075.0,164660.0,164895.0,266262,5,873490
WIN$D,M15,1643035500,164900.0,165235.0,164890.0,165150.0,166592,5,511845
WIN$D,M15,1643036400,165150.0,165510.0,165100.0,165400.0,198462,5,634194
WIN$D,M15,1643037300,165405.0,165540.0,165125.0,165180.0,214082,5,679749
WIN$D,M15,1643038200,165180.0,165495.0,165135.0,165325.0,226954,5,719771
WIN$D,M15,1643039100,165325.0,165500.0,165190.0,165280.0,174815,5,569897
WIN$D,M15,1643040000,165280.0,165535.0,165230.0,165285.0,213918,5,712494
WIN$D,M15,1643040900,165290.0,165360.0,164940.0,165135.0,228172,5,760673
WIN$D,M15,1643041800,165135.0,165395.0,165070.0,165345.0,199133,5,692871
WIN$D,M15,1643042700,165340.0,165610.0,165240.0,165580.0,178298,5,578113
WIN$D,M15,1643043600,165575.0,165770.0,165550.0,165745.0,134367,5,468824
WIN$D,M15,1643044500,165745.0,165875.0,165630.0,165800.0,159618,5,569079
WIN$D,M15,1643045400,165800.0,166015.0,165705.0,165875.0,167585,5,559658
WIN$D,M15,1643046300,165875.0,166025.0,165850.0,165895.0,122224,5,402257
WIN$D,M15,1643047200,165895.0,166295.0,165870.0,166235.0,98466,5,302988
WIN$D,M15,1643048100,166230.0,166550.0,166225.0,166540.0,27750,5,111131
WIN$D,M15,1643101200,166000.0,166015.0,165625.0,165695.0,122474,5,346922
WIN$D,M15,1643102100,165690.0,165705.0,165345.0,165415.0,160712,5,507262
WIN$D,M15,1643103000,165410.0,165470.0,165300.0,165440.0,143530,5,450082
WIN$D,M15,1643103900,165440.0,165545.0,165245.0,165310.0,146353,5,489240
WIN$D,M15,1643104800,165310.0,165510.0,165150.0,165360.0,291147,5,978743
WIN$D,M15,1643105700,165360.0,165745.0,165335.0,165595.0,315556,5,1095297
WIN$D,M15,1643106600,165595.0,165850.0,165485.0,165785.0,225988,5,785790
WIN$D,M15,1643107500,165785.0,166365.0,165625.0,166290.0,263545,5,972950
WIN$D,M15,1643108400,166290.0,166415.0,166170.0,166395.0,177119,5,640140
WIN$D,M15,1643109300,166395.0,166775.0,166360.0,166685.0,212088,5,780819
WIN$D,M15,1643110200,166685.0,166840.0,166340.0,166355.0,350913,5,1223020
WIN$D,M15,1643111100,166360.0,166365.0,166045.0,166215.0,304217,5,1079808
WIN$D,M15,1643112000,166215.0,166240.0,165680.0,166045.0,326012,5,1079445
WIN$D,M15,1643112900,166050.0,166275.0,165935.0,166255.0,254884,5,851393
WIN$D,M15,1643113800,166260.0,166360.0,166030.0,166320.0,217234,5,707740
WIN$D,M15,1643114700,166320.0,166765.0,166270.0,166350.0,248894,5,875740
WIN$D,M15,1643115600,166350.0,166430.0,166170.0,166230.0,189242,5,616209
WIN$D,M15,1643116500,166235.0,166650.0,166215.0,166540.0,181507,5,618627
WIN$D,M15,1643117400,166545.0,166575.0,166135.0,166345.0,204235,5,705625
WIN$D,M15,1643118300,166350.0,166940.0,166320.0,166460.0,227964,5,803586
WIN$D,M15,1643119200,166465.0,166760.0,166370.0,166715.0,167850,5,559171
WIN$D,M15,1643120100,166710.0,167220.0,166710.0,167130.0,199919,5,733301
WIN$D,M15,1643121000,167125.0,167130.0,166725.0,166905.0,176265,5,641125
WIN$D,M15,1643121900,166905.0,167100.0,166725.0,167080.0,165400,5,563840
WIN$D,M15,1643122800,167080.0,167290.0,166950.0,167270.0,174282,5,616044
WIN$D,M15,1643123700,167270.0,167460.0,167155.0,167435.0,161502,5,559252
WIN$D,M15,1643124600,167435.0,167595.0,167385.0,167560.0,120667,5,426858
WIN$D,M15,1643125500,167555.0,167905.0,167500.0,167880.0,160024,5,611943
WIN$D,M15,1643126400,167880.0,167925.0,167790.0,167900.0,100234,5,386625
WIN$D,M15,1643127300,167895.0,168095.0,167845.0,168050.0,141216,5,541365
WIN$D,M15,1643128200,168045.0,168140.0,167955.0,168105.0,108379,5,434136
WIN$D,M15,1643129100,168100.0,168170.0,168000.0,168085.0,106329,5,428509
WIN$D,M15,1643130000,168080.0,168090.0,167940.0,167970.0,90954,5,351875
WIN$D,M15,1643130900,167970.0,168080.0,167815.0,167880.0,109542,5,437022
WIN$D,M15,1643131800,167885.0,168665.0,167790.0,168570.0,202030,5,795182
WIN$D,M15,1643132700,168575.0,168865.0,168285.0,168450.0,183219,5,623980
WIN$D,M15,1643133600,168445.0,168595.0,168225.0,168415.0,78407,5,269987
WIN$D,M15,1643134500,168420.0,168545.0,168330.0,168330.0,19601,5,81559
WIN$D,M15,1643187600,169095.0,169395.0,168970.0,169030.0,179749,5,522371
WIN$D,M15,1643188500,169030.0,169610.0,169005.0,169600.0,222141,5,703754
WIN$D,M15,1643189400,169595.0,169755.0,169490.0,169580.0,220050,5,705631
WIN$D,M15,1643190300,169580.0,169610.0,169400.0,169420.0,136757,5,447507
WIN$D,M15,1643191200,169420.0,170270.0,169375.0,170195.0,333410,5,1150462
WIN$D,M15,1643192100,170190.0,170315.0,169845.0,169905.0,223264,5,777524
WIN$D,M15,1643193000,169910.0,170235.0,169845.0,169965.0,244457,5,842755
WIN$D,M15,1643193900,169965.0,170015.0,169740.0,169930.0,227835,5,800602
WIN$D,M15,1643194800,169930.0,169940.0,169650.0,169795.0,242101,5,849398
WIN$D,M15,1643195700,169795.0,170200.0,169695.0,170070.0,231155,5,795195
WIN$D,M15,1643196600,170065.0,170115.0,169735.0,170095.0,298163,5,986478
WIN$D,M15,1643197500,170095.0,170440.0,170090.0,170250.0,267967,5,886117
WIN$D,M15,1643198400,170250.0,170255.0,169950.0,170025.0,185015,5,608192
WIN$D,M15,1643199300,170030.0,170180.0,169880.0,169940.0,228929,5,765329
WIN$D,M15,1643200200,169935.0,170215.0,169810.0,169930.0,221574,5,758042
WIN$D,M15,1643201100,169935.0,170440.0,169885.0,170325.0,196313,5,650721
WIN$D,M15,1643202000,170325.0,170510.0,170155.0,170430.0,158820,5,525351
WIN$D,M15,1643202900,170425.0,170490.0,170290.0,170305.0,110602,5,380646
WIN$D,M15,1643203800,170310.0,170330.0,170050.0,170055.0,137530,5,485773
WIN$D,M15,1643204700,170060.0,170310.0,170000.0,170260.0,132986,5,459727
WIN$D,M15,1643205600,170260.0,170380.0,170210.0,170365.0,113594,5,402774
WIN$D,M15,1643206500,170365.0,170390.0,170170.0,170310.0,103347,5,359249
WIN$D,M15,1643207400,170305.0,170390.0,170245.0,170325.0,95950,5,342470
WIN$D,M15,1643208300,170330.0,170335.0,170195.0,170290.0,83213,5,317050
WIN$D,M15,1643209200,170295.0,170305.0,170015.0,170190.0,159011,5,594149
WIN$D,M15,1643210100,170195.0,170255.0,170000.0,170065.0,109512,5,404508
WIN$D,M15,1643211000,170070.0,170225.0,170040.0,170210.0,84462,5,301970
WIN$D,M15,1643211900,170210.0,170465.0,170105.0,170315.0,116227,5,415017
WIN$D,M15,1643212800,170320.0,170795.0,169955.0,169990.0,299300,5,1003245
WIN$D,M15,1643213700,169985.0,170605.0,169860.0,170540.0,245519,5,847473
WIN$D,M15,1643214600,170540.0,170770.0,170075.0,170115.0,368799,5,1281330
WIN$D,M15,1643215500,170115.0,170290.0,169570.0,170165.0,434378,5,1455737
WIN$D,M15,1643216400,170165.0,170170.0,169000.0,169410.0,385162,5,1282582
WIN$D,M15,1643217300,169405.0,169545.0,168950.0,169510.0,247149,5,750037
WIN$D,M15,1643218200,169515.0,169725.0,169275.0,169590.0,245160,5,684753
WIN$D,M15,1643219100,169590.0,169780.0,169365.0,169555.0,168294,5,503487
WIN$D,M15,1643220000,169560.0,169575.0,169295.0,169400.0,57243,5,170754
WIN$D,M15,1643220900,169410.0,169605.0,169330.0,169605.0,17061,5,60064
WIN$D,M15,1643274000,169635.0,170210.0,169625.0,170180.0,185769,5,518509
WIN$D,M15,1643274900,170175.0,170315.0,169935.0,170265.0,220390,5,689154
WIN$D,M15,1643275800,170265.0,170315.0,170110.0,170145.0,181913,5,585532
WIN$D,M15,1643276700,170140.0,170450.0,170135.0,170385.0,172678,5,552215
WIN$D,M15,1643277600,170390.0,170650.0,170315.0,170550.0,263968,5,910983
WIN$D,M15,1643278500,170555.0,170840.0,170495.0,170705.0,246267,5,828290
WIN$D,M15,1643279400,170705.0,170795.0,170470.0,170625.0,232479,5,796523
WIN$D,M15,1643280300,170625.0,170845.0,170495.0,170610.0,251238,5,884736
WIN$D,M15,1643281200,170615.0,170750.0,170490.0,170615.0,206274,5,736690
WIN$D,M15,1643282100,170620.0,170680.0,170335.0,170585.0,213643,5,741079
WIN$D,M15,1643283000,170585.0,170775.0,170335.0,170730.0,332005,5,1179819
WIN$D,M15,1643283900,170725.0,170955.0,170465.0,170535.0,272283,5,929165
WIN$D,M15,1643284800,170535.0,170775.0,170365.0,170650.0,231669,5,765879
WIN$D,M15,1643285700,170645.0,170805.0,170255.0,170265.0,222588,5,750325
WIN$D,M15,1643286600,170260.0,170760.0,170215.0,170700.0,273800,5,922142
WIN$D,M15,1643287500,170700.0,171000.0,170605.0,170885.0,208612,5,728077
WIN$D,M15,1643288400,170880.0,171105.0,170775.0,170975.0,191693,5,680590
WIN$D,M15,1643289300,170970.0,170990.0,170710.0,170880.0,177225,5,612870
WIN$D,M15,1643290200,170875.0,171100.0,170810.0,170910.0,160383,5,568172
WIN$D,M15,1643291100,170905.0,170995.0,170830.0,170835.0,112463,5,365727
WIN$D,M15,1643292000,170835.0,170860.0,170655.0,170720.0,144675,5,513455
WIN$D,M15,1643292900,170720.0,170810.0,170605.0,170675.0,166822,5,581738
WIN$D,M15,1643293800,170675.0,170775.0,170430.0,170445.0,179008,5,630085
WIN$D,M15,1643294700,170445.0,170485.0,170125.0,170405.0,224108,5,831003
WIN$D,M15,1643295600,170400.0,170475.0,169995.0,170115.0,210258,5,753406
WIN$D,M15,1643296500,170115.0,170210.0,169685.0,169850.0,226883,5,798292
WIN$D,M15,1643297400,169850.0,170175.0,169830.0,170145.0,240186,5,812295
WIN$D,M15,1643298300,170145.0,170270.0,169975.0,170130.0,184006,5,622137
WIN$D,M15,1643299200,170135.0,170340.0,170090.0,170210.0,169074,5,597525
WIN$D,M15,1643300100,170215.0,170235.0,169795.0,169840.0,181378,5,633349
WIN$D,M15,1643301000,169845.0,170235.0,169830.0,170235.0,161435,5,553011
WIN$D,M15,1643301900,170235.0,170285.0,169970.0,170135.0,147984,5,520066
WIN$D,M15,1643302800,170140.0,170385.0,170080.0,170135.0,145639,5,523169
WIN$D,M15,1643303700,170135.0,170360.0,170030.0,170295.0,123634,5,435631
WIN$D,M15,1643304600,170295.0,170635.0,170215.0,170580.0,144840,5,478978
WIN$D,M15,1643305500,170585.0,170720.0,170490.0,170580.0,121035,5,411983
WIN$D,M15,1643306400,170580.0,170615.0,170375.0,170530.0,56192,5,194769
WIN$D,M15,1643307300,170530.0,170565.0,170375.0,170425.0,21539,5,75968
WIN$D,M15,1643360400,170165.0,170265.0,169815.0,170235.0,200640,5,523587
WIN$D,M15,1643361300,170235.0,170270.0,169835.0,169925.0,192326,5,556350
WIN$D,M15,1643362200,169930.0,170020.0,169700.0,169780.0,192464,5,554750
WIN$D,M15,1643363100,169780.0,170010.0,169695.0,169950.0,195360,5,569829
WIN$D,M15,1643364000,169950.0,170305.0,169815.0,170270.0,291168,5,915068
WIN$D,M15,1643364900,170270.0,170515.0,170180.0,170265.0,246128,5,789374
WIN$D,M15,1643365800,170265.0,171005.0,170245.0,170840.0,355632,5,1204833
WIN$D,M15,1643366700,170840.0,170865.0,170535.0,170730.0,214219,5,718446
WIN$D,M15,1643367600,170725.0,170735.0,170360.0,170495.0,223862,5,734219
WIN$D,M15,1643368500,170490.0,170655.0,170440.0,170595.0,138222,5,444052
WIN$D,M15,1643369400,170590.0,170600.0,170115.0,170425.0,335381,5,1094566
WIN$D,M15,1643370300,170425.0,170495.0,169990.0,170040.0,307560,5,958550
WIN$D,M15,1643371200,170040.0,170300.0,169805.0,170060.0,287625,5,953243
WIN$D,M15,1643372100,170055.0,170220.0,169785.0,169980.0,211765,5,641019
WIN$D,M15,1643373000,169980.0,170195.0,169740.0,169785.0,237408,5,761254
WIN$D,M15,1643373900,169780.0,170255.0,169745.0,170220.0,216422,5,691540
WIN$D,M15,1643374800,170220.0,170355.0,170060.0,170290.0,200593,5,618206
WIN$D,M15,1643375700,170285.0,170445.0,170090.0,170130.0,184646,5,631536
WIN$D,M15,1643376600,170130.0,170190.0,169890.0,169905.0,165236,5,530017
WIN$D,M15,1643377500,169900.0,170120.0,169865.0,170060.0,127188,5,408901
WIN$D,M15,1643378400,170065.0,170145.0,169940.0,170030.0,121417,5,415851
WIN$D,M15,1643379300,170030.0,170220.0,169840.0,169845.0,155394,5,558753
WIN$D,M15,1643380200,169840.0,169890.0,169425.0,169650.0,214545,5,778211
WIN$D,M15,1643381100,169650.0,169740.0,169565.0,169685.0,118459,5,409275
WIN$D,M15,1643382000,169685.0,169860.0,169625.0,169850.0,128895,5,457449
WIN$D,M15,1643382900,169850.0,169920.0,169630.0,169825.0,151400,5,541405
WIN$D,M15,1643383800,169830.0,170005.0,169735.0,169815.0,157184,5,584082
WIN$D,M15,1643384700,169815.0,170040.0,169770.0,169895.0,130551,5,470934
WIN$D,M15,1643385600,169895.0,170025.0,169670.0,169690.0,128743,5,468033
WIN$D,M15,1643386500,169690.0,169710.0,169505.0,169515.0,131441,5,469252
WIN$D,M15,1643387400,169515.0,169720.0,169415.0,169690.0,152255,5,533673
WIN$D,M15,1643388300,169690.0,169870.0,169600.0,169845.0,120313,5,435084
WIN$D,M15,1643389200,169845.0,169920.0,169600.0,169720.0,122722,5,437825
WIN$D,M15,1643390100,169725.0,170035.0,169720.0,169930.0,117952,5,417847
WIN$D,M15,1643391000,169930.0,169950.0,169420.0,169725.0,150413,5,513742
WIN$D,M15,1643391900,169720.0,169945.0,169675.0,169795.0,105747,5,337683
WIN$D,M15,1643392800,169800.0,169915.0,169715.0,169765.0,60533,5,175031
WIN$D,M15,1643393700,169760.0,169965.0,169760.0,169965.0,21070,5,60250
WIN$D,M15,1643619600,169995.0,169995.0,169300.0,169400.0,167262,5,448444
WIN$D,M15,1643620500,169400.0,169560.0,169310.0,169525.0,113704,5,316310
WIN$D,M15,1643621400,169520.0,169685.0,169475.0,169680.0,135825,5,391122
WIN$D,M15,1643622300,169680.0,169860.0,169640.0,169840.0,113954,5,355233
WIN$D,M15,1643623200,169840.0,169890.0,169135.0,169255.0,297993,5,951707
WIN$D,M15,1643624100,169255.0,169585.0,169100.0,169585.0,263942,5,832565
WIN$D,M15,1643625000,169585.0,170040.0,169445.0,169930.0,285214,5,951281
WIN$D,M15,1643625900,169925.0,170170.0,169795.0,170070.0,196797,5,608209
WIN$D,M15,1643626800,170070.0,170090.0,169735.0,169775.0,227664,5,727850
WIN$D,M15,1643627700,169775.0,170010.0,169680.0,169970.0,187900,5,570598
WIN$D,M15,1643628600,169975.0,170140.0,169740.0,170060.0,282522,5,897386
WIN$D,M15,1643629500,170060.0,170130.0,169790.0,169925.0,223271,5,713236
WIN$D,M15,1643630400,169930.0,170025.0,169700.0,169950.0,218129,5,705317
WIN$D,M15,1643631300,169950.0,169975.0,169575.0,169700.0,196084,5,632378
WIN$D,M15,1643632200,169695.0,169760.0,169365.0,169405.0,167523,5,538477
WIN$D,M15,1643633100,169410.0,169730.0,169345.0,169715.0,169505,5,544148
WIN$D,M15,1643634000,169710.0,169845.0,169630.0,169640.0,158004,5,537528
WIN$D,M15,1643634900,169640.0,169700.0,169450.0,169510.0,133748,5,437197
WIN$D,M15,1643635800,169510.0,169720.0,169425.0,169695.0,124005,5,424063
WIN$D,M15,1643636700,169695.0,170175.0,169655.0,169960.0,163440,5,592026
WIN$D,M15,1643637600,169960.0,169985.0,169720.0,169755.0,108555,5,382036
WIN$D,M15,1643638500,169760.0,169910.0,169715.0,169905.0,101164,5,354286
WIN$D,M15,1643639400,169900.0,169925.0,169715.0,169730.0,87336,5,286356
WIN$D,M15,1643640300,169730.0,170010.0,169730.0,169900.0,109704,5,369768
WIN$D,M15,1643641200,169900.0,169920.0,169770.0,169840.0,75989,5,252621
WIN$D,M15,1643642100,169840.0,169970.0,169740.0,169765.0,96445,5,328941
WIN$D,M15,1643643000,169765.0,170045.0,169600.0,169920.0,171236,5,615970
WIN$D,M15,1643643900,169915.0,170125.0,169815.0,170125.0,125535,5,393569
WIN$D,M15,1643644800,170120.0,170260.0,170035.0,170135.0,128978,5,422003
WIN$D,M15,1643645700,170135.0,170160.0,170010.0,170055.0,87948,5,279788
WIN$D,M15,1643646600,170055.0,170265.0,170015.0,170195.0,98686,5,351344
WIN$D,M15,1643647500,170195.0,170325.0,170120.0,170305.0,89052,5,289572
WIN$D,M15,1643648400,170310.0,170510.0,170225.0,170250.0,121748,5,428364
WIN$D,M15,1643649300,170250.0,170370.0,170130.0,170330.0,124243,5,413322
WIN$D,M15,1643650200,170335.0,170455.0,170280.0,170385.0,90229,5,291117
WIN$D,M15,1643651100,170385.0,170565.0,170300.0,170350.0,100278,5,330561
WIN$D,M15,1643652000,170345.0,170385.0,170060.0,170135.0,73566,5,249658
WIN$D,M15,1643652900,170130.0,170200.0,169955.0,169955.0,26331,5,92376
WIN$D,M15,1643706000,170065.0,170405.0,170055.0,170080.0,137912,5,370540
WIN$D,M15,1643706900,170075.0,170200.0,169925.0,170095.0,143095,5,407000
WIN$D,M15,1643707800,170090.0,170310.0,170045.0,170170.0,178378,5,516738
WIN$D,M15,1643708700,170170.0,170290.0,169960.0,169980.0,165055,5,492332
WIN$D,M15,1643709600,169980.0,170370.0,169955.0,170295.0,259859,5,816189
WIN$D,M15,1643710500,170300.0,170525.0,170230.0,170495.0,227029,5,713489
WIN$D,M15,1643711400,170495.0,170545.0,170110.0,170225.0,235716,5,787802
WIN$D,M15,1643712300,170225.0,170340.0,170125.0,170315.0,175900,5,567391
WIN$D,M15,1643713200,170315.0,170320.0,170025.0,170200.0,185269,5,594311
WIN$D,M15,1643714100,170200.0,170385.0,170000.0,170315.0,211444,5,672476
WIN$D,M15,1643715000,170315.0,170525.0,170230.0,170290.0,301216,5,956851
WIN$D,M15,1643715900,170290.0,170795.0,170270.0,170725.0,254677,5,836461
WIN$D,M15,1643716800,170730.0,170915.0,170400.0,170900.0,307852,5,975259
WIN$D,M15,1643717700,170895.0,171235.0,170830.0,171105.0,197579,5,679607
WIN$D,M15,1643718600,171100.0,171155.0,170915.0,171000.0,132981,5,447097
WIN$D,M15,1643719500,171000.0,171030.0,170830.0,170980.0,142888,5,494579
WIN$D,M15,1643720400,170985.0,171025.0,170825.0,170935.0,116844,5,400488
WIN$D,M15,1643721300,170935.0,170970.0,170785.0,170810.0,104346,5,347718
WIN$D,M15,1643722200,170815.0,170915.0,170730.0,170850.0,122867,5,393034
WIN$D,M15,1643723100,170850.0,170880.0,170765.0,170820.0,87235,5,286315
WIN$D,M15,1643724000,170825.0,170830.0,170610.0,170630.0,99532,5,339759
WIN$D,M15,1643724900,170630.0,170775.0,170625.0,170700.0,95520,5,322741
WIN$D,M15,1643725800,170700.0,170790.0,170615.0,170715.0,101131,5,347945
WIN$D,M15,1643726700,170720.0,170845.0,170715.0,170805.0,87926,5,299664
WIN$D,M15,1643727600,170805.0,170845.0,170660.0,170705.0,92324,5,338203
WIN$D,M15,1643728500,170705.0,171040.0,170690.0,171005.0,90950,5,345442
WIN$D,M15,1643729400,171010.0,171060.0,170770.0,170820.0,124891,5,432339
WIN$D,M15,1643730300,170825.0,170835.0,170710.0,170795.0,71506,5,249039
WIN$D,M15,1643731200,170795.0,170875.0,170690.0,170835.0,99015,5,353274
WIN$D,M15,1643732100,170840.0,170940.0,170790.0,170930.0,84617,5,295248
WIN$D,M15,1643733000,170930.0,171025.0,170885.0,170965.0,77034,5,282740
WIN$D,M15,1643733900,170965.0,171075.0,170885.0,170980.0,93599,5,337079
WIN$D,M15,1643734800,170980.0,171140.0,170935.0,171030.0,86083,5,334342
WIN$D,M15,1643735700,171025.0,171120.0,170995.0,171020.0,62145,5,231721
WIN$D,M15,1643736600,171020.0,171140.0,170985.0,171110.0,65449,5,226816
WIN$D,M15,1643737500,171115.0,171200.0,171070.0,171085.0,64623,5,229234
WIN$D,M15,1643738400,171085.0,171320.0,171050.0,171260.0,63703,5,220484
WIN$D,M15,1643739300,171260.0,171320.0,171195.0,171270.0,24941,5,91960
WIN$D,M15,1643792400,171525.0,171660.0,171365.0,171370.0,113152,5,317056
WIN$D,M15,1643793300,171370.0,171420.0,171190.0,171215.0,114519,5,348484
WIN$D,M15,1643794200,171215.0,171355.0,171140.0,171255.0,131288,5,380130
WIN$D,M15,1643795100,171255.0,171295.0,171090.0,171110.0,148784,5,454733
WIN$D,M15,1643796000,171110.0,171390.0,171065.0,171270.0,233768,5,739900
WIN$D,M15,1643796900,171270.0,171305.0,170815.0,170855.0,247411,5,802189
WIN$D,M15,1643797800,170860.0,170965.0,170800.0,170830.0,153894,5,488846
WIN$D,M15,1643798700,170830.0,170895.0,170740.0,170780.0,132506,5,434034
WIN$D,M15,1643799600,170780.0,170930.0,170730.0,170845.0,141108,5,457644
WIN$D,M15,1643800500,170840.0,170910.0,170760.0,170820.0,104038,5,333916
WIN$D,M15,1643801400,170820.0,170870.0,170430.0,170470.0,281152,5,938885
WIN$D,M15,1643802300,170475.0,170600.0,170365.0,170380.0,163960,5,573274
WIN$D,M15,1643803200,170380.0,170445.0,170165.0,170215.0,163550,5,592101
WIN$D,M15,1643804100,170215.0,170235.0,170090.0,170200.0,130824,5,464777
WIN$D,M15,1643805000,170195.0,170250.0,170025.0,170205.0,148808,5,524973
WIN$D,M15,1643805900,170200.0,170295.0,170115.0,170270.0,134631,5,474828
WIN$D,M15,1643806800,170265.0,170300.0,169795.0,169875.0,185843,5,644661
WIN$D,M15,1643807700,169875.0,169965.0,169710.0,169735.0,128297,5,446038
WIN$D,M15,1643808600,169730.0,169740.0,169495.0,169545.0,145584,5,571108
WIN$D,M15,1643809500,169545.0,169710.0,169515.0,169700.0,81313,5,309889
WIN$D,M15,1643810400,169700.0,169840.0,169645.0,169825.0,104960,5,384814
WIN$D,M15,1643811300,169825.0,169865.0,169710.0,169760.0,103933,5,389888
WIN$D,M15,1643812200,169755.0,169835.0,169710.0,169815.0,78729,5,287748
WIN$D,M15,1643813100,169815.0,169960.0,169780.0,169955.0,91751,5,331779
WIN$D,M15,1643814000,169950.0,169975.0,169745.0,169855.0,118757,5,428185
WIN$D,M15,1643814900,169855.0,169945.0,169605.0,169675.0,143889,5,512382
WIN$D,M15,1643815800,169680.0,169815.0,169640.0,169800.0,102427,5,380041
WIN$D,M15,1643816700,169800.0,169880.0,169735.0,169840.0,91118,5,332782
WIN$D,M15,1643817600,169840.0,169890.0,169815.0,169865.0,74482,5,270254
WIN$D,M15,1643818500,169860.0,169990.0,169830.0,169965.0,81658,5,300939
WIN$D,M15,1643819400,169970.0,170045.0,169865.0,170015.0,117245,5,424854
WIN$D,M15,1643820300,170015.0,170115.0,169930.0,170035.0,97461,5,371159
WIN$D,M15,1643821200,170030.0,170110.0,169985.0,170070.0,67782,5,248520
WIN$D,M15,1643822100,170070.0,170190.0,170040.0,170110.0,85104,5,339272
WIN$D,M15,1643823000,170110.0,170120.0,169830.0,169915.0,131473,5,440911
WIN$D,M15,1643823900,169915.0,169940.0,169735.0,169780.0,88646,5,312104
WIN$D,M15,1643824800,169785.0,169880.0,169290.0,169590.0,108394,5,377634
WIN$D,M15,1643825700,169590.0,169685.0,169470.0,169555.0,42388,5,118446
WIN$D,M15,1643878800,169115.0,169525.0,169105.0,169510.0,167841,5,456371
WIN$D,M15,1643879700,169510.0,169720.0,169495.0,169695.0,150319,5,461041
WIN$D,M15,1643880600,169695.0,169820.0,169670.0,169685.0,126038,5,390823
WIN$D,M15,1643881500,169680.0,169925.0,169675.0,169840.0,149853,5,441991
WIN$D,M15,1643882400,169845.0,170270.0,169825.0,170180.0,228071,5,783640
WIN$D,M15,1643883300,170175.0,170210.0,169875.0,169905.0,157300,5,555021
WIN$D,M15,1643884200,169905.0,169925.0,169310.0,169385.0,270450,5,982052
WIN$D,M15,1643885100,169385.0,169470.0,169105.0,169230.0,242229,5,843902
WIN$D,M15,1643886000,169230.0,169595.0,169130.0,169415.0,250284,5,873689
WIN$D,M15,1643886900,169415.0,169565.0,169085.0,169380.0,266652,5,869003
WIN$D,M15,1643887800,169380.0,169945.0,169285.0,169825.0,325247,5,1078627
WIN$D,M15,1643888700,169825.0,169850.0,169230.0,169520.0,287943,5,949954
WIN$D,M15,1643889600,169520.0,169625.0,169240.0,169595.0,246645,5,792352
WIN$D,M15,1643890500,169600.0,169785.0,169420.0,169665.0,213187,5,660851
WIN$D,M15,1643891400,169660.0,169710.0,169355.0,169520.0,171594,5,561957
WIN$D,M15,1643892300,169525.0,169675.0,169470.0,169595.0,132561,5,443870
WIN$D,M15,1643893200,169595.0,169895.0,169520.0,169815.0,154775,5,530264
WIN$D,M15,1643894100,169815.0,169820.0,169575.0,169615.0,119454,5,424180
WIN$D,M15,1643895000,169610.0,169700.0,169270.0,169350.0,174139,5,620417
WIN$D,M15,1643895900,169355.0,169480.0,169295.0,169310.0,124627,5,415811
WIN$D,M15,1643896800,169305.0,169475.0,169050.0,169455.0,188909,5,658057
WIN$D,M15,1643897700,169455.0,169610.0,169335.0,169590.0,156914,5,539422
WIN$D,M15,1643898600,169595.0,169785.0,169535.0,169640.0,130168,5,449813
WIN$D,M15,1643899500,169640.0,169745.0,169525.0,169695.0,140145,5,465701
WIN$D,M15,1643900400,169695.0,169700.0,169445.0,169510.0,136694,5,484289
WIN$D,M15,1643901300,169510.0,169720.0,169500.0,169555.0,116506,5,409487
WIN$D,M15,1643902200,169555.0,169685.0,169490.0,169615.0,101058,5,356176
WIN$D,M15,1643903100,169610.0,169690.0,169535.0,169665.0,82428,5,292982
WIN$D,M15,1643904000,169660.0,169810.0,169630.0,169715.0,100866,5,367354
WIN$D,M15,1643904900,169715.0,169775.0,169475.0,169505.0,96359,5,362042
WIN$D,M15,1643905800,169505.0,169650.0,169445.0,169520.0,125511,5,437578
WIN$D,M15,1643906700,169520.0,169665.0,169475.0,169585.0,90048,5,330035
WIN$D,M15,1643907600,169590.0,169635.0,169370.0,169450.0,103297,5,395107
WIN$D,M15,1643908500,169455.0,169790.0,169450.0,169680.0,120423,5,416890
WIN$D,M15,1643909400,169675.0,169690.0,169480.0,169595.0,103529,5,332194
WIN$D,M15,1643910300,169590.0,169595.0,169315.0,169350.0,111851,5,347864
WIN$D,M15,1643911200,169350.0,169710.0,169315.0,169655.0,94633,5,277866
WIN$D,M15,1643912100,169660.0,170015.0,169645.0,170015.0,43124,5,134219
WIN$D,M15,1643965200,169525.0,169660.0,169210.0,169470.0,193520,5,514745
WIN$D,M15,1643966100,169470.0,169510.0,169305.0,169400.0,96481,5,288266
WIN$D,M15,1643967000,169395.0,169490.0,169360.0,169375.0,89809,5,291680
WIN$D,M15,1643967900,169375.0,169665.0,169360.0,169550.0,167482,5,510773
WIN$D,M15,1643968800,169550.0,169600.0,169075.0,169325.0,301819,5,953958
WIN$D,M15,1643969700,169325.0,169370.0,168535.0,168770.0,305086,5,949729
WIN$D,M15,1643970600,168770.0,168775.0,168060.0,168195.0,367742,5,1061935
WIN$D,M15,1643971500,168195.0,168590.0,168180.0,168410.0,225678,5,684319
WIN$D,M15,1643972400,168410.0,168555.0,168345.0,168425.0,172891,5,519158
WIN$D,M15,1643973300,168420.0,168735.0,168415.0,168615.0,158351,5,502706
WIN$D,M15,1643974200,168615.0,168975.0,168360.0,168940.0,315834,5,1008126
WIN$D,M15,1643975100,168940.0,169085.0,168635.0,169065.0,257728,5,775891
WIN$D,M15,1643976000,169065.0,169175.0,168765.0,169045.0,246280,5,748361
WIN$D,M15,1643976900,169045.0,169235.0,168990.0,169005.0,152605,5,440762
WIN$D,M15,1643977800,169005.0,169145.0,168840.0,168945.0,174986,5,523698
WIN$D,M15,1643978700,168940.0,169105.0,168800.0,169065.0,151843,5,456232
WIN$D,M15,1643979600,169065.0,169305.0,168950.0,169200.0,169271,5,538137
WIN$D,M15,1643980500,169205.0,169810.0,169145.0,169740.0,201092,5,678971
WIN$D,M15,1643981400,169740.0,169945.0,169680.0,169905.0,147250,5,477857
WIN$D,M15,1643982300,169910.0,169985.0,169795.0,169895.0,108708,5,351029
WIN$D,M15,1643983200,169895.0,169975.0,169690.0,169935.0,131604,5,445647
WIN$D,M15,1643984100,169935.0,169980.0,169815.0,169940.0,107634,5,343613
WIN$D,M15,1643985000,169945.0,170010.0,169875.0,169935.0,85652,5,284676
WIN$D,M15,1643985900,169940.0,170020.0,169905.0,169915.0,67770,5,237589
WIN$D,M15,1643986800,169915.0,169995.0,169885.0,169955.0,68784,5,260681
WIN$D,M15,1643987700,169960.0,169975.0,169730.0,169820.0,88384,5,298133
WIN$D,M15,1643988600,169820.0,169840.0,169690.0,169765.0,84515,5,305549
WIN$D,M15,1643989500,169765.0,169790.0,169640.0,169700.0,83226,5,299250
WIN$D,M15,1643990400,169705.0,169855.0,169610.0,169685.0,115029,5,418630
WIN$D,M15,1643991300,169690.0,169740.0,169615.0,169650.0,69490,5,242661
WIN$D,M15,1643992200,169655.0,169735.0,169595.0,169645.0,68632,5,253118
WIN$D,M15,1643993100,169645.0,169770.0,169560.0,169680.0,83246,5,314328
WIN$D,M15,1643994000,169675.0,170005.0,169665.0,169940.0,91999,5,351391
WIN$D,M15,1643994900,169935.0,170125.0,169820.0,170045.0,94925,5,347531
WIN$D,M15,1643995800,170045.0,170215.0,170030.0,170130.0,94996,5,321051
WIN$D,M15,1643996700,170130.0,170130.0,169925.0,169985.0,102861,5,314099
WIN$D,M15,1643997600,169990.0,170035.0,169830.0,169935.0,69971,5,220169
WIN$D,M15,1643998500,169935.0,169975.0,169810.0,169810.0,25036,5,68360
WIN$D,M15,1644224400,169875.0,169910.0,169395.0,169610.0,148876,5,416031
WIN$D,M15,1644225300,169605.0,169645.0,169325.0,169385.0,154517,5,449604
WIN$D,M15,1644226200,169385.0,169545.0,169280.0,169415.0,170885,5,507607
WIN$D,M15,1644227100,169415.0,169520.0,169350.0,169510.0,115478,5,351471
WIN$D,M15,1644228000,169505.0,169800.0,169450.0,169710.0,314466,5,972761
WIN$D,M15,1644228900,169705.0,170025.0,169465.0,169515.0,275235,5,890829
WIN$D,M15,1644229800,169510.0,169790.0,169345.0,169670.0,323036,5,1025510
WIN$D,M15,1644230700,169665.0,169785.0,169265.0,169735.0,259799,5,834464
WIN$D,M15,1644231600,169735.0,169770.0,169300.0,169415.0,223237,5,701292
WIN$D,M15,1644232500,169415.0,169530.0,169180.0,169500.0,215323,5,688830
WIN$D,M15,1644233400,169500.0,169690.0,169325.0,169460.0,315742,5,938712
WIN$D,M15,1644234300,169465.0,169865.0,169410.0,169845.0,265968,5,800067
WIN$D,M15,1644235200,169845.0,169925.0,169655.0,169790.0,185721,5,550716
WIN$D,M15,1644236100,169790.0,170135.0,169780.0,170010.0,162794,5,524271
WIN$D,M15,1644237000,170015.0,170020.0,169760.0,169845.0,140731,5,455059
WIN$D,M15,1644237900,169845.0,170060.0,169795.0,170020.0,138372,5,433897
WIN$D,M15,1644238800,170020.0,170130.0,169830.0,170060.0,140315,5,454933
WIN$D,M15,1644239700,170065.0,170160.0,169960.0,170065.0,131161,5,437284
WIN$D,M15,1644240600,170065.0,170075.0,169700.0,169770.0,154182,5,521500
WIN$D,M15,1644241500,169770.0,169985.0,169710.0,169905.0,123665,5,399973
WIN$D,M15,1644242400,169900.0,169955.0,169620.0,169710.0,134906,5,431808
WIN$D,M15,1644243300,169705.0,169875.0,169680.0,169790.0,105702,5,355353
WIN$D,M15,1644244200,169785.0,169985.0,169725.0,169900.0,139963,5,483285
WIN$D,M15,1644245100,169895.0,169965.0,169720.0,169785.0,108288,5,365998
WIN$D,M15,1644246000,169785.0,169915.0,169715.0,169825.0,109088,5,372585
WIN$D,M15,1644246900,169825.0,169895.0,169780.0,169870.0,70001,5,242882
WIN$D,M15,1644247800,169865.0,169965.0,169850.0,169965.0,78506,5,284986
WIN$D,M15,1644248700,169960.0,170050.0,169880.0,170025.0,90464,5,322130
WIN$D,M15,1644249600,170025.0,170055.0,169885.0,169940.0,74901,5,264977
WIN$D,M15,1644250500,169945.0,170090.0,169900.0,170090.0,84013,5,301116
WIN$D,M15,1644251400,170085.0,170160.0,169980.0,170040.0,126292,5,450218
WIN$D,M15,1644252300,170040.0,170125.0,169980.0,170045.0,77088,5,273396
WIN$D,M15,1644253200,170040.0,170165.0,169955.0,170120.0,81310,5,285946
WIN$D,M15,1644254100,170120.0,170130.0,169970.0,169990.0,63543,5,232502
WIN$D,M15,1644255000,169985.0,170100.0,169790.0,169845.0,125339,5,437452
WIN$D,M15,1644255900,169850.0,170010.0,169625.0,169795.0,134541,5,431444
WIN$D,M15,1644256800,169790.0,169830.0,169655.0,169740.0,53719,5,157568
WIN$D,M15,1644257700,169745.0,169860.0,169680.0,169845.0,17166,5,68544
WIN$D,M15,1644310800,169425.0,169640.0,169355.0,169450.0,149770,5,415341
WIN$D,M15,1644311700,169455.0,169490.0,169255.0,169415.0,147313,5,420084
WIN$D,M15,1644312600,169415.0,169510.0,169360.0,169360.0,102305,5,299302
WIN$D,M15,1644313500,169360.0,169495.0,169315.0,169320.0,142067,5,423519
WIN$D,M15,1644314400,169325.0,169385.0,168770.0,168845.0,394223,5,1264696
WIN$D,M15,1644315300,168845.0,168940.0,168700.0,168700.0,224285,5,715656
WIN$D,M15,1644316200,168700.0,168770.0,168575.0,168745.0,176067,5,557651
WIN$D,M15,1644317100,168750.0,168930.0,168745.0,168845.0,161416,5,535826
WIN$D,M15,1644318000,168840.0,168980.0,168790.0,168855.0,149163,5,478410
WIN$D,M15,1644318900,168855.0,169065.0,168830.0,169045.0,131779,5,440608
WIN$D,M15,1644319800,169045.0,169440.0,168995.0,169355.0,328386,5,1063088
WIN$D,M15,1644320700,169355.0,169405.0,169100.0,169150.0,209542,5,689895
WIN$D,M15,1644321600,169155.0,169155.0,168785.0,169055.0,219553,5,739044
WIN$D,M15,1644322500,169055.0,169260.0,168930.0,169020.0,193318,5,617660
WIN$D,M15,1644323400,169020.0,169140.0,168935.0,169135.0,121143,5,391616
WIN$D,M15,1644324300,169135.0,169225.0,169125.0,169190.0,105739,5,345086
WIN$D,M15,1644325200,169195.0,169335.0,169155.0,169220.0,126655,5,412784
WIN$D,M15,1644326100,169215.0,169300.0,169170.0,169245.0,75262,5,258243
WIN$D,M15,1644327000,169240.0,169435.0,169240.0,169385.0,100056,5,321753
WIN$D,M15,1644327900,169380.0,169460.0,169320.0,169445.0,79267,5,263785
WIN$D,M15,1644328800,169440.0,169545.0,169405.0,169520.0,104934,5,370259
WIN$D,M15,1644329700,169515.0,169730.0,169375.0,169680.0,162724,5,565642
WIN$D,M15,1644330600,169680.0,169840.0,169640.0,169660.0,126048,5,423407
WIN$D,M15,1644331500,169655.0,169765.0,169635.0,169700.0,71274,5,247772
WIN$D,M15,1644332400,169705.0,169725.0,169645.0,169690.0,57646,5,216129
WIN$D,M15,1644333300,169685.0,169740.0,169600.0,169660.0,84484,5,301940
WIN$D,M15,1644334200,169665.0,169700.0,169600.0,169645.0,58475,5,205769
WIN$D,M15,1644335100,169650.0,169730.0,169630.0,169715.0,56591,5,195249
WIN$D,M15,1644336000,169715.0,169840.0,169665.0,169685.0,99656,5,346950
WIN$D,M15,1644336900,169685.0,169690.0,169550.0,169610.0,103516,5,363399
WIN$D,M15,1644337800,169605.0,169775.0,169575.0,169630.0,115946,5,393331
WIN$D,M15,1644338700,169625.0,169700.0,169565.0,169695.0,83086,5,297941
WIN$D,M15,1644339600,169695.0,169785.0,169590.0,169755.0,77412,5,291450
WIN$D,M15,1644340500,169750.0,169775.0,169690.0,169735.0,52603,5,189596
WIN$D,M15,1644341400,169730.0,169940.0,169700.0,169870.0,86828,5,304205
WIN$D,M15,1644342300,169865.0,169950.0,169805.0,169915.0,72265,5,251234
WIN$D,M15,1644343200,169915.0,170090.0,169850.0,170045.0,54515,5,173223
WIN$D,M15,1644344100,170050.0,170275.0,170025.0,170275.0,34896,5,117360
WIN$D,M15,1644397200,170525.0,170625.0,170170.0,170360.0,218244,5,599722
WIN$D,M15,1644398100,170355.0,170370.0,169960.0,169975.0,156908,5,456992
WIN$D,M15,1644399000,169975.0,169995.0,169845.0,169965.0,130906,5,397175
WIN$D,M15,1644399900,169965.0,169975.0,169715.0,169730.0,179997,5,550748
WIN$D,M15,1644400800,169735.0,169990.0,169640.0,169930.0,292923,5,921964
WIN$D,M15,1644401700,169930.0,170250.0,169855.0,169925.0,355777,5,1133829
WIN$D,M15,1644402600,169925.0,170135.0,169715.0,169735.0,283330,5,866908
WIN$D,M15,1644403500,169740.0,169765.0,169400.0,169465.0,228615,5,734242
WIN$D,M15,1644404400,169455.0,169755.0,169440.0,169715.0,203478,5,638453
WIN$D,M15,1644405300,169720.0,169815.0,169515.0,169805.0,177015,5,579787
WIN$D,M15,1644406200,169805.0,170005.0,169610.0,170000.0,290664,5,906500
WIN$D,M15,1644407100,170000.0,170145.0,169790.0,170030.0,239743,5,756852
WIN$D,M15,1644408000,170030.0,170135.0,169980.0,170060.0,137398,5,424947
WIN$D,M15,1644408900,170060.0,170715.0,170025.0,170650.0,238926,5,821603
WIN$D,M15,1644409800,170655.0,170885.0,170615.0,170620.0,152079,5,509923
WIN$D,M15,1644410700,170620.0,170685.0,170570.0,170640.0,80961,5,272024
WIN$D,M15,1644411600,170640.0,170715.0,170510.0,170560.0,94493,5,320107
WIN$D,M15,1644412500,170560.0,170585.0,170415.0,170435.0,78402,5,274519
WIN$D,M15,1644413400,170435.0,170460.0,170340.0,170345.0,79503,5,276645
WIN$D,M15,1644414300,170345.0,170430.0,170210.0,170215.0,87100,5,298387
WIN$D,M15,1644415200,170215.0,170305.0,170160.0,170260.0,100076,5,349054
WIN$D,M15,1644416100,170260.0,170335.0,170215.0,170290.0,73902,5,257038
WIN$D,M15,1644417000,170285.0,170585.0,170260.0,170565.0,106360,5,383406
WIN$D,M15,1644417900,170560.0,170720.0,170535.0,170615.0,115618,5,429168
WIN$D,M15,1644418800,170610.0,170620.0,170420.0,170450.0,99761,5,361306
WIN$D,M15,1644419700,170455.0,170505.0,170200.0,170265.0,100608,5,359788
WIN$D,M15,1644420600,170265.0,170370.0,170165.0,170350.0,95317,5,339866
WIN$D,M15,1644421500,170345.0,170385.0,170105.0,170125.0,103282,5,363508
WIN$D,M15,1644422400,170130.0,170250.0,170050.0,170050.0,92013,5,328496
WIN$D,M15,1644423300,170050.0,170185.0,169945.0,170105.0,110834,5,399589
WIN$D,M15,1644424200,170105.0,170150.0,169815.0,169860.0,106261,5,381330
WIN$D,M15,1644425100,169860.0,170055.0,169780.0,169960.0,98178,5,367835
WIN$D,M15,1644426000,169960.0,170130.0,169855.0,170070.0,90427,5,328972
WIN$D,M15,1644426900,170070.0,170270.0,170020.0,170245.0,78376,5,274880
WIN$D,M15,1644427800,170250.0,170365.0,169990.0,170075.0,91015,5,305294
WIN$D,M15,1644428700,170075.0,170210.0,170015.0,170080.0,81626,5,259958
WIN$D,M15,1644429600,170080.0,170150.0,170035.0,170070.0,43429,5,125826
WIN$D,M15,1644430500,170065.0,170085.0,169890.0,169920.0,25172,5,81417
WIN$D,M15,1644483600,170025.0,170465.0,169980.0,170410.0,166413,5,460756
WIN$D,M15,1644484500,170405.0,170565.0,170310.0,170390.0,165373,5,474195
WIN$D,M15,1644485400,170390.0,170465.0,170245.0,170390.0,168827,5,490192
WIN$D,M15,1644486300,170390.0,170505.0,170270.0,170280.0,142909,5,423425
WIN$D,M15,1644487200,170280.0,170655.0,170260.0,170490.0,276280,5,862279
WIN$D,M15,1644488100,170495.0,170765.0,170440.0,170640.0,189074,5,598752
WIN$D,M15,1644489000,170635.0,170670.0,170005.0,170360.0,490358,5,1502181
WIN$D,M15,1644489900,170360.0,170505.0,170210.0,170415.0,262549,5,771374
WIN$D,M15,1644490800,170415.0,170425.0,169770.0,170095.0,337578,5,1057656
WIN$D,M15,1644491700,170090.0,170270.0,170025.0,170155.0,182302,5,554648
WIN$D,M15,1644492600,170155.0,170860.0,170145.0,170820.0,334927,5,1071355
WIN$D,M15,1644493500,170820.0,171000.0,170690.0,170955.0,249678,5,773096
WIN$D,M15,1644494400,170955.0,171225.0,170905.0,171125.0,219035,5,718689
WIN$D,M15,1644495300,171120.0,171190.0,171000.0,171010.0,130420,5,400250
WIN$D,M15,1644496200,171010.0,171155.0,170925.0,171030.0,145943,5,452965
WIN$D,M15,1644497100,171025.0,171075.0,170885.0,170980.0,141233,5,409655
WIN$D,M15,1644498000,170980.0,171140.0,170930.0,171015.0,126033,5,377351
WIN$D,M15,1644498900,171010.0,171260.0,170965.0,171230.0,117075,5,362568
WIN$D,M15,1644499800,171235.0,171300.0,171075.0,171270.0,120998,5,362634
WIN$D,M15,1644500700,171270.0,171305.0,171100.0,171165.0,101807,5,335437
WIN$D,M15,1644501600,171160.0,171360.0,171150.0,171330.0,116088,5,406690
WIN$D,M15,1644502500,171330.0,171350.0,171155.0,171215.0,96589,5,339526
WIN$D,M15,1644503400,171210.0,171270.0,171140.0,171180.0,84424,5,301786
WIN$D,M15,1644504300,171180.0,171435.0,170960.0,171325.0,279475,5,966098
WIN$D,M15,1644505200,171320.0,171510.0,171260.0,171440.0,163243,5,579637
WIN$D,M15,1644506100,171440.0,171455.0,171260.0,171300.0,142236,5,481422
WIN$D,M15,1644507000,171295.0,171395.0,171140.0,171335.0,140863,5,475360
WIN$D,M15,1644507900,171335.0,171380.0,171245.0,171360.0,93576,5,305029
WIN$D,M15,1644508800,171360.0,171365.0,171165.0,171225.0,111647,5,369213
WIN$D,M15,1644509700,171225.0,171325.0,171105.0,171235.0,121400,5,384850
WIN$D,M15,1644510600,171230.0,171370.0,171205.0,171255.0,104238,5,337724
WIN$D,M15,1644511500,171250.0,171285.0,171060.0,171085.0,113134,5,406282
WIN$D,M15,1644512400,171085.0,171205.0,170945.0,171170.0,112495,5,397808
WIN$D,M15,1644513300,171170.0,171205.0,170990.0,171045.0,95379,5,314026
WIN$D,M15,1644514200,171040.0,171050.0,170850.0,170925.0,106873,5,339312
WIN$D,M15,1644515100,170925.0,170990.0,170740.0,170895.0,126184,5,390477
WIN$D,M15,1644516000,170895.0,171080.0,170855.0,171005.0,64662,5,179720
WIN$D,M15,1644516900,171010.0,171070.0,170965.0,171020.0,23116,5,78112
WIN$D,M15,1644570000,170645.0,171450.0,170635.0,171430.0,220114,5,619370
WIN$D,M15,1644570900,171430.0,171620.0,171300.0,171550.0,179074,5,512011
WIN$D,M15,1644571800,171555.0,171765.0,171535.0,171715.0,148429,5,461060
WIN$D,M15,1644572700,171715.0,171825.0,171665.0,171670.0,116065,5,341175
WIN$D,M15,1644573600,171670.0,171945.0,171590.0,171940.0,263200,5,807847
WIN$D,M15,1644574500,171940.0,171950.0,171705.0,171790.0,228518,5,682152
WIN$D,M15,1644575400,171795.0,171860.0,171600.0,171620.0,204510,5,637838
WIN$D,M15,1644576300,171620.0,171690.0,171470.0,171520.0,220379,5,728740
WIN$D,M15,1644577200,171520.0,171580.0,171405.0,171445.0,181785,5,604579
WIN$D,M15,1644578100,171450.0,171570.0,171315.0,171355.0,189159,5,620252
WIN$D,M15,1644579000,171355.0,171785.0,171290.0,171770.0,307952,5,981665
WIN$D,M15,1644579900,171770.0,172115.0,171765.0,171990.0,260402,5,838347
WIN$D,M15,1644580800,171985.0,172325.0,171980.0,172215.0,227559,5,705066
WIN$D,M15,1644581700,172220.0,172410.0,172155.0,172305.0,159567,5,483203
WIN$D,M15,1644582600,172305.0,172365.0,172240.0,172335.0,84940,5,270226
WIN$D,M15,1644583500,172335.0,172340.0,172200.0,172235.0,71327,5,229871
WIN$D,M15,1644584400,172235.0,172350.0,172180.0,172240.0,93750,5,298567
WIN$D,M15,1644585300,172240.0,172400.0,172180.0,172345.0,110275,5,353051
WIN$D,M15,1644586200,172350.0,172475.0,172210.0,172270.0,124943,5,402761
WIN$D,M15,1644587100,172265.0,172360.0,172230.0,172350.0,85733,5,280048
WIN$D,M15,1644588000,172350.0,172505.0,172305.0,172415.0,97879,5,331163
WIN$D,M15,1644588900,172415.0,172455.0,172315.0,172430.0,74143,5,252057
WIN$D,M15,1644589800,172435.0,172485.0,172380.0,172475.0,64606,5,224679
WIN$D,M15,1644590700,172475.0,172485.0,172340.0,172420.0,79875,5,278021
WIN$D,M15,1644591600,172420.0,172485.0,172310.0,172485.0,80250,5,266152
WIN$D,M15,1644592500,172485.0,172515.0,172395.0,172395.0,79809,5,264139
WIN$D,M15,1644593400,172400.0,172430.0,171810.0,171870.0,294523,5,1029625
WIN$D,M15,1644594300,171870.0,171990.0,171265.0,171515.0,423727,5,1437102
WIN$D,M15,1644595200,171520.0,171740.0,171080.0,171325.0,364129,5,1060622
WIN$D,M15,1644596100,171325.0,171760.0,171045.0,171080.0,267201,5,812125
WIN$D,M15,1644597000,171080.0,171465.0,171030.0,171255.0,228165,5,678600
WIN$D,M15,1644597900,171260.0,171335.0,170680.0,170895.0,228220,5,718093
WIN$D,M15,1644598800,170895.0,171335.0,170825.0,171030.0,211232,5,620883
WIN$D,M15,1644599700,171030.0,171160.0,170865.0,171140.0,144657,5,419660
WIN$D,M15,1644600600,171135.0,171145.0,170625.0,170930.0,139160,5,401438
WIN$D,M15,1644601500,170930.0,171265.0,170860.0,171065.0,130626,5,360346
WIN$D,M15,1644602400,171065.0,171200.0,171020.0,171055.0,51909,5,131012
WIN$D,M15,1644603300,171055.0,171325.0,170975.0,171325.0,23738,5,66896
WIN$D,M15,1644829200,170525.0,170880.0,170405.0,170775.0,181186,5,462401
WIN$D,M15,1644830100,170770.0,170975.0,170655.0,170960.0,143475,5,384074
WIN$D,M15,1644831000,170965.0,171315.0,170910.0,171295.0,206366,5,618688
WIN$D,M15,1644831900,171290.0,171525.0,171250.0,171295.0,195485,5,596907
WIN$D,M15,1644832800,171295.0,171660.0,171225.0,171455.0,292906,5,872629
WIN$D,M15,1644833700,171455.0,171650.0,171385.0,171615.0,218961,5,645291
WIN$D,M15,1644834600,171620.0,171835.0,171500.0,171560.0,296944,5,882257
WIN$D,M15,1644835500,171565.0,171740.0,171450.0,171590.0,201188,5,581795
WIN$D,M15,1644836400,171590.0,171620.0,171405.0,171445.0,155909,5,477026
WIN$D,M15,1644837300,171450.0,171550.0,171315.0,171330.0,180286,5,543562
WIN$D,M15,1644838200,171330.0,171415.0,171165.0,171265.0,298150,5,888501
WIN$D,M15,1644839100,171265.0,171615.0,171165.0,171535.0,242467,5,714826
WIN$D,M15,1644840000,171535.0,171540.0,171115.0,171245.0,240790,5,752123
WIN$D,M15,1644840900,171245.0,171325.0,170970.0,171180.0,224771,5,685449
WIN$D,M15,1644841800,171170.0,171375.0,170960.0,171285.0,188296,5,556341
WIN$D,M15,1644842700,171280.0,171440.0,171165.0,171285.0,187173,5,572098
WIN$D,M15,1644843600,171280.0,171415.0,171215.0,171300.0,131390,5,380576
WIN$D,M15,1644844500,171300.0,171525.0,171295.0,171495.0,121557,5,377637
WIN$D,M15,1644845400,171490.0,171550.0,171285.0,171440.0,163724,5,507452
WIN$D,M15,1644846300,171435.0,171520.0,171360.0,171390.0,90407,5,275383
WIN$D,M15,1644847200,171390.0,171465.0,171285.0,171315.0,96417,5,300449
WIN$D,M15,1644848100,171320.0,171520.0,171270.0,171485.0,85582,5,264810
WIN$D,M15,1644849000,171490.0,171625.0,171425.0,171565.0,130647,5,414379
WIN$D,M15,1644849900,171565.0,171655.0,171530.0,171585.0,86848,5,267775
WIN$D,M15,1644850800,171580.0,171665.0,171415.0,171455.0,120685,5,384313
WIN$D,M15,1644851700,171460.0,171555.0,171400.0,171465.0,89671,5,285760
WIN$D,M15,1644852600,171460.0,171475.0,171235.0,171340.0,162517,5,530028
WIN$D,M15,1644853500,171345.0,171415.0,170960.0,171070.0,235228,5,760962
WIN$D,M15,1644854400,171075.0,171150.0,170875.0,171025.0,192425,5,599465
WIN$D,M15,1644855300,171025.0,171465.0,170900.0,171165.0,178643,5,574886
WIN$D,M15,1644856200,171160.0,171310.0,171040.0,171230.0,164267,5,499931
WIN$D,M15,1644857100,171230.0,171400.0,171175.0,171315.0,108710,5,343604
WIN$D,M15,1644858000,171315.0,171375.0,171100.0,171335.0,122790,5,399760
WIN$D,M15,1644858900,171330.0,171400.0,171245.0,171260.0,91540,5,281901
WIN$D,M15,1644859800,171265.0,171385.0,171235.0,171350.0,87184,5,258107
WIN$D,M15,1644860700,171355.0,171475.0,171250.0,171360.0,111597,5,330771
WIN$D,M15,1644861600,171360.0,171520.0,171335.0,171475.0,51372,5,152752
WIN$D,M15,1644862500,171475.0,171510.0,171325.0,171485.0,19028,5,65351
WIN$D,M15,1644915600,172025.0,172240.0,171855.0,172005.0,210562,5,516005
WIN$D,M15,1644916500,172005.0,172190.0,171890.0,172005.0,162074,5,446803
WIN$D,M15,1644917400,172000.0,172095.0,171890.0,171970.0,136717,5,383417
WIN$D,M15,1644918300,171970.0,172000.0,171765.0,171780.0,119901,5,329371
WIN$D,M15,1644919200,171780.0,171990.0,171635.0,171935.0,246522,5,728476
WIN$D,M15,1644920100,171935.0,172000.0,171775.0,171940.0,190366,5,535756
WIN$D,M15,1644921000,171945.0,171955.0,171660.0,171900.0,240431,5,700457
WIN$D,M15,1644921900,171900.0,172120.0,171785.0,171880.0,246661,5,725680
WIN$D,M15,1644922800,171885.0,172110.0,171720.0,171765.0,244485,5,742296
WIN$D,M15,1644923700,171765.0,171820.0,171660.0,171675.0,133447,5,405086
WIN$D,M15,1644924600,171675.0,171880.0,171660.0,171780.0,226177,5,720393
WIN$D,M15,1644925500,171780.0,171945.0,171640.0,171675.0,203912,5,635576
WIN$D,M15,1644926400,171675.0,171890.0,171505.0,171830.0,209804,5,675886
WIN$D,M15,1644927300,171835.0,172170.0,171810.0,172100.0,156932,5,519382
WIN$D,M15,1644928200,172100.0,172170.0,171995.0,172140.0,103784,5,323669
WIN$D,M15,1644929100,172145.0,172200.0,172045.0,172170.0,96087,5,298994
WIN$D,M15,1644930000,172175.0,172195.0,172050.0,172135.0,91056,5,297127
WIN$D,M15,1644930900,172140.0,172200.0,172090.0,172155.0,61631,5,207013
WIN$D,M15,1644931800,172150.0,172280.0,172145.0,172190.0,97472,5,318445
WIN$D,M15,1644932700,172190.0,172230.0,172145.0,172175.0,64030,5,210968
WIN$D,M15,1644933600,172175.0,172200.0,172065.0,172120.0,77408,5,250974
WIN$D,M15,1644934500,172120.0,172210.0,172040.0,172200.0,98470,5,305722
WIN$D,M15,1644935400,172205.0,172260.0,172120.0,172215.0,88063,5,284907
WIN$D,M15,1644936300,172215.0,172260.0,172080.0,172165.0,90144,5,291508
WIN$D,M15,1644937200,172165.0,172250.0,172120.0,172240.0,54156,5,184356
WIN$D,M15,1644938100,172240.0,172310.0,172185.0,172290.0,88747,5,295000
WIN$D,M15,1644939000,172290.0,172330.0,172210.0,172270.0,67142,5,218232
WIN$D,M15,1644939900,172270.0,172305.0,172250.0,172280.0,37928,5,116769
WIN$D,M15,1644940800,172275.0,172305.0,172185.0,172195.0,54902,5,187459
WIN$D,M15,1644941700,172195.0,172260.0,172165.0,172195.0,58508,5,204068
WIN$D,M15,1644942600,172190.0,172220.0,172130.0,172205.0,53260,5,187011
WIN$D,M15,1644943500,172205.0,172230.0,172115.0,172190.0,70329,5,245592
WIN$D,M15,1644944400,172190.0,172245.0,172155.0,172220.0,37383,5,132717
WIN$D,M15,1644945300,172215.0,172230.0,172120.0,172170.0,36891,5,141189
WIN$D,M15,1644946200,172170.0,172220.0,172115.0,172180.0,60153,5,201268
WIN$D,M15,1644947100,172175.0,172425.0,172150.0,172380.0,96445,5,293271
WIN$D,M15,1644948000,172375.0,172510.0,172325.0,172500.0,55216,5,150292
WIN$D,M15,1644948900,172495.0,172660.0,172450.0,172660.0,38355,5,99790
WIN$D,M15,1645002000,172390.0,172680.0,172390.0,172545.0,104514,5,263411
WIN$D,M15,1645002900,172540.0,172705.0,172505.0,172645.0,93063,5,265860
WIN$D,M15,1645003800,172650.0,172810.0,172630.0,172770.0,132359,5,400839
WIN$D,M15,1645004700,172770.0,173000.0,172740.0,172885.0,121538,5,378055
WIN$D,M15,1645005600,172885.0,173125.0,172810.0,173085.0,189588,5,601266
WIN$D,M15,1645006500,173090.0,173205.0,172975.0,173185.0,108087,5,321196
WIN$D,M15,1645007400,173180.0,173405.0,173095.0,173250.0,167713,5,530021
WIN$D,M15,1645008300,173250.0,173250.0,173045.0,173100.0,146154,5,479224
WIN$D,M15,1645009200,173095.0,173120.0,172895.0,172960.0,182378,5,572631
WIN$D,M15,1645010100,172960.0,173045.0,172875.0,172995.0,122365,5,375613
WIN$D,M15,1645011000,172990.0,173195.0,172985.0,173160.0,215719,5,687496
WIN$D,M15,1645011900,173160.0,173285.0,173010.0,173070.0,181700,5,595222
WIN$D,M15,1645012800,173065.0,173140.0,172990.0,173035.0,110962,5,349304
WIN$D,M15,1645013700,173035.0,173050.0,172840.0,173035.0,134839,5,457066
WIN$D,M15,1645014600,173035.0,173080.0,172940.0,173010.0,93924,5,319661
WIN$D,M15,1645015500,173015.0,173025.0,172900.0,172935.0,78537,5,273633
WIN$D,M15,1645016400,172935.0,172980.0,172875.0,172945.0,69133,5,243552
WIN$D,M15,1645017300,172945.0,172990.0,172875.0,172895.0,65176,5,235001
WIN$D,M15,1645018200,172895.0,172925.0,172660.0,172670.0,93724,5,315747
WIN$D,M15,1645019100,172665.0,172710.0,172590.0,172690.0,95498,5,321987
WIN$D,M15,1645020000,172690.0,172720.0,172605.0,172710.0,66644,5,232886
WIN$D,M15,1645020900,172705.0,172720.0,172605.0,172705.0,71754,5,251814
WIN$D,M15,1645021800,172700.0,172775.0,172585.0,172700.0,101094,5,337765
WIN$D,M15,1645022700,172700.0,172860.0,172670.0,172845.0,90803,5,317906
WIN$D,M15,1645023600,172845.0,173030.0,172830.0,173025.0,102806,5,375535
WIN$D,M15,1645024500,173025.0,173070.0,172955.0,172980.0,74861,5,267283
WIN$D,M15,1645025400,172980.0,173020.0,172775.0,172840.0,90732,5,337283
WIN$D,M15,1645026300,172840.0,172970.0,172820.0,172925.0,81585,5,286943
WIN$D,M15,1645027200,172930.0,173115.0,172695.0,172920.0,200304,5,688106
WIN$D,M15,1645028100,172920.0,173230.0,172880.0,173225.0,120357,5,428697
WIN$D,M15,1645029000,173220.0,173380.0,173085.0,173180.0,135488,5,495668
WIN$D,M15,1645029900,173180.0,173255.0,173085.0,173160.0,83152,5,305866
WIN$D,M15,1645030800,173155.0,173180.0,173055.0,173115.0,87323,5,313184
WIN$D,M15,1645031700,173110.0,173165.0,172975.0,173100.0,70264,5,253648
WIN$D,M15,1645032600,173095.0,173125.0,172925.0,172960.0,83429,5,265235
WIN$D,M15,1645033500,172965.0,172990.0,172695.0,172800.0,89666,5,312761
WIN$D,M15,1645034400,172805.0,172905.0,172760.0,172870.0,42438,5,132018
WIN$D,M15,1645035300,172875.0,172910.0,172780.0,172815.0,18363,5,69180
WIN$D,M15,1645088400,172435.0,172650.0,172275.0,172375.0,157867,5,403967
WIN$D,M15,1645089300,172370.0,172490.0,172300.0,172450.0,118854,5,324500
WIN$D,M15,1645090200,172450.0,172585.0,172405.0,172560.0,106740,5,302954
WIN$D,M15,1645091100,172565.0,172585.0,172470.0,172510.0,80089,5,234292
WIN$D,M15,1645092000,172515.0,172625.0,172180.0,172300.0,280524,5,835279
WIN$D,M15,1645092900,172300.0,172665.0,172295.0,172555.0,209431,5,692966
WIN$D,M15,1645093800,172555.0,172750.0,172535.0,172645.0,215167,5,664245
WIN$D,M15,1645094700,172645.0,172670.0,172450.0,172550.0,198661,5,656324
WIN$D,M15,1645095600,172545.0,172765.0,172495.0,172535.0,245049,5,809333
WIN$D,M15,1645096500,172540.0,172560.0,172195.0,172260.0,202770,5,653272
WIN$D,M15,1645097400,172265.0,172350.0,171885.0,172155.0,266799,5,889313
WIN$D,M15,1645098300,172150.0,172180.0,171770.0,171840.0,222184,5,716990
WIN$D,M15,1645099200,171840.0,171860.0,171660.0,171720.0,163081,5,509432
WIN$D,M15,1645100100,171725.0,171755.0,171475.0,171565.0,130259,5,412550
WIN$D,M15,1645101000,171570.0,171615.0,171435.0,171505.0,95933,5,316239
WIN$D,M15,1645101900,171500.0,171580.0,171380.0,171575.0,115363,5,390343
WIN$D,M15,1645102800,171580.0,171665.0,171535.0,171650.0,78985,5,272951
WIN$D,M15,1645103700,171650.0,171700.0,171595.0,171690.0,64012,5,242077
WIN$D,M15,1645104600,171685.0,171770.0,171655.0,171735.0,76295,5,274665
WIN$D,M15,1645105500,171735.0,171780.0,171685.0,171725.0,50624,5,190359
WIN$D,M15,1645106400,171725.0,171805.0,171660.0,171780.0,76690,5,275247
WIN$D,M15,1645107300,171775.0,171830.0,171765.0,171820.0,49879,5,181387
WIN$D,M15,1645108200,171820.0,171890.0,171795.0,171870.0,59275,5,222124
WIN$D,M15,1645109100,171865.0,171875.0,171670.0,171725.0,96128,5,347332
WIN$D,M15,1645110000,171725.0,171805.0,171620.0,171635.0,91337,5,328863
WIN$D,M15,1645110900,171630.0,171700.0,171585.0,171660.0,77068,5,265621
WIN$D,M15,1645111800,171660.0,171785.0,171650.0,171705.0,83989,5,288364
WIN$D,M15,1645112700,171705.0,171780.0,171645.0,171770.0,74584,5,266671
WIN$D,M15,1645113600,171770.0,171780.0,171565.0,171605.0,76270,5,268795
WIN$D,M15,1645114500,171610.0,171650.0,171570.0,171645.0,56557,5,197199
WIN$D,M15,1645115400,171645.0,171710.0,171490.0,171505.0,87608,5,303961
WIN$D,M15,1645116300,171500.0,171570.0,171450.0,171500.0,76872,5,271031
WIN$D,M15,1645117200,171500.0,171525.0,171060.0,171130.0,134857,5,497678
WIN$D,M15,1645118100,171130.0,171385.0,171105.0,171310.0,93102,5,331395
WIN$D,M15,1645119000,171315.0,171355.0,171105.0,171260.0,102808,5,350591
WIN$D,M15,1645119900,171260.0,171380.0,171125.0,171140.0,94556,5,293491
WIN$D,M15,1645120800,171145.0,171215.0,171080.0,171095.0,61366,5,158632
WIN$D,M15,1645121700,171095.0,171115.0,170935.0,171035.0,39558,5,114602
WIN$D,M15,1645174800,171490.0,171730.0,171435.0,171610.0,142303,5,352380
WIN$D,M15,1645175700,171605.0,171780.0,171580.0,171695.0,97549,5,287778
WIN$D,M15,1645176600,171695.0,171830.0,171645.0,171805.0,102637,5,314721
WIN$D,M15,1645177500,171805.0,171950.0,171775.0,171820.0,128924,5,437745
WIN$D,M15,1645178400,171820.0,171835.0,171385.0,171515.0,271648,5,856546
WIN$D,M15,1645179300,171510.0,171700.0,171490.0,171525.0,198740,5,602730
WIN$D,M15,1645180200,171525.0,171800.0,171360.0,171780.0,278881,5,854320
WIN$D,M15,1645181100,171780.0,171855.0,171595.0,171670.0,159449,5,498384
WIN$D,M15,1645182000,171670.0,171680.0,171485.0,171495.0,141352,5,466323
WIN$D,M15,1645182900,171500.0,171510.0,171340.0,171360.0,158774,5,530010
WIN$D,M15,1645183800,171365.0,171385.0,171070.0,171080.0,264864,5,827497
WIN$D,M15,1645184700,171075.0,171405.0,171020.0,171380.0,187021,5,599898
WIN$D,M15,1645185600,171380.0,171405.0,171110.0,171195.0,175528,5,551711
WIN$D,M15,1645186500,171195.0,171295.0,170925.0,170955.0,176223,5,545323
WIN$D,M15,1645187400,170955.0,170960.0,170695.0,170940.0,181764,5,578140
WIN$D,M15,1645188300,170945.0,170965.0,170770.0,170785.0,108390,5,339998
WIN$D,M15,1645189200,170780.0,170795.0,170475.0,170565.0,170150,5,546249
WIN$D,M15,1645190100,170565.0,170825.0,170545.0,170725.0,119071,5,409903
WIN$D,M15,1645191000,170725.0,170825.0,170640.0,170770.0,118002,5,385786
WIN$D,M15,1645191900,170765.0,170840.0,170655.0,170700.0,98300,5,323556
WIN$D,M15,1645192800,170700.0,170890.0,170640.0,170795.0,125804,5,417157
WIN$D,M15,1645193700,170790.0,170895.0,170760.0,170865.0,79618,5,283530
WIN$D,M15,1645194600,170870.0,170905.0,170560.0,170645.0,175490,5,578035
WIN$D,M15,1645195500,170645.0,170720.0,170530.0,170555.0,131130,5,399216
WIN$D,M15,1645196400,170555.0,170705.0,170490.0,170635.0,124346,5,405063
WIN$D,M15,1645197300,170630.0,170805.0,170505.0,170770.0,117768,5,388975
WIN$D,M15,1645198200,170770.0,170805.0,170705.0,170745.0,70608,5,248909
WIN$D,M15,1645199100,170745.0,170895.0,170735.0,170825.0,75022,5,275486
WIN$D,M15,1645200000,170825.0,170865.0,170665.0,170695.0,76390,5,269868
WIN$D,M15,1645200900,170690.0,171015.0,170665.0,170980.0,121626,5,467774
WIN$D,M15,1645201800,170980.0,171075.0,170805.0,170830.0,107474,5,390461
WIN$D,M15,1645202700,170825.0,170965.0,170765.0,170915.0,99653,5,347080
WIN$D,M15,1645203600,170910.0,171000.0,170795.0,170825.0,99919,5,358098
WIN$D,M15,1645204500,170825.0,170860.0,170455.0,170560.0,126954,5,490004
WIN$D,M15,1645205400,170565.0,170565.0,170195.0,170515.0,158709,5,499203
WIN$D,M15,1645206300,170515.0,170600.0,170405.0,170505.0,97295,5,288216
WIN$D,M15,1645207200,170505.0,170595.0,170285.0,170315.0,74558,5,197809
WIN$D,M15,1645208100,170315.0,170425.0,170285.0,170295.0,33048,5,75114
WIN$D,M15,1645434000,170455.0,170665.0,170455.0,170630.0,126206,5,333485
WIN$D,M15,1645434900,170625.0,170635.0,170340.0,170405.0,136263,5,399973
WIN$D,M15,1645435800,170400.0,170450.0,170240.0,170330.0,134074,5,405992
WIN$D,M15,1645436700,170330.0,170425.0,170250.0,170380.0,112307,5,334136
WIN$D,M15,1645437600,170380.0,170720.0,170360.0,170575.0,209510,5,664135
WIN$D,M15,1645438500,170575.0,170630.0,170065.0,170100.0,273886,5,872956
WIN$D,M15,1645439400,170105.0,170430.0,169995.0,170385.0,199162,5,629555
WIN$D,M15,1645440300,170385.0,170685.0,170265.0,170595.0,245084,5,776698
WIN$D,M15,1645441200,170600.0,170750.0,170550.0,170730.0,178460,5,565489
WIN$D,M15,1645442100,170735.0,170930.0,170715.0,170880.0,126458,5,419720
WIN$D,M15,1645443000,170885.0,170945.0,170745.0,170765.0,113465,5,380411
WIN$D,M15,1645443900,170770.0,170925.0,170715.0,170875.0,125424,5,417891
WIN$D,M15,1645444800,170875.0,170895.0,170730.0,170890.0,91042,5,280999
WIN$D,M15,1645445700,170890.0,170975.0,170825.0,170855.0,104256,5,333740
WIN$D,M15,1645446600,170855.0,170885.0,170810.0,170860.0,45603,5,156545
WIN$D,M15,1645447500,170865.0,170895.0,170800.0,170830.0,52656,5,162845
WIN$D,M15,1645448400,170830.0,170895.0,170800.0,170865.0,44407,5,157430
WIN$D,M15,1645449300,170860.0,170885.0,170750.0,170760.0,58095,5,195645
WIN$D,M15,1645450200,170755.0,170800.0,170695.0,170720.0,60889,5,207089
WIN$D,M15,1645451100,170720.0,170795.0,170660.0,170680.0,69371,5,238007
WIN$D,M15,1645452000,170675.0,170715.0,170640.0,170690.0,57103,5,189374
WIN$D,M15,1645452900,170695.0,170785.0,170580.0,170695.0,98409,5,338043
WIN$D,M15,1645453800,170700.0,170720.0,170610.0,170625.0,60014,5,199987
WIN$D,M15,1645454700,170625.0,170660.0,170425.0,170495.0,88916,5,273250
WIN$D,M15,1645455600,170490.0,170510.0,170410.0,170430.0,68851,5,220882
WIN$D,M15,1645456500,170435.0,170465.0,170145.0,170190.0,101363,5,312096
WIN$D,M15,1645457400,170190.0,170210.0,170070.0,170085.0,81701,5,247712
WIN$D,M15,1645458300,170085.0,170225.0,170035.0,170225.0,73699,5,225038
WIN$D,M15,1645459200,170220.0,170225.0,170075.0,170115.0,66286,5,209658
WIN$D,M15,1645460100,170110.0,170115.0,169690.0,169770.0,127737,5,391891
WIN$D,M15,1645461000,169775.0,169955.0,169715.0,169920.0,105374,5,308324
WIN$D,M15,1645461900,169915.0,169940.0,169805.0,169830.0,54217,5,156149
WIN$D,M15,1645462800,169835.0,169835.0,169520.0,169575.0,110815,5,327283
WIN$D,M15,1645463700,169575.0,169600.0,169225.0,169260.0,95923,5,296307
WIN$D,M15,1645464600,169260.0,169370.0,169170.0,169260.0,83503,5,227928
WIN$D,M15,1645465500,169260.0,169365.0,169215.0,169285.0,66285,5,180630
WIN$D,M15,1645466400,169275.0,169325.0,169170.0,169220.0,53931,5,148408
WIN$D,M15,1645467300,169215.0,169230.0,169085.0,169085.0,23669,5,80621
WIN$D,M15,1645520400,169785.0,170255.0,169785.0,170240.0,203757,5,525828
WIN$D,M15,1645521300,170240.0,170470.0,170235.0,170400.0,156057,5,490009
WIN$D,M15,1645522200,170405.0,170675.0,170310.0,170615.0,222223,5,667707
WIN$D,M15,1645523100,170615.0,170695.0,170550.0,170635.0,128852,5,424364
WIN$D,M15,1645524000,170630.0,170710.0,170520.0,170600.0,201401,5,650486
WIN$D,M15,1645524900,170595.0,170665.0,170455.0,170500.0,212319,5,658452
WIN$D,M15,1645525800,170500.0,170930.0,170455.0,170845.0,227722,5,746822
WIN$D,M15,1645526700,170845.0,170875.0,170585.0,170765.0,161034,5,535721
WIN$D,M15,1645527600,170765.0,170810.0,170645.0,170680.0,121901,5,387877
WIN$D,M15,1645528500,170680.0,170690.0,170480.0,170485.0,150171,5,483493
WIN$D,M15,1645529400,170485.0,170625.0,170340.0,170525.0,289098,5,985554
WIN$D,M15,1645530300,170525.0,170895.0,170485.0,170790.0,243036,5,814461
WIN$D,M15,1645531200,170790.0,170845.0,170565.0,170655.0,200326,5,670125
WIN$D,M15,1645532100,170655.0,170770.0,170500.0,170635.0,171554,5,563260
WIN$D,M15,1645533000,170630.0,170805.0,170565.0,170640.0,157605,5,551268
WIN$D,M15,1645533900,170635.0,170710.0,170415.0,170435.0,150105,5,506538
WIN$D,M15,1645534800,170440.0,170550.0,170370.0,170440.0,133681,5,452732
WIN$D,M15,1645535700,170440.0,170585.0,170345.0,170510.0,133445,5,443015
WIN$D,M15,1645536600,170515.0,170590.0,170300.0,170395.0,152627,5,533183
WIN$D,M15,1645537500,170390.0,170465.0,170225.0,170280.0,101921,5,334573
WIN$D,M15,1645538400,170280.0,170360.0,170230.0,170280.0,86217,5,303792
WIN$D,M15,1645539300,170280.0,170300.0,170205.0,170265.0,79420,5,278245
WIN$D,M15,1645540200,170265.0,170345.0,170220.0,170295.0,77435,5,270252
WIN$D,M15,1645541100,170300.0,170325.0,170160.0,170210.0,86923,5,308959
WIN$D,M15,1645542000,170205.0,170425.0,170145.0,170275.0,132224,5,457651
WIN$D,M15,1645542900,170270.0,170280.0,169995.0,170000.0,148841,5,516693
WIN$D,M15,1645543800,170005.0,170095.0,169840.0,169855.0,118183,5,418059
WIN$D,M15,1645544700,169860.0,169935.0,169795.0,169925.0,111472,5,390137
WIN$D,M15,1645545600,169925.0,169930.0,169720.0,169870.0,128814,5,450301
WIN$D,M15,1645546500,169870.0,170190.0,169730.0,170120.0,224095,5,743104
WIN$D,M15,1645547400,170120.0,170315.0,170080.0,170175.0,159810,5,525422
WIN$D,M15,1645548300,170175.0,170680.0,170060.0,170560.0,193633,5,680616
WIN$D,M15,1645549200,170560.0,170665.0,170475.0,170540.0,106720,5,371834
WIN$D,M15,1645550100,170535.0,170595.0,170405.0,170445.0,91259,5,334107
WIN$D,M15,1645551000,170440.0,170475.0,170315.0,170345.0,98036,5,340445
WIN$D,M15,1645551900,170340.0,170420.0,170195.0,170410.0,97374,5,332518
WIN$D,M15,1645552800,170410.0,170770.0,170405.0,170750.0,76858,5,250057
WIN$D,M15,1645553700,170755.0,170930.0,170735.0,170930.0,26902,5,100613
WIN$D,M15,1645606800,170835.0,171055.0,170545.0,170950.0,194719,5,519261
WIN$D,M15,1645607700,170950.0,171100.0,170850.0,170880.0,133650,5,382819
WIN$D,M15,1645608600,170875.0,170935.0,170740.0,170750.0,151059,5,462961
WIN$D,M15,1645609500,170750.0,170895.0,170690.0,170885.0,116574,5,368480
WIN$D,M15,1645610400,170885.0,170890.0,170570.0,170610.0,276635,5,846152
WIN$D,M15,1645611300,170615.0,171125.0,170570.0,171120.0,282213,5,933786
WIN$D,M15,1645612200,171120.0,171245.0,170975.0,171100.0,248307,5,811539
WIN$D,M15,1645613100,171100.0,171245.0,171000.0,171050.0,141846,5,448518
WIN$D,M15,1645614000,171045.0,171090.0,170775.0,170860.0,173627,5,562027
WIN$D,M15,1645614900,170860.0,170910.0,170650.0,170675.0,167262,5,549353
WIN$D,M15,1645615800,170675.0,170790.0,170355.0,170515.0,292236,5,988682
WIN$D,M15,1645616700,170515.0,170635.0,170250.0,170330.0,228332,5,744486
WIN$D,M15,1645617600,170330.0,170455.0,170215.0,170305.0,184387,5,645347
WIN$D,M15,1645618500,170310.0,170315.0,169900.0,169910.0,171695,5,596265
WIN$D,M15,1645619400,169910.0,170040.0,169830.0,169985.0,124365,5,429785
WIN$D,M15,1645620300,169975.0,170010.0,169850.0,169880.0,108421,5,368876
WIN$D,M15,1645621200,169880.0,169945.0,169765.0,169825.0,115785,5,405816
WIN$D,M15,1645622100,169825.0,169970.0,169740.0,169950.0,102377,5,369222
WIN$D,M15,1645623000,169955.0,170030.0,169885.0,169955.0,93512,5,333927
WIN$D,M15,1645623900,169955.0,170135.0,169935.0,169995.0,109031,5,403583
WIN$D,M15,1645624800,169990.0,170015.0,169795.0,169985.0,135176,5,478508
WIN$D,M15,1645625700,169990.0,170185.0,169970.0,170075.0,127136,5,461480
WIN$D,M15,1645626600,170070.0,170155.0,169985.0,170150.0,91812,5,334238
WIN$D,M15,1645627500,170150.0,170170.0,170005.0,170055.0,78478,5,285657
WIN$D,M15,1645628400,170055.0,170060.0,169885.0,169900.0,90961,5,336612
WIN$D,M15,1645629300,169900.0,170105.0,169860.0,169950.0,114941,5,398211
WIN$D,M15,1645630200,169945.0,170055.0,169825.0,169970.0,109025,5,409233
WIN$D,M15,1645631100,169970.0,170080.0,169900.0,169985.0,88697,5,327841
WIN$D,M15,1645632000,169980.0,170040.0,169870.0,169895.0,72426,5,275231
WIN$D,M15,1645632900,169895.0,169945.0,169495.0,169685.0,158763,5,596067
WIN$D,M15,1645633800,169680.0,169710.0,169345.0,169410.0,121510,5,406853
WIN$D,M15,1645634700,169405.0,169625.0,169405.0,169560.0,116461,5,409586
WIN$D,M15,1645635600,169560.0,169565.0,169370.0,169485.0,81492,5,309100
WIN$D,M15,1645636500,169490.0,169660.0,169395.0,169635.0,84174,5,307295
WIN$D,M15,1645637400,169640.0,169645.0,169325.0,169385.0,93142,5,315361
WIN$D,M15,1645638300,169385.0,169450.0,169150.0,169255.0,108794,5,368181
WIN$D,M15,1645639200,169255.0,169270.0,169060.0,169150.0,59127,5,195744
WIN$D,M15,1645640100,169150.0,169315.0,169090.0,169145.0,24481,5,84339
WIN$D,M15,1645693200,166635.0,167630.0,166185.0,167480.0,282001,5,703701
WIN$D,M15,1645694100,167480.0,167580.0,166865.0,167045.0,295894,5,815504
WIN$D,M15,1645695000,167040.0,167230.0,166630.0,166690.0,260804,5,735024
WIN$D,M15,1645695900,166690.0,167045.0,166640.0,166925.0,194099,5,552750
WIN$D,M15,1645696800,166920.0,167110.0,166560.0,166650.0,252568,5,749863
WIN$D,M15,1645697700,166650.0,167115.0,166560.0,166920.0,173274,5,562813
WIN$D,M15,1645698600,166920.0,167340.0,166770.0,167275.0,279376,5,905339
WIN$D,M15,1645699500,167270.0,167530.0,167060.0,167170.0,279370,5,926634
WIN$D,M15,1645700400,167170.0,167375.0,166935.0,167015.0,213584,5,663274
WIN$D,M15,1645701300,167020.0,167060.0,166710.0,166775.0,190568,5,579924
WIN$D,M15,1645702200,166780.0,167250.0,166635.0,166965.0,357101,5,1072482
WIN$D,M15,1645703100,166965.0,167490.0,166855.0,167190.0,270996,5,830765
WIN$D,M15,1645704000,167190.0,167480.0,166895.0,167420.0,229752,5,679432
WIN$D,M15,1645704900,167420.0,167810.0,167365.0,167450.0,221179,5,702817
WIN$D,M15,1645705800,167445.0,167510.0,167195.0,167285.0,186476,5,608533
WIN$D,M15,1645706700,167285.0,167515.0,167225.0,167415.0,150921,5,479744
WIN$D,M15,1645707600,167415.0,167690.0,167285.0,167640.0,165664,5,485142
WIN$D,M15,1645708500,167645.0,167730.0,167540.0,167580.0,106473,5,336702
WIN$D,M15,1645709400,167575.0,167660.0,167280.0,167345.0,126687,5,392634
WIN$D,M15,1645710300,167340.0,167410.0,167245.0,167370.0,110944,5,353437
WIN$D,M15,1645711200,167365.0,167390.0,167005.0,167060.0,136170,5,439389
WIN$D,M15,1645712100,167060.0,167085.0,166590.0,166835.0,188170,5,606954
WIN$D,M15,1645713000,166830.0,166855.0,166455.0,166660.0,200454,5,628537
WIN$D,M15,1645713900,166655.0,166795.0,166585.0,166700.0,112181,5,361742
WIN$D,M15,1645714800,166695.0,166825.0,166475.0,166825.0,127266,5,433150
WIN$D,M15,1645715700,166825.0,166915.0,166690.0,166720.0,120925,5,388970
WIN$D,M15,1645716600,166720.0,167090.0,166700.0,166900.0,134835,5,455965
WIN$D,M15,1645717500,166900.0,167525.0,166860.0,167205.0,232593,5,781754
WIN$D,M15,1645718400,167205.0,167420.0,167055.0,167360.0,181940,5,604312
WIN$D,M15,1645719300,167355.0,167745.0,167295.0,167620.0,157204,5,549141
WIN$D,M15,1645720200,167615.0,168755.0,167590.0,168435.0,253630,5,930471
WIN$D,M15,1645721100,168435.0,168630.0,168385.0,168410.0,128509,5,448191
WIN$D,M15,1645722000,168410.0,169005.0,168355.0,168725.0,153600,5,555269
WIN$D,M15,1645722900,168720.0,168775.0,168430.0,168500.0,109118,5,391606
WIN$D,M15,1645723800,168500.0,168835.0,168455.0,168625.0,112383,5,376245
WIN$D,M15,1645724700,168620.0,168950.0,168600.0,168940.0,87769,5,321385
WIN$D,M15,1645725600,168940.0,168945.0,168780.0,168815.0,56063,5,198501
WIN$D,M15,1645726500,168815.0,168985.0,168815.0,168885.0,23661,5,93711
WIN$D,M15,1645779600,168730.0,168735.0,168080.0,168090.0,171251,5,460560
WIN$D,M15,1645780500,168090.0,168270.0,168070.0,168240.0,116611,5,350451
WIN$D,M15,1645781400,168240.0,168270.0,167940.0,167975.0,154449,5,472493
WIN$D,M15,1645782300,167970.0,168385.0,167890.0,168310.0,235439,5,730847
WIN$D,M15,1645783200,168310.0,168575.0,168215.0,168565.0,208574,5,679149
WIN$D,M15,1645784100,168565.0,168750.0,168490.0,168580.0,171713,5,571648
WIN$D,M15,1645785000,168575.0,168835.0,168400.0,168505.0,234181,5,732944
WIN$D,M15,1645785900,168500.0,168665.0,168320.0,168595.0,216607,5,682948
WIN$D,M15,1645786800,168595.0,168650.0,168035.0,168155.0,208324,5,647486
WIN$D,M15,1645787700,168155.0,168400.0,167980.0,168270.0,176725,5,571004
WIN$D,M15,1645788600,168275.0,168600.0,168255.0,168455.0,262895,5,846658
WIN$D,M15,1645789500,168455.0,169045.0,168445.0,168680.0,285812,5,905732
WIN$D,M15,1645790400,168685.0,168730.0,168290.0,168520.0,211264,5,634916
WIN$D,M15,1645791300,168525.0,168975.0,168455.0,168785.0,197370,5,632657
WIN$D,M15,1645792200,168785.0,168970.0,168615.0,168900.0,133605,5,428841
WIN$D,M15,1645793100,168900.0,169175.0,168840.0,169110.0,177375,5,585773
WIN$D,M15,1645794000,169110.0,169270.0,168915.0,169215.0,134791,5,420440
WIN$D,M15,1645794900,169220.0,169350.0,169010.0,169055.0,115433,5,377792
WIN$D,M15,1645795800,169055.0,169235.0,168920.0,169105.0,128687,5,433154
WIN$D,M15,1645796700,169105.0,169345.0,169105.0,169340.0,82486,5,263014
WIN$D,M15,1645797600,169335.0,169380.0,169140.0,169140.0,92867,5,307694
WIN$D,M15,1645798500,169140.0,169245.0,169090.0,169215.0,82457,5,271957
WIN$D,M15,1645799400,169220.0,169330.0,169175.0,169210.0,77707,5,281377
WIN$D,M15,1645800300,169210.0,169215.0,168995.0,169090.0,94441,5,298437
WIN$D,M15,1645801200,169095.0,169165.0,168965.0,169070.0,85895,5,280692
WIN$D,M15,1645802100,169070.0,169220.0,169035.0,169115.0,82396,5,265769
WIN$D,M15,1645803000,169120.0,169200.0,168990.0,169085.0,70206,5,229925
WIN$D,M15,1645803900,169085.0,169260.0,169055.0,169150.0,92164,5,307540
WIN$D,M15,1645804800,169155.0,169250.0,169100.0,169145.0,72954,5,256665
WIN$D,M15,1645805700,169145.0,169310.0,169145.0,169260.0,61149,5,208874
WIN$D,M15,1645806600,169260.0,169280.0,169095.0,169155.0,75598,5,248278
WIN$D,M15,1645807500,169160.0,169275.0,169115.0,169210.0,67308,5,220294
WIN$D,M15,1645808400,169210.0,169430.0,169190.0,169425.0,63691,5,240089
WIN$D,M15,1645809300,169425.0,169760.0,169390.0,169670.0,109029,5,399950
WIN$D,M15,1645810200,169670.0,170215.0,169665.0,170125.0,143518,5,508469
WIN$D,M15,1645811100,170130.0,170535.0,169985.0,170490.0,123977,5,412216
WIN$D,M15,1645812000,170490.0,170630.0,170355.0,170415.0,74922,5,214619
WIN$D,M15,1645812900,170410.0,170555.0,170385.0,170385.0,42798,5,105166
WIN$D,M15,1646226000,171385.0,172350.0,171260.0,172160.0,292855,5,853532
WIN$D,M15,1646226900,172160.0,172250.0,171910.0,172005.0,183858,5,581717
WIN$D,M15,1646227800,172010.0,172375.0,172000.0,172155.0,176364,5,544177
WIN$D,M15,1646228700,172155.0,172230.0,172005.0,172050.0,112426,5,346441
WIN$D,M15,1646229600,172055.0,172220.0,172025.0,172100.0,125137,5,389565
WIN$D,M15,1646230500,172095.0,172195.0,171965.0,172195.0,122876,5,427472
WIN$D,M15,1646231400,172195.0,172495.0,172110.0,172405.0,159836,5,544810
WIN$D,M15,1646232300,172405.0,172530.0,172335.0,172495.0,111515,5,362724
WIN$D,M15,1646233200,172495.0,172805.0,172490.0,172725.0,142910,5,520003
WIN$D,M15,1646234100,172720.0,172770.0,172660.0,172680.0,66341,5,237917
WIN$D,M15,1646235000,172675.0,172770.0,172660.0,172680.0,72270,5,267231
WIN$D,M15,1646235900,172680.0,172685.0,172560.0,172640.0,92752,5,340070
WIN$D,M15,1646236800,172635.0,172715.0,172595.0,172615.0,70900,5,246768
WIN$D,M15,1646237700,172615.0,172630.0,172480.0,172535.0,88609,5,318514
WIN$D,M15,1646238600,172540.0,172630.0,172465.0,172610.0,88465,5,351504
WIN$D,M15,1646239500,172615.0,172635.0,172425.0,172465.0,97568,5,356929
WIN$D,M15,1646240400,172465.0,172600.0,172435.0,172470.0,84762,5,296069
WIN$D,M15,1646241300,172465.0,172560.0,172385.0,172540.0,99869,5,373540
WIN$D,M15,1646242200,172535.0,172625.0,172490.0,172605.0,89793,5,306983
WIN$D,M15,1646243100,172600.0,172705.0,172420.0,172505.0,122224,5,410558
WIN$D,M15,1646244000,172500.0,172615.0,172405.0,172605.0,69821,5,208228
WIN$D,M15,1646244900,172605.0,172755.0,172600.0,172740.0,36965,5,114976
WIN$D,M15,1646298000,172685.0,172905.0,172445.0,172480.0,222930,5,579227
WIN$D,M15,1646298900,172480.0,172630.0,172460.0,172560.0,109190,5,330390
WIN$D,M15,1646299800,172560.0,172720.0,172510.0,172605.0,140129,5,460428
WIN$D,M15,1646300700,172605.0,172785.0,172555.0,172665.0,109721,5,339654
WIN$D,M15,1646301600,172670.0,172895.0,172540.0,172865.0,243257,5,808294
WIN$D,M15,1646302500,172860.0,173205.0,172830.0,173140.0,194491,5,651267
WIN$D,M15,1646303400,173140.0,173230.0,173070.0,173120.0,129745,5,429369
WIN$D,M15,1646304300,173120.0,173125.0,172900.0,172980.0,164444,5,618422
WIN$D,M15,1646305200,172975.0,173210.0,172945.0,173180.0,157997,5,529609
WIN$D,M15,1646306100,173175.0,173200.0,172935.0,172965.0,131023,5,435510
WIN$D,M15,1646307000,172965.0,173085.0,172845.0,173035.0,201481,5,674369
WIN$D,M15,1646307900,173030.0,173115.0,172770.0,172885.0,193047,5,647923
WIN$D,M15,1646308800,172885.0,173120.0,172815.0,173100.0,179000,5,601560
WIN$D,M15,1646309700,173100.0,173195.0,173020.0,173195.0,135161,5,461397
WIN$D,M15,1646310600,173195.0,173290.0,172965.0,172990.0,153816,5,510121
WIN$D,M15,1646311500,172990.0,173025.0,172685.0,172690.0,139737,5,449451
WIN$D,M15,1646312400,172695.0,172805.0,172555.0,172560.0,141111,5,469811
WIN$D,M15,1646313300,172555.0,172770.0,172540.0,172735.0,104609,5,393385
WIN$D,M15,1646314200,172740.0,172870.0,172665.0,172825.0,108393,5,360158
WIN$D,M15,1646315100,172820.0,172930.0,172740.0,172820.0,120458,5,391760
WIN$D,M15,1646316000,172815.0,172990.0,172800.0,172930.0,89894,5,291992
WIN$D,M15,1646316900,172930.0,172950.0,172590.0,172645.0,119818,5,398392
WIN$D,M15,1646317800,172650.0,173095.0,172630.0,172760.0,227122,5,719659
WIN$D,M15,1646318700,172760.0,172795.0,172625.0,172775.0,107623,5,334893
WIN$D,M15,1646319600,172775.0,172855.0,172670.0,172845.0,93276,5,291819
WIN$D,M15,1646320500,172840.0,173005.0,172815.0,172895.0,94925,5,304697
WIN$D,M15,1646321400,172895.0,172905.0,172745.0,172785.0,92728,5,295044
WIN$D,M15,1646322300,172785.0,172850.0,172680.0,172700.0,88014,5,277898
WIN$D,M15,1646323200,172695.0,172900.0,172670.0,172875.0,88339,5,274879
WIN$D,M15,1646324100,172880.0,172995.0,172805.0,172840.0,93930,5,306485
WIN$D,M15,1646325000,172840.0,172875.0,172750.0,172780.0,58953,5,191677
WIN$D,M15,1646325900,172780.0,172795.0,172515.0,172620.0,111298,5,366400
WIN$D,M15,1646326800,172620.0,172635.0,172455.0,172505.0,80592,5,272745
WIN$D,M15,1646327700,172500.0,172625.0,172480.0,172585.0,71575,5,235786
WIN$D,M15,1646328600,172580.0,172625.0,172335.0,172360.0,97075,5,294797
WIN$D,M15,1646329500,172360.0,172590.0,172325.0,172505.0,101869,5,298356
WIN$D,M15,1646330400,172505.0,172795.0,172485.0,172740.0,67987,5,218021
WIN$D,M15,1646331300,172740.0,172760.0,172595.0,172745.0,20104,5,61115
WIN$D,M15,1646384400,171930.0,172165.0,171850.0,171975.0,198034,5,481047
WIN$D,M15,1646385300,171975.0,172090.0,171785.0,171915.0,182828,5,571481
WIN$D,M15,1646386200,171915.0,172250.0,171900.0,172250.0,157715,5,455228
WIN$D,M15,1646387100,172250.0,172280.0,172075.0,172130.0,125496,5,383085
WIN$D,M15,1646388000,172135.0,172240.0,171840.0,172040.0,249800,5,763569
WIN$D,M15,1646388900,172035.0,172200.0,171890.0,172040.0,195041,5,574664
WIN$D,M15,1646389800,172035.0,172325.0,171805.0,171885.0,273344,5,764794
WIN$D,M15,1646390700,171885.0,171955.0,171440.0,171550.0,238394,5,751750
WIN$D,M15,1646391600,171545.0,171650.0,171445.0,171460.0,147412,5,464996
WIN$D,M15,1646392500,171460.0,171530.0,171280.0,171285.0,161979,5,504748
WIN$D,M15,1646393400,171290.0,171405.0,171165.0,171260.0,195311,5,609582
WIN$D,M15,1646394300,171260.0,171335.0,171070.0,171310.0,181231,5,594165
WIN$D,M15,1646395200,171315.0,171360.0,170935.0,170935.0,172407,5,539341
WIN$D,M15,1646396100,170935.0,171045.0,170835.0,171030.0,139093,5,450460
WIN$D,M15,1646397000,171025.0,171035.0,170695.0,170765.0,160657,5,492042
WIN$D,M15,1646397900,170765.0,170780.0,170690.0,170765.0,87386,5,266992
WIN$D,M15,1646398800,170770.0,170805.0,170680.0,170770.0,87378,5,294114
WIN$D,M15,1646399700,170770.0,170975.0,170730.0,170940.0,116829,5,395085
WIN$D,M15,1646400600,170935.0,170945.0,170700.0,170895.0,125823,5,388632
WIN$D,M15,1646401500,170900.0,170990.0,170860.0,170910.0,84477,5,262530
WIN$D,M15,1646402400,170910.0,171065.0,170840.0,171020.0,124461,5,437175
WIN$D,M15,1646403300,171020.0,171120.0,171000.0,171115.0,108596,5,384349
WIN$D,M15,1646404200,171115.0,171170.0,171035.0,171045.0,89395,5,312755
WIN$D,M15,1646405100,171045.0,171215.0,171025.0,171195.0,81111,5,266074
WIN$D,M15,1646406000,171195.0,171460.0,171195.0,171380.0,137225,5,467273
WIN$D,M15,1646406900,171375.0,171425.0,171260.0,171330.0,102789,5,347073
WIN$D,M15,1646407800,171330.0,171395.0,171240.0,171255.0,91770,5,314377
WIN$D,M15,1646408700,171250.0,171265.0,171110.0,171130.0,90439,5,303591
WIN$D,M15,1646409600,171125.0,171170.0,170990.0,171050.0,98696,5,346851
WIN$D,M15,1646410500,171055.0,171220.0,171000.0,171175.0,96666,5,325565
WIN$D,M15,1646411400,171175.0,171265.0,171065.0,171100.0,94036,5,341776
WIN$D,M15,1646412300,171100.0,171160.0,170945.0,170970.0,94803,5,363805
WIN$D,M15,1646413200,170970.0,171110.0,170935.0,171005.0,87224,5,321793
WIN$D,M15,1646414100,171010.0,171280.0,171005.0,171245.0,87001,5,304847
WIN$D,M15,1646415000,171245.0,171410.0,171210.0,171350.0,97148,5,320617
WIN$D,M15,1646415900,171350.0,171965.0,171315.0,171930.0,189190,5,595434
WIN$D,M15,1646416800,171930.0,171935.0,171710.0,171785.0,70728,5,216571
WIN$D,M15,1646417700,171790.0,171855.0,171680.0,171720.0,20819,5,67853
WIN$D,M15,1646643600,171275.0,171505.0,170880.0,170895.0,222626,5,561529
WIN$D,M15,1646644500,170900.0,171290.0,170885.0,171190.0,195780,5,597778
WIN$D,M15,1646645400,171190.0,171225.0,170955.0,170990.0,164963,5,540027
WIN$D,M15,1646646300,170990.0,171105.0,170945.0,171005.0,110219,5,349756
WIN$D,M15,1646647200,171010.0,171330.0,170955.0,171315.0,192329,5,597039
WIN$D,M15,1646648100,171310.0,171705.0,171255.0,171625.0,234176,5,784463
WIN$D,M15,1646649000,171620.0,171680.0,171510.0,171620.0,159661,5,519327
WIN$D,M15,1646649900,171620.0,171765.0,171515.0,171525.0,181015,5,632874
WIN$D,M15,1646650800,171525.0,171550.0,171350.0,171350.0,145807,5,499726
WIN$D,M15,1646651700,171350.0,171535.0,171285.0,171400.0,140251,5,459178
WIN$D,M15,1646652600,171405.0,171510.0,171060.0,171080.0,259361,5,834612
WIN$D,M15,1646653500,171080.0,171255.0,171015.0,171070.0,186397,5,593435
WIN$D,M15,1646654400,171070.0,171350.0,171040.0,171050.0,186345,5,602755
WIN$D,M15,1646655300,171050.0,171100.0,170715.0,170735.0,176797,5,569044
WIN$D,M15,1646656200,170730.0,170885.0,170715.0,170820.0,118239,5,384553
WIN$D,M15,1646657100,170815.0,170880.0,170695.0,170765.0,101896,5,333527
WIN$D,M15,1646658000,170760.0,170895.0,170715.0,170785.0,104172,5,329940
WIN$D,M15,1646658900,170780.0,170865.0,170570.0,170610.0,134873,5,429902
WIN$D,M15,1646659800,170605.0,170625.0,170240.0,170265.0,152207,5,505433
WIN$D,M15,1646660700,170260.0,170290.0,170160.0,170195.0,105068,5,356100
WIN$D,M15,1646661600,170195.0,170205.0,170040.0,170100.0,117213,5,407278
WIN$D,M15,1646662500,170100.0,170160.0,169805.0,169995.0,142800,5,484261
WIN$D,M15,1646663400,169995.0,170070.0,169945.0,169965.0,98943,5,322052
WIN$D,M15,1646664300,169960.0,170055.0,169670.0,169790.0,156452,5,512115
WIN$D,M15,1646665200,169785.0,169860.0,169685.0,169700.0,95438,5,313963
WIN$D,M15,1646666100,169705.0,169710.0,169565.0,169670.0,110904,5,386549
WIN$D,M15,1646667000,169675.0,169750.0,169660.0,169695.0,69036,5,227916
WIN$D,M15,1646667900,169690.0,169745.0,169575.0,169605.0,88561,5,305413
WIN$D,M15,1646668800,169605.0,169645.0,169450.0,169545.0,93412,5,339486
WIN$D,M15,1646669700,169540.0,169575.0,169375.0,169460.0,76276,5,266458
WIN$D,M15,1646670600,169460.0,169490.0,169110.0,169130.0,117639,5,445370
WIN$D,M15,1646671500,169130.0,169255.0,169095.0,169175.0,94756,5,328970
WIN$D,M15,1646672400,169170.0,169220.0,168745.0,168815.0,143719,5,571565
WIN$D,M15,1646673300,168810.0,169010.0,168800.0,168995.0,89807,5,320908
WIN$D,M15,1646674200,168990.0,168995.0,168640.0,168820.0,130299,5,444438
WIN$D,M15,1646675100,168825.0,168830.0,168260.0,168295.0,149952,5,499551
WIN$D,M15,1646676000,168295.0,168355.0,168040.0,168080.0,101082,5,322746
WIN$D,M15,1646676900,168085.0,168155.0,167950.0,167950.0,32275,5,106496
WIN$D,M15,1646730000,168855.0,169605.0,168850.0,169595.0,227621,5,594062
WIN$D,M15,1646730900,169595.0,169685.0,169535.0,169585.0,140170,5,418831
WIN$D,M15,1646731800,169590.0,169780.0,169555.0,169605.0,154994,5,498617
WIN$D,M15,1646732700,169610.0,169635.0,169350.0,169400.0,136689,5,417024
WIN$D,M15,1646733600,169400.0,169440.0,168985.0,169155.0,329804,5,1040344
WIN$D,M15,1646734500,169155.0,169545.0,169115.0,169325.0,272718,5,803435
WIN$D,M15,1646735400,169325.0,169395.0,169000.0,169020.0,267951,5,804760
WIN$D,M15,1646736300,169025.0,169040.0,168685.0,168755.0,241695,5,738834
WIN$D,M15,1646737200,168760.0,169125.0,168660.0,168920.0,282176,5,876260
WIN$D,M15,1646738100,168920.0,169170.0,168850.0,169125.0,189995,5,623495
WIN$D,M15,1646739000,169125.0,169165.0,168385.0,168740.0,377683,5,1212333
WIN$D,M15,1646739900,168740.0,168985.0,168590.0,168910.0,247007,5,749580
WIN$D,M15,1646740800,168910.0,168915.0,168420.0,168550.0,201218,5,641654
WIN$D,M15,1646741700,168550.0,169075.0,168530.0,168565.0,234006,5,767134
WIN$D,M15,1646742600,168570.0,168655.0,168310.0,168525.0,204416,5,709060
WIN$D,M15,1646743500,168530.0,168630.0,168290.0,168595.0,176626,5,602258
WIN$D,M15,1646744400,168595.0,168745.0,168515.0,168645.0,147458,5,480645
WIN$D,M15,1646745300,168645.0,168710.0,168235.0,168335.0,159889,5,530985
WIN$D,M15,1646746200,168335.0,168365.0,168130.0,168230.0,154017,5,524631
WIN$D,M15,1646747100,168230.0,168465.0,168210.0,168385.0,119169,5,414409
WIN$D,M15,1646748000,168380.0,168925.0,168355.0,168915.0,176843,5,618687
WIN$D,M15,1646748900,168910.0,169155.0,168780.0,168820.0,251260,5,902404
WIN$D,M15,1646749800,168815.0,168960.0,168420.0,168825.0,234040,5,838451
WIN$D,M15,1646750700,168820.0,169270.0,168730.0,169090.0,209210,5,723921
WIN$D,M15,1646751600,169090.0,169580.0,169090.0,169200.0,184743,5,652116
WIN$D,M15,1646752500,169195.0,169300.0,168745.0,168835.0,172599,5,617518
WIN$D,M15,1646753400,168840.0,168850.0,168490.0,168675.0,185072,5,660405
WIN$D,M15,1646754300,168680.0,168735.0,168470.0,168600.0,158319,5,596480
WIN$D,M15,1646755200,168600.0,168820.0,168450.0,168605.0,184227,5,660960
WIN$D,M15,1646756100,168600.0,168930.0,168495.0,168895.0,153286,5,545960
WIN$D,M15,1646757000,168890.0,169030.0,168655.0,168915.0,157603,5,600208
WIN$D,M15,1646757900,168915.0,169030.0,168710.0,168825.0,133902,5,528798
WIN$D,M15,1646758800,168825.0,169125.0,168795.0,168970.0,119805,5,467098
WIN$D,M15,1646759700,168970.0,168995.0,168455.0,168480.0,102055,5,353403
WIN$D,M15,1646760600,168475.0,168600.0,168305.0,168350.0,135325,5,409735
WIN$D,M15,1646761500,168350.0,168665.0,168320.0,168410.0,109424,5,316947
WIN$D,M15,1646762400,168405.0,168560.0,168235.0,168305.0,84553,5,221611
WIN$D,M15,1646763300,168310.0,168485.0,168135.0,168145.0,27410,5,71731
WIN$D,M15,1646816400,169525.0,169890.0,169330.0,169340.0,231625,5,553255
WIN$D,M15,1646817300,169340.0,169475.0,169280.0,169385.0,143564,5,426704
WIN$D,M15,1646818200,169390.0,169400.0,169165.0,169235.0,118479,5,376386
WIN$D,M15,1646819100,169230.0,169320.0,169120.0,169240.0,117475,5,377026
WIN$D,M15,1646820000,169240.0,169285.0,168905.0,168915.0,258733,5,824688
WIN$D,M15,1646820900,168915.0,169065.0,168795.0,168875.0,224580,5,726896
WIN$D,M15,1646821800,168870.0,169170.0,168825.0,169140.0,200470,5,666761
WIN$D,M15,1646822700,169140.0,169470.0,169115.0,169380.0,192395,5,650737
WIN$D,M15,1646823600,169375.0,170010.0,169350.0,169850.0,273686,5,889386
WIN$D,M15,1646824500,169845.0,170085.0,169660.0,170030.0,206532,5,679915
WIN$D,M15,1646825400,170030.0,170305.0,169915.0,170265.0,248574,5,856788
WIN$D,M15,1646826300,170260.0,170325.0,169980.0,170115.0,186181,5,635266
WIN$D,M15,1646827200,170120.0,170545.0,170120.0,170540.0,193872,5,665561
WIN$D,M15,1646828100,170535.0,170545.0,170305.0,170370.0,135800,5,477887
WIN$D,M15,1646829000,170370.0,170470.0,170300.0,170405.0,98436,5,362368
WIN$D,M15,1646829900,170400.0,170420.0,170260.0,170380.0,92408,5,329972
WIN$D,M15,1646830800,170375.0,170470.0,170275.0,170415.0,93225,5,319318
WIN$D,M15,1646831700,170415.0,170490.0,170355.0,170425.0,78480,5,267379
WIN$D,M15,1646832600,170430.0,170625.0,170390.0,170525.0,116506,5,434397
WIN$D,M15,1646833500,170525.0,170540.0,170380.0,170380.0,89369,5,327076
WIN$D,M15,1646834400,170380.0,170455.0,170230.0,170305.0,92417,5,340868
WIN$D,M15,1646835300,170305.0,170365.0,170200.0,170335.0,115435,5,392161
WIN$D,M15,1646836200,170330.0,170720.0,170325.0,170580.0,160133,5,573985
WIN$D,M15,1646837100,170585.0,170670.0,170495.0,170555.0,90984,5,328160
WIN$D,M15,1646838000,170555.0,170700.0,170450.0,170675.0,98672,5,374640
WIN$D,M15,1646838900,170670.0,170920.0,170635.0,170850.0,143653,5,500155
WIN$D,M15,1646839800,170855.0,170855.0,170620.0,170740.0,121965,5,457380
WIN$D,M15,1646840700,170740.0,170750.0,170400.0,170500.0,145766,5,521424
WIN$D,M15,1646841600,170500.0,170625.0,170400.0,170420.0,96189,5,344701
WIN$D,M15,1646842500,170415.0,170540.0,170415.0,170505.0,73869,5,262644
WIN$D,M15,1646843400,170510.0,170610.0,170435.0,170585.0,75026,5,270667
WIN$D,M15,1646844300,170585.0,170875.0,170550.0,170830.0,103746,5,382052
WIN$D,M15,1646845200,170825.0,171080.0,170820.0,171045.0,106842,5,414570
WIN$D,M15,1646846100,171040.0,171150.0,170980.0,171030.0,90278,5,328053
WIN$D,M15,1646847000,171025.0,171265.0,170890.0,170985.0,117177,5,377458
WIN$D,M15,1646847900,170980.0,171035.0,170810.0,170965.0,95207,5,302928
WIN$D,M15,1646848800,170965.0,171115.0,170925.0,171080.0,60908,5,180598
WIN$D,M15,1646849700,171075.0,171135.0,170910.0,170925.0,29161,5,87266
WIN$D,M15,1646902800,170285.0,170430.0,170030.0,170215.0,211467,5,511811
WIN$D,M15,1646903700,170210.0,170310.0,170080.0,170230.0,125948,5,366880
WIN$D,M15,1646904600,170230.0,170235.0,169935.0,169935.0,155576,5,464355
WIN$D,M15,1646905500,169945.0,170050.0,169890.0,169980.0,134591,5,393410
WIN$D,M15,1646906400,169985.0,170785.0,169895.0,170545.0,351580,5,1123737
WIN$D,M15,1646907300,170545.0,170580.0,169715.0,169745.0,268527,5,904023
WIN$D,M15,1646908200,169745.0,170145.0,169560.0,169655.0,285617,5,890696
WIN$D,M15,1646909100,169655.0,169865.0,169400.0,169495.0,218486,5,681996
WIN$D,M15,1646910000,169500.0,169535.0,168955.0,169125.0,205341,5,651161
WIN$D,M15,1646910900,169125.0,169160.0,168990.0,169095.0,106508,5,339490
WIN$D,M15,1646911800,169090.0,169400.0,168910.0,169190.0,294934,5,961370
WIN$D,M15,1646912700,169190.0,169735.0,169155.0,169695.0,200851,5,640665
WIN$D,M15,1646913600,169695.0,169700.0,169370.0,169540.0,182280,5,599043
WIN$D,M15,1646914500,169540.0,169895.0,169530.0,169705.0,175291,5,575371
WIN$D,M15,1646915400,169700.0,169825.0,169530.0,169725.0,161215,5,544316
WIN$D,M15,1646916300,169730.0,169855.0,169580.0,169805.0,139837,5,471588
WIN$D,M15,1646917200,169805.0,169820.0,169560.0,169775.0,114509,5,398676
WIN$D,M15,1646918100,169775.0,169880.0,169680.0,169815.0,116442,5,405092
WIN$D,M15,1646919000,169815.0,169975.0,169780.0,169905.0,133977,5,454570
WIN$D,M15,1646919900,169910.0,170030.0,169785.0,169980.0,100133,5,339718
WIN$D,M15,1646920800,169980.0,170030.0,169700.0,169785.0,101316,5,343921
WIN$D,M15,1646921700,169780.0,169865.0,169640.0,169750.0,109186,5,351712
WIN$D,M15,1646922600,169750.0,169905.0,169660.0,169675.0,108774,5,369024
WIN$D,M15,1646923500,169675.0,169745.0,169535.0,169690.0,113289,5,394277
WIN$D,M15,1646924400,169695.0,169855.0,169570.0,169775.0,110683,5,367801
WIN$D,M15,1646925300,169775.0,170230.0,169760.0,170195.0,156622,5,520480
WIN$D,M15,1646926200,170195.0,170400.0,170165.0,170380.0,118386,5,391298
WIN$D,M15,1646927100,170380.0,170540.0,170370.0,170470.0,106354,5,357943
WIN$D,M15,1646928000,170470.0,170630.0,170395.0,170510.0,115784,5,389081
WIN$D,M15,1646928900,170510.0,170590.0,170445.0,170495.0,80728,5,273604
WIN$D,M15,1646929800,170505.0,170580.0,170345.0,170360.0,84796,5,302083
WIN$D,M15,1646930700,170360.0,170700.0,170350.0,170695.0,114051,5,396125
WIN$D,M15,1646931600,170690.0,170710.0,170315.0,170535.0,115009,5,409481
WIN$D,M15,1646932500,170525.0,170595.0,170420.0,170550.0,82743,5,281042
WIN$D,M15,1646933400,170545.0,170570.0,170405.0,170460.0,80214,5,253814
WIN$D,M15,1646934300,170465.0,170735.0,170420.0,170625.0,93535,5,321603
WIN$D,M15,1646935200,170620.0,170750.0,170495.0,170515.0,68625,5,208647
WIN$D,M15,1646936100,170515.0,170735.0,170470.0,170735.0,29253,5,84803
WIN$D,M15,1646989200,171735.0,171875.0,171470.0,171625.0,219814,5,513763
WIN$D,M15,1646990100,171620.0,171640.0,171290.0,171290.0,174782,5,486114
WIN$D,M15,1646991000,171290.0,171380.0,171190.0,171295.0,128596,5,378371
WIN$D,M15,1646991900,171290.0,171345.0,171100.0,171190.0,132677,5,402354
WIN$D,M15,1646992800,171190.0,171650.0,171110.0,171350.0,290727,5,866729
WIN$D,M15,1646993700,171350.0,171360.0,171015.0,171260.0,236671,5,703900
WIN$D,M15,1646994600,171260.0,171400.0,170890.0,170925.0,335946,5,1004763
WIN$D,M15,1646995500,170930.0,171280.0,170895.0,171195.0,227520,5,676717
WIN$D,M15,1646996400,171195.0,171320.0,171070.0,171170.0,171928,5,524594
WIN$D,M15,1646997300,171165.0,171390.0,171085.0,171225.0,171050,5,534472
WIN$D,M15,1646998200,171225.0,171375.0,170950.0,170990.0,244590,5,776827
WIN$D,M15,1646999100,170990.0,171125.0,170500.0,170580.0,223295,5,732647
WIN$D,M15,1647000000,170575.0,170650.0,170335.0,170555.0,196654,5,663763
WIN$D,M15,1647000900,170560.0,170615.0,170235.0,170470.0,167405,5,535508
WIN$D,M15,1647001800,170470.0,170570.0,170270.0,170390.0,139467,5,455606
WIN$D,M15,1647002700,170390.0,170520.0,170345.0,170420.0,96635,5,298088
WIN$D,M15,1647003600,170420.0,170570.0,170385.0,170525.0,91121,5,293461
WIN$D,M15,1647004500,170525.0,170640.0,170475.0,170500.0,97113,5,315904
WIN$D,M15,1647005400,170500.0,170535.0,170145.0,170230.0,136719,5,456222
WIN$D,M15,1647006300,170225.0,170315.0,170155.0,170205.0,94057,5,308579
WIN$D,M15,1647007200,170200.0,170405.0,170165.0,170395.0,102577,5,329917
WIN$D,M15,1647008100,170395.0,170560.0,170365.0,170425.0,109209,5,354677
WIN$D,M15,1647009000,170425.0,170535.0,170310.0,170370.0,92566,5,311339
WIN$D,M15,1647009900,170365.0,170510.0,170350.0,170445.0,76243,5,266477
WIN$D,M15,1647010800,170445.0,170485.0,170235.0,170265.0,96772,5,318635
WIN$D,M15,1647011700,170260.0,170330.0,170205.0,170300.0,78517,5,266006
WIN$D,M15,1647012600,170295.0,170430.0,170290.0,170380.0,76388,5,262273
WIN$D,M15,1647013500,170385.0,170395.0,169945.0,169985.0,141109,5,491533
WIN$D,M15,1647014400,169985.0,170120.0,169955.0,170070.0,82106,5,287464
WIN$D,M15,1647015300,170070.0,170275.0,169980.0,170230.0,97612,5,332218
WIN$D,M15,1647016200,170230.0,170260.0,169780.0,169800.0,113206,5,407049
WIN$D,M15,1647017100,169795.0,169800.0,169045.0,169430.0,207590,5,743000
WIN$D,M15,1647018000,169425.0,169425.0,168500.0,168600.0,211671,5,748485
WIN$D,M15,1647018900,168605.0,168965.0,168280.0,168365.0,160021,5,512929
WIN$D,M15,1647019800,168360.0,168785.0,168345.0,168710.0,119278,5,355110
WIN$D,M15,1647020700,168710.0,168955.0,168540.0,168650.0,108530,5,310114
WIN$D,M15,1647021600,168645.0,168870.0,168540.0,168725.0,73298,5,204480
WIN$D,M15,1647022500,168720.0,169035.0,168710.0,169035.0,35948,5,94743
WIN$D,M15,1647248400,168885.0,169125.0,168645.0,169125.0,225220,5,555582
WIN$D,M15,1647249300,169120.0,169260.0,168920.0,169115.0,196047,5,532926
WIN$D,M15,1647250200,169110.0,169305.0,169095.0,169165.0,106214,5,314408
WIN$D,M15,1647251100,169165.0,169220.0,168745.0,169205.0,242497,5,653985
WIN$D,M15,1647252000,169205.0,169430.0,169090.0,169140.0,250259,5,706813
WIN$D,M15,1647252900,169145.0,169310.0,168490.0,168500.0,292518,5,848130
WIN$D,M15,1647253800,168500.0,168640.0,167925.0,168110.0,332831,5,1073229
WIN$D,M15,1647254700,168105.0,168120.0,167615.0,167855.0,227085,5,782873
WIN$D,M15,1647255600,167860.0,168140.0,167755.0,168040.0,172846,5,585866
WIN$D,M15,1647256500,168045.0,168325.0,168010.0,168255.0,168394,5,554629
WIN$D,M15,1647257400,168255.0,168280.0,167720.0,167855.0,252322,5,821947
WIN$D,M15,1647258300,167850.0,168090.0,167665.0,168035.0,213068,5,649731
WIN$D,M15,1647259200,168035.0,168160.0,167755.0,168110.0,147200,5,453233
WIN$D,M15,1647260100,168105.0,168245.0,167990.0,167990.0,127039,5,411165
WIN$D,M15,1647261000,167995.0,168040.0,167380.0,167525.0,201142,5,644773
WIN$D,M15,1647261900,167525.0,167605.0,167255.0,167275.0,142477,5,457527
WIN$D,M15,1647262800,167280.0,167445.0,167120.0,167185.0,172025,5,534838
WIN$D,M15,1647263700,167180.0,167410.0,167145.0,167380.0,105536,5,320751
WIN$D,M15,1647264600,167380.0,167475.0,167270.0,167375.0,114323,5,355669
WIN$D,M15,1647265500,167375.0,167420.0,167010.0,167085.0,183680,5,598315
WIN$D,M15,1647266400,167090.0,167210.0,166955.0,167030.0,131757,5,424134
WIN$D,M15,1647267300,167025.0,167275.0,167000.0,167095.0,117991,5,362958
WIN$D,M15,1647268200,167090.0,167160.0,167005.0,167060.0,116876,5,368814
WIN$D,M15,1647269100,167055.0,167250.0,166900.0,167055.0,167405,5,561781
WIN$D,M15,1647270000,167055.0,167135.0,166860.0,166975.0,105253,5,346472
WIN$D,M15,1647270900,166970.0,167090.0,166670.0,166705.0,163142,5,538928
WIN$D,M15,1647271800,166705.0,166955.0,166665.0,166865.0,136875,5,439275
WIN$D,M15,1647272700,166865.0,167035.0,166775.0,166885.0,117699,5,383352
WIN$D,M15,1647273600,166890.0,167145.0,166885.0,167130.0,121554,5,400226
WIN$D,M15,1647274500,167125.0,167230.0,166875.0,166900.0,134669,5,431577
WIN$D,M15,1647275400,166900.0,166925.0,166640.0,166915.0,134902,5,419367
WIN$D,M15,1647276300,166915.0,167215.0,166790.0,166955.0,178748,5,554244
WIN$D,M15,1647277200,166960.0,167110.0,166800.0,166955.0,100753,5,292267
WIN$D,M15,1647278100,166960.0,166985.0,166860.0,166875.0,50091,5,143277
WIN$D,M15,1647279000,166870.0,166925.0,166695.0,166925.0,67957,5,206079
WIN$D,M15,1647279900,166925.0,167000.0,166760.0,166945.0,35615,5,109269
WIN$D,M15,1647334800,167015.0,167080.0,166245.0,166440.0,252683,5,633222
WIN$D,M15,1647335700,166445.0,166595.0,166270.0,166295.0,147538,5,415456
WIN$D,M15,1647336600,166295.0,166460.0,166195.0,166225.0,177269,5,526993
WIN$D,M15,1647337500,166230.0,166320.0,166105.0,166155.0,170084,5,579279
WIN$D,M15,1647338400,166155.0,166195.0,165700.0,165955.0,270100,5,902629
WIN$D,M15,1647339300,165950.0,165980.0,165645.0,165650.0,212397,5,696057
WIN$D,M15,1647340200,165650.0,165655.0,165235.0,165315.0,294377,5,1028288
WIN$D,M15,1647341100,165315.0,165380.0,165000.0,165015.0,231529,5,808998
WIN$D,M15,1647342000,165015.0,165110.0,164705.0,164950.0,223709,5,824996
WIN$D,M15,1647342900,164945.0,165520.0,164925.0,165455.0,191292,5,693235
WIN$D,M15,1647343800,165460.0,165650.0,165425.0,165630.0,189708,5,713825
WIN$D,M15,1647344700,165635.0,165995.0,165550.0,165765.0,201630,5,744106
WIN$D,M15,1647345600,165760.0,165830.0,165535.0,165725.0,194744,5,651607
WIN$D,M15,1647346500,165725.0,166085.0,165700.0,166040.0,163364,5,566902
WIN$D,M15,1647347400,166040.0,166125.0,165870.0,165895.0,107481,5,369697
WIN$D,M15,1647348300,165895.0,166230.0,165740.0,165795.0,186893,5,671677
WIN$D,M15,1647349200,165800.0,165970.0,165675.0,165910.0,133133,5,459232
WIN$D,M15,1647350100,165915.0,166520.0,165880.0,166445.0,177154,5,604735
WIN$D,M15,1647351000,166440.0,166485.0,166150.0,166150.0,120314,5,430547
WIN$D,M15,1647351900,166150.0,166200.0,165915.0,166110.0,126224,5,420963
WIN$D,M15,1647352800,166105.0,166165.0,165915.0,165950.0,103570,5,368330
WIN$D,M15,1647353700,165945.0,165985.0,165740.0,165770.0,124884,5,452427
WIN$D,M15,1647354600,165775.0,165820.0,165650.0,165720.0,115809,5,405231
WIN$D,M15,1647355500,165720.0,165965.0,165590.0,165935.0,128855,5,449060
WIN$D,M15,1647356400,165935.0,165940.0,165610.0,165685.0,120817,5,399735
WIN$D,M15,1647357300,165685.0,165725.0,165325.0,165555.0,147404,5,491812
WIN$D,M15,1647358200,165550.0,165685.0,165465.0,165555.0,104683,5,344468
WIN$D,M15,1647359100,165550.0,165985.0,165535.0,165890.0,138161,5,454208
WIN$D,M15,1647360000,165885.0,165930.0,165685.0,165810.0,112987,5,370443
WIN$D,M15,1647360900,165815.0,166125.0,165785.0,166070.0,123714,5,426582
WIN$D,M15,1647361800,166075.0,166160.0,165940.0,165995.0,100281,5,347425
WIN$D,M15,1647362700,166000.0,166050.0,165720.0,165835.0,145616,5,474559
WIN$D,M15,1647363600,165835.0,165875.0,165670.0,165725.0,97884,5,300835
WIN$D,M15,1647364500,165725.0,165795.0,165615.0,165660.0,62726,5,180760
WIN$D,M15,1647365400,165660.0,166005.0,165615.0,165890.0,88872,5,223440
WIN$D,M15,1647366300,165890.0,165940.0,165825.0,165825.0,27809,5,68473
WIN$D,M15,1647421200,167390.0,167615.0,167205.0,167435.0,196607,5,582139
WIN$D,M15,1647422100,167435.0,167450.0,167085.0,167105.0,148797,5,432578
WIN$D,M15,1647423000,167110.0,167195.0,166990.0,167045.0,127424,5,402993
WIN$D,M15,1647423900,167050.0,167050.0,166840.0,166900.0,145715,5,503094
WIN$D,M15,1647424800,166900.0,167375.0,166790.0,167295.0,226449,5,744341
WIN$D,M15,1647425700,167300.0,167615.0,167100.0,167285.0,255822,5,842156
WIN$D,M15,1647426600,167285.0,167500.0,167070.0,167455.0,273462,5,858799
WIN$D,M15,1647427500,167455.0,167690.0,167420.0,167570.0,206855,5,651730
WIN$D,M15,1647428400,167570.0,167780.0,167540.0,167650.0,182892,5,577089
WIN$D,M15,1647429300,167650.0,167980.0,167635.0,167975.0,184442,5,636317
WIN$D,M15,1647430200,167975.0,168145.0,167650.0,167720.0,192777,5,675397
WIN$D,M15,1647431100,167720.0,167750.0,167435.0,167550.0,166864,5,579428
WIN$D,M15,1647432000,167555.0,167645.0,167230.0,167385.0,166235,5,559799
WIN$D,M15,1647432900,167385.0,167415.0,167245.0,167300.0,92771,5,304495
WIN$D,M15,1647433800,167300.0,167360.0,167210.0,167300.0,83198,5,283428
WIN$D,M15,1647434700,167300.0,167475.0,167225.0,167355.0,107424,5,362123
WIN$D,M15,1647435600,167355.0,167495.0,167255.0,167460.0,86224,5,308292
WIN$D,M15,1647436500,167460.0,167525.0,167395.0,167525.0,60832,5,211377
WIN$D,M15,1647437400,167525.0,167590.0,166880.0,167270.0,191121,5,631877
WIN$D,M15,1647438300,167275.0,167280.0,166955.0,167145.0,136925,5,441473
WIN$D,M15,1647439200,167145.0,167245.0,166625.0,166760.0,156720,5,507112
WIN$D,M15,1647440100,166765.0,167040.0,166700.0,167015.0,146134,5,455525
WIN$D,M15,1647441000,167015.0,167200.0,166925.0,167125.0,113274,5,397645
WIN$D,M15,1647441900,167130.0,167215.0,166845.0,166980.0,119904,5,381097
WIN$D,M15,1647442800,166980.0,166985.0,166110.0,166285.0,275006,5,874029
WIN$D,M15,1647443700,166280.0,166610.0,166195.0,166320.0,185933,5,571516
WIN$D,M15,1647444600,166325.0,166900.0,165985.0,166855.0,253272,5,798860
WIN$D,M15,1647445500,166860.0,167445.0,166745.0,167180.0,211217,5,705639
WIN$D,M15,1647446400,167180.0,167415.0,167075.0,167340.0,159234,5,502199
WIN$D,M15,1647447300,167345.0,167625.0,167235.0,167570.0,135155,5,440528
WIN$D,M15,1647448200,167575.0,167600.0,167335.0,167350.0,95375,5,310966
WIN$D,M15,1647449100,167355.0,168160.0,167325.0,168155.0,169989,5,577789
WIN$D,M15,1647450000,168155.0,168290.0,167970.0,168045.0,110218,5,323430
WIN$D,M15,1647450900,168050.0,168420.0,168045.0,168285.0,90615,5,249338
WIN$D,M15,1647451800,168290.0,168420.0,168155.0,168330.0,73997,5,175633
WIN$D,M15,1647452700,168325.0,168465.0,168245.0,168465.0,31099,5,74596
WIN$D,M15,1647507600,168145.0,168245.0,167730.0,167785.0,190570,5,502068
WIN$D,M15,1647508500,167785.0,168545.0,167785.0,168415.0,228015,5,665067
WIN$D,M15,1647509400,168420.0,168585.0,168070.0,168145.0,192938,5,556651
WIN$D,M15,1647510300,168150.0,168600.0,168105.0,168490.0,245579,5,755261
WIN$D,M15,1647511200,168490.0,168860.0,168305.0,168750.0,268393,5,829159
WIN$D,M15,1647512100,168755.0,169020.0,168600.0,168665.0,216296,5,692869
WIN$D,M15,1647513000,168670.0,168935.0,168330.0,168870.0,285433,5,874571
WIN$D,M15,1647513900,168875.0,168965.0,168010.0,168275.0,294956,5,953056
WIN$D,M15,1647514800,168280.0,168535.0,168085.0,168200.0,218759,5,707048
WIN$D,M15,1647515700,168200.0,168485.0,168055.0,168380.0,162636,5,512307
WIN$D,M15,1647516600,168375.0,168415.0,167905.0,168125.0,207962,5,679252
WIN$D,M15,1647517500,168125.0,168645.0,168060.0,168630.0,180759,5,558331
WIN$D,M15,1647518400,168630.0,168840.0,168440.0,168500.0,173562,5,539037
WIN$D,M15,1647519300,168500.0,168810.0,168500.0,168700.0,109507,5,332184
WIN$D,M15,1647520200,168700.0,168905.0,168590.0,168790.0,93439,5,292075
WIN$D,M15,1647521100,168790.0,169005.0,168700.0,168925.0,108504,5,333814
WIN$D,M15,1647522000,168920.0,168935.0,168720.0,168860.0,95627,5,301605
WIN$D,M15,1647522900,168860.0,169100.0,168740.0,168985.0,113459,5,355551
WIN$D,M15,1647523800,168985.0,169075.0,168915.0,169040.0,64272,5,199083
WIN$D,M15,1647524700,169040.0,169310.0,168965.0,169260.0,105282,5,355748
WIN$D,M15,1647525600,169265.0,169430.0,169200.0,169250.0,106915,5,372638
WIN$D,M15,1647526500,169250.0,169425.0,169175.0,169410.0,102946,5,346342
WIN$D,M15,1647527400,169410.0,169790.0,169380.0,169750.0,143324,5,512331
WIN$D,M15,1647528300,169755.0,169940.0,169720.0,169765.0,98509,5,340094
WIN$D,M15,1647529200,169770.0,169815.0,169625.0,169690.0,102371,5,356838
WIN$D,M15,1647530100,169695.0,169835.0,169645.0,169685.0,66765,5,225105
WIN$D,M15,1647531000,169685.0,169935.0,169655.0,169790.0,94757,5,324809
WIN$D,M15,1647531900,169790.0,169810.0,169565.0,169735.0,91664,5,320563
WIN$D,M15,1647532800,169735.0,170010.0,169670.0,169745.0,129477,5,463801
WIN$D,M15,1647533700,169745.0,169940.0,169585.0,169920.0,118954,5,414364
WIN$D,M15,1647534600,169920.0,170005.0,169720.0,169800.0,86204,5,301626
WIN$D,M15,1647535500,169805.0,169960.0,169765.0,169920.0,100130,5,362749
WIN$D,M15,1647536400,169920.0,170125.0,169835.0,169900.0,86991,5,317177
WIN$D,M15,1647537300,169905.0,170045.0,169850.0,169910.0,56073,5,187133
WIN$D,M15,1647538200,169910.0,169975.0,169770.0,169925.0,61066,5,184930
WIN$D,M15,1647539100,169930.0,169980.0,169865.0,169955.0,31008,5,81287
WIN$D,M15,1647594000,169245.0,169525.0,169195.0,169330.0,140109,5,368177
WIN$D,M15,1647594900,169335.0,169750.0,169325.0,169710.0,130130,5,377115
WIN$D,M15,1647595800,169710.0,169830.0,169660.0,169760.0,120992,5,361348
WIN$D,M15,1647596700,169760.0,169765.0,169550.0,169605.0,159856,5,508542
WIN$D,M15,1647597600,169600.0,169885.0,169485.0,169690.0,247414,5,782828
WIN$D,M15,1647598500,169695.0,169825.0,169320.0,169630.0,218295,5,697106
WIN$D,M15,1647599400,169625.0,170140.0,169405.0,170100.0,289324,5,964784
WIN$D,M15,1647600300,170095.0,170500.0,170055.0,170400.0,211477,5,739270
WIN$D,M15,1647601200,170405.0,170905.0,170390.0,170705.0,215691,5,719588
WIN$D,M15,1647602100,170710.0,170965.0,170595.0,170880.0,147431,5,491409
WIN$D,M15,1647603000,170885.0,170940.0,170730.0,170840.0,110469,5,364671
WIN$D,M15,1647603900,170845.0,171025.0,170790.0,170955.0,126463,5,417298
WIN$D,M15,1647604800,170950.0,171115.0,170930.0,170975.0,108239,5,374217
WIN$D,M15,1647605700,170975.0,171005.0,170785.0,170825.0,93573,5,324328
WIN$D,M15,1647606600,170825.0,170990.0,170805.0,170835.0,88160,5,316260
WIN$D,M15,1647607500,170830.0,170910.0,170740.0,170845.0,94516,5,339573
WIN$D,M15,1647608400,170845.0,170960.0,170810.0,170920.0,71963,5,251988
WIN$D,M15,1647609300,170925.0,171015.0,170900.0,170960.0,59775,5,211604
WIN$D,M15,1647610200,170955.0,171080.0,170945.0,171045.0,64071,5,243283
WIN$D,M15,1647611100,171040.0,171125.0,170955.0,171115.0,61414,5,222275
WIN$D,M15,1647612000,171115.0,171370.0,171115.0,171225.0,112428,5,409520
WIN$D,M15,1647612900,171220.0,171555.0,171210.0,171490.0,113323,5,434136
WIN$D,M15,1647613800,171495.0,171525.0,171370.0,171465.0,68981,5,258628
WIN$D,M15,1647614700,171465.0,171490.0,171275.0,171330.0,73512,5,276812
WIN$D,M15,1647615600,171330.0,171415.0,171265.0,171385.0,66004,5,226443
WIN$D,M15,1647616500,171390.0,171455.0,171270.0,171445.0,72445,5,256764
WIN$D,M15,1647617400,171445.0,171580.0,171395.0,171550.0,83492,5,308157
WIN$D,M15,1647618300,171550.0,171795.0,171495.0,171690.0,103007,5,388982
WIN$D,M15,1647619200,171685.0,171785.0,171615.0,171725.0,67546,5,247257
WIN$D,M15,1647620100,171725.0,172065.0,171685.0,171975.0,96090,5,369484
WIN$D,M15,1647621000,171975.0,172175.0,171855.0,171875.0,101504,5,391883
WIN$D,M15,1647621900,171880.0,172195.0,171755.0,172135.0,121331,5,442705
WIN$D,M15,1647622800,172135.0,172230.0,172015.0,172025.0,70636,5,254348
WIN$D,M15,1647623700,172020.0,172175.0,171940.0,172100.0,61249,5,213565
WIN$D,M15,1647624600,172095.0,172120.0,171975.0,172050.0,32370,5,116657
WIN$D,M15,1647625500,172045.0,172175.0,171995.0,172010.0,29363,5,98752
WIN$D,M15,1647853200,171835.0,172310.0,171765.0,171985.0,162898,5,408987
WIN$D,M15,1647854100,171985.0,172110.0,171880.0,171945.0,121237,5,345194
WIN$D,M15,1647855000,171945.0,172175.0,171885.0,172060.0,144726,5,406305
WIN$D,M15,1647855900,172055.0,172230.0,171935.0,172085.0,134562,5,390220
WIN$D,M15,1647856800,172085.0,172755.0,171875.0,172710.0,285597,5,892297
WIN$D,M15,1647857700,172710.0,172875.0,172555.0,172795.0,191688,5,588079
WIN$D,M15,1647858600,172795.0,173185.0,172655.0,172825.0,254485,5,835934
WIN$D,M15,1647859500,172825.0,172855.0,172485.0,172765.0,210036,5,678742
WIN$D,M15,1647860400,172765.0,172875.0,172490.0,172590.0,199021,5,609677
WIN$D,M15,1647861300,172590.0,172760.0,172335.0,172355.0,177207,5,560045
WIN$D,M15,1647862200,172350.0,172560.0,172085.0,172385.0,253495,5,797646
WIN$D,M15,1647863100,172385.0,172710.0,172285.0,172705.0,168438,5,522392
WIN$D,M15,1647864000,172710.0,172735.0,172315.0,172530.0,157403,5,500771
WIN$D,M15,1647864900,172525.0,172750.0,172430.0,172725.0,114075,5,362373
WIN$D,M15,1647865800,172725.0,172805.0,172385.0,172610.0,141442,5,472636
WIN$D,M15,1647866700,172610.0,172855.0,172545.0,172845.0,112103,5,385776
WIN$D,M15,1647867600,172840.0,172905.0,172705.0,172770.0,100873,5,348727
WIN$D,M15,1647868500,172770.0,172950.0,172595.0,172760.0,105650,5,344830
WIN$D,M15,1647869400,172765.0,172775.0,172295.0,172665.0,197305,5,638500
WIN$D,M15,1647870300,172665.0,172690.0,172455.0,172595.0,122491,5,412473
WIN$D,M15,1647871200,172590.0,172625.0,172415.0,172450.0,97698,5,321540
WIN$D,M15,1647872100,172450.0,172460.0,172170.0,172370.0,135490,5,447120
WIN$D,M15,1647873000,172375.0,172815.0,172330.0,172615.0,161680,5,552341
WIN$D,M15,1647873900,172615.0,172795.0,172535.0,172725.0,107726,5,367641
WIN$D,M15,1647874800,172720.0,172760.0,172440.0,172465.0,98093,5,323049
WIN$D,M15,1647875700,172460.0,172930.0,172450.0,172875.0,129466,5,422265
WIN$D,M15,1647876600,172880.0,173130.0,172830.0,173105.0,125051,5,433496
WIN$D,M15,1647877500,173105.0,173170.0,172850.0,172885.0,119853,5,431518
WIN$D,M15,1647878400,172885.0,173000.0,172765.0,172935.0,114261,5,393292
WIN$D,M15,1647879300,172930.0,173075.0,172875.0,173060.0,97370,5,346411
WIN$D,M15,1647880200,173055.0,173100.0,172820.0,172850.0,77930,5,272214
WIN$D,M15,1647881100,172845.0,173090.0,172785.0,173015.0,97322,5,331675
WIN$D,M15,1647882000,173015.0,173230.0,172955.0,173040.0,97223,5,324659
WIN$D,M15,1647882900,173040.0,173170.0,172975.0,173115.0,49779,5,149027
WIN$D,M15,1647883800,173115.0,173170.0,172995.0,173160.0,45051,5,135706
WIN$D,M15,1647884700,173155.0,173280.0,173095.0,173230.0,30183,5,96536
WIN$D,M15,1647939600,173340.0,173485.0,173060.0,173185.0,175685,5,440753
WIN$D,M15,1647940500,173190.0,173370.0,173075.0,173370.0,134791,5,390068
WIN$D,M15,1647941400,173370.0,173620.0,173325.0,173610.0,135184,5,431365
WIN$D,M15,1647942300,173610.0,173680.0,173515.0,173670.0,93454,5,312296
WIN$D,M15,1647943200,173665.0,174055.0,173630.0,174025.0,205149,5,746504
WIN$D,M15,1647944100,174025.0,174425.0,174005.0,174130.0,210837,5,791715
WIN$D,M15,1647945000,174130.0,174370.0,174005.0,174150.0,237810,5,803149
WIN$D,M15,1647945900,174145.0,174205.0,173915.0,174150.0,190532,5,632563
WIN$D,M15,1647946800,174155.0,174260.0,173960.0,174235.0,161715,5,543481
WIN$D,M15,1647947700,174235.0,174330.0,174135.0,174145.0,135508,5,465836
WIN$D,M15,1647948600,174145.0,174225.0,174070.0,174070.0,110351,5,383362
WIN$D,M15,1647949500,174070.0,174255.0,174045.0,174220.0,116130,5,417416
WIN$D,M15,1647950400,174215.0,174235.0,174035.0,174110.0,82246,5,290521
WIN$D,M15,1647951300,174115.0,174225.0,174040.0,174065.0,76867,5,283471
WIN$D,M15,1647952200,174065.0,174145.0,173935.0,173945.0,95285,5,329423
WIN$D,M15,1647953100,173940.0,174035.0,173805.0,173850.0,112450,5,387841
WIN$D,M15,1647954000,173855.0,174145.0,173835.0,174100.0,112094,5,410293
WIN$D,M15,1647954900,174100.0,174110.0,173965.0,174015.0,82292,5,302535
WIN$D,M15,1647955800,174020.0,174025.0,173915.0,173975.0,62391,5,229197
WIN$D,M15,1647956700,173975.0,174100.0,173945.0,174060.0,64257,5,244398
WIN$D,M15,1647957600,174060.0,174135.0,174035.0,174070.0,60151,5,226301
WIN$D,M15,1647958500,174065.0,174160.0,173945.0,174050.0,113286,5,438473
WIN$D,M15,1647959400,174045.0,174130.0,173950.0,174060.0,87945,5,342370
WIN$D,M15,1647960300,174060.0,174100.0,174000.0,174065.0,53169,5,195207
WIN$D,M15,1647961200,174065.0,174115.0,174005.0,174045.0,67089,5,251201
WIN$D,M15,1647962100,174045.0,174135.0,173790.0,173900.0,123570,5,461879
WIN$D,M15,1647963000,173900.0,174020.0,173785.0,173920.0,119958,5,422287
WIN$D,M15,1647963900,173915.0,174070.0,173840.0,173985.0,99827,5,361482
WIN$D,M15,1647964800,173985.0,174040.0,173870.0,173905.0,69895,5,252929
WIN$D,M15,1647965700,173905.0,173955.0,173660.0,173675.0,107741,5,418312
WIN$D,M15,1647966600,173675.0,173930.0,173660.0,173915.0,94013,5,360206
WIN$D,M15,1647967500,173910.0,174275.0,173900.0,174205.0,134661,5,512783
WIN$D,M15,1647968400,174205.0,174255.0,174115.0,174220.0,69494,5,256179
WIN$D,M15,1647969300,174215.0,174305.0,174125.0,174210.0,59862,5,194130
WIN$D,M15,1647970200,174215.0,174250.0,174090.0,174235.0,55137,5,159936
WIN$D,M15,1647971100,174240.0,174375.0,174220.0,174350.0,31961,5,99460
WIN$D,M15,1648026000,173885.0,174025.0,173740.0,173785.0,168716,5,434373
WIN$D,M15,1648026900,173785.0,173985.0,173760.0,173955.0,95037,5,286648
WIN$D,M15,1648027800,173955.0,174120.0,173890.0,174090.0,126949,5,403980
WIN$D,M15,1648028700,174095.0,174110.0,173790.0,174065.0,164045,5,538332
WIN$D,M15,1648029600,174065.0,174315.0,173980.0,174025.0,227892,5,755614
WIN$D,M15,1648030500,174025.0,174190.0,173940.0,174015.0,177391,5,567589
WIN$D,M15,1648031400,174020.0,174260.0,173895.0,174110.0,249606,5,820945
WIN$D,M15,1648032300,174115.0,174210.0,173805.0,174090.0,235764,5,787567
WIN$D,M15,1648033200,174085.0,174625.0,174080.0,174620.0,229018,5,770729
WIN$D,M15,1648034100,174620.0,174800.0,174485.0,174775.0,203723,5,698032
WIN$D,M15,1648035000,174770.0,174900.0,174680.0,174705.0,151361,5,507296
WIN$D,M15,1648035900,174700.0,174870.0,174655.0,174765.0,114276,5,381196
WIN$D,M15,1648036800,174765.0,174930.0,174745.0,174900.0,94958,5,327167
WIN$D,M15,1648037700,174905.0,175070.0,174885.0,174920.0,104233,5,373955
WIN$D,M15,1648038600,174915.0,174960.0,174845.0,174905.0,63309,5,234204
WIN$D,M15,1648039500,174905.0,174910.0,174810.0,174810.0,55629,5,204799
WIN$D,M15,1648040400,174810.0,174825.0,174500.0,174535.0,106034,5,402039
WIN$D,M15,1648041300,174530.0,174630.0,174505.0,174600.0,73257,5,271940
WIN$D,M15,1648042200,174600.0,174680.0,174485.0,174540.0,95108,5,333520
WIN$D,M15,1648043100,174545.0,174615.0,174490.0,174560.0,56714,5,195192
WIN$D,M15,1648044000,174560.0,174570.0,174355.0,174370.0,97226,5,359461
WIN$D,M15,1648044900,174370.0,174395.0,174120.0,174155.0,121176,5,427310
WIN$D,M15,1648045800,174150.0,174270.0,174095.0,174205.0,81016,5,283377
WIN$D,M15,1648046700,174200.0,174530.0,174160.0,174500.0,107084,5,354104
WIN$D,M15,1648047600,174500.0,174520.0,174225.0,174235.0,117042,5,384206
WIN$D,M15,1648048500,174240.0,174460.0,174195.0,174440.0,92221,5,313027
WIN$D,M15,1648049400,174440.0,174495.0,174300.0,174415.0,85930,5,293408
WIN$D,M15,1648050300,174415.0,174470.0,174200.0,174240.0,91409,5,317954
WIN$D,M15,1648051200,174240.0,174385.0,174160.0,174235.0,88935,5,315408
WIN$D,M15,1648052100,174235.0,174520.0,174210.0,174505.0,83292,5,291749
WIN$D,M15,1648053000,174505.0,174670.0,174180.0,174310.0,143720,5,515608
WIN$D,M15,1648053900,174305.0,174445.0,174145.0,174215.0,114709,5,399107
WIN$D,M15,1648054800,174215.0,174380.0,174100.0,174115.0,92149,5,312599
WIN$D,M15,1648055700,174115.0,174270.0,174110.0,174205.0,56912,5,182240
WIN$D,M15,1648056600,174205.0,174255.0,174125.0,174205.0,34066,5,101873
WIN$D,M15,1648057500,174205.0,174485.0,174200.0,174355.0,32573,5,93784
WIN$D,M15,1648112400,174525.0,174665.0,174350.0,174485.0,146019,5,376519
WIN$D,M15,1648113300,174485.0,174555.0,174465.0,174530.0,58626,5,173211
WIN$D,M15,1648114200,174530.0,174735.0,174475.0,174560.0,131210,5,386981
WIN$D,M15,1648115100,174560.0,174605.0,174495.0,174550.0,62919,5,200503
WIN$D,M15,1648116000,174555.0,174590.0,174285.0,174335.0,175931,5,570837
WIN$D,M15,1648116900,174335.0,174360.0,174185.0,174225.0,136359,5,447067
WIN$D,M15,1648117800,174225.0,174460.0,173895.0,174405.0,286946,5,1024561
WIN$D,M15,1648118700,174410.0,174810.0,174155.0,174780.0,244104,5,822776
WIN$D,M15,1648119600,174785.0,174890.0,174645.0,174760.0,163766,5,559701
WIN$D,M15,1648120500,174760.0,174850.0,174670.0,174815.0,119918,5,417122
WIN$D,M15,1648121400,174815.0,174970.0,174685.0,174750.0,146776,5,504829
WIN$D,M15,1648122300,174755.0,175040.0,174700.0,175015.0,118972,5,419879
WIN$D,M15,1648123200,175015.0,175770.0,174970.0,175760.0,234346,5,891955
WIN$D,M15,1648124100,175760.0,175915.0,175625.0,175745.0,135143,5,487526
WIN$D,M15,1648125000,175745.0,176050.0,175735.0,176025.0,119665,5,457443
WIN$D,M15,1648125900,176025.0,176030.0,175745.0,175760.0,73606,5,288618
WIN$D,M15,1648126800,175755.0,175820.0,175590.0,175680.0,80021,5,290994
WIN$D,M15,1648127700,175685.0,175785.0,175635.0,175685.0,71814,5,258217
WIN$D,M15,1648128600,175690.0,175765.0,175610.0,175700.0,66211,5,243554
WIN$D,M15,1648129500,175700.0,175770.0,175635.0,175765.0,44292,5,164688
WIN$D,M15,1648130400,175760.0,175865.0,175595.0,175680.0,79302,5,293255
WIN$D,M15,1648131300,175680.0,175790.0,175610.0,175740.0,54315,5,208753
WIN$D,M15,1648132200,175735.0,175790.0,175510.0,175625.0,70283,5,258495
WIN$D,M15,1648133100,175620.0,175700.0,175575.0,175585.0,59670,5,222546
WIN$D,M15,1648134000,175585.0,175615.0,175450.0,175595.0,84105,5,306531
WIN$D,M15,1648134900,175595.0,175615.0,175325.0,175455.0,92627,5,344678
WIN$D,M15,1648135800,175460.0,175535.0,175405.0,175450.0,65131,5,243740
WIN$D,M15,1648136700,175450.0,175455.0,175310.0,175355.0,69524,5,257150
WIN$D,M15,1648137600,175355.0,175455.0,175320.0,175425.0,50287,5,196680
WIN$D,M15,1648138500,175425.0,175595.0,175385.0,175465.0,81881,5,305394
WIN$D,M15,1648139400,175465.0,175565.0,175395.0,175430.0,67062,5,257013
WIN$D,M15,1648140300,175430.0,176030.0,175415.0,175970.0,135818,5,507219
WIN$D,M15,1648141200,175970.0,176010.0,175815.0,175935.0,77236,5,266221
WIN$D,M15,1648142100,175930.0,176100.0,175930.0,176015.0,62135,5,215401
WIN$D,M15,1648143000,176015.0,176085.0,175945.0,176015.0,40935,5,130308
WIN$D,M15,1648143900,176015.0,176135.0,176010.0,176120.0,30362,5,108624
WIN$D,M15,1648198800,176110.0,176120.0,175735.0,175975.0,147962,5,390054
WIN$D,M15,1648199700,175980.0,176325.0,175965.0,176180.0,187273,5,546028
WIN$D,M15,1648200600,176180.0,176440.0,176155.0,176370.0,117568,5,345141
WIN$D,M15,1648201500,176365.0,176390.0,176170.0,176270.0,135348,5,392370
WIN$D,M15,1648202400,176270.0,176480.0,176035.0,176100.0,259635,5,757567
WIN$D,M15,1648203300,176095.0,176355.0,175950.0,176185.0,192717,5,577317
WIN$D,M15,1648204200,176190.0,176250.0,175885.0,175935.0,236926,5,759758
WIN$D,M15,1648205100,175930.0,176155.0,175745.0,175800.0,186379,5,599294
WIN$D,M15,1648206000,175795.0,176290.0,175780.0,176100.0,183833,5,591861
WIN$D,M15,1648206900,176100.0,176110.0,175850.0,175970.0,128441,5,431855
WIN$D,M15,1648207800,175965.0,176310.0,175945.0,176265.0,144845,5,501808
WIN$D,M15,1648208700,176265.0,176375.0,176005.0,176020.0,119814,5,412525
WIN$D,M15,1648209600,176020.0,176080.0,175450.0,175545.0,166619,5,615102
WIN$D,M15,1648210500,175540.0,175620.0,175200.0,175585.0,174546,5,644496
WIN$D,M15,1648211400,175580.0,175805.0,175445.0,175800.0,118349,5,424756
WIN$D,M15,1648212300,175800.0,175905.0,175615.0,175720.0,123755,5,432821
WIN$D,M15,1648213200,175720.0,176015.0,175680.0,175955.0,91980,5,326670
WIN$D,M15,1648214100,175960.0,175975.0,175705.0,175730.0,90980,5,307033
WIN$D,M15,1648215000,175725.0,175865.0,175585.0,175725.0,95595,5,325147
WIN$D,M15,1648215900,175720.0,175865.0,175675.0,175820.0,80238,5,267372
WIN$D,M15,1648216800,175820.0,175825.0,175605.0,175625.0,61520,5,210742
WIN$D,M15,1648217700,175620.0,175810.0,175545.0,175650.0,97336,5,336499
WIN$D,M15,1648218600,175650.0,175865.0,175630.0,175840.0,89224,5,325642
WIN$D,M15,1648219500,175845.0,176060.0,175735.0,175990.0,93957,5,339641
WIN$D,M15,1648220400,175990.0,176030.0,175765.0,175875.0,75887,5,269821
WIN$D,M15,1648221300,175880.0,175925.0,175765.0,175830.0,55598,5,200990
WIN$D,M15,1648222200,175830.0,175905.0,175675.0,175830.0,69757,5,254822
WIN$D,M15,1648223100,175835.0,175985.0,175730.0,175855.0,72584,5,273536
WIN$D,M15,1648224000,175860.0,175890.0,175640.0,175880.0,87022,5,311000
WIN$D,M15,1648224900,175875.0,175905.0,175605.0,175645.0,78492,5,282006
WIN$D,M15,1648225800,175645.0,175815.0,175605.0,175670.0,75391,5,274694
WIN$D,M15,1648226700,175670.0,175980.0,175670.0,175950.0,77499,5,276678
WIN$D,M15,1648227600,175950.0,176045.0,175810.0,175995.0,74793,5,254664
WIN$D,M15,1648228500,176000.0,176215.0,175890.0,176090.0,81822,5,261985
WIN$D,M15,1648229400,176090.0,176120.0,175940.0,176040.0,49394,5,144252
WIN$D,M15,1648230300,176045.0,176100.0,175915.0,175915.0,26914,5,68197
WIN$D,M15,1648458000,176135.0,176170.0,175685.0,175980.0,148541,5,353518
WIN$D,M15,1648458900,175985.0,176330.0,175975.0,176275.0,132066,5,398470
WIN$D,M15,1648459800,176270.0,176370.0,176245.0,176265.0,91110,5,257492
WIN$D,M15,1648460700,176265.0,176360.0,176015.0,176035.0,129939,5,393813
WIN$D,M15,1648461600,176040.0,176095.0,175760.0,175870.0,199669,5,609706
WIN$D,M15,1648462500,175870.0,175975.0,175645.0,175685.0,196568,5,589098
WIN$D,M15,1648463400,175685.0,175700.0,174930.0,175140.0,315047,5,1022711
WIN$D,M15,1648464300,175135.0,175195.0,174895.0,175015.0,171231,5,534850
WIN$D,M15,1648465200,175020.0,175020.0,174825.0,174885.0,136077,5,457012
WIN$D,M15,1648466100,174885.0,175000.0,174720.0,174845.0,128258,5,451025
WIN$D,M15,1648467000,174840.0,174965.0,174700.0,174950.0,99070,5,346038
WIN$D,M15,1648467900,174945.0,175070.0,174885.0,175055.0,93329,5,330507
WIN$D,M15,1648468800,175055.0,175145.0,174895.0,175000.0,115732,5,410036
WIN$D,M15,1648469700,174995.0,175175.0,174950.0,175165.0,103629,5,374695
WIN$D,M15,1648470600,175165.0,175270.0,174955.0,175205.0,121092,5,432439
WIN$D,M15,1648471500,175200.0,175205.0,174860.0,174870.0,111830,5,386852
WIN$D,M15,1648472400,174870.0,175080.0,174860.0,174965.0,88183,5,340167
WIN$D,M15,1648473300,174965.0,175040.0,174890.0,174980.0,57685,5,202966
WIN$D,M15,1648474200,174975.0,175170.0,174925.0,175160.0,75057,5,261562
WIN$D,M15,1648475100,175160.0,175330.0,175120.0,175275.0,79267,5,301421
WIN$D,M15,1648476000,175275.0,175320.0,175105.0,175160.0,81087,5,309973
WIN$D,M15,1648476900,175160.0,175225.0,175080.0,175180.0,70932,5,246949
WIN$D,M15,1648477800,175185.0,175235.0,175125.0,175220.0,45817,5,158313
WIN$D,M15,1648478700,175215.0,175260.0,175035.0,175150.0,75432,5,259748
WIN$D,M15,1648479600,175155.0,175210.0,174985.0,175055.0,71751,5,256249
WIN$D,M15,1648480500,175060.0,175095.0,174945.0,175045.0,73667,5,258417
WIN$D,M15,1648481400,175050.0,175170.0,174985.0,175100.0,61341,5,234101
WIN$D,M15,1648482300,175095.0,175815.0,175090.0,175815.0,177443,5,675373
WIN$D,M15,1648483200,175815.0,175820.0,175485.0,175540.0,84627,5,288844
WIN$D,M15,1648484100,175535.0,175695.0,175485.0,175580.0,61500,5,216624
WIN$D,M15,1648485000,175580.0,175785.0,175140.0,175145.0,131165,5,475043
WIN$D,M15,1648485900,175150.0,175545.0,175135.0,175520.0,122906,5,462546
WIN$D,M15,1648486800,175520.0,175810.0,175490.0,175680.0,91275,5,337584
WIN$D,M15,1648487700,175680.0,175730.0,175550.0,175605.0,59859,5,185603
WIN$D,M15,1648488600,175610.0,175765.0,175485.0,175595.0,71501,5,207628
WIN$D,M15,1648489500,175595.0,175605.0,175435.0,175535.0,28601,5,77017
WIN$D,M15,1648544400,176335.0,176985.0,176110.0,176950.0,216497,5,600204
WIN$D,M15,1648545300,176945.0,177295.0,176815.0,177180.0,198384,5,655286
WIN$D,M15,1648546200,177180.0,177240.0,177020.0,177125.0,143563,5,441196
WIN$D,M15,1648547100,177120.0,177390.0,176940.0,177015.0,183368,5,595068
WIN$D,M15,1648548000,177015.0,177520.0,177005.0,177345.0,223058,5,736371
WIN$D,M15,1648548900,177340.0,177355.0,176865.0,177060.0,243275,5,768610
WIN$D,M15,1648549800,177055.0,177120.0,176570.0,176695.0,280206,5,911997
WIN$D,M15,1648550700,176690.0,176790.0,176400.0,176720.0,223515,5,722031
WIN$D,M15,1648551600,176725.0,176840.0,176255.0,176385.0,248018,5,790952
WIN$D,M15,1648552500,176390.0,176860.0,176275.0,176770.0,202734,5,655673
WIN$D,M15,1648553400,176770.0,176920.0,176690.0,176815.0,143734,5,494082
WIN$D,M15,1648554300,176810.0,176895.0,176475.0,176590.0,152733,5,549902
WIN$D,M15,1648555200,176590.0,176655.0,176440.0,176475.0,114286,5,387225
WIN$D,M15,1648556100,176475.0,176615.0,176370.0,176555.0,112733,5,397536
WIN$D,M15,1648557000,176550.0,176685.0,176435.0,176555.0,103864,5,366961
WIN$D,M15,1648557900,176555.0,176570.0,176390.0,176435.0,68982,5,240080
WIN$D,M15,1648558800,176435.0,176525.0,176270.0,176325.0,110093,5,408147
WIN$D,M15,1648559700,176325.0,176385.0,176145.0,176320.0,94173,5,349879
WIN$D,M15,1648560600,176325.0,176450.0,176165.0,176380.0,102183,5,357887
WIN$D,M15,1648561500,176380.0,176405.0,176240.0,176400.0,76663,5,275003
WIN$D,M15,1648562400,176395.0,176415.0,176215.0,176340.0,79898,5,307095
WIN$D,M15,1648563300,176335.0,176445.0,176250.0,176385.0,84739,5,330979
WIN$D,M15,1648564200,176385.0,176605.0,176335.0,176450.0,94190,5,323142
WIN$D,M15,1648565100,176445.0,176570.0,176400.0,176520.0,76119,5,270674
WIN$D,M15,1648566000,176520.0,176665.0,176445.0,176590.0,76439,5,280409
WIN$D,M15,1648566900,176590.0,176775.0,176485.0,176770.0,93020,5,379800
WIN$D,M15,1648567800,176765.0,176825.0,176690.0,176710.0,68455,5,260404
WIN$D,M15,1648568700,176710.0,176720.0,176495.0,176585.0,82550,5,324409
WIN$D,M15,1648569600,176580.0,176780.0,176565.0,176725.0,86294,5,344533
WIN$D,M15,1648570500,176725.0,176935.0,176685.0,176910.0,83723,5,332610
WIN$D,M15,1648571400,176915.0,177070.0,176685.0,176790.0,115538,5,463950
WIN$D,M15,1648572300,176785.0,176915.0,176580.0,176865.0,99711,5,388406
WIN$D,M15,1648573200,176865.0,176865.0,176610.0,176655.0,61046,5,241438
WIN$D,M15,1648574100,176660.0,176785.0,176615.0,176660.0,40015,5,142493
WIN$D,M15,1648575000,176665.0,176750.0,176645.0,176670.0,24627,5,76152
WIN$D,M15,1648575900,176670.0,176715.0,176510.0,176510.0,17416,5,55956
WIN$D,M15,1648630800,176245.0,176920.0,176230.0,176785.0,197681,5,487837
WIN$D,M15,1648631700,176785.0,177035.0,176745.0,176915.0,162685,5,465718
WIN$D,M15,1648632600,176915.0,177110.0,176890.0,177040.0,115749,5,347005
WIN$D,M15,1648633500,177035.0,177190.0,176970.0,177140.0,114472,5,357818
WIN$D,M15,1648634400,177135.0,177245.0,176540.0,176580.0,269402,5,882140
WIN$D,M15,1648635300,176580.0,176720.0,176465.0,176490.0,178210,5,605937
WIN$D,M15,1648636200,176485.0,176875.0,176355.0,176490.0,290708,5,1004826
WIN$D,M15,1648637100,176490.0,176820.0,176380.0,176805.0,210440,5,763156
WIN$D,M15,1648638000,176810.0,176980.0,176615.0,176880.0,203781,5,737787
WIN$D,M15,1648638900,176880.0,177020.0,176775.0,176910.0,152364,5,545590
WIN$D,M15,1648639800,176905.0,177010.0,176755.0,176845.0,129509,5,456876
WIN$D,M15,1648640700,176845.0,176905.0,176575.0,176615.0,138573,5,498024
WIN$D,M15,1648641600,176615.0,176940.0,176565.0,176845.0,172978,5,633199
WIN$D,M15,1648642500,176845.0,176935.0,176575.0,176680.0,122797,5,458974
WIN$D,M15,1648643400,176680.0,176835.0,176595.0,176745.0,86393,5,328597
WIN$D,M15,1648644300,176745.0,176955.0,176720.0,176910.0,82886,5,310735
WIN$D,M15,1648645200,176910.0,176945.0,176725.0,176775.0,66225,5,244592
WIN$D,M15,1648646100,176775.0,176850.0,176650.0,176800.0,76333,5,278789
WIN$D,M15,1648647000,176795.0,176875.0,176750.0,176805.0,50418,5,190009
WIN$D,M15,1648647900,176800.0,176860.0,176725.0,176750.0,50672,5,194351
WIN$D,M15,1648648800,176750.0,176775.0,176670.0,176740.0,46571,5,177211
WIN$D,M15,1648649700,176740.0,176760.0,176545.0,176595.0,69413,5,262082
WIN$D,M15,1648650600,176600.0,176655.0,176525.0,176605.0,58664,5,228335
WIN$D,M15,1648651500,176610.0,176680.0,176460.0,176630.0,78574,5,302058
WIN$D,M15,1648652400,176635.0,177105.0,176595.0,176840.0,132345,5,505017
WIN$D,M15,1648653300,176840.0,176975.0,176790.0,176945.0,79247,5,284592
WIN$D,M15,1648654200,176945.0,177165.0,176865.0,176955.0,114874,5,429074
WIN$D,M15,1648655100,176955.0,176980.0,176795.0,176825.0,79321,5,286962
WIN$D,M15,1648656000,176825.0,176845.0,176560.0,176695.0,98922,5,358234
WIN$D,M15,1648656900,176695.0,176810.0,176410.0,176655.0,112446,5,408054
WIN$D,M15,1648657800,176650.0,176920.0,176620.0,176755.0,114735,5,445463
WIN$D,M15,1648658700,176750.0,176980.0,176750.0,176965.0,93662,5,343692
WIN$D,M15,1648659600,176965.0,177035.0,176820.0,176885.0,78102,5,294244
WIN$D,M15,1648660500,176885.0,176975.0,176850.0,176935.0,38141,5,144109
WIN$D,M15,1648661400,176930.0,177040.0,176895.0,176970.0,37144,5,126547
WIN$D,M15,1648662300,176975.0,177175.0,176955.0,177035.0,26052,5,84104
WIN$D,M15,1648717200,176940.0,177215.0,176630.0,176995.0,217013,5,572355
WIN$D,M15,1648718100,177000.0,177060.0,176870.0,176935.0,82658,5,250741
WIN$D,M15,1648719000,176935.0,177105.0,176875.0,176955.0,93208,5,307021
WIN$D,M15,1648719900,176955.0,177030.0,176880.0,176950.0,77010,5,272325
WIN$D,M15,1648720800,176950.0,177230.0,176860.0,177005.0,264461,5,900655
WIN$D,M15,1648721700,177000.0,177330.0,176835.0,177285.0,203280,5,706072
WIN$D,M15,1648722600,177285.0,177305.0,176980.0,177285.0,236118,5,810500
WIN$D,M15,1648723500,177280.0,177465.0,177205.0,177240.0,209244,5,725003
WIN$D,M15,1648724400,177240.0,177245.0,176890.0,176930.0,178393,5,621983
WIN$D,M15,1648725300,176935.0,176965.0,176785.0,176850.0,120804,5,451668
WIN$D,M15,1648726200,176850.0,176980.0,176790.0,176875.0,116033,5,419371
WIN$D,M15,1648727100,176870.0,177035.0,176835.0,176935.0,111700,5,400186
WIN$D,M15,1648728000,176935.0,176970.0,176800.0,176860.0,83768,5,318606
WIN$D,M15,1648728900,176860.0,176875.0,176665.0,176710.0,94845,5,388119
WIN$D,M15,1648729800,176705.0,176755.0,176540.0,176625.0,91952,5,353587
WIN$D,M15,1648730700,176630.0,176695.0,176505.0,176635.0,70126,5,254946
WIN$D,M15,1648731600,176635.0,176750.0,176615.0,176720.0,50238,5,182290
WIN$D,M15,1648732500,176720.0,176750.0,176600.0,176655.0,54693,5,204798
WIN$D,M15,1648733400,176655.0,176710.0,176555.0,176670.0,63553,5,230687
WIN$D,M15,1648734300,176670.0,176735.0,176630.0,176680.0,48734,5,183867
WIN$D,M15,1648735200,176680.0,176865.0,176650.0,176845.0,78118,5,300037
WIN$D,M15,1648736100,176850.0,176860.0,176725.0,176825.0,63727,5,227922
WIN$D,M15,1648737000,176825.0,176895.0,176745.0,176825.0,57947,5,211945
WIN$D,M15,1648737900,176825.0,177095.0,176820.0,176960.0,100209,5,374779
WIN$D,M15,1648738800,176960.0,176960.0,176660.0,176680.0,99287,5,379828
WIN$D,M15,1648739700,176680.0,176775.0,176630.0,176740.0,72306,5,273388
WIN$D,M15,1648740600,176740.0,176810.0,176675.0,176720.0,75271,5,280942
WIN$D,M15,1648741500,176720.0,177000.0,176675.0,176945.0,96778,5,364052
WIN$D,M15,1648742400,176945.0,177075.0,176880.0,176915.0,97431,5,361355
WIN$D,M15,1648743300,176910.0,176975.0,176865.0,176925.0,63465,5,238421
WIN$D,M15,1648744200,176930.0,176960.0,176520.0,176620.0,131220,5,495996
WIN$D,M15,1648745100,176620.0,176730.0,176395.0,176405.0,131557,5,473836
WIN$D,M15,1648746000,176405.0,176655.0,176345.0,176630.0,87652,5,318091
WIN$D,M15,1648746900,176625.0,176785.0,176580.0,176705.0,55234,5,185124
WIN$D,M15,1648747800,176700.0,176730.0,176410.0,176590.0,70382,5,231394
WIN$D,M15,1648748700,176590.0,176680.0,176500.0,176620.0,22967,5,71556
WIN$D,M15,1648803600,176935.0,177585.0,176920.0,177550.0,183310,5,522707
WIN$D,M15,1648804500,177550.0,177780.0,177485.0,177545.0,136469,5,435069
WIN$D,M15,1648805400,177550.0,177720.0,177515.0,177550.0,110105,5,347675
WIN$D,M15,1648806300,177550.0,177570.0,177365.0,177425.0,122208,5,395632
WIN$D,M15,1648807200,177425.0,177925.0,177405.0,177860.0,219128,5,754274
WIN$D,M15,1648808100,177860.0,177880.0,177600.0,177645.0,138554,5,466538
WIN$D,M15,1648809000,177640.0,177860.0,177600.0,177825.0,182303,5,611897
WIN$D,M15,1648809900,177825.0,177925.0,177575.0,177720.0,167644,5,558822
WIN$D,M15,1648810800,177725.0,177995.0,177665.0,177950.0,149010,5,530592
WIN$D,M15,1648811700,177955.0,178050.0,177805.0,177935.0,153060,5,580065
WIN$D,M15,1648812600,177940.0,177955.0,177790.0,177925.0,108301,5,406105
WIN$D,M15,1648813500,177930.0,178045.0,177875.0,177970.0,95441,5,370040
WIN$D,M15,1648814400,177975.0,178105.0,177910.0,177925.0,89689,5,350625
WIN$D,M15,1648815300,177925.0,178040.0,177850.0,177905.0,83663,5,304150
WIN$D,M15,1648816200,177900.0,177935.0,177755.0,177825.0,75344,5,278734
WIN$D,M15,1648817100,177820.0,177970.0,177735.0,177770.0,83266,5,307318
WIN$D,M15,1648818000,177770.0,177810.0,177680.0,177700.0,66841,5,262666
WIN$D,M15,1648818900,177700.0,177755.0,177625.0,177735.0,61396,5,229237
WIN$D,M15,1648819800,177740.0,177775.0,177625.0,177765.0,63568,5,234905
WIN$D,M15,1648820700,177765.0,177795.0,177680.0,177725.0,54299,5,213623
WIN$D,M15,1648821600,177730.0,177745.0,177585.0,177620.0,59011,5,225958
WIN$D,M15,1648822500,177620.0,177630.0,177505.0,177585.0,69420,5,256256
WIN$D,M15,1648823400,177585.0,177835.0,177560.0,177715.0,97124,5,360576
WIN$D,M15,1648824300,177715.0,177745.0,177535.0,177655.0,85098,5,311931
WIN$D,M15,1648825200,177655.0,177870.0,177605.0,177840.0,87863,5,354354
WIN$D,M15,1648826100,177845.0,177890.0,177670.0,177770.0,98726,5,373028
WIN$D,M15,1648827000,177770.0,177900.0,177755.0,177800.0,87065,5,317685
WIN$D,M15,1648827900,177805.0,177925.0,177735.0,177845.0,78315,5,316831
WIN$D,M15,1648828800,177845.0,177905.0,177720.0,177765.0,61029,5,243061
WIN$D,M15,1648829700,177765.0,177795.0,177685.0,177715.0,57371,5,217379
WIN$D,M15,1648830600,177710.0,177840.0,177655.0,177785.0,79602,5,311172
WIN$D,M15,1648831500,177780.0,178360.0,177755.0,178195.0,150122,5,625368
WIN$D,M15,1648832400,178190.0,178190.0,177985.0,178010.0,73499,5,275172
WIN$D,M15,1648833300,178010.0,178230.0,178005.0,178085.0,54118,5,196121
WIN$D,M15,1648834200,178085.0,178180.0,178055.0,178155.0,35124,5,127260
WIN$D,M15,1648835100,178150.0,178225.0,178090.0,178135.0,26198,5,82097
WIN$D,M15,1649062800,178375.0,178435.0,177720.0,177855.0,179666,5,485473
WIN$D,M15,1649063700,177850.0,177865.0,177570.0,177685.0,118427,5,390382
WIN$D,M15,1649064600,177685.0,177910.0,177670.0,177860.0,112190,5,360844
WIN$D,M15,1649065500,177860.0,177890.0,177735.0,177825.0,83966,5,271441
WIN$D,M15,1649066400,177825.0,177980.0,177650.0,177845.0,209601,5,720123
WIN$D,M15,1649067300,177845.0,177935.0,177610.0,177640.0,135773,5,465311
WIN$D,M15,1649068200,177640.0,177690.0,177310.0,177375.0,224206,5,756369
WIN$D,M15,1649069100,177370.0,177670.0,177285.0,177585.0,175420,5,601395
WIN$D,M15,1649070000,177590.0,177595.0,177415.0,177515.0,112250,5,362287
WIN$D,M15,1649070900,177515.0,177735.0,177420.0,177625.0,157360,5,539909
WIN$D,M15,1649071800,177625.0,177645.0,177360.0,177415.0,126603,5,429474
WIN$D,M15,1649072700,177410.0,177575.0,177325.0,177555.0,105925,5,365129
WIN$D,M15,1649073600,177555.0,177575.0,177435.0,177490.0,61711,5,218862
WIN$D,M15,1649074500,177485.0,177600.0,177370.0,177380.0,97242,5,355624
WIN$D,M15,1649075400,177380.0,177385.0,177170.0,177275.0,96743,5,367652
WIN$D,M15,1649076300,177275.0,177495.0,177260.0,177460.0,86516,5,329943
WIN$D,M15,1649077200,177460.0,177505.0,177385.0,177490.0,69378,5,267456
WIN$D,M15,1649078100,177490.0,177630.0,177455.0,177580.0,78429,5,317867
WIN$D,M15,1649079000,177585.0,177630.0,177500.0,177520.0,58615,5,229168
WIN$D,M15,1649079900,177520.0,177595.0,177475.0,177535.0,58548,5,218639
WIN$D,M15,1649080800,177530.0,177535.0,177415.0,177445.0,65036,5,246575
WIN$D,M15,1649081700,177445.0,177550.0,177435.0,177480.0,53355,5,199783
WIN$D,M15,1649082600,177480.0,177570.0,177440.0,177550.0,44275,5,173258
WIN$D,M15,1649083500,177545.0,177590.0,177500.0,177515.0,45356,5,196780
WIN$D,M15,1649084400,177515.0,177620.0,177415.0,177485.0,95895,5,414324
WIN$D,M15,1649085300,177490.0,177760.0,177420.0,177680.0,97595,5,393374
WIN$D,M15,1649086200,177680.0,177815.0,177585.0,177795.0,111176,5,411593
WIN$D,M15,1649087100,177800.0,177905.0,177755.0,177895.0,78433,5,296961
WIN$D,M15,1649088000,177890.0,177900.0,177770.0,177825.0,57000,5,215107
WIN$D,M15,1649088900,177820.0,177850.0,177755.0,177775.0,47264,5,195705
WIN$D,M15,1649089800,177780.0,177835.0,177725.0,177735.0,44876,5,192523
WIN$D,M15,1649090700,177735.0,177870.0,177700.0,177770.0,83915,5,342045
WIN$D,M15,1649091600,177770.0,177775.0,177625.0,177680.0,47786,5,183240
WIN$D,M15,1649092500,177675.0,177820.0,177660.0,177810.0,42398,5,162924
WIN$D,M15,1649093400,177805.0,177820.0,177685.0,177760.0,39065,5,133187
WIN$D,M15,1649094300,177755.0,177780.0,177650.0,177665.0,20851,5,69387
WIN$D,M15,1649149200,177580.0,177630.0,177100.0,177130.0,186566,5,533664
WIN$D,M15,1649150100,177130.0,177205.0,176930.0,177020.0,121737,5,364544
WIN$D,M15,1649151000,177020.0,177150.0,177005.0,177150.0,75594,5,229928
WIN$D,M15,1649151900,177145.0,177485.0,177145.0,177455.0,158676,5,526387
WIN$D,M15,1649152800,177455.0,177855.0,177425.0,177710.0,202306,5,714347
WIN$D,M15,1649153700,177715.0,177725.0,177365.0,177500.0,219359,5,739886
WIN$D,M15,1649154600,177495.0,178080.0,177265.0,177980.0,353701,5,1121505
WIN$D,M15,1649155500,177980.0,177985.0,177575.0,177680.0,193178,5,626629
WIN$D,M15,1649156400,177675.0,177790.0,176970.0,177010.0,258987,5,887233
WIN$D,M15,1649157300,177010.0,177010.0,176695.0,176780.0,194518,5,689408
WIN$D,M15,1649158200,176775.0,176845.0,176460.0,176525.0,145404,5,533842
WIN$D,M15,1649159100,176530.0,176855.0,176465.0,176625.0,149844,5,525038
WIN$D,M15,1649160000,176625.0,176755.0,176290.0,176330.0,154255,5,549412
WIN$D,M15,1649160900,176330.0,176535.0,176220.0,176425.0,120403,5,418588
WIN$D,M15,1649161800,176420.0,176605.0,176400.0,176470.0,87370,5,296183
WIN$D,M15,1649162700,176470.0,176560.0,176420.0,176525.0,64117,5,242653
WIN$D,M15,1649163600,176530.0,176600.0,176485.0,176555.0,53378,5,201883
WIN$D,M15,1649164500,176555.0,176555.0,175985.0,176010.0,126948,5,476300
WIN$D,M15,1649165400,176010.0,176115.0,175900.0,176090.0,112891,5,394325
WIN$D,M15,1649166300,176090.0,176285.0,176090.0,176220.0,83485,5,296429
WIN$D,M15,1649167200,176220.0,176350.0,176200.0,176300.0,82036,5,313239
WIN$D,M15,1649168100,176300.0,176405.0,176285.0,176320.0,67804,5,239488
WIN$D,M15,1649169000,176320.0,176385.0,176165.0,176165.0,98112,5,357505
WIN$D,M15,1649169900,176165.0,176255.0,176000.0,176055.0,105478,5,395419
WIN$D,M15,1649170800,176055.0,176065.0,175680.0,175950.0,150420,5,552733
WIN$D,M15,1649171700,175950.0,176055.0,175845.0,175930.0,91407,5,334085
WIN$D,M15,1649172600,175930.0,176035.0,175860.0,176015.0,88597,5,329182
WIN$D,M15,1649173500,176015.0,176025.0,175800.0,175835.0,68875,5,279206
WIN$D,M15,1649174400,175835.0,175860.0,175270.0,175345.0,143535,5,546747
WIN$D,M15,1649175300,175345.0,175625.0,175205.0,175430.0,157569,5,567103
WIN$D,M15,1649176200,175430.0,175505.0,175305.0,175380.0,99830,5,353904
WIN$D,M15,1649177100,175380.0,175400.0,174935.0,175070.0,145298,5,522008
WIN$D,M15,1649178000,175070.0,175280.0,175035.0,175120.0,83837,5,283836
WIN$D,M15,1649178900,175120.0,175365.0,175050.0,175155.0,77628,5,266282
WIN$D,M15,1649179800,175155.0,175275.0,175090.0,175135.0,49448,5,167138
WIN$D,M15,1649180700,175135.0,175390.0,175130.0,175360.0,26828,5,91754
WIN$D,M15,1649235600,174615.0,174825.0,174235.0,174450.0,252261,5,686418
WIN$D,M15,1649236500,174450.0,174595.0,174195.0,174555.0,189040,5,540442
WIN$D,M15,1649237400,174560.0,174885.0,174530.0,174875.0,115539,5,336940
WIN$D,M15,1649238300,174880.0,174905.0,174465.0,174700.0,235806,5,689487
WIN$D,M15,1649239200,174700.0,174995.0,174695.0,174895.0,247933,5,739425
WIN$D,M15,1649240100,174895.0,174965.0,174295.0,174310.0,289178,5,843612
WIN$D,M15,1649241000,174310.0,174485.0,173975.0,174155.0,325257,5,1005789
WIN$D,M15,1649241900,174160.0,174295.0,173815.0,173850.0,227913,5,702589
WIN$D,M15,1649242800,173850.0,174115.0,173795.0,173935.0,200007,5,635403
WIN$D,M15,1649243700,173930.0,174530.0,173895.0,174265.0,195255,5,647133
WIN$D,M15,1649244600,174265.0,174480.0,174260.0,174360.0,138835,5,410596
WIN$D,M15,1649245500,174365.0,174390.0,173995.0,174250.0,170592,5,501753
WIN$D,M15,1649246400,174250.0,174415.0,174095.0,174145.0,129051,5,402926
WIN$D,M15,1649247300,174140.0,174275.0,174030.0,174085.0,112731,5,356840
WIN$D,M15,1649248200,174085.0,174565.0,174065.0,174295.0,155406,5,519801
WIN$D,M15,1649249100,174290.0,174610.0,174175.0,174445.0,137798,5,447924
WIN$D,M15,1649250000,174440.0,174840.0,174435.0,174625.0,134008,5,454522
WIN$D,M15,1649250900,174625.0,174635.0,174305.0,174360.0,95601,5,328999
WIN$D,M15,1649251800,174360.0,174500.0,174305.0,174450.0,85384,5,279308
WIN$D,M15,1649252700,174450.0,174565.0,174375.0,174510.0,83491,5,284418
WIN$D,M15,1649253600,174510.0,174565.0,174270.0,174345.0,93836,5,303334
WIN$D,M15,1649254500,174350.0,174560.0,174255.0,174505.0,100377,5,324205
WIN$D,M15,1649255400,174505.0,174595.0,174420.0,174480.0,87742,5,290327
WIN$D,M15,1649256300,174485.0,174510.0,174050.0,174105.0,112125,5,352367
WIN$D,M15,1649257200,174110.0,174630.0,173450.0,173485.0,308918,5,1025141
WIN$D,M15,1649258100,173490.0,173655.0,173050.0,173545.0,216254,5,766333
WIN$D,M15,1649259000,173540.0,174645.0,173530.0,174365.0,264657,5,891446
WIN$D,M15,1649259900,174360.0,174715.0,174325.0,174470.0,131395,5,421045
WIN$D,M15,1649260800,174470.0,174740.0,174155.0,174215.0,140415,5,469775
WIN$D,M15,1649261700,174220.0,174355.0,173870.0,173955.0,119260,5,389446
WIN$D,M15,1649262600,173955.0,174465.0,173925.0,174410.0,115796,5,395071
WIN$D,M15,1649263500,174410.0,174550.0,174260.0,174355.0,103186,5,337505
WIN$D,M15,1649264400,174355.0,174685.0,174340.0,174665.0,75011,5,255373
WIN$D,M15,1649265300,174660.0,174670.0,174370.0,174600.0,65581,5,197761
WIN$D,M15,1649266200,174600.0,174660.0,174370.0,174505.0,67652,5,194070
WIN$D,M15,1649267100,174510.0,174545.0,174285.0,174340.0,21650,5,59131
WIN$D,M15,1649322000,174695.0,174905.0,174100.0,174145.0,224073,5,622712
WIN$D,M15,1649322900,174150.0,174255.0,173975.0,174015.0,149625,5,455747
WIN$D,M15,1649323800,174010.0,174095.0,173880.0,173925.0,103835,5,320930
WIN$D,M15,1649324700,173920.0,174085.0,173840.0,174010.0,158181,5,491565
WIN$D,M15,1649325600,174015.0,174110.0,173670.0,173890.0,240857,5,745509
WIN$D,M15,1649326500,173885.0,174350.0,173885.0,174350.0,213966,5,668305
WIN$D,M15,1649327400,174350.0,174565.0,174045.0,174355.0,314407,5,1037416
WIN$D,M15,1649328300,174355.0,174490.0,174210.0,174370.0,209706,5,625025
WIN$D,M15,1649329200,174365.0,174495.0,174090.0,174315.0,225644,5,711663
WIN$D,M15,1649330100,174315.0,174455.0,174215.0,174340.0,168937,5,533465
WIN$D,M15,1649331000,174340.0,174715.0,174235.0,174290.0,232131,5,755616
WIN$D,M15,1649331900,174285.0,174410.0,174095.0,174185.0,180756,5,586629
WIN$D,M15,1649332800,174190.0,174560.0,174175.0,174465.0,177302,5,581113
WIN$D,M15,1649333700,174465.0,174470.0,174140.0,174180.0,123041,5,395286
WIN$D,M15,1649334600,174180.0,174275.0,174005.0,174140.0,141890,5,462304
WIN$D,M15,1649335500,174135.0,174215.0,173900.0,174090.0,124557,5,424329
WIN$D,M15,1649336400,174090.0,174195.0,174020.0,174180.0,91947,5,305444
WIN$D,M15,1649337300,174175.0,174315.0,174145.0,174270.0,85795,5,295118
WIN$D,M15,1649338200,174265.0,174380.0,174160.0,174195.0,93714,5,317042
WIN$D,M15,1649339100,174195.0,174435.0,174125.0,174390.0,99130,5,335908
WIN$D,M15,1649340000,174390.0,174580.0,174370.0,174450.0,120787,5,429114
WIN$D,M15,1649340900,174450.0,174675.0,174415.0,174565.0,99496,5,344669
WIN$D,M15,1649341800,174565.0,174675.0,174485.0,174530.0,100116,5,350116
WIN$D,M15,1649342700,174530.0,174845.0,174420.0,174810.0,126758,5,449387
WIN$D,M15,1649343600,174805.0,174920.0,174670.0,174725.0,111675,5,390563
WIN$D,M15,1649344500,174725.0,174750.0,174480.0,174635.0,129125,5,461662
WIN$D,M15,1649345400,174640.0,175025.0,174610.0,175015.0,121503,5,419264
WIN$D,M15,1649346300,175015.0,175155.0,174940.0,175125.0,104545,5,385032
WIN$D,M15,1649347200,175125.0,175410.0,175050.0,175390.0,144587,5,549116
WIN$D,M15,1649348100,175395.0,175425.0,175220.0,175265.0,99056,5,338461
WIN$D,M15,1649349000,175265.0,175570.0,175240.0,175490.0,106469,5,369676
WIN$D,M15,1649349900,175495.0,175530.0,175020.0,175115.0,127078,5,438792
WIN$D,M15,1649350800,175115.0,175215.0,175045.0,175115.0,62897,5,218565
WIN$D,M15,1649351700,175120.0,175215.0,175065.0,175140.0,43100,5,138969
WIN$D,M15,1649352600,175145.0,175305.0,175130.0,175210.0,52228,5,164838
WIN$D,M15,1649353500,175210.0,175230.0,175080.0,175095.0,21464,5,74514
WIN$D,M15,1649408400,175425.0,175425.0,174615.0,174640.0,200945,5,550414
WIN$D,M15,1649409300,174640.0,174665.0,174510.0,174615.0,105590,5,342260
WIN$D,M15,1649410200,174620.0,174845.0,174535.0,174635.0,183966,5,567004
WIN$D,M15,1649411100,174635.0,174645.0,174490.0,174490.0,95996,5,295145
WIN$D,M15,1649412000,174490.0,174585.0,174280.0,174555.0,186328,5,619172
WIN$D,M15,1649412900,174555.0,174735.0,174440.0,174475.0,190917,5,630278
WIN$D,M15,1649413800,174475.0,174550.0,174050.0,174070.0,263922,5,829902
WIN$D,M15,1649414700,174070.0,174090.0,173650.0,173700.0,216276,5,757774
WIN$D,M15,1649415600,173695.0,174125.0,173695.0,174115.0,165768,5,574610
WIN$D,M15,1649416500,174120.0,174530.0,174045.0,174475.0,162604,5,590095
WIN$D,M15,1649417400,174480.0,174755.0,174460.0,174680.0,152992,5,560356
WIN$D,M15,1649418300,174675.0,174915.0,174500.0,174875.0,176566,5,602351
WIN$D,M15,1649419200,174875.0,174985.0,174795.0,174915.0,114915,5,421337
WIN$D,M15,1649420100,174920.0,175035.0,174860.0,174935.0,88911,5,337546
WIN$D,M15,1649421000,174940.0,175080.0,174700.0,174710.0,109952,5,402721
WIN$D,M15,1649421900,174705.0,174760.0,174630.0,174695.0,81494,5,303482
WIN$D,M15,1649422800,174695.0,174850.0,174610.0,174775.0,85680,5,330665
WIN$D,M15,1649423700,174780.0,174855.0,174710.0,174835.0,65345,5,251067
WIN$D,M15,1649424600,174835.0,174935.0,174800.0,174900.0,67987,5,245425
WIN$D,M15,1649425500,174895.0,174995.0,174840.0,174885.0,68872,5,260120
WIN$D,M15,1649426400,174885.0,175025.0,174775.0,175000.0,80298,5,280203
WIN$D,M15,1649427300,175000.0,175005.0,174695.0,174770.0,92704,5,323072
WIN$D,M15,1649428200,174770.0,174795.0,174615.0,174685.0,77774,5,285565
WIN$D,M15,1649429100,174685.0,174685.0,174410.0,174595.0,127650,5,469505
WIN$D,M15,1649430000,174595.0,174660.0,174465.0,174515.0,88310,5,319196
WIN$D,M15,1649430900,174520.0,174615.0,174390.0,174520.0,99710,5,355881
WIN$D,M15,1649431800,174520.0,174615.0,174425.0,174545.0,71588,5,256241
WIN$D,M15,1649432700,174545.0,174720.0,174510.0,174665.0,74707,5,283749
WIN$D,M15,1649433600,174665.0,174680.0,174380.0,174475.0,109605,5,399716
WIN$D,M15,1649434500,174475.0,174615.0,174435.0,174610.0,69780,5,256406
WIN$D,M15,1649435400,174610.0,174660.0,174350.0,174500.0,95909,5,352261
WIN$D,M15,1649436300,174500.0,174550.0,174275.0,174375.0,102424,5,371907
WIN$D,M15,1649437200,174375.0,174650.0,174370.0,174455.0,77338,5,280940
WIN$D,M15,1649438100,174460.0,174585.0,174440.0,174565.0,40130,5,136904
WIN$D,M15,1649439000,174565.0,174640.0,174470.0,174555.0,52213,5,151969
WIN$D,M15,1649439900,174555.0,174620.0,174360.0,174465.0,27985,5,65174
WIN$D,M15,1649667600,173860.0,173965.0,173550.0,173770.0,184970,5,476589
WIN$D,M15,1649668500,173765.0,173895.0,173520.0,173595.0,165880,5,442796
WIN$D,M15,1649669400,173595.0,173645.0,173350.0,173430.0,196908,5,560792
WIN$D,M15,1649670300,173430.0,173520.0,173250.0,173260.0,129878,5,385254
WIN$D,M15,1649671200,173255.0,173365.0,173110.0,173290.0,211095,5,639463
WIN$D,M15,1649672100,173290.0,173605.0,173285.0,173605.0,199820,5,619862
WIN$D,M15,1649673000,173600.0,173635.0,173195.0,173500.0,301198,5,911811
WIN$D,M15,1649673900,173505.0,173830.0,173400.0,173785.0,215934,5,683915
WIN$D,M15,1649674800,173785.0,173915.0,173535.0,173610.0,210801,5,668066
WIN$D,M15,1649675700,173610.0,173820.0,173540.0,173660.0,152989,5,489147
WIN$D,M15,1649676600,173655.0,173755.0,173290.0,173310.0,170000,5,541977
WIN$D,M15,1649677500,173310.0,173620.0,173300.0,173560.0,129040,5,420626
WIN$D,M15,1649678400,173555.0,173595.0,173335.0,173395.0,134017,5,450315
WIN$D,M15,1649679300,173395.0,173480.0,173260.0,173265.0,95797,5,307650
WIN$D,M15,1649680200,173270.0,173465.0,173245.0,173440.0,90016,5,298927
WIN$D,M15,1649681100,173440.0,173550.0,173385.0,173460.0,78435,5,262265
WIN$D,M15,1649682000,173460.0,173630.0,173455.0,173615.0,65485,5,214698
WIN$D,M15,1649682900,173615.0,173705.0,173510.0,173550.0,79170,5,269121
WIN$D,M15,1649683800,173550.0,173730.0,173465.0,173480.0,84184,5,276116
WIN$D,M15,1649684700,173480.0,173605.0,173350.0,173385.0,91089,5,308567
WIN$D,M15,1649685600,173385.0,173665.0,173385.0,173600.0,103694,5,340963
WIN$D,M15,1649686500,173600.0,173635.0,173425.0,173525.0,76265,5,249258
WIN$D,M15,1649687400,173525.0,173645.0,173495.0,173540.0,80568,5,269895
WIN$D,M15,1649688300,173545.0,173795.0,173500.0,173775.0,84372,5,293217
WIN$D,M15,1649689200,173770.0,173795.0,173555.0,173585.0,119387,5,423994
WIN$D,M15,1649690100,173580.0,173605.0,173455.0,173490.0,74128,5,261771
WIN$D,M15,1649691000,173495.0,173590.0,173320.0,173410.0,107408,5,360933
WIN$D,M15,1649691900,173410.0,173505.0,173360.0,173430.0,80575,5,271079
WIN$D,M15,1649692800,173435.0,173585.0,173425.0,173540.0,86034,5,286342
WIN$D,M15,1649693700,173540.0,173600.0,173420.0,173450.0,78995,5,268430
WIN$D,M15,1649694600,173450.0,173460.0,173215.0,173335.0,118561,5,420282
WIN$D,M15,1649695500,173335.0,173390.0,172885.0,173050.0,131254,5,443923
WIN$D,M15,1649696400,173055.0,173150.0,172965.0,172990.0,73350,5,217549
WIN$D,M15,1649697300,172995.0,173145.0,172915.0,173100.0,52096,5,157404
WIN$D,M15,1649698200,173100.0,173135.0,172985.0,173095.0,52164,5,141753
WIN$D,M15,1649699100,173090.0,173195.0,173015.0,173120.0,29552,5,77130
WIN$D,M15,1649754000,173555.0,173830.0,173450.0,173590.0,197674,5,452049
WIN$D,M15,1649754900,173590.0,173765.0,173515.0,173630.0,120790,5,301505
WIN$D,M15,1649755800,173630.0,174360.0,173630.0,174275.0,299980,5,788434
WIN$D,M15,1649756700,174275.0,174670.0,174255.0,174565.0,220107,5,627170
WIN$D,M15,1649757600,174560.0,174690.0,174365.0,174665.0,198618,5,561198
WIN$D,M15,1649758500,174665.0,174725.0,174340.0,174370.0,155056,5,453478
WIN$D,M15,1649759400,174370.0,174455.0,174070.0,174275.0,273093,5,794653
WIN$D,M15,1649760300,174280.0,174440.0,174095.0,174235.0,177192,5,482994
WIN$D,M15,1649761200,174235.0,174260.0,173840.0,173930.0,184068,5,519845
WIN$D,M15,1649762100,173925.0,174025.0,173795.0,173820.0,132737,5,371054
WIN$D,M15,1649763000,173825.0,173980.0,173760.0,173920.0,113600,5,353574
WIN$D,M15,1649763900,173915.0,174060.0,173825.0,173850.0,136756,5,407860
WIN$D,M15,1649764800,173850.0,173915.0,173610.0,173660.0,140479,5,424089
WIN$D,M15,1649765700,173665.0,173915.0,173590.0,173895.0,120294,5,354575
WIN$D,M15,1649766600,173890.0,174020.0,173790.0,173900.0,102213,5,296217
WIN$D,M15,1649767500,173905.0,173955.0,173780.0,173845.0,75845,5,229642
WIN$D,M15,1649768400,173840.0,173850.0,173595.0,173700.0,92956,5,275989
WIN$D,M15,1649769300,173700.0,173895.0,173630.0,173715.0,109041,5,315185
WIN$D,M15,1649770200,173710.0,173755.0,173390.0,173595.0,135188,5,423213
WIN$D,M15,1649771100,173595.0,173715.0,173485.0,173605.0,100402,5,290432
WIN$D,M15,1649772000,173610.0,173770.0,173540.0,173695.0,90567,5,261254
WIN$D,M15,1649772900,173700.0,173730.0,173520.0,173565.0,88806,5,255966
WIN$D,M15,1649773800,173565.0,173620.0,173070.0,173090.0,151938,5,476231
WIN$D,M15,1649774700,173085.0,173240.0,172970.0,173030.0,143624,5,434778
WIN$D,M15,1649775600,173030.0,173165.0,172645.0,172660.0,158842,5,503602
WIN$D,M15,1649776500,172655.0,172695.0,172385.0,172445.0,164701,5,517191
WIN$D,M15,1649777400,172445.0,172550.0,172345.0,172515.0,108608,5,318969
WIN$D,M15,1649778300,172515.0,172610.0,172420.0,172570.0,95068,5,296271
WIN$D,M15,1649779200,172570.0,172615.0,172200.0,172270.0,127702,5,433480
WIN$D,M15,1649780100,172270.0,172380.0,172250.0,172355.0,69762,5,205564
WIN$D,M15,1649781000,172350.0,172710.0,172330.0,172610.0,123847,5,404696
WIN$D,M15,1649781900,172610.0,172710.0,172465.0,172470.0,93482,5,301759
WIN$D,M15,1649782800,172470.0,172490.0,172295.0,172390.0,74669,5,238107
WIN$D,M15,1649783700,172390.0,172535.0,172315.0,172430.0,42356,5,119370
WIN$D,M15,1649784600,172430.0,172620.0,172370.0,172545.0,59328,5,143934
WIN$D,M15,1649785500,172550.0,172665.0,172465.0,172665.0,31986,5,71666
WIN$D,M15,1649840400,172925.0,173170.0,172655.0,172875.0,153750,5,342019
WIN$D,M15,1649841300,172880.0,172990.0,172750.0,172940.0,135041,5,334720
WIN$D,M15,1649842200,172940.0,173135.0,172750.0,173105.0,171869,5,463818
WIN$D,M15,1649843100,173105.0,173110.0,172790.0,173000.0,124140,5,342335
WIN$D,M15,1649844000,173000.0,173170.0,172805.0,172915.0,218313,5,618141
WIN$D,M15,1649844900,172910.0,173045.0,172590.0,172720.0,200269,5,592053
WIN$D,M15,1649845800,172725.0,173235.0,172630.0,172940.0,278899,5,835148
WIN$D,M15,1649846700,172940.0,172985.0,172630.0,172740.0,172786,5,526464
WIN$D,M15,1649847600,172745.0,172795.0,172495.0,172650.0,164423,5,497740
WIN$D,M15,1649848500,172650.0,172840.0,172550.0,172570.0,134819,5,408653
WIN$D,M15,1649849400,172570.0,172750.0,172465.0,172730.0,139591,5,438800
WIN$D,M15,1649850300,172730.0,172750.0,172460.0,172625.0,121308,5,387020
WIN$D,M15,1649851200,172625.0,172775.0,172565.0,172685.0,102654,5,356046
WIN$D,M15,1649852100,172685.0,172895.0,172585.0,172685.0,115825,5,403229
WIN$D,M15,1649853000,172685.0,172885.0,172480.0,172695.0,129523,5,437842
WIN$D,M15,1649853900,172700.0,172770.0,172400.0,172595.0,98365,5,328883
WIN$D,M15,1649854800,172595.0,172810.0,172560.0,172750.0,92090,5,314472
WIN$D,M15,1649855700,172755.0,172970.0,172635.0,172960.0,84848,5,283405
WIN$D,M15,1649856600,172960.0,173070.0,172760.0,172910.0,102680,5,352512
WIN$D,M15,1649857500,172910.0,173200.0,172860.0,173185.0,112207,5,391970
WIN$D,M15,1649858400,173185.0,173565.0,173175.0,173475.0,126960,5,462487
WIN$D,M15,1649859300,173480.0,173550.0,173270.0,173285.0,74860,5,272489
WIN$D,M15,1649860200,173285.0,173345.0,173135.0,173150.0,79759,5,309204
WIN$D,M15,1649861100,173150.0,173160.0,172675.0,172865.0,123374,5,474015
WIN$D,M15,1649862000,172865.0,173030.0,172735.0,172780.0,113476,5,400288
WIN$D,M15,1649862900,172780.0,173150.0,172720.0,173110.0,94235,5,332901
WIN$D,M15,1649863800,173110.0,173195.0,172915.0,173175.0,91869,5,337313
WIN$D,M15,1649864700,173175.0,173255.0,173060.0,173070.0,78265,5,284079
WIN$D,M15,1649865600,173070.0,173105.0,172910.0,172920.0,89031,5,323140
WIN$D,M15,1649866500,172915.0,173025.0,172815.0,173020.0,80744,5,296309
WIN$D,M15,1649867400,173020.0,173075.0,172835.0,172960.0,84545,5,302578
WIN$D,M15,1649868300,172960.0,173200.0,172810.0,172870.0,107159,5,391279
WIN$D,M15,1649869200,172870.0,172995.0,172820.0,172950.0,60653,5,196534
WIN$D,M15,1649870100,172955.0,173170.0,172925.0,173130.0,49383,5,156122
WIN$D,M15,1649871000,173130.0,173275.0,173045.0,173095.0,60035,5,173843
WIN$D,M15,1649871900,173090.0,173285.0,173075.0,173090.0,21696,5,68731
WIN$D,M15,1649926800,172855.0,172895.0,172580.0,172795.0,152277,5,358868
WIN$D,M15,1649927700,172790.0,172920.0,172735.0,172860.0,111811,5,321632
WIN$D,M15,1649928600,172860.0,172970.0,172560.0,172715.0,191892,5,550542
WIN$D,M15,1649929500,172715.0,172760.0,172495.0,172530.0,131962,5,374633
WIN$D,M15,1649930400,172530.0,172610.0,172280.0,172580.0,230139,5,684486
WIN$D,M15,1649931300,172580.0,172835.0,172560.0,172820.0,212477,5,614233
WIN$D,M15,1649932200,172820.0,172910.0,172435.0,172440.0,306573,5,942921
WIN$D,M15,1649933100,172440.0,172535.0,172180.0,172475.0,240620,5,762369
WIN$D,M15,1649934000,172470.0,172720.0,172250.0,172405.0,218616,5,669507
WIN$D,M15,1649934900,172410.0,172680.0,172305.0,172630.0,149386,5,477103
WIN$D,M15,1649935800,172625.0,172725.0,172490.0,172555.0,139508,5,428783
WIN$D,M15,1649936700,172555.0,172585.0,172120.0,172230.0,176270,5,556421
WIN$D,M15,1649937600,172230.0,172430.0,172190.0,172400.0,122940,5,384350
WIN$D,M15,1649938500,172405.0,172525.0,172280.0,172495.0,109916,5,346662
WIN$D,M15,1649939400,172495.0,172525.0,172130.0,172185.0,109042,5,371312
WIN$D,M15,1649940300,172190.0,172250.0,171900.0,172005.0,140578,5,462819
WIN$D,M15,1649941200,172005.0,172005.0,171825.0,171895.0,98435,5,317414
WIN$D,M15,1649942100,171895.0,171995.0,171805.0,171920.0,73743,5,236907
WIN$D,M15,1649943000,171920.0,171970.0,171715.0,171780.0,103603,5,344373
WIN$D,M15,1649943900,171785.0,171885.0,171755.0,171835.0,55251,5,187062
WIN$D,M15,1649944800,171835.0,171860.0,171675.0,171765.0,94865,5,316138
WIN$D,M15,1649945700,171760.0,171880.0,171730.0,171805.0,59038,5,205780
WIN$D,M15,1649946600,171810.0,172040.0,171805.0,171990.0,87102,5,287596
WIN$D,M15,1649947500,171995.0,172125.0,171975.0,172060.0,90233,5,302603
WIN$D,M15,1649948400,172065.0,172175.0,172060.0,172115.0,85417,5,305544
WIN$D,M15,1649949300,172115.0,172145.0,171990.0,172125.0,80726,5,281023
WIN$D,M15,1649950200,172125.0,172165.0,171985.0,172005.0,81076,5,271289
WIN$D,M15,1649951100,172000.0,172105.0,171890.0,171915.0,85889,5,283660
WIN$D,M15,1649952000,171920.0,172040.0,171845.0,171980.0,70726,5,229092
WIN$D,M15,1649952900,171985.0,172085.0,171960.0,172015.0,65453,5,210903
WIN$D,M15,1649953800,172015.0,172060.0,171885.0,172005.0,68778,5,223678
WIN$D,M15,1649954700,172000.0,172175.0,171870.0,172025.0,102005,5,312355
WIN$D,M15,1649955600,172025.0,172130.0,171975.0,172000.0,48871,5,160633
WIN$D,M15,1649956500,171995.0,172060.0,171890.0,171950.0,30542,5,113065
WIN$D,M15,1649957400,171955.0,172105.0,171935.0,172100.0,26646,5,84653
WIN$D,M15,1649958300,172090.0,172145.0,172005.0,172005.0,18565,5,57754
WIN$D,M15,1650272400,171840.0,172080.0,171715.0,171795.0,172952,5,404544
WIN$D,M15,1650273300,171795.0,171880.0,171700.0,171745.0,114149,5,316985
WIN$D,M15,1650274200,171745.0,171965.0,171715.0,171840.0,115904,5,335108
WIN$D,M15,1650275100,171835.0,171950.0,171795.0,171840.0,97947,5,296524
WIN$D,M15,1650276000,171845.0,172215.0,171680.0,172145.0,272601,5,799505
WIN$D,M15,1650276900,172150.0,172185.0,171610.0,171795.0,254911,5,759869
WIN$D,M15,1650277800,171795.0,172030.0,171585.0,171680.0,303567,5,853107
WIN$D,M15,1650278700,171685.0,171695.0,171335.0,171395.0,205024,5,583715
WIN$D,M15,1650279600,171395.0,171480.0,171200.0,171455.0,168261,5,487829
WIN$D,M15,1650280500,171460.0,171705.0,171415.0,171700.0,159025,5,497306
WIN$D,M15,1650281400,171700.0,171845.0,171655.0,171825.0,146823,5,465418
WIN$D,M15,1650282300,171820.0,171940.0,171745.0,171830.0,125503,5,390857
WIN$D,M15,1650283200,171825.0,171850.0,171670.0,171730.0,92946,5,294309
WIN$D,M15,1650284100,171725.0,171825.0,171630.0,171720.0,104368,5,321302
WIN$D,M15,1650285000,171725.0,171800.0,171625.0,171705.0,86138,5,263480
WIN$D,M15,1650285900,171710.0,171770.0,171610.0,171670.0,74402,5,231094
WIN$D,M15,1650286800,171670.0,171885.0,171570.0,171720.0,112829,5,335678
WIN$D,M15,1650287700,171715.0,171815.0,171625.0,171685.0,78799,5,235477
WIN$D,M15,1650288600,171690.0,171850.0,171615.0,171745.0,87046,5,260059
WIN$D,M15,1650289500,171750.0,172035.0,171680.0,172015.0,96695,5,299482
WIN$D,M15,1650290400,172020.0,172340.0,171945.0,172170.0,167460,5,535775
WIN$D,M15,1650291300,172170.0,172225.0,172030.0,172115.0,106512,5,333873
WIN$D,M15,1650292200,172115.0,172300.0,172100.0,172180.0,119432,5,379551
WIN$D,M15,1650293100,172180.0,172315.0,172080.0,172130.0,126118,5,403170
WIN$D,M15,1650294000,172135.0,172210.0,172005.0,172020.0,88929,5,287492
WIN$D,M15,1650294900,172025.0,172070.0,171865.0,171890.0,115913,5,390802
WIN$D,M15,1650295800,171890.0,171950.0,171835.0,171835.0,72278,5,217528
WIN$D,M15,1650296700,171835.0,171845.0,171555.0,171565.0,104591,5,328629
WIN$D,M15,1650297600,171570.0,171685.0,171475.0,171675.0,100939,5,306963
WIN$D,M15,1650298500,171675.0,171770.0,171615.0,171680.0,87343,5,280791
WIN$D,M15,1650299400,171685.0,171685.0,171510.0,171535.0,81788,5,248201
WIN$D,M15,1650300300,171530.0,171685.0,171450.0,171670.0,95301,5,287616
WIN$D,M15,1650301200,171675.0,171925.0,171665.0,171890.0,88553,5,293083
WIN$D,M15,1650302100,171890.0,171995.0,171830.0,171840.0,57989,5,182403
WIN$D,M15,1650303000,171840.0,171855.0,171735.0,171815.0,52709,5,142642
WIN$D,M15,1650303900,171810.0,171835.0,171690.0,171715.0,23742,5,66989
WIN$D,M15,1650358800,171520.0,171565.0,171225.0,171280.0,166369,5,412599
WIN$D,M15,1650359700,171280.0,171295.0,171140.0,171235.0,107405,5,312636
WIN$D,M15,1650360600,171230.0,171355.0,171110.0,171240.0,132628,5,399039
WIN$D,M15,1650361500,171240.0,171285.0,171130.0,171145.0,96563,5,302388
WIN$D,M15,1650362400,171150.0,171175.0,170760.0,170940.0,269685,5,829473
WIN$D,M15,1650363300,170940.0,171045.0,170750.0,170785.0,174471,5,530968
WIN$D,M15,1650364200,170785.0,171000.0,170680.0,170945.0,198171,5,630157
WIN$D,M15,1650365100,170945.0,171240.0,170925.0,171220.0,190656,5,634624
WIN$D,M15,1650366000,171220.0,171340.0,171150.0,171290.0,140194,5,487143
WIN$D,M15,1650366900,171285.0,171350.0,171185.0,171240.0,129259,5,451783
WIN$D,M15,1650367800,171240.0,171305.0,171095.0,171150.0,124104,5,432254
WIN$D,M15,1650368700,171145.0,171420.0,170790.0,170960.0,220047,5,716186
WIN$D,M15,1650369600,170955.0,171005.0,170895.0,170950.0,87674,5,320425
WIN$D,M15,1650370500,170950.0,171055.0,170845.0,170865.0,103345,5,342789
WIN$D,M15,1650371400,170870.0,170920.0,170640.0,170780.0,125890,5,433787
WIN$D,M15,1650372300,170780.0,170795.0,170455.0,170460.0,116631,5,406881
WIN$D,M15,1650373200,170460.0,170535.0,170345.0,170385.0,100345,5,350071
WIN$D,M15,1650374100,170390.0,170565.0,170370.0,170510.0,63170,5,222371
WIN$D,M15,1650375000,170510.0,170530.0,170375.0,170440.0,65001,5,240234
WIN$D,M15,1650375900,170435.0,170510.0,170395.0,170440.0,59702,5,224962
WIN$D,M15,1650376800,170440.0,170595.0,170420.0,170550.0,56995,5,208999
WIN$D,M15,1650377700,170545.0,170595.0,170375.0,170380.0,83550,5,309495
WIN$D,M15,1650378600,170385.0,170560.0,170325.0,170480.0,82784,5,288771
WIN$D,M15,1650379500,170480.0,170520.0,170355.0,170450.0,81876,5,297730
WIN$D,M15,1650380400,170455.0,170510.0,170255.0,170340.0,100352,5,365903
WIN$D,M15,1650381300,170340.0,170420.0,170215.0,170405.0,91198,5,307565
WIN$D,M15,1650382200,170400.0,170625.0,170365.0,170515.0,97665,5,347879
WIN$D,M15,1650383100,170510.0,170615.0,170455.0,170565.0,63408,5,228075
WIN$D,M15,1650384000,170560.0,170780.0,170495.0,170740.0,83456,5,317079
WIN$D,M15,1650384900,170740.0,171040.0,170735.0,170950.0,125135,5,495377
WIN$D,M15,1650385800,170955.0,171290.0,170950.0,171275.0,121082,5,470667
WIN$D,M15,1650386700,171275.0,171475.0,171165.0,171295.0,138754,5,521353
WIN$D,M15,1650387600,171295.0,171315.0,170970.0,171010.0,103383,5,356390
WIN$D,M15,1650388500,171015.0,171075.0,170970.0,171020.0,38404,5,131931
WIN$D,M15,1650389400,171015.0,171210.0,171000.0,171140.0,43929,5,133976
WIN$D,M15,1650390300,171135.0,171205.0,171055.0,171055.0,19955,5,61274
WIN$D,M15,1650445200,171500.0,171515.0,170920.0,170935.0,188251,5,472866
WIN$D,M15,1650446100,170940.0,170970.0,170815.0,170880.0,124488,5,357229
WIN$D,M15,1650447000,170885.0,170965.0,170800.0,170900.0,97276,5,294595
WIN$D,M15,1650447900,170900.0,170940.0,170765.0,170840.0,106415,5,330257
WIN$D,M15,1650448800,170840.0,170920.0,170510.0,170900.0,238506,5,810819
WIN$D,M15,1650449700,170900.0,170940.0,170650.0,170835.0,203789,5,682100
WIN$D,M15,1650450600,170840.0,170845.0,170385.0,170455.0,269001,5,881017
WIN$D,M15,1650451500,170455.0,170490.0,170195.0,170285.0,178637,5,595692
WIN$D,M15,1650452400,170285.0,170355.0,170080.0,170260.0,182862,5,597988
WIN$D,M15,1650453300,170260.0,170390.0,170165.0,170215.0,142308,5,446707
WIN$D,M15,1650454200,170210.0,170430.0,170125.0,170405.0,125903,5,401939
WIN$D,M15,1650455100,170405.0,170515.0,170315.0,170370.0,119409,5,386521
WIN$D,M15,1650456000,170375.0,170385.0,169870.0,169975.0,163797,5,560242
WIN$D,M15,1650456900,169970.0,170055.0,169835.0,170030.0,129599,5,439178
WIN$D,M15,1650457800,170030.0,170105.0,169820.0,169985.0,136195,5,443744
WIN$D,M15,1650458700,169985.0,170135.0,169925.0,170075.0,84115,5,268782
WIN$D,M15,1650459600,170080.0,170105.0,169950.0,169970.0,69769,5,246782
WIN$D,M15,1650460500,169970.0,170125.0,169940.0,170050.0,70915,5,252779
WIN$D,M15,1650461400,170045.0,170170.0,170005.0,170090.0,64189,5,225264
WIN$D,M15,1650462300,170090.0,170200.0,170040.0,170190.0,71783,5,247877
WIN$D,M15,1650463200,170190.0,170270.0,170120.0,170170.0,85635,5,296358
WIN$D,M15,1650464100,170165.0,170245.0,170050.0,170220.0,102211,5,347700
WIN$D,M15,1650465000,170215.0,170270.0,170090.0,170260.0,76983,5,267825
WIN$D,M15,1650465900,170260.0,170270.0,170055.0,170205.0,82631,5,281436
WIN$D,M15,1650466800,170205.0,170300.0,170090.0,170115.0,94195,5,324616
WIN$D,M15,1650467700,170115.0,170155.0,169965.0,170090.0,98831,5,336500
WIN$D,M15,1650468600,170095.0,170120.0,169930.0,170060.0,86154,5,289978
WIN$D,M15,1650469500,170065.0,170175.0,169925.0,169960.0,99955,5,345648
WIN$D,M15,1650470400,169955.0,170095.0,169930.0,170040.0,79834,5,307027
WIN$D,M15,1650471300,170040.0,170195.0,170015.0,170130.0,74111,5,262443
WIN$D,M15,1650472200,170130.0,170220.0,170090.0,170215.0,67521,5,240892
WIN$D,M15,1650473100,170215.0,170290.0,170105.0,170275.0,103370,5,396036
WIN$D,M15,1650474000,170275.0,170285.0,170115.0,170165.0,70606,5,240557
WIN$D,M15,1650474900,170165.0,170210.0,170125.0,170175.0,30976,5,111216
WIN$D,M15,1650475800,170180.0,170215.0,170155.0,170175.0,28007,5,86028
WIN$D,M15,1650476700,170170.0,170185.0,169865.0,169865.0,37240,5,122337
WIN$D,M15,1650618000,168605.0,168745.0,168045.0,168095.0,177978,5,465424
WIN$D,M15,1650618900,168100.0,168360.0,168050.0,168305.0,117432,5,316743
WIN$D,M15,1650619800,168310.0,168380.0,168145.0,168320.0,111856,5,313707
WIN$D,M15,1650620700,168320.0,168455.0,168190.0,168445.0,108797,5,308766
WIN$D,M15,1650621600,168445.0,168525.0,168165.0,168345.0,218594,5,637742
WIN$D,M15,1650622500,168345.0,168485.0,168180.0,168190.0,160974,5,462240
WIN$D,M15,1650623400,168195.0,168255.0,167965.0,168065.0,264936,5,768121
WIN$D,M15,1650624300,168060.0,168430.0,168045.0,168320.0,184894,5,539021
WIN$D,M15,1650625200,168320.0,168725.0,168285.0,168415.0,204977,5,634406
WIN$D,M15,1650626100,168410.0,168455.0,168080.0,168160.0,143965,5,444198
WIN$D,M15,1650627000,168160.0,168235.0,167565.0,167625.0,227057,5,714645
WIN$D,M15,1650627900,167620.0,167770.0,167575.0,167620.0,115521,5,361125
WIN$D,M15,1650628800,167620.0,167760.0,167510.0,167745.0,111468,5,345009
WIN$D,M15,1650629700,167745.0,167795.0,167650.0,167765.0,82850,5,248722
WIN$D,M15,1650630600,167765.0,167805.0,167385.0,167425.0,132000,5,415524
WIN$D,M15,1650631500,167420.0,167590.0,167365.0,167575.0,85449,5,271803
WIN$D,M15,1650632400,167575.0,167755.0,167560.0,167750.0,72198,5,241717
WIN$D,M15,1650633300,167750.0,167750.0,167625.0,167660.0,67065,5,216123
WIN$D,M15,1650634200,167665.0,167875.0,167645.0,167700.0,102818,5,336922
WIN$D,M15,1650635100,167700.0,167775.0,167535.0,167575.0,98200,5,315361
WIN$D,M15,1650636000,167575.0,167595.0,167465.0,167535.0,79266,5,263888
WIN$D,M15,1650636900,167530.0,167585.0,167365.0,167485.0,100931,5,330923
WIN$D,M15,1650637800,167480.0,167610.0,167330.0,167370.0,99450,5,304287
WIN$D,M15,1650638700,167375.0,167430.0,166960.0,166975.0,152117,5,530892
WIN$D,M15,1650639600,166980.0,167100.0,166870.0,167100.0,118334,5,400656
WIN$D,M15,1650640500,167100.0,167310.0,166980.0,167065.0,129966,5,454717
WIN$D,M15,1650641400,167070.0,167115.0,166850.0,167000.0,107678,5,368880
WIN$D,M15,1650642300,167000.0,167040.0,166560.0,166720.0,127599,5,454703
WIN$D,M15,1650643200,166720.0,166750.0,166395.0,166655.0,157233,5,564853
WIN$D,M15,1650644100,166660.0,166775.0,166515.0,166600.0,129162,5,436559
WIN$D,M15,1650645000,166600.0,166845.0,166535.0,166610.0,133706,5,444712
WIN$D,M15,1650645900,166610.0,166715.0,166345.0,166710.0,145475,5,482708
WIN$D,M15,1650646800,166710.0,166845.0,166590.0,166755.0,97324,5,296166
WIN$D,M15,1650647700,166755.0,166840.0,166670.0,166790.0,56846,5,156022
WIN$D,M15,1650648600,166795.0,166825.0,166695.0,166790.0,45855,5,115188
WIN$D,M15,1650649500,166785.0,166995.0,166695.0,166995.0,42431,5,102345
WIN$D,M15,1650877200,165440.0,165505.0,165160.0,165290.0,203083,5,506101
WIN$D,M15,1650878100,165290.0,165345.0,165155.0,165325.0,137137,5,378524
WIN$D,M15,1650879000,165320.0,165530.0,165220.0,165505.0,129303,5,376827
WIN$D,M15,1650879900,165505.0,165735.0,165415.0,165725.0,137634,5,407543
WIN$D,M15,1650880800,165720.0,165770.0,165445.0,165620.0,197458,5,569368
WIN$D,M15,1650881700,165615.0,165800.0,165520.0,165650.0,201181,5,584676
WIN$D,M15,1650882600,165645.0,165895.0,165300.0,165565.0,341498,5,982885
WIN$D,M15,1650883500,165565.0,165765.0,165360.0,165370.0,243654,5,703479
WIN$D,M15,1650884400,165370.0,165625.0,165295.0,165440.0,206902,5,593778
WIN$D,M15,1650885300,165440.0,165740.0,165350.0,165615.0,195223,5,575653
WIN$D,M15,1650886200,165610.0,165835.0,165500.0,165540.0,194932,5,607124
WIN$D,M15,1650887100,165535.0,165660.0,165020.0,165030.0,197908,5,635622
WIN$D,M15,1650888000,165030.0,165295.0,164955.0,165190.0,182390,5,561924
WIN$D,M15,1650888900,165195.0,165385.0,165105.0,165265.0,127894,5,419670
WIN$D,M15,1650889800,165260.0,165365.0,165120.0,165135.0,129073,5,416574
WIN$D,M15,1650890700,165135.0,165155.0,164930.0,165115.0,121756,5,410154
WIN$D,M15,1650891600,165115.0,165540.0,165080.0,165490.0,139384,5,466852
WIN$D,M15,1650892500,165490.0,165740.0,165405.0,165535.0,131206,5,432060
WIN$D,M15,1650893400,165530.0,165730.0,165495.0,165570.0,103455,5,341237
WIN$D,M15,1650894300,165570.0,166035.0,165570.0,165775.0,151341,5,510769
WIN$D,M15,1650895200,165775.0,165825.0,165550.0,165730.0,127582,5,458642
WIN$D,M15,1650896100,165735.0,165945.0,165690.0,165785.0,119746,5,414118
WIN$D,M15,1650897000,165785.0,165990.0,165715.0,165840.0,134597,5,449154
WIN$D,M15,1650897900,165835.0,166085.0,165780.0,165840.0,135229,5,473675
WIN$D,M15,1650898800,165845.0,166165.0,165740.0,165955.0,151093,5,544335
WIN$D,M15,1650899700,165955.0,166435.0,165950.0,166385.0,144972,5,526310
WIN$D,M15,1650900600,166385.0,166550.0,166300.0,166365.0,132523,5,484143
WIN$D,M15,1650901500,166370.0,166955.0,166310.0,166650.0,188128,5,695556
WIN$D,M15,1650902400,166655.0,166675.0,166435.0,166490.0,112152,5,416327
WIN$D,M15,1650903300,166495.0,166915.0,166495.0,166890.0,128381,5,464487
WIN$D,M15,1650904200,166895.0,166965.0,166685.0,166860.0,114986,5,426810
WIN$D,M15,1650905100,166860.0,166895.0,166555.0,166575.0,109854,5,393608
WIN$D,M15,1650906000,166575.0,166690.0,166415.0,166475.0,74744,5,259880
WIN$D,M15,1650906900,166475.0,166560.0,166335.0,166430.0,57994,5,187294
WIN$D,M15,1650907800,166425.0,166525.0,166325.0,166505.0,46644,5,136469
WIN$D,M15,1650908700,166505.0,166590.0,166415.0,166505.0,24595,5,77087
WIN$D,M15,1650963600,166190.0,166205.0,165825.0,165960.0,158867,5,383042
WIN$D,M15,1650964500,165960.0,165975.0,165630.0,165660.0,126349,5,362527
WIN$D,M15,1650965400,165665.0,165700.0,165455.0,165555.0,141130,5,423235
WIN$D,M15,1650966300,165555.0,165690.0,165510.0,165540.0,109172,5,327764
WIN$D,M15,1650967200,165540.0,165835.0,165410.0,165740.0,222314,5,693103
WIN$D,M15,1650968100,165735.0,165965.0,165655.0,165735.0,215195,5,665130
WIN$D,M15,1650969000,165730.0,165760.0,164885.0,164960.0,350021,5,1114924
WIN$D,M15,1650969900,164960.0,165145.0,164880.0,165070.0,185345,5,554161
WIN$D,M15,1650970800,165070.0,165260.0,164980.0,165010.0,165376,5,504205
WIN$D,M15,1650971700,165015.0,165020.0,164635.0,164785.0,208703,5,686370
WIN$D,M15,1650972600,164785.0,164815.0,164410.0,164565.0,184345,5,595892
WIN$D,M15,1650973500,164560.0,164685.0,164495.0,164580.0,128401,5,407840
WIN$D,M15,1650974400,164575.0,164590.0,164325.0,164545.0,130987,5,430514
WIN$D,M15,1650975300,164550.0,164555.0,164340.0,164460.0,104081,5,356125
WIN$D,M15,1650976200,164460.0,164530.0,164350.0,164490.0,108096,5,370729
WIN$D,M15,1650977100,164485.0,164585.0,164390.0,164430.0,95392,5,341631
WIN$D,M15,1650978000,164430.0,164550.0,164260.0,164495.0,100967,5,358440
WIN$D,M15,1650978900,164490.0,164770.0,164485.0,164710.0,102905,5,341739
WIN$D,M15,1650979800,164710.0,164735.0,164590.0,164640.0,73767,5,247367
WIN$D,M15,1650980700,164635.0,164760.0,164560.0,164710.0,89184,5,295471
WIN$D,M15,1650981600,164705.0,164735.0,164505.0,164505.0,90153,5,293592
WIN$D,M15,1650982500,164510.0,164570.0,164400.0,164440.0,83308,5,293595
WIN$D,M15,1650983400,164435.0,164540.0,164335.0,164510.0,97870,5,347391
WIN$D,M15,1650984300,164515.0,164575.0,164385.0,164405.0,79663,5,279968
WIN$D,M15,1650985200,164405.0,164450.0,164290.0,164420.0,94223,5,336075
WIN$D,M15,1650986100,164415.0,164580.0,164395.0,164525.0,87856,5,307495
WIN$D,M15,1650987000,164525.0,164540.0,164210.0,164215.0,102864,5,349178
WIN$D,M15,1650987900,164220.0,164250.0,164015.0,164205.0,128996,5,459726
WIN$D,M15,1650988800,164210.0,164320.0,163995.0,164020.0,103447,5,364322
WIN$D,M15,1650989700,164020.0,164065.0,163610.0,163825.0,156540,5,559115
WIN$D,M15,1650990600,163825.0,164025.0,163730.0,164000.0,112326,5,405095
WIN$D,M15,1650991500,164005.0,164075.0,163780.0,163820.0,127099,5,448404
WIN$D,M15,1650992400,163820.0,163940.0,163595.0,163735.0,110519,5,386978
WIN$D,M15,1650993300,163735.0,163795.0,163640.0,163660.0,50502,5,171107
WIN$D,M15,1650994200,163660.0,163700.0,163480.0,163545.0,67729,5,215873
WIN$D,M15,1650995100,163545.0,163555.0,163315.0,163340.0,25222,5,94940
WIN$D,M15,1651050000,164610.0,165605.0,164495.0,165490.0,248555,5,646221
WIN$D,M15,1651050900,165490.0,165565.0,165210.0,165275.0,120896,5,360039
WIN$D,M15,1651051800,165275.0,165715.0,165230.0,165670.0,202861,5,613659
WIN$D,M15,1651052700,165670.0,165750.0,165485.0,165670.0,142559,5,449848
WIN$D,M15,1651053600,165670.0,165760.0,165345.0,165530.0,270117,5,824658
WIN$D,M15,1651054500,165530.0,165690.0,165170.0,165295.0,200084,5,609367
WIN$D,M15,1651055400,165290.0,165440.0,164870.0,165240.0,327236,5,977516
WIN$D,M15,1651056300,165245.0,165650.0,165150.0,165580.0,266981,5,793399
WIN$D,M15,1651057200,165585.0,165810.0,165170.0,165205.0,272981,5,823663
WIN$D,M15,1651058100,165210.0,165260.0,164830.0,164835.0,239672,5,767315
WIN$D,M15,1651059000,164835.0,165275.0,164785.0,165210.0,203649,5,610047
WIN$D,M15,1651059900,165210.0,165295.0,165050.0,165140.0,150453,5,445477
WIN$D,M15,1651060800,165145.0,165375.0,165000.0,165090.0,182925,5,552746
WIN$D,M15,1651061700,165090.0,165405.0,165090.0,165340.0,143202,5,440226
WIN$D,M15,1651062600,165340.0,165435.0,165150.0,165355.0,111670,5,369269
WIN$D,M15,1651063500,165355.0,165490.0,165250.0,165360.0,103368,5,335497
WIN$D,M15,1651064400,165360.0,165600.0,165265.0,165490.0,114862,5,374214
WIN$D,M15,1651065300,165490.0,165645.0,165355.0,165615.0,109742,5,360286
WIN$D,M15,1651066200,165610.0,165685.0,165435.0,165480.0,101037,5,338936
WIN$D,M15,1651067100,165480.0,165495.0,165040.0,165095.0,137757,5,452215
WIN$D,M15,1651068000,165100.0,165150.0,164765.0,164830.0,205317,5,653639
WIN$D,M15,1651068900,164835.0,164885.0,164585.0,164835.0,166032,5,529103
WIN$D,M15,1651069800,164835.0,164990.0,164750.0,164935.0,129996,5,410680
WIN$D,M15,1651070700,164940.0,165220.0,164850.0,165205.0,146487,5,464371
WIN$D,M15,1651071600,165210.0,165295.0,165015.0,165165.0,135000,5,426445
WIN$D,M15,1651072500,165170.0,165190.0,164925.0,165110.0,119268,5,381481
WIN$D,M15,1651073400,165110.0,165250.0,164905.0,165220.0,120645,5,393276
WIN$D,M15,1651074300,165220.0,165295.0,164930.0,165010.0,117204,5,367529
WIN$D,M15,1651075200,165010.0,165085.0,164790.0,164995.0,141436,5,443523
WIN$D,M15,1651076100,164995.0,165065.0,164695.0,164855.0,135529,5,423831
WIN$D,M15,1651077000,164855.0,165045.0,164790.0,164960.0,115799,5,362237
WIN$D,M15,1651077900,164955.0,165035.0,164680.0,164790.0,134547,5,404172
WIN$D,M15,1651078800,164795.0,165185.0,164685.0,165040.0,114845,5,338005
WIN$D,M15,1651079700,165040.0,165155.0,164835.0,164885.0,56899,5,159432
WIN$D,M15,1651080600,164895.0,164985.0,164865.0,164960.0,41063,5,111247
WIN$D,M15,1651081500,164960.0,165150.0,164915.0,165135.0,23486,5,69666
WIN$D,M15,1651136400,166210.0,166310.0,165920.0,165975.0,168186,5,396911
WIN$D,M15,1651137300,165980.0,166235.0,165890.0,165965.0,150518,5,398931
WIN$D,M15,1651138200,165965.0,166095.0,165750.0,165785.0,178765,5,472795
WIN$D,M15,1651139100,165790.0,165810.0,165610.0,165635.0,106202,5,294352
WIN$D,M15,1651140000,165630.0,165765.0,165530.0,165565.0,181700,5,516861
WIN$D,M15,1651140900,165570.0,165640.0,165245.0,165330.0,234216,5,702553
WIN$D,M15,1651141800,165325.0,165370.0,164945.0,165155.0,268182,5,814102
WIN$D,M15,1651142700,165160.0,165325.0,164990.0,165140.0,211251,5,597508
WIN$D,M15,1651143600,165140.0,165145.0,164815.0,164975.0,199271,5,605032
WIN$D,M15,1651144500,164975.0,165090.0,164685.0,164740.0,194319,5,583589
WIN$D,M15,1651145400,164735.0,164760.0,164430.0,164550.0,164363,5,550267
WIN$D,M15,1651146300,164550.0,164755.0,164465.0,164725.0,136764,5,453755
WIN$D,M15,1651147200,164725.0,164950.0,164680.0,164895.0,138066,5,475706
WIN$D,M15,1651148100,164900.0,164940.0,164720.0,164820.0,106724,5,340406
WIN$D,M15,1651149000,164825.0,164890.0,164670.0,164725.0,109529,5,356731
WIN$D,M15,1651149900,164725.0,164825.0,164675.0,164710.0,82087,5,268017
WIN$D,M15,1651150800,164710.0,164795.0,164635.0,164785.0,81069,5,266141
WIN$D,M15,1651151700,164785.0,164965.0,164760.0,164925.0,94138,5,320053
WIN$D,M15,1651152600,164930.0,165335.0,164895.0,165320.0,133182,5,476168
WIN$D,M15,1651153500,165320.0,165550.0,165270.0,165330.0,153597,5,543733
WIN$D,M15,1651154400,165330.0,165480.0,165255.0,165380.0,106152,5,371712
WIN$D,M15,1651155300,165375.0,165525.0,165205.0,165495.0,135356,5,451730
WIN$D,M15,1651156200,165500.0,165650.0,165375.0,165460.0,143818,5,472924
WIN$D,M15,1651157100,165465.0,165575.0,165395.0,165515.0,90785,5,291812
WIN$D,M15,1651158000,165510.0,165635.0,165485.0,165545.0,85068,5,284220
WIN$D,M15,1651158900,165545.0,165840.0,165490.0,165800.0,120903,5,403985
WIN$D,M15,1651159800,165800.0,165950.0,165715.0,165880.0,92443,5,313879
WIN$D,M15,1651160700,165875.0,166250.0,165850.0,166115.0,134416,5,477316
WIN$D,M15,1651161600,166120.0,166245.0,166025.0,166150.0,88995,5,310812
WIN$D,M15,1651162500,166155.0,166375.0,166005.0,166015.0,108984,5,370037
WIN$D,M15,1651163400,166020.0,166070.0,165645.0,165680.0,161215,5,561178
WIN$D,M15,1651164300,165680.0,165720.0,165365.0,165595.0,145541,5,493496
WIN$D,M15,1651165200,165595.0,165595.0,165190.0,165315.0,127083,5,388558
WIN$D,M15,1651166100,165310.0,165440.0,165290.0,165385.0,43468,5,137258
WIN$D,M15,1651167000,165390.0,165650.0,165340.0,165360.0,80067,5,234610
WIN$D,M15,1651167900,165365.0,165390.0,165010.0,165010.0,29612,5,98091
WIN$D,M15,1651222800,164945.0,166085.0,164845.0,166075.0,222560,5,610554
WIN$D,M15,1651223700,166075.0,166630.0,166020.0,166620.0,204534,5,607997
WIN$D,M15,1651224600,166620.0,166850.0,166280.0,166770.0,243824,5,731218
WIN$D,M15,1651225500,166770.0,167200.0,166660.0,166990.0,205111,5,666309
WIN$D,M15,1651226400,166995.0,167285.0,166935.0,166985.0,221756,5,673573
WIN$D,M15,1651227300,166985.0,167450.0,166955.0,167235.0,197699,5,607465
WIN$D,M15,1651228200,167230.0,167505.0,167035.0,167045.0,201177,5,622918
WIN$D,M15,1651229100,167045.0,167350.0,166940.0,167310.0,210103,5,628208
WIN$D,M15,1651230000,167310.0,167400.0,167170.0,167220.0,162786,5,506904
WIN$D,M15,1651230900,167220.0,167305.0,166855.0,166890.0,179504,5,609302
WIN$D,M15,1651231800,166890.0,167020.0,166795.0,166880.0,140617,5,475625
WIN$D,M15,1651232700,166880.0,166890.0,166535.0,166765.0,153913,5,532550
WIN$D,M15,1651233600,166765.0,166830.0,166645.0,166785.0,116213,5,415066
WIN$D,M15,1651234500,166780.0,167045.0,166745.0,166975.0,129893,5,484192
WIN$D,M15,1651235400,166975.0,167070.0,166760.0,166785.0,107762,5,389795
WIN$D,M15,1651236300,166780.0,166885.0,166645.0,166665.0,96396,5,352454
WIN$D,M15,1651237200,166660.0,166680.0,166360.0,166465.0,113310,5,422406
WIN$D,M15,1651238100,166465.0,166580.0,166440.0,166490.0,71384,5,247199
WIN$D,M15,1651239000,166485.0,166525.0,166315.0,166345.0,92991,5,328220
WIN$D,M15,1651239900,166350.0,166400.0,166155.0,166275.0,95622,5,344507
WIN$D,M15,1651240800,166270.0,166510.0,166260.0,166350.0,102486,5,367970
WIN$D,M15,1651241700,166350.0,166565.0,166310.0,166425.0,99704,5,369110
WIN$D,M15,1651242600,166425.0,166560.0,166170.0,166235.0,120385,5,479647
WIN$D,M15,1651243500,166235.0,166240.0,166060.0,166085.0,114926,5,451501
WIN$D,M15,1651244400,166085.0,166160.0,166005.0,166125.0,104579,5,392863
WIN$D,M15,1651245300,166120.0,166305.0,166070.0,166135.0,115910,5,418929
WIN$D,M15,1651246200,166135.0,166135.0,165635.0,165665.0,140491,5,504552
WIN$D,M15,1651247100,165665.0,165675.0,164660.0,164925.0,240040,5,907377
WIN$D,M15,1651248000,164915.0,164995.0,164475.0,164495.0,145122,5,490352
WIN$D,M15,1651248900,164495.0,164830.0,164480.0,164685.0,124721,5,421684
WIN$D,M15,1651249800,164690.0,165000.0,164125.0,164140.0,183756,5,632500
WIN$D,M15,1651250700,164140.0,164175.0,162580.0,162980.0,257875,5,927079
WIN$D,M15,1651251600,162975.0,163265.0,162530.0,162690.0,150739,5,531370
WIN$D,M15,1651252500,162685.0,163190.0,162685.0,163005.0,97960,5,297820
WIN$D,M15,1651253400,163005.0,163280.0,162825.0,163200.0,64056,5,188182
WIN$D,M15,1651254300,163200.0,163240.0,162690.0,163105.0,32469,5,101513
WIN$D,M15,1651482000,162825.0,163605.0,162730.0,163270.0,220283,5,537673
WIN$D,M15,1651482900,163270.0,163320.0,162895.0,163040.0,157239,5,405672
WIN$D,M15,1651483800,163040.0,163250.0,163010.0,163140.0,134113,5,364111
WIN$D,M15,1651484700,163135.0,163160.0,162845.0,162980.0,164684,5,452316
WIN$D,M15,1651485600,162980.0,163285.0,162940.0,163075.0,214609,5,597746
WIN$D,M15,1651486500,163075.0,163430.0,163055.0,163295.0,220673,5,620144
WIN$D,M15,1651487400,163290.0,163400.0,161910.0,161965.0,455203,5,1319863
WIN$D,M15,1651488300,161970.0,162410.0,161940.0,162205.0,224381,5,631318
WIN$D,M15,1651489200,162210.0,162385.0,161885.0,162085.0,239779,5,681729
WIN$D,M15,1651490100,162085.0,162185.0,161660.0,162170.0,220536,5,662435
WIN$D,M15,1651491000,162170.0,162355.0,161845.0,161860.0,196852,5,609380
WIN$D,M15,1651491900,161855.0,161880.0,161460.0,161665.0,187580,5,576600
WIN$D,M15,1651492800,161665.0,161695.0,161200.0,161465.0,172386,5,541926
WIN$D,M15,1651493700,161465.0,161470.0,160845.0,160950.0,190964,5,604443
WIN$D,M15,1651494600,160950.0,161320.0,160800.0,161210.0,158755,5,492367
WIN$D,M15,1651495500,161210.0,161335.0,161125.0,161315.0,103966,5,318987
WIN$D,M15,1651496400,161320.0,161395.0,161140.0,161380.0,111863,5,355531
WIN$D,M15,1651497300,161375.0,161645.0,161345.0,161605.0,112082,5,362268
WIN$D,M15,1651498200,161605.0,161620.0,161465.0,161530.0,92305,5,299374
WIN$D,M15,1651499100,161525.0,161540.0,160975.0,161090.0,146797,5,474958
WIN$D,M15,1651500000,161090.0,161325.0,160905.0,161270.0,131150,5,440313
WIN$D,M15,1651500900,161270.0,161405.0,161175.0,161195.0,113790,5,384847
WIN$D,M15,1651501800,161195.0,161460.0,161080.0,161305.0,128701,5,426446
WIN$D,M15,1651502700,161305.0,161335.0,161085.0,161115.0,115747,5,370964
WIN$D,M15,1651503600,161120.0,161455.0,160950.0,160995.0,145461,5,474529
WIN$D,M15,1651504500,160995.0,161055.0,160640.0,160890.0,202930,5,666141
WIN$D,M15,1651505400,160895.0,161035.0,160590.0,160705.0,162146,5,502579
WIN$D,M15,1651506300,160700.0,160945.0,160660.0,160780.0,151542,5,476112
WIN$D,M15,1651507200,160780.0,161375.0,160720.0,161330.0,174135,5,563733
WIN$D,M15,1651508100,161330.0,161850.0,161230.0,161605.0,193420,5,623394
WIN$D,M15,1651509000,161600.0,162035.0,161590.0,161710.0,207458,5,632348
WIN$D,M15,1651509900,161715.0,162075.0,161670.0,161990.0,160912,5,495699
WIN$D,M15,1651510800,161990.0,162150.0,161835.0,161925.0,95518,5,304949
WIN$D,M15,1651511700,161920.0,162145.0,161880.0,162065.0,71694,5,215086
WIN$D,M15,1651512600,162065.0,162085.0,161855.0,162060.0,62831,5,185835
WIN$D,M15,1651513500,162060.0,162205.0,161970.0,162205.0,20188,5,64553
WIN$D,M15,1651568400,162055.0,162625.0,162010.0,162125.0,206800,5,506083
WIN$D,M15,1651569300,162120.0,162290.0,162055.0,162230.0,142105,5,402657
WIN$D,M15,1651570200,162230.0,162370.0,161975.0,162060.0,204467,5,587633
WIN$D,M15,1651571100,162060.0,162265.0,161995.0,162015.0,151175,5,443059
WIN$D,M15,1651572000,162020.0,162405.0,161775.0,162165.0,305600,5,890439
WIN$D,M15,1651572900,162160.0,162435.0,162005.0,162415.0,222120,5,638905
WIN$D,M15,1651573800,162425.0,162475.0,162055.0,162330.0,312945,5,897083
WIN$D,M15,1651574700,162335.0,162390.0,161925.0,162260.0,258662,5,741774
WIN$D,M15,1651575600,162260.0,162500.0,161960.0,162215.0,249765,5,719409
WIN$D,M15,1651576500,162220.0,162365.0,161975.0,162340.0,181352,5,529524
WIN$D,M15,1651577400,162340.0,162590.0,162285.0,162455.0,188927,5,572981
WIN$D,M15,1651578300,162455.0,162465.0,162195.0,162255.0,185890,5,570988
WIN$D,M15,1651579200,162260.0,162380.0,162095.0,162295.0,159096,5,491873
WIN$D,M15,1651580100,162300.0,162395.0,162135.0,162385.0,105991,5,329816
WIN$D,M15,1651581000,162380.0,162540.0,162060.0,162115.0,150026,5,498455
WIN$D,M15,1651581900,162115.0,162285.0,162035.0,162240.0,129919,5,428507
WIN$D,M15,1651582800,162245.0,162260.0,161710.0,161905.0,161039,5,508828
WIN$D,M15,1651583700,161905.0,162040.0,161835.0,161885.0,142290,5,424782
WIN$D,M15,1651584600,161885.0,161945.0,161775.0,161895.0,111122,5,329037
WIN$D,M15,1651585500,161895.0,162080.0,161755.0,162055.0,121859,5,363513
WIN$D,M15,1651586400,162055.0,162265.0,161990.0,162220.0,148235,5,436385
WIN$D,M15,1651587300,162220.0,162300.0,162125.0,162175.0,106760,5,321204
WIN$D,M15,1651588200,162180.0,162370.0,162075.0,162210.0,120150,5,360253
WIN$D,M15,1651589100,162210.0,162250.0,161980.0,162180.0,108218,5,323462
WIN$D,M15,1651590000,162180.0,162200.0,161830.0,161850.0,128205,5,386040
WIN$D,M15,1651590900,161845.0,161850.0,161510.0,161560.0,155624,5,479271
WIN$D,M15,1651591800,161560.0,161805.0,161420.0,161640.0,181372,5,550259
WIN$D,M15,1651592700,161645.0,161980.0,161460.0,161950.0,172958,5,509471
WIN$D,M15,1651593600,161950.0,162180.0,161900.0,162115.0,131816,5,386796
WIN$D,M15,1651594500,162120.0,162160.0,161835.0,162025.0,145456,5,438088
WIN$D,M15,1651595400,162025.0,162100.0,161455.0,161550.0,165018,5,500447
WIN$D,M15,1651596300,161550.0,161920.0,161480.0,161815.0,146115,5,457415
WIN$D,M15,1651597200,161815.0,161950.0,161695.0,161745.0,76314,5,235760
WIN$D,M15,1651598100,161745.0,161825.0,161645.0,161740.0,57885,5,180454
WIN$D,M15,1651599000,161735.0,161905.0,161650.0,161890.0,47321,5,130636
WIN$D,M15,1651599900,161895.0,161925.0,161810.0,161925.0,22593,5,67255
WIN$D,M15,1651654800,162085.0,162205.0,161585.0,161610.0,156603,5,395381
WIN$D,M15,1651655700,161605.0,161740.0,161495.0,161565.0,137016,5,380114
WIN$D,M15,1651656600,161565.0,161590.0,161330.0,161485.0,153477,5,465413
WIN$D,M15,1651657500,161490.0,161515.0,161305.0,161325.0,115906,5,346346
WIN$D,M15,1651658400,161325.0,161375.0,161060.0,161095.0,243387,5,756250
WIN$D,M15,1651659300,161095.0,161145.0,160960.0,160985.0,190102,5,566712
WIN$D,M15,1651660200,160985.0,161035.0,160750.0,160755.0,247413,5,759944
WIN$D,M15,1651661100,160760.0,160815.0,160615.0,160670.0,155480,5,479897
WIN$D,M15,1651662000,160665.0,160715.0,160365.0,160520.0,187004,5,633235
WIN$D,M15,1651662900,160520.0,160620.0,160365.0,160485.0,152411,5,484226
WIN$D,M15,1651663800,160480.0,160505.0,160265.0,160445.0,161356,5,512234
WIN$D,M15,1651664700,160440.0,160545.0,160220.0,160540.0,154314,5,502498
WIN$D,M15,1651665600,160540.0,160675.0,160415.0,160465.0,134040,5,456722
WIN$D,M15,1651666500,160465.0,160635.0,160445.0,160610.0,103348,5,355440
WIN$D,M15,1651667400,160615.0,160640.0,160455.0,160560.0,84142,5,289721
WIN$D,M15,1651668300,160555.0,160685.0,160485.0,160545.0,102045,5,344776
WIN$D,M15,1651669200,160540.0,160635.0,160445.0,160570.0,83980,5,278464
WIN$D,M15,1651670100,160565.0,160765.0,160505.0,160735.0,97153,5,333545
WIN$D,M15,1651671000,160740.0,160975.0,160670.0,160960.0,112329,5,398654
WIN$D,M15,1651671900,160965.0,161035.0,160830.0,161025.0,132378,5,462725
WIN$D,M15,1651672800,161030.0,161200.0,160880.0,160930.0,140223,5,506521
WIN$D,M15,1651673700,160935.0,161085.0,160905.0,161040.0,101115,5,352094
WIN$D,M15,1651674600,161035.0,161075.0,160880.0,160965.0,93343,5,328772
WIN$D,M15,1651675500,160970.0,161135.0,160770.0,161025.0,125215,5,415862
WIN$D,M15,1651676400,161025.0,161425.0,160695.0,161025.0,333777,5,901103
WIN$D,M15,1651677300,161025.0,161145.0,160440.0,161085.0,259540,5,778262
WIN$D,M15,1651678200,161080.0,161355.0,160350.0,161305.0,428667,5,1227794
WIN$D,M15,1651679100,161300.0,162950.0,161295.0,162405.0,415892,5,1303922
WIN$D,M15,1651680000,162400.0,162975.0,162165.0,162770.0,262344,5,694361
WIN$D,M15,1651680900,162765.0,163050.0,162555.0,162965.0,193206,5,532754
WIN$D,M15,1651681800,162965.0,163380.0,162895.0,163300.0,177340,5,553062
WIN$D,M15,1651682700,163305.0,163905.0,163280.0,163590.0,202505,5,698263
WIN$D,M15,1651683600,163590.0,163985.0,163510.0,163740.0,101633,5,347502
WIN$D,M15,1651684500,163745.0,164015.0,163705.0,163880.0,76073,5,271736
WIN$D,M15,1651685400,163880.0,164000.0,163830.0,163925.0,48742,5,157279
WIN$D,M15,1651686300,163925.0,164130.0,163915.0,164025.0,32888,5,109824
WIN$D,M15,1651741200,163165.0,163360.0,162630.0,162815.0,184520,5,445200
WIN$D,M15,1651742100,162815.0,162825.0,162475.0,162580.0,144780,5,403338
WIN$D,M15,1651743000,162580.0,162725.0,162425.0,162490.0,140526,5,398042
WIN$D,M15,1651743900,162490.0,162610.0,162395.0,162400.0,115843,5,327996
WIN$D,M15,1651744800,162395.0,162480.0,162185.0,162280.0,218576,5,683932
WIN$D,M15,1651745700,162285.0,162365.0,162070.0,162090.0,179769,5,575067
WIN$D,M15,1651746600,162095.0,162145.0,161435.0,161465.0,325239,5,1085549
WIN$D,M15,1651747500,161470.0,161500.0,161050.0,161165.0,229847,5,770715
WIN$D,M15,1651748400,161165.0,161215.0,160750.0,161035.0,220821,5,734610
WIN$D,M15,1651749300,161035.0,161055.0,160725.0,160760.0,174357,5,586277
WIN$D,M15,1651750200,160760.0,160855.0,160055.0,160200.0,250859,5,877848
WIN$D,M15,1651751100,160200.0,160325.0,159215.0,160235.0,332554,5,1127146
WIN$D,M15,1651752000,160240.0,160245.0,159170.0,159615.0,251294,5,782443
WIN$D,M15,1651752900,159615.0,159995.0,159370.0,159935.0,202071,5,593760
WIN$D,M15,1651753800,159940.0,160220.0,159755.0,160080.0,175560,5,510954
WIN$D,M15,1651754700,160080.0,160085.0,159245.0,159495.0,202330,5,618234
WIN$D,M15,1651755600,159500.0,160080.0,159220.0,159965.0,200922,5,570965
WIN$D,M15,1651756500,159965.0,160225.0,159800.0,160050.0,180585,5,536848
WIN$D,M15,1651757400,160050.0,160215.0,159835.0,159925.0,155016,5,448234
WIN$D,M15,1651758300,159920.0,160325.0,159765.0,160295.0,189442,5,589073
WIN$D,M15,1651759200,160295.0,160605.0,160250.0,160275.0,172841,5,561684
WIN$D,M15,1651760100,160275.0,160425.0,160145.0,160385.0,156547,5,487889
WIN$D,M15,1651761000,160385.0,160680.0,160175.0,160365.0,197292,5,625569
WIN$D,M15,1651761900,160365.0,160445.0,159925.0,160270.0,171065,5,507609
WIN$D,M15,1651762800,160275.0,160380.0,160125.0,160315.0,142224,5,425561
WIN$D,M15,1651763700,160315.0,160550.0,160010.0,160090.0,188237,5,578732
WIN$D,M15,1651764600,160090.0,160185.0,159970.0,160050.0,131833,5,394928
WIN$D,M15,1651765500,160055.0,160405.0,160020.0,160095.0,157870,5,484378
WIN$D,M15,1651766400,160090.0,160160.0,159730.0,159830.0,183536,5,558563
WIN$D,M15,1651767300,159830.0,160200.0,159825.0,160035.0,136682,5,414834
WIN$D,M15,1651768200,160035.0,160515.0,159935.0,160465.0,183991,5,586403
WIN$D,M15,1651769100,160465.0,160915.0,160305.0,160735.0,223346,5,731783
WIN$D,M15,1651770000,160730.0,160865.0,160525.0,160725.0,104688,5,329995
WIN$D,M15,1651770900,160725.0,160935.0,160625.0,160895.0,62153,5,199450
WIN$D,M15,1651771800,160895.0,161005.0,160805.0,160885.0,59367,5,192962
WIN$D,M15,1651772700,160885.0,160955.0,160835.0,160940.0,19590,5,64161
WIN$D,M15,1651827600,160255.0,161200.0,160155.0,160965.0,214919,5,530071
WIN$D,M15,1651828500,160965.0,161075.0,160550.0,160920.0,202103,5,523993
WIN$D,M15,1651829400,160905.0,161605.0,160665.0,161010.0,357519,5,835658
WIN$D,M15,1651830300,161015.0,161140.0,160285.0,160600.0,320632,5,817224
WIN$D,M15,1651831200,160600.0,160930.0,160390.0,160870.0,292353,5,742871
WIN$D,M15,1651832100,160870.0,161045.0,160605.0,160830.0,233151,5,598077
WIN$D,M15,1651833000,160830.0,160935.0,159495.0,159630.0,420223,5,1095973
WIN$D,M15,1651833900,159625.0,159745.0,159170.0,159405.0,323118,5,862850
WIN$D,M15,1651834800,159410.0,160240.0,159365.0,160075.0,272162,5,757617
WIN$D,M15,1651835700,160075.0,160625.0,160060.0,160310.0,276844,5,759191
WIN$D,M15,1651836600,160305.0,160605.0,160120.0,160405.0,219746,5,606891
WIN$D,M15,1651837500,160405.0,161115.0,160370.0,160995.0,232655,5,666796
WIN$D,M15,1651838400,160995.0,161245.0,160905.0,161140.0,192131,5,544765
WIN$D,M15,1651839300,161145.0,161635.0,161105.0,161445.0,177813,5,539337
WIN$D,M15,1651840200,161445.0,161500.0,160970.0,161070.0,160118,5,469652
WIN$D,M15,1651841100,161065.0,161110.0,160645.0,160720.0,157755,5,460937
WIN$D,M15,1651842000,160720.0,161075.0,160505.0,160645.0,180734,5,532951
WIN$D,M15,1651842900,160650.0,160935.0,160525.0,160835.0,161214,5,474092
WIN$D,M15,1651843800,160840.0,160995.0,160710.0,160805.0,149564,5,436339
WIN$D,M15,1651844700,160805.0,161000.0,160535.0,160980.0,142465,5,414439
WIN$D,M15,1651845600,160980.0,161100.0,160665.0,160700.0,129578,5,382685
WIN$D,M15,1651846500,160700.0,160750.0,160325.0,160655.0,192648,5,592969
WIN$D,M15,1651847400,160655.0,160780.0,160240.0,160255.0,198258,5,591235
WIN$D,M15,1651848300,160250.0,160380.0,160040.0,160160.0,166037,5,492521
WIN$D,M15,1651849200,160155.0,160290.0,159920.0,159990.0,154968,5,469614
WIN$D,M15,1651850100,159990.0,160265.0,159980.0,160150.0,147113,5,428611
WIN$D,M15,1651851000,160150.0,160445.0,159970.0,160140.0,137586,5,417616
WIN$D,M15,1651851900,160140.0,160550.0,160095.0,160215.0,161274,5,481391
WIN$D,M15,1651852800,160210.0,160340.0,160030.0,160160.0,142974,5,411644
WIN$D,M15,1651853700,160160.0,160355.0,160000.0,160325.0,136422,5,405864
WIN$D,M15,1651854600,160320.0,160785.0,160260.0,160600.0,174561,5,514387
WIN$D,M15,1651855500,160600.0,160815.0,160440.0,160580.0,154827,5,444851
WIN$D,M15,1651856400,160580.0,160590.0,160165.0,160205.0,81192,5,236708
WIN$D,M15,1651857300,160205.0,160320.0,160015.0,160110.0,59617,5,178355
WIN$D,M15,1651858200,160115.0,160300.0,160075.0,160265.0,39059,5,99682
WIN$D,M15,1651859100,160270.0,160445.0,160190.0,160435.0,24347,5,65376
WIN$D,M15,1652086800,158895.0,159075.0,158455.0,158920.0,184962,5,444359
WIN$D,M15,1652087700,158925.0,158955.0,158345.0,158405.0,187617,5,502757
WIN$D,M15,1652088600,158400.0,158790.0,158375.0,158745.0,138758,5,368238
WIN$D,M15,1652089500,158745.0,158775.0,158435.0,158580.0,138830,5,367807
WIN$D,M15,1652090400,158575.0,159290.0,158550.0,159270.0,225015,5,622560
WIN$D,M15,1652091300,159270.0,159270.0,158910.0,158980.0,201279,5,556426
WIN$D,M15,1652092200,158975.0,159260.0,158645.0,158750.0,384611,5,1073597
WIN$D,M15,1652093100,158755.0,158905.0,158390.0,158545.0,335689,5,951162
WIN$D,M15,1652094000,158535.0,158765.0,158275.0,158630.0,283502,5,790899
WIN$D,M15,1652094900,158630.0,158680.0,158275.0,158315.0,192291,5,550630
WIN$D,M15,1652095800,158315.0,158510.0,158130.0,158405.0,206204,5,613064
WIN$D,M15,1652096700,158405.0,158605.0,158105.0,158155.0,204123,5,603897
WIN$D,M15,1652097600,158160.0,158220.0,158030.0,158120.0,151600,5,453685
WIN$D,M15,1652098500,158125.0,158325.0,158105.0,158175.0,127472,5,387851
WIN$D,M15,1652099400,158175.0,158760.0,158115.0,158740.0,192828,5,605552
WIN$D,M15,1652100300,158740.0,159055.0,158675.0,158955.0,162276,5,511787
WIN$D,M15,1652101200,158960.0,159480.0,158790.0,159425.0,205042,5,646302
WIN$D,M15,1652102100,159425.0,159755.0,159410.0,159520.0,202599,5,624211
WIN$D,M15,1652103000,159520.0,159625.0,159255.0,159295.0,147433,5,435679
WIN$D,M15,1652103900,159295.0,159305.0,159015.0,159055.0,116740,5,371581
WIN$D,M15,1652104800,159055.0,159150.0,158795.0,158810.0,143517,5,447251
WIN$D,M15,1652105700,158810.0,159015.0,158710.0,158995.0,152336,5,466850
WIN$D,M15,1652106600,158995.0,159065.0,158515.0,158845.0,207226,5,651388
WIN$D,M15,1652107500,158845.0,158975.0,158510.0,158730.0,183056,5,582621
WIN$D,M15,1652108400,158725.0,158955.0,158695.0,158780.0,147758,5,450005
WIN$D,M15,1652109300,158780.0,159000.0,158590.0,158685.0,147042,5,471188
WIN$D,M15,1652110200,158690.0,158735.0,158535.0,158615.0,131377,5,414650
WIN$D,M15,1652111100,158615.0,158865.0,158430.0,158795.0,165111,5,526712
WIN$D,M15,1652112000,158795.0,159075.0,158715.0,158970.0,195181,5,633019
WIN$D,M15,1652112900,158970.0,159050.0,158660.0,158745.0,136429,5,436708
WIN$D,M15,1652113800,158740.0,158750.0,158525.0,158560.0,118080,5,365856
WIN$D,M15,1652114700,158560.0,158615.0,158285.0,158525.0,158422,5,511874
WIN$D,M15,1652115600,158525.0,158665.0,158500.0,158620.0,78487,5,237641
WIN$D,M15,1652116500,158625.0,158885.0,158605.0,158690.0,71417,5,217171
WIN$D,M15,1652117400,158695.0,158780.0,158585.0,158760.0,54063,5,155951
WIN$D,M15,1652118300,158760.0,158835.0,158655.0,158760.0,23343,5,69813
WIN$D,M15,1652173200,159290.0,159390.0,158900.0,159045.0,179406,5,418751
WIN$D,M15,1652174100,159045.0,159075.0,158725.0,158845.0,150232,5,393496
WIN$D,M15,1652175000,158840.0,159070.0,158750.0,159055.0,166615,5,455808
WIN$D,M15,1652175900,159050.0,159195.0,158975.0,159190.0,140540,5,376274
WIN$D,M15,1652176800,159185.0,159395.0,159095.0,159260.0,243377,5,693075
WIN$D,M15,1652177700,159260.0,159285.0,158930.0,159090.0,196776,5,564164
WIN$D,M15,1652178600,159090.0,159230.0,158515.0,158540.0,370005,5,1092264
WIN$D,M15,1652179500,158545.0,158940.0,158340.0,158930.0,298242,5,897116
WIN$D,M15,1652180400,158935.0,159040.0,158685.0,158850.0,286140,5,805385
WIN$D,M15,1652181300,158855.0,158970.0,158555.0,158645.0,251720,5,709902
WIN$D,M15,1652182200,158640.0,158705.0,158210.0,158380.0,215727,5,640785
WIN$D,M15,1652183100,158380.0,158435.0,158075.0,158275.0,225529,5,685061
WIN$D,M15,1652184000,158270.0,158325.0,157860.0,157885.0,226529,5,693435
WIN$D,M15,1652184900,157880.0,158075.0,157740.0,157915.0,210963,5,631946
WIN$D,M15,1652185800,157920.0,158210.0,157695.0,158060.0,208645,5,606366
WIN$D,M15,1652186700,158060.0,158070.0,157740.0,157885.0,160227,5,454086
WIN$D,M15,1652187600,157885.0,158085.0,157830.0,157900.0,159672,5,459600
WIN$D,M15,1652188500,157900.0,158040.0,157695.0,157805.0,131350,5,391057
WIN$D,M15,1652189400,157800.0,157855.0,157505.0,157815.0,168450,5,512609
WIN$D,M15,1652190300,157820.0,157980.0,157625.0,157670.0,148126,5,441389
WIN$D,M15,1652191200,157670.0,157935.0,157625.0,157820.0,129837,5,373289
WIN$D,M15,1652192100,157820.0,158060.0,157680.0,158045.0,171490,5,506125
WIN$D,M15,1652193000,158045.0,158580.0,158030.0,158490.0,223129,5,712626
WIN$D,M15,1652193900,158495.0,158645.0,158410.0,158610.0,165782,5,521166
WIN$D,M15,1652194800,158610.0,158670.0,158350.0,158590.0,163330,5,495547
WIN$D,M15,1652195700,158595.0,158605.0,158220.0,158375.0,211312,5,627971
WIN$D,M15,1652196600,158375.0,158650.0,158260.0,158580.0,156270,5,454586
WIN$D,M15,1652197500,158575.0,158595.0,158240.0,158450.0,175089,5,500776
WIN$D,M15,1652198400,158450.0,158610.0,158375.0,158605.0,142733,5,430490
WIN$D,M15,1652199300,158610.0,158770.0,158280.0,158425.0,165867,5,500546
WIN$D,M15,1652200200,158425.0,158430.0,158040.0,158145.0,171262,5,512879
WIN$D,M15,1652201100,158145.0,158345.0,158070.0,158255.0,130858,5,379209
WIN$D,M15,1652202000,158255.0,158405.0,158135.0,158235.0,82963,5,258693
WIN$D,M15,1652202900,158235.0,158400.0,158230.0,158385.0,39927,5,125688
WIN$D,M15,1652203800,158385.0,158530.0,158350.0,158485.0,41141,5,118118
WIN$D,M15,1652204700,158490.0,158525.0,158405.0,158465.0,21427,5,61548
WIN$D,M15,1652259600,159380.0,159430.0,159055.0,159180.0,207998,5,468779
WIN$D,M15,1652260500,159180.0,159755.0,159120.0,159565.0,226147,5,547083
WIN$D,M15,1652261400,159565.0,159570.0,158290.0,158425.0,462720,5,1123686
WIN$D,M15,1652262300,158430.0,158575.0,158180.0,158350.0,241315,5,665100
WIN$D,M15,1652263200,158350.0,158805.0,158295.0,158765.0,265292,5,773412
WIN$D,M15,1652264100,158765.0,159450.0,158650.0,159375.0,285226,5,869756
WIN$D,M15,1652265000,159370.0,159670.0,159075.0,159635.0,400797,5,1158810
WIN$D,M15,1652265900,159640.0,160230.0,159570.0,160225.0,332309,5,1014745
WIN$D,M15,1652266800,160230.0,160345.0,160020.0,160160.0,277413,5,810008
WIN$D,M15,1652267700,160160.0,160430.0,160045.0,160330.0,205262,5,588028
WIN$D,M15,1652268600,160325.0,160405.0,160060.0,160370.0,184943,5,550011
WIN$D,M15,1652269500,160370.0,160445.0,159975.0,160130.0,182899,5,578933
WIN$D,M15,1652270400,160130.0,160315.0,160000.0,160300.0,158648,5,464522
WIN$D,M15,1652271300,160300.0,160305.0,159980.0,160215.0,160826,5,490256
WIN$D,M15,1652272200,160215.0,160525.0,160155.0,160355.0,161808,5,504948
WIN$D,M15,1652273100,160350.0,160375.0,160195.0,160320.0,100152,5,310145
WIN$D,M15,1652274000,160315.0,160325.0,160085.0,160145.0,111959,5,363337
WIN$D,M15,1652274900,160145.0,160385.0,160010.0,160050.0,145591,5,470540
WIN$D,M15,1652275800,160050.0,160250.0,159955.0,159990.0,172636,5,545637
WIN$D,M15,1652276700,159990.0,160115.0,159770.0,159805.0,141426,5,444103
WIN$D,M15,1652277600,159805.0,159845.0,159595.0,159685.0,151830,5,490566
WIN$D,M15,1652278500,159685.0,159840.0,159480.0,159645.0,165993,5,517550
WIN$D,M15,1652279400,159645.0,159825.0,159420.0,159460.0,161665,5,508870
WIN$D,M15,1652280300,159465.0,159600.0,159180.0,159280.0,181086,5,592624
WIN$D,M15,1652281200,159285.0,159540.0,159080.0,159290.0,197074,5,623341
WIN$D,M15,1652282100,159295.0,159855.0,159205.0,159675.0,213703,5,692759
WIN$D,M15,1652283000,159675.0,159955.0,159535.0,159950.0,172040,5,511349
WIN$D,M15,1652283900,159945.0,160010.0,159695.0,159790.0,142687,5,437457
WIN$D,M15,1652284800,159785.0,159840.0,159580.0,159695.0,130812,5,406770
WIN$D,M15,1652285700,159690.0,159745.0,159485.0,159660.0,145614,5,484381
WIN$D,M15,1652286600,159660.0,159735.0,159430.0,159440.0,117834,5,363201
WIN$D,M15,1652287500,159440.0,159445.0,159220.0,159350.0,131564,5,451822
WIN$D,M15,1652288400,159350.0,159630.0,159320.0,159570.0,83727,5,281492
WIN$D,M15,1652289300,159570.0,159620.0,159400.0,159470.0,42847,5,135779
WIN$D,M15,1652290200,159465.0,159640.0,159425.0,159610.0,44852,5,152429
WIN$D,M15,1652291100,159610.0,159795.0,159595.0,159710.0,21858,5,74500
WIN$D,M15,1652346000,158565.0,158920.0,158355.0,158605.0,195627,5,445264
WIN$D,M15,1652346900,158605.0,158825.0,158420.0,158575.0,176884,5,460509
WIN$D,M15,1652347800,158580.0,158795.0,158340.0,158600.0,253204,5,695035
WIN$D,M15,1652348700,158595.0,158720.0,158510.0,158580.0,134794,5,377103
WIN$D,M15,1652349600,158585.0,158930.0,158480.0,158885.0,240759,5,671802
WIN$D,M15,1652350500,158885.0,159445.0,158825.0,159130.0,266589,5,805976
WIN$D,M15,1652351400,159130.0,159260.0,158640.0,159110.0,399161,5,1171648
WIN$D,M15,1652352300,159105.0,159395.0,158800.0,159115.0,365895,5,993589
WIN$D,M15,1652353200,159110.0,159670.0,158925.0,159480.0,293195,5,799807
WIN$D,M15,1652354100,159480.0,160100.0,159365.0,159930.0,291791,5,877250
WIN$D,M15,1652355000,159930.0,160345.0,159825.0,160165.0,275259,5,780755
WIN$D,M15,1652355900,160170.0,160350.0,160035.0,160255.0,176083,5,543036
WIN$D,M15,1652356800,160255.0,160720.0,160125.0,160515.0,222605,5,709678
WIN$D,M15,1652357700,160515.0,160585.0,160360.0,160440.0,135807,5,405069
WIN$D,M15,1652358600,160440.0,160515.0,160160.0,160205.0,164735,5,487100
WIN$D,M15,1652359500,160200.0,160240.0,159935.0,159960.0,133208,5,389406
WIN$D,M15,1652360400,159960.0,160055.0,159840.0,159970.0,150466,5,433547
WIN$D,M15,1652361300,159965.0,160280.0,159845.0,160210.0,140356,5,394473
WIN$D,M15,1652362200,160210.0,160370.0,160080.0,160365.0,147865,5,429079
WIN$D,M15,1652363100,160365.0,160395.0,160125.0,160165.0,132458,5,389048
WIN$D,M15,1652364000,160160.0,160245.0,159985.0,160055.0,139914,5,410181
WIN$D,M15,1652364900,160050.0,160140.0,159915.0,160020.0,115680,5,329732
WIN$D,M15,1652365800,160020.0,160065.0,159815.0,159920.0,121161,5,367534
WIN$D,M15,1652366700,159915.0,160155.0,159845.0,160085.0,114827,5,353246
WIN$D,M15,1652367600,160085.0,160175.0,159970.0,160100.0,119385,5,362779
WIN$D,M15,1652368500,160105.0,160240.0,160015.0,160100.0,126488,5,380546
WIN$D,M15,1652369400,160105.0,160125.0,159740.0,159840.0,137448,5,434483
WIN$D,M15,1652370300,159840.0,160030.0,159720.0,159730.0,138262,5,442516
WIN$D,M15,1652371200,159730.0,159970.0,159665.0,159965.0,144309,5,447260
WIN$D,M15,1652372100,159960.0,160700.0,159955.0,160425.0,240497,5,782950
WIN$D,M15,1652373000,160420.0,160840.0,160390.0,160640.0,205118,5,637074
WIN$D,M15,1652373900,160640.0,161025.0,160590.0,160995.0,189749,5,588842
WIN$D,M15,1652374800,160995.0,161130.0,160870.0,161000.0,100825,5,318871
WIN$D,M15,1652375700,161005.0,161040.0,160875.0,160940.0,41595,5,126746
WIN$D,M15,1652376600,160935.0,160995.0,160825.0,160965.0,49664,5,141682
WIN$D,M15,1652377500,160960.0,161055.0,160855.0,161055.0,24467,5,77146
WIN$D,M15,1652432400,162170.0,162220.0,161360.0,161410.0,182661,5,458797
WIN$D,M15,1652433300,161410.0,161580.0,161350.0,161460.0,141828,5,371544
WIN$D,M15,1652434200,161455.0,161530.0,161315.0,161375.0,108433,5,293688
WIN$D,M15,1652435100,161375.0,161505.0,161305.0,161370.0,101784,5,290614
WIN$D,M15,1652436000,161370.0,161415.0,161205.0,161275.0,199153,5,569478
WIN$D,M15,1652436900,161275.0,161600.0,161270.0,161455.0,158360,5,451291
WIN$D,M15,1652437800,161455.0,161955.0,161455.0,161930.0,360044,5,1024513
WIN$D,M15,1652438700,161930.0,162300.0,161790.0,162280.0,266397,5,757523
WIN$D,M15,1652439600,162275.0,162700.0,162210.0,162570.0,230334,5,713912
WIN$D,M15,1652440500,162570.0,162805.0,162435.0,162700.0,172510,5,542406
WIN$D,M15,1652441400,162695.0,162845.0,162545.0,162560.0,156955,5,502794
WIN$D,M15,1652442300,162560.0,162640.0,162470.0,162590.0,124509,5,381407
WIN$D,M15,1652443200,162590.0,162595.0,162375.0,162530.0,126860,5,404121
WIN$D,M15,1652444100,162530.0,162595.0,162400.0,162545.0,108182,5,350228
WIN$D,M15,1652445000,162545.0,162570.0,162325.0,162475.0,109239,5,345904
WIN$D,M15,1652445900,162470.0,162590.0,162400.0,162585.0,74129,5,223735
WIN$D,M15,1652446800,162585.0,162895.0,162495.0,162830.0,121099,5,400750
WIN$D,M15,1652447700,162835.0,162915.0,162530.0,162545.0,116304,5,399345
WIN$D,M15,1652448600,162545.0,162730.0,162515.0,162625.0,92880,5,304176
WIN$D,M15,1652449500,162620.0,162660.0,162420.0,162620.0,104156,5,327335
WIN$D,M15,1652450400,162620.0,162670.0,162510.0,162560.0,91238,5,291822
WIN$D,M15,1652451300,162565.0,162640.0,162385.0,162565.0,109300,5,352675
WIN$D,M15,1652452200,162565.0,162630.0,162380.0,162470.0,103306,5,350545
WIN$D,M15,1652453100,162470.0,162515.0,162255.0,162385.0,110267,5,375942
WIN$D,M15,1652454000,162385.0,162415.0,162010.0,162140.0,169241,5,556096
WIN$D,M15,1652454900,162145.0,162255.0,162035.0,162145.0,126620,5,394648
WIN$D,M15,1652455800,162145.0,162350.0,162100.0,162245.0,127637,5,407432
WIN$D,M15,1652456700,162245.0,162405.0,162135.0,162405.0,104928,5,339827
WIN$D,M15,1652457600,162405.0,162465.0,162320.0,162455.0,87300,5,288207
WIN$D,M15,1652458500,162455.0,162515.0,162335.0,162410.0,90855,5,298651
WIN$D,M15,1652459400,162410.0,162460.0,162185.0,162305.0,138597,5,487412
WIN$D,M15,1652460300,162310.0,162380.0,162125.0,162240.0,120274,5,389082
WIN$D,M15,1652461200,162240.0,162245.0,162040.0,162100.0,60682,5,204024
WIN$D,M15,1652462100,162100.0,162140.0,161970.0,162030.0,56354,5,188252
WIN$D,M15,1652463000,162030.0,162055.0,161890.0,161905.0,35478,5,111369
WIN$D,M15,1652463900,161905.0,161990.0,161865.0,161865.0,17546,5,56026
WIN$D,M15,1652691600,161680.0,162220.0,161680.0,161925.0,179173,5,389814
WIN$D,M15,1652692500,161925.0,162170.0,161855.0,162155.0,147300,5,382831
WIN$D,M15,1652693400,162150.0,162375.0,162070.0,162255.0,149910,5,412401
WIN$D,M15,1652694300,162255.0,162360.0,162135.0,162210.0,142047,5,397346
WIN$D,M15,1652695200,162210.0,162415.0,162030.0,162370.0,253981,5,719967
WIN$D,M15,1652696100,162365.0,162405.0,161865.0,162375.0,281693,5,788420
WIN$D,M15,1652697000,162375.0,162920.0,162365.0,162715.0,371172,5,1057312
WIN$D,M15,1652697900,162720.0,162780.0,162365.0,162515.0,320838,5,868529
WIN$D,M15,1652698800,162510.0,162740.0,162185.0,162645.0,259377,5,720100
WIN$D,M15,1652699700,162640.0,163020.0,162600.0,162965.0,206743,5,581536
WIN$D,M15,1652700600,162965.0,163020.0,162640.0,162775.0,193350,5,542783
WIN$D,M15,1652701500,162775.0,162970.0,162640.0,162855.0,179338,5,546523
WIN$D,M15,1652702400,162855.0,163055.0,162765.0,162985.0,156848,5,482667
WIN$D,M15,1652703300,162985.0,163130.0,162945.0,162945.0,123984,5,391513
WIN$D,M15,1652704200,162945.0,163185.0,162825.0,163170.0,161782,5,498335
WIN$D,M15,1652705100,163170.0,163345.0,163105.0,163265.0,121543,5,385937
WIN$D,M15,1652706000,163265.0,163600.0,163255.0,163535.0,151883,5,505961
WIN$D,M15,1652706900,163540.0,163575.0,163395.0,163460.0,87217,5,294484
WIN$D,M15,1652707800,163455.0,163570.0,163315.0,163330.0,119738,5,396451
WIN$D,M15,1652708700,163330.0,163380.0,163275.0,163320.0,78307,5,286545
WIN$D,M15,1652709600,163315.0,163525.0,163275.0,163490.0,91404,5,313909
WIN$D,M15,1652710500,163495.0,163735.0,163385.0,163590.0,149456,5,493127
WIN$D,M15,1652711400,163590.0,163650.0,163450.0,163520.0,99779,5,310589
WIN$D,M15,1652712300,163520.0,163575.0,163430.0,163525.0,81176,5,257752
WIN$D,M15,1652713200,163520.0,163680.0,163445.0,163540.0,102422,5,325958
WIN$D,M15,1652714100,163540.0,163800.0,163490.0,163765.0,147590,5,514833
WIN$D,M15,1652715000,163770.0,163905.0,163665.0,163675.0,121711,5,398273
WIN$D,M15,1652715900,163675.0,163715.0,163615.0,163665.0,83999,5,268377
WIN$D,M15,1652716800,163660.0,163740.0,163505.0,163510.0,109025,5,358643
WIN$D,M15,1652717700,163510.0,163590.0,163430.0,163500.0,99317,5,328746
WIN$D,M15,1652718600,163495.0,163530.0,163265.0,163285.0,128096,5,445916
WIN$D,M15,1652719500,163285.0,163425.0,163230.0,163425.0,120216,5,428410
WIN$D,M15,1652720400,163420.0,163485.0,163290.0,163345.0,78594,5,273568
WIN$D,M15,1652721300,163350.0,163350.0,163185.0,163235.0,40116,5,128066
WIN$D,M15,1652722200,163230.0,163275.0,163125.0,163230.0,45066,5,147960
WIN$D,M15,1652723100,163230.0,163480.0,163225.0,163405.0,23766,5,90765
WIN$D,M15,1652778000,164415.0,164490.0,164050.0,164370.0,179607,5,426180
WIN$D,M15,1652778900,164370.0,164760.0,164310.0,164680.0,201370,5,540938
WIN$D,M15,1652779800,164685.0,164895.0,164485.0,164745.0,212041,5,574383
WIN$D,M15,1652780700,164750.0,164875.0,164630.0,164660.0,118470,5,327466
WIN$D,M15,1652781600,164660.0,164795.0,164510.0,164550.0,160714,5,475728
WIN$D,M15,1652782500,164555.0,164650.0,164270.0,164505.0,223806,5,666303
WIN$D,M15,1652783400,164505.0,164785.0,164460.0,164660.0,342364,5,971565
WIN$D,M15,1652784300,164655.0,164700.0,164335.0,164600.0,231512,5,669209
WIN$D,M15,1652785200,164595.0,164685.0,164130.0,164285.0,236441,5,737084
WIN$D,M15,1652786100,164285.0,164485.0,164225.0,164285.0,183394,5,577519
WIN$D,M15,1652787000,164290.0,164350.0,163795.0,163835.0,235251,5,782188
WIN$D,M15,1652787900,163835.0,163890.0,163670.0,163775.0,159389,5,506953
WIN$D,M15,1652788800,163775.0,163870.0,163680.0,163740.0,106334,5,328802
WIN$D,M15,1652789700,163745.0,163805.0,163590.0,163805.0,125396,5,411525
WIN$D,M15,1652790600,163805.0,164105.0,163785.0,163985.0,142415,5,476568
WIN$D,M15,1652791500,163980.0,164090.0,163965.0,164065.0,72885,5,235361
WIN$D,M15,1652792400,164065.0,164085.0,163765.0,163915.0,132169,5,442086
WIN$D,M15,1652793300,163910.0,164035.0,163890.0,163920.0,87845,5,285459
WIN$D,M15,1652794200,163920.0,164065.0,163895.0,164050.0,92929,5,294981
WIN$D,M15,1652795100,164050.0,164100.0,163940.0,164000.0,66754,5,211509
WIN$D,M15,1652796000,164000.0,164085.0,163865.0,164045.0,99942,5,325692
WIN$D,M15,1652796900,164045.0,164145.0,163915.0,163990.0,98376,5,320660
WIN$D,M15,1652797800,163985.0,164075.0,163925.0,164025.0,74136,5,247706
WIN$D,M15,1652798700,164030.0,164030.0,163790.0,163845.0,93516,5,304622
WIN$D,M15,1652799600,163840.0,164120.0,163545.0,163665.0,268560,5,863949
WIN$D,M15,1652800500,163665.0,163835.0,163415.0,163615.0,251435,5,754956
WIN$D,M15,1652801400,163615.0,163745.0,163330.0,163705.0,208834,5,635181
WIN$D,M15,1652802300,163700.0,163930.0,163685.0,163770.0,151040,5,483257
WIN$D,M15,1652803200,163765.0,163890.0,163685.0,163765.0,109020,5,338637
WIN$D,M15,1652804100,163760.0,163960.0,163735.0,163845.0,102708,5,337299
WIN$D,M15,1652805000,163845.0,163960.0,163775.0,163915.0,99065,5,318697
WIN$D,M15,1652805900,163910.0,163910.0,163750.0,163905.0,103236,5,337838
WIN$D,M15,1652806800,163905.0,164010.0,163875.0,163935.0,70913,5,232408
WIN$D,M15,1652807700,163935.0,163960.0,163895.0,163940.0,25828,5,91852
WIN$D,M15,1652808600,163940.0,164065.0,163915.0,164055.0,27945,5,88404
WIN$D,M15,1652809500,164055.0,164155.0,164035.0,164155.0,16823,5,62538
WIN$D,M15,1652864400,163365.0,163735.0,163210.0,163685.0,175212,5,421115
WIN$D,M15,1652865300,163685.0,163960.0,163650.0,163915.0,136168,5,377570
WIN$D,M15,1652866200,163910.0,163935.0,163690.0,163750.0,132909,5,389716
WIN$D,M15,1652867100,163755.0,163825.0,163505.0,163590.0,169312,5,502699
WIN$D,M15,1652868000,163585.0,163625.0,163135.0,163225.0,235633,5,660206
WIN$D,M15,1652868900,163230.0,163280.0,162790.0,162815.0,217378,5,639065
WIN$D,M15,1652869800,162815.0,162940.0,162665.0,162805.0,251747,5,748600
WIN$D,M15,1652870700,162805.0,162935.0,162670.0,162895.0,197011,5,565208
WIN$D,M15,1652871600,162895.0,163095.0,162760.0,162955.0,219490,5,624713
WIN$D,M15,1652872500,162950.0,162975.0,162580.0,162585.0,173226,5,514032
WIN$D,M15,1652873400,162590.0,162685.0,162465.0,162570.0,155124,5,477165
WIN$D,M15,1652874300,162575.0,162740.0,162530.0,162645.0,146712,5,442501
WIN$D,M15,1652875200,162645.0,162655.0,162405.0,162555.0,127369,5,412054
WIN$D,M15,1652876100,162560.0,162595.0,162335.0,162375.0,122725,5,381478
WIN$D,M15,1652877000,162380.0,162430.0,162215.0,162285.0,140160,5,450657
WIN$D,M15,1652877900,162290.0,162330.0,162075.0,162130.0,125284,5,406793
WIN$D,M15,1652878800,162125.0,162205.0,162010.0,162195.0,111489,5,374015
WIN$D,M15,1652879700,162195.0,162245.0,161920.0,162030.0,125546,5,429144
WIN$D,M15,1652880600,162030.0,162140.0,161865.0,162055.0,115654,5,389810
WIN$D,M15,1652881500,162050.0,162190.0,162020.0,162170.0,79552,5,247529
WIN$D,M15,1652882400,162165.0,162180.0,161630.0,161675.0,155852,5,540161
WIN$D,M15,1652883300,161670.0,161680.0,161265.0,161350.0,175417,5,680329
WIN$D,M15,1652884200,161345.0,161435.0,161200.0,161250.0,122262,5,432628
WIN$D,M15,1652885100,161255.0,161315.0,161080.0,161215.0,133001,5,474041
WIN$D,M15,1652886000,161210.0,161345.0,161115.0,161220.0,125557,5,438750
WIN$D,M15,1652886900,161220.0,161490.0,161165.0,161455.0,122145,5,426635
WIN$D,M15,1652887800,161460.0,161485.0,161060.0,161080.0,143849,5,486404
WIN$D,M15,1652888700,161080.0,161150.0,160925.0,160960.0,143052,5,498400
WIN$D,M15,1652889600,160955.0,161170.0,160930.0,161135.0,120777,5,425223
WIN$D,M15,1652890500,161135.0,161240.0,161045.0,161130.0,116447,5,404947
WIN$D,M15,1652891400,161130.0,161385.0,161070.0,161070.0,147821,5,526530
WIN$D,M15,1652892300,161070.0,161195.0,160880.0,161175.0,161993,5,570107
WIN$D,M15,1652893200,161175.0,161195.0,161025.0,161090.0,80532,5,283584
WIN$D,M15,1652894100,161095.0,161175.0,160970.0,161090.0,51601,5,178063
WIN$D,M15,1652895000,161095.0,161145.0,161035.0,161045.0,37379,5,138998
WIN$D,M15,1652895900,161045.0,161100.0,160935.0,161070.0,28047,5,107289
WIN$D,M15,1652950800,160685.0,161375.0,160605.0,161305.0,197463,5,481134
WIN$D,M15,1652951700,161305.0,161365.0,161000.0,161005.0,139861,5,375579
WIN$D,M15,1652952600,161005.0,161135.0,160755.0,161115.0,250066,5,661129
WIN$D,M15,1652953500,161115.0,161500.0,161060.0,161460.0,219250,5,617379
WIN$D,M15,1652954400,161455.0,161615.0,161140.0,161545.0,266391,5,785877
WIN$D,M15,1652955300,161540.0,161660.0,161180.0,161405.0,224352,5,634249
WIN$D,M15,1652956200,161405.0,161985.0,161385.0,161630.0,333900,5,970847
WIN$D,M15,1652957100,161630.0,161740.0,161240.0,161510.0,297170,5,859593
WIN$D,M15,1652958000,161505.0,161830.0,161380.0,161540.0,257136,5,730050
WIN$D,M15,1652958900,161535.0,161880.0,161500.0,161645.0,198159,5,596492
WIN$D,M15,1652959800,161645.0,161785.0,161260.0,161345.0,228526,5,680991
WIN$D,M15,1652960700,161345.0,161560.0,161165.0,161495.0,210090,5,628015
WIN$D,M15,1652961600,161490.0,161775.0,161380.0,161535.0,171098,5,530517
WIN$D,M15,1652962500,161530.0,161665.0,161320.0,161610.0,149562,5,465960
WIN$D,M15,1652963400,161605.0,162170.0,161600.0,162045.0,168164,5,540995
WIN$D,M15,1652964300,162045.0,162065.0,161740.0,161845.0,120617,5,388879
WIN$D,M15,1652965200,161845.0,161905.0,161730.0,161830.0,93361,5,290034
WIN$D,M15,1652966100,161825.0,161920.0,161615.0,161765.0,118605,5,387260
WIN$D,M15,1652967000,161760.0,161805.0,161410.0,161455.0,111314,5,354521
WIN$D,M15,1652967900,161455.0,161775.0,161355.0,161765.0,138863,5,443756
WIN$D,M15,1652968800,161760.0,161880.0,161580.0,161655.0,134757,5,431654
WIN$D,M15,1652969700,161655.0,161990.0,161595.0,161855.0,135363,5,417408
WIN$D,M15,1652970600,161855.0,162060.0,161820.0,162000.0,124420,5,378729
WIN$D,M15,1652971500,162000.0,162260.0,161725.0,162225.0,170129,5,555677
WIN$D,M15,1652972400,162225.0,162235.0,161885.0,161925.0,148088,5,483433
WIN$D,M15,1652973300,161920.0,162035.0,161805.0,161980.0,123171,5,405485
WIN$D,M15,1652974200,161980.0,162275.0,161900.0,162080.0,151758,5,513022
WIN$D,M15,1652975100,162080.0,162235.0,161975.0,162060.0,121449,5,386968
WIN$D,M15,1652976000,162060.0,162375.0,161995.0,162245.0,143806,5,516295
WIN$D,M15,1652976900,162245.0,162270.0,162010.0,162035.0,109155,5,387745
WIN$D,M15,1652977800,162030.0,162135.0,161845.0,162015.0,125037,5,430685
WIN$D,M15,1652978700,162010.0,162060.0,161810.0,161880.0,119605,5,390260
WIN$D,M15,1652979600,161880.0,161890.0,161730.0,161785.0,56206,5,186438
WIN$D,M15,1652980500,161790.0,161840.0,161750.0,161810.0,35768,5,123866
WIN$D,M15,1652981400,161805.0,161860.0,161765.0,161805.0,31515,5,106507
WIN$D,M15,1652982300,161800.0,161965.0,161750.0,161965.0,18007,5,67624
WIN$D,M15,1653037200,162755.0,163180.0,162550.0,162990.0,234464,5,553058
WIN$D,M15,1653038100,162990.0,163250.0,162970.0,163140.0,129005,5,347452
WIN$D,M15,1653039000,163135.0,163210.0,163065.0,163190.0,81960,5,246835
WIN$D,M15,1653039900,163190.0,163600.0,163155.0,163185.0,194612,5,568646
WIN$D,M15,1653040800,163185.0,163440.0,163100.0,163260.0,219304,5,625669
WIN$D,M15,1653041700,163260.0,163355.0,163040.0,163265.0,176693,5,494630
WIN$D,M15,1653042600,163260.0,163550.0,163105.0,163405.0,324822,5,894423
WIN$D,M15,1653043500,163410.0,163615.0,163190.0,163560.0,228354,5,633056
WIN$D,M15,1653044400,163555.0,163625.0,163140.0,163310.0,233125,5,663356
WIN$D,M15,1653045300,163315.0,163630.0,163180.0,163615.0,206670,5,602933
WIN$D,M15,1653046200,163620.0,163735.0,163335.0,163340.0,197886,5,583150
WIN$D,M15,1653047100,163345.0,163435.0,162930.0,163010.0,208910,5,641156
WIN$D,M15,1653048000,163010.0,163025.0,162705.0,162835.0,167893,5,512859
WIN$D,M15,1653048900,162835.0,162905.0,162585.0,162855.0,158876,5,503781
WIN$D,M15,1653049800,162860.0,163075.0,162760.0,162790.0,146539,5,436786
WIN$D,M15,1653050700,162790.0,163040.0,162780.0,162905.0,112657,5,332638
WIN$D,M15,1653051600,162905.0,162980.0,162565.0,162870.0,156232,5,479138
WIN$D,M15,1653052500,162870.0,162940.0,162755.0,162785.0,96490,5,290184
WIN$D,M15,1653053400,162790.0,162865.0,162465.0,162495.0,129878,5,407090
WIN$D,M15,1653054300,162495.0,162610.0,162360.0,162535.0,150735,5,457211
WIN$D,M15,1653055200,162535.0,162545.0,162245.0,162390.0,158393,5,483814
WIN$D,M15,1653056100,162385.0,162445.0,162270.0,162305.0,106751,5,328039
WIN$D,M15,1653057000,162305.0,162645.0,162270.0,162605.0,165235,5,531747
WIN$D,M15,1653057900,162605.0,162815.0,162505.0,162750.0,166680,5,515548
WIN$D,M15,1653058800,162755.0,162830.0,162535.0,162680.0,144148,5,447856
WIN$D,M15,1653059700,162680.0,162765.0,162515.0,162645.0,129067,5,401941
WIN$D,M15,1653060600,162645.0,162920.0,162470.0,162905.0,139004,5,441034
WIN$D,M15,1653061500,162905.0,163145.0,162765.0,162990.0,153349,5,482619
WIN$D,M15,1653062400,162990.0,163155.0,162780.0,162810.0,119499,5,367044
WIN$D,M15,1653063300,162805.0,163035.0,162725.0,163020.0,128834,5,403334
WIN$D,M15,1653064200,163020.0,163600.0,162915.0,163460.0,192942,5,637814
WIN$D,M15,1653065100,163460.0,163685.0,163400.0,163540.0,148628,5,462112
WIN$D,M15,1653066000,163535.0,163560.0,163300.0,163365.0,74339,5,240378
WIN$D,M15,1653066900,163365.0,163520.0,163315.0,163395.0,47698,5,154543
WIN$D,M15,1653067800,163395.0,163560.0,163395.0,163545.0,34453,5,110933
WIN$D,M15,1653068700,163545.0,163790.0,163510.0,163515.0,27004,5,88595
WIN$D,M15,1653296400,164155.0,164695.0,164105.0,164460.0,209468,5,524006
WIN$D,M15,1653297300,164460.0,164665.0,164415.0,164510.0,128290,5,330130
WIN$D,M15,1653298200,164505.0,164525.0,164350.0,164385.0,116257,5,319013
WIN$D,M15,1653299100,164385.0,164405.0,164250.0,164255.0,101199,5,295652
WIN$D,M15,1653300000,164255.0,164585.0,164220.0,164410.0,193649,5,522602
WIN$D,M15,1653300900,164410.0,164460.0,164170.0,164335.0,184832,5,526159
WIN$D,M15,1653301800,164335.0,164550.0,164125.0,164445.0,308424,5,887701
WIN$D,M15,1653302700,164450.0,164625.0,164110.0,164150.0,283009,5,820943
WIN$D,M15,1653303600,164150.0,164240.0,163945.0,164105.0,284745,5,847163
WIN$D,M15,1653304500,164105.0,164640.0,164090.0,164635.0,250097,5,736781
WIN$D,M15,1653305400,164635.0,164965.0,164565.0,164915.0,229653,5,730227
WIN$D,M15,1653306300,164915.0,165055.0,164850.0,165045.0,168978,5,517414
WIN$D,M15,1653307200,165040.0,165170.0,164965.0,165095.0,150607,5,477220
WIN$D,M15,1653308100,165100.0,165195.0,165035.0,165115.0,123264,5,386720
WIN$D,M15,1653309000,165110.0,165370.0,165100.0,165275.0,149682,5,496228
WIN$D,M15,1653309900,165270.0,165305.0,165150.0,165200.0,98153,5,315909
WIN$D,M15,1653310800,165195.0,165350.0,165185.0,165275.0,89881,5,292595
WIN$D,M15,1653311700,165280.0,165390.0,165245.0,165295.0,81191,5,264889
WIN$D,M15,1653312600,165295.0,165350.0,165195.0,165320.0,79781,5,258985
WIN$D,M15,1653313500,165315.0,165350.0,165115.0,165195.0,88165,5,297291
WIN$D,M15,1653314400,165195.0,165280.0,165135.0,165255.0,75354,5,254252
WIN$D,M15,1653315300,165250.0,165255.0,165035.0,165215.0,114787,5,377474
WIN$D,M15,1653316200,165220.0,165315.0,165175.0,165260.0,92235,5,305532
WIN$D,M15,1653317100,165260.0,165475.0,165235.0,165455.0,117851,5,395984
WIN$D,M15,1653318000,165455.0,165515.0,165300.0,165390.0,120793,5,408180
WIN$D,M15,1653318900,165390.0,165435.0,165325.0,165420.0,68042,5,232783
WIN$D,M15,1653319800,165420.0,165595.0,165375.0,165590.0,82280,5,292913
WIN$D,M15,1653320700,165595.0,165620.0,165375.0,165430.0,120617,5,422698
WIN$D,M15,1653321600,165425.0,165565.0,165355.0,165375.0,99392,5,343755
WIN$D,M15,1653322500,165375.0,165440.0,165325.0,165390.0,77511,5,259171
WIN$D,M15,1653323400,165390.0,165480.0,165335.0,165380.0,93766,5,330540
WIN$D,M15,1653324300,165380.0,165595.0,165295.0,165555.0,124511,5,439842
WIN$D,M15,1653325200,165555.0,165570.0,165375.0,165440.0,65643,5,218522
WIN$D,M15,1653326100,165440.0,165470.0,165330.0,165370.0,42627,5,161619
WIN$D,M15,1653327000,165370.0,165455.0,165360.0,165435.0,34465,5,124482
WIN$D,M15,1653327900,165440.0,165555.0,165425.0,165555.0,19395,5,83149
WIN$D,M15,1653382800,164305.0,164455.0,163820.0,163995.0,229633,5,595968
WIN$D,M15,1653383700,164000.0,164085.0,163830.0,163880.0,123282,5,341408
WIN$D,M15,1653384600,163885.0,164030.0,163855.0,163905.0,92704,5,274834
WIN$D,M15,1653385500,163900.0,164055.0,163815.0,163960.0,135208,5,404038
WIN$D,M15,1653386400,163965.0,164370.0,163855.0,164250.0,289600,5,864478
WIN$D,M15,1653387300,164250.0,164635.0,164220.0,164375.0,249184,5,760217
WIN$D,M15,1653388200,164370.0,164485.0,163665.0,164195.0,364156,5,1081183
WIN$D,M15,1653389100,164190.0,164485.0,164040.0,164095.0,282972,5,825070
WIN$D,M15,1653390000,164095.0,164100.0,163580.0,163625.0,262711,5,803016
WIN$D,M15,1653390900,163625.0,163835.0,163450.0,163795.0,213555,5,643150
WIN$D,M15,1653391800,163795.0,163815.0,163470.0,163535.0,203745,5,588969
WIN$D,M15,1653392700,163535.0,163590.0,163230.0,163505.0,200582,5,619018
WIN$D,M15,1653393600,163510.0,163625.0,163440.0,163550.0,138384,5,441564
WIN$D,M15,1653394500,163550.0,163670.0,163315.0,163575.0,141566,5,452030
WIN$D,M15,1653395400,163575.0,164275.0,163490.0,164225.0,187921,5,598719
WIN$D,M15,1653396300,164225.0,164620.0,164190.0,164360.0,204556,5,658519
WIN$D,M15,1653397200,164360.0,164400.0,164205.0,164345.0,124718,5,388234
WIN$D,M15,1653398100,164350.0,164490.0,164075.0,164095.0,146022,5,458192
WIN$D,M15,1653399000,164090.0,164175.0,163780.0,163785.0,121551,5,372984
WIN$D,M15,1653399900,163785.0,164170.0,163755.0,164040.0,158550,5,529350
WIN$D,M15,1653400800,164035.0,164110.0,163870.0,163985.0,109453,5,352351
WIN$D,M15,1653401700,163985.0,164080.0,163895.0,164035.0,88809,5,284354
WIN$D,M15,1653402600,164035.0,164185.0,163875.0,164085.0,127843,5,435049
WIN$D,M15,1653403500,164080.0,164300.0,164060.0,164280.0,125754,5,425746
WIN$D,M15,1653404400,164285.0,164745.0,164170.0,164580.0,173434,5,603682
WIN$D,M15,1653405300,164575.0,164605.0,164210.0,164275.0,142679,5,459130
WIN$D,M15,1653406200,164275.0,164495.0,164175.0,164195.0,134563,5,444678
WIN$D,M15,1653407100,164190.0,164235.0,163965.0,164105.0,133534,5,431702
WIN$D,M15,1653408000,164110.0,164345.0,164090.0,164320.0,117413,5,381040
WIN$D,M15,1653408900,164315.0,164825.0,164290.0,164775.0,166537,5,553535
WIN$D,M15,1653409800,164770.0,165515.0,164735.0,165355.0,210768,5,749295
WIN$D,M15,1653410700,165355.0,165475.0,165140.0,165450.0,153687,5,490930
WIN$D,M15,1653411600,165445.0,165515.0,165255.0,165305.0,81890,5,246997
WIN$D,M15,1653412500,165305.0,165390.0,165260.0,165350.0,35802,5,113197
WIN$D,M15,1653413400,165350.0,165520.0,165295.0,165475.0,41999,5,130257
WIN$D,M15,1653414300,165470.0,165635.0,165460.0,165470.0,23995,5,82312
WIN$D,M15,1653469200,164920.0,164965.0,164550.0,164745.0,172547,5,420196
WIN$D,M15,1653470100,164745.0,164875.0,164655.0,164690.0,106435,5,285266
WIN$D,M15,1653471000,164690.0,164820.0,164520.0,164645.0,149984,5,414549
WIN$D,M15,1653471900,164650.0,164905.0,164645.0,164685.0,114499,5,316734
WIN$D,M15,1653472800,164685.0,165025.0,164470.0,164675.0,267263,5,757250
WIN$D,M15,1653473700,164680.0,164830.0,164380.0,164405.0,202294,5,581869
WIN$D,M15,1653474600,164405.0,165140.0,164400.0,164885.0,332921,5,950155
WIN$D,M15,1653475500,164885.0,165075.0,164715.0,165035.0,222188,5,626825
WIN$D,M15,1653476400,165035.0,165155.0,164845.0,165050.0,210500,5,596150
WIN$D,M15,1653477300,165045.0,165330.0,165010.0,165205.0,184566,5,539567
WIN$D,M15,1653478200,165210.0,165260.0,164970.0,165145.0,143215,5,414037
WIN$D,M15,1653479100,165145.0,165270.0,164930.0,165205.0,138577,5,406100
WIN$D,M15,1653480000,165200.0,165280.0,165030.0,165100.0,122935,5,349248
WIN$D,M15,1653480900,165100.0,165350.0,165045.0,165310.0,94538,5,286229
WIN$D,M15,1653481800,165310.0,165350.0,164915.0,165120.0,150470,5,455237
WIN$D,M15,1653482700,165115.0,165245.0,165065.0,165185.0,86613,5,253423
WIN$D,M15,1653483600,165185.0,165255.0,165050.0,165205.0,76943,5,226758
WIN$D,M15,1653484500,165205.0,165245.0,164835.0,164895.0,97286,5,291525
WIN$D,M15,1653485400,164895.0,165045.0,164835.0,165025.0,106252,5,318518
WIN$D,M15,1653486300,165025.0,165055.0,164910.0,165015.0,72258,5,217319
WIN$D,M15,1653487200,165015.0,165050.0,164820.0,164985.0,92661,5,287505
WIN$D,M15,1653488100,164980.0,165095.0,164925.0,165075.0,98076,5,310174
WIN$D,M15,1653489000,165070.0,165145.0,165020.0,165130.0,80233,5,257837
WIN$D,M15,1653489900,165130.0,165155.0,164960.0,165020.0,71019,5,218042
WIN$D,M15,1653490800,165015.0,165335.0,164650.0,165060.0,317827,5,949069
WIN$D,M15,1653491700,165060.0,165395.0,164880.0,165345.0,175337,5,508180
WIN$D,M15,1653492600,165345.0,165430.0,165195.0,165275.0,139846,5,435121
WIN$D,M15,1653493500,165270.0,165575.0,165230.0,165465.0,129419,5,409423
WIN$D,M15,1653494400,165465.0,165745.0,165415.0,165740.0,115936,5,386132
WIN$D,M15,1653495300,165740.0,165850.0,165560.0,165565.0,104385,5,342572
WIN$D,M15,1653496200,165570.0,165660.0,165460.0,165485.0,81547,5,257598
WIN$D,M15,1653497100,165480.0,165495.0,165305.0,165340.0,100776,5,313377
WIN$D,M15,1653498000,165345.0,165470.0,165295.0,165355.0,59501,5,174586
WIN$D,M15,1653498900,165360.0,165385.0,165060.0,165200.0,71208,5,213148
WIN$D,M15,1653499800,165195.0,165275.0,165130.0,165240.0,37294,5,105651
WIN$D,M15,1653500700,165240.0,165300.0,165000.0,165000.0,21502,5,63227
WIN$D,M15,1653555600,165605.0,166015.0,165575.0,165615.0,149359,5,351211
WIN$D,M15,1653556500,165610.0,165650.0,165505.0,165520.0,78351,5,200557
WIN$D,M15,1653557400,165525.0,165550.0,165190.0,165295.0,158897,5,429500
WIN$D,M15,1653558300,165290.0,165360.0,165195.0,165255.0,93327,5,262609
WIN$D,M15,1653559200,165255.0,165460.0,165205.0,165250.0,169640,5,472037
WIN$D,M15,1653560100,165245.0,165355.0,165050.0,165260.0,204072,5,576294
WIN$D,M15,1653561000,165260.0,165725.0,165110.0,165540.0,327486,5,934308
WIN$D,M15,1653561900,165545.0,166305.0,165535.0,166255.0,264279,5,782471
WIN$D,M15,1653562800,166255.0,166520.0,166230.0,166465.0,183249,5,591405
WIN$D,M15,1653563700,166470.0,166570.0,166380.0,166445.0,113287,5,374286
WIN$D,M15,1653564600,166440.0,166485.0,166315.0,166325.0,95723,5,317256
WIN$D,M15,1653565500,166325.0,166545.0,166315.0,166480.0,112927,5,344246
WIN$D,M15,1653566400,166475.0,166545.0,166430.0,166530.0,74599,5,238180
WIN$D,M15,1653567300,166525.0,166590.0,166440.0,166490.0,71721,5,240671
WIN$D,M15,1653568200,166490.0,166680.0,166470.0,166550.0,96031,5,318198
WIN$D,M15,1653569100,166555.0,166555.0,166410.0,166510.0,72974,5,241751
WIN$D,M15,1653570000,166510.0,166630.0,166475.0,166570.0,67112,5,236061
WIN$D,M15,1653570900,166570.0,166605.0,166520.0,166600.0,45267,5,167037
WIN$D,M15,1653571800,166600.0,166645.0,166550.0,166580.0,42577,5,162220
WIN$D,M15,1653572700,166585.0,166725.0,166570.0,166665.0,62739,5,244238
WIN$D,M15,1653573600,166665.0,166755.0,166585.0,166615.0,85018,5,304691
WIN$D,M15,1653574500,166615.0,166625.0,166485.0,166495.0,77087,5,260591
WIN$D,M15,1653575400,166500.0,166525.0,166395.0,166425.0,82135,5,274206
WIN$D,M15,1653576300,166430.0,166510.0,166375.0,166475.0,73941,5,253760
WIN$D,M15,1653577200,166470.0,166550.0,166415.0,166535.0,72333,5,261649
WIN$D,M15,1653578100,166535.0,166855.0,166500.0,166770.0,133232,5,480769
WIN$D,M15,1653579000,166770.0,166810.0,166645.0,166735.0,94501,5,337111
WIN$D,M15,1653579900,166735.0,166825.0,166675.0,166790.0,85386,5,290553
WIN$D,M15,1653580800,166790.0,166840.0,166665.0,166695.0,89600,5,307281
WIN$D,M15,1653581700,166695.0,166795.0,166610.0,166715.0,102674,5,352631
WIN$D,M15,1653582600,166710.0,166880.0,166700.0,166870.0,98109,5,360775
WIN$D,M15,1653583500,166875.0,166895.0,166720.0,166730.0,97472,5,393234
WIN$D,M15,1653584400,166730.0,166745.0,166555.0,166585.0,75182,5,260262
WIN$D,M15,1653585300,166585.0,166630.0,166525.0,166560.0,47902,5,167259
WIN$D,M15,1653586200,166560.0,166695.0,166515.0,166660.0,48279,5,152429
WIN$D,M15,1653587100,166660.0,166775.0,166615.0,166745.0,27456,5,104121
WIN$D,M15,1653642000,166405.0,166480.0,166065.0,166325.0,154965,5,368039
WIN$D,M15,1653642900,166330.0,166535.0,166285.0,166495.0,97546,5,257064
WIN$D,M15,1653643800,166490.0,166890.0,166385.0,166690.0,229151,5,656080
WIN$D,M15,1653644700,166690.0,166790.0,166440.0,166455.0,141197,5,402897
WIN$D,M15,1653645600,166455.0,166580.0,166380.0,166405.0,194029,5,592307
WIN$D,M15,1653646500,166405.0,166620.0,166295.0,166595.0,203652,5,592489
WIN$D,M15,1653647400,166590.0,166810.0,166395.0,166405.0,279127,5,825063
WIN$D,M15,1653648300,166405.0,166900.0,166400.0,166670.0,212674,5,645842
WIN$D,M15,1653649200,166665.0,166690.0,166205.0,166240.0,230635,5,712608
WIN$D,M15,1653650100,166245.0,166630.0,166185.0,166570.0,160604,5,490160
WIN$D,M15,1653651000,166575.0,166705.0,166510.0,166650.0,116175,5,358615
WIN$D,M15,1653651900,166645.0,166965.0,166595.0,166845.0,171937,5,529071
WIN$D,M15,1653652800,166845.0,166875.0,166565.0,166685.0,133282,5,408922
WIN$D,M15,1653653700,166685.0,166760.0,166590.0,166740.0,77674,5,231052
WIN$D,M15,1653654600,166740.0,166790.0,166665.0,166760.0,69765,5,213844
WIN$D,M15,1653655500,166755.0,166840.0,166645.0,166660.0,71788,5,219758
WIN$D,M15,1653656400,166660.0,166735.0,166605.0,166715.0,59735,5,192334
WIN$D,M15,1653657300,166715.0,166730.0,166590.0,166640.0,65250,5,200729
WIN$D,M15,1653658200,166640.0,166700.0,166565.0,166665.0,65602,5,201555
WIN$D,M15,1653659100,166670.0,166680.0,166440.0,166570.0,89296,5,277179
WIN$D,M15,1653660000,166570.0,166725.0,166545.0,166645.0,81412,5,251043
WIN$D,M15,1653660900,166650.0,166665.0,166440.0,166490.0,70248,5,223812
WIN$D,M15,1653661800,166495.0,166720.0,166465.0,166705.0,86658,5,277896
WIN$D,M15,1653662700,166710.0,166985.0,166705.0,166950.0,105595,5,361658
WIN$D,M15,1653663600,166955.0,167150.0,166910.0,167140.0,112614,5,381222
WIN$D,M15,1653664500,167140.0,167185.0,166955.0,166975.0,87770,5,315001
WIN$D,M15,1653665400,166970.0,167065.0,166930.0,167035.0,66114,5,222293
WIN$D,M15,1653666300,167040.0,167080.0,166905.0,166945.0,61132,5,210254
WIN$D,M15,1653667200,166945.0,167030.0,166930.0,167025.0,62738,5,211410
WIN$D,M15,1653668100,167020.0,167045.0,166765.0,166765.0,86953,5,318343
WIN$D,M15,1653669000,166770.0,166780.0,166525.0,166635.0,123206,5,438774
WIN$D,M15,1653669900,166635.0,166655.0,166430.0,166640.0,104986,5,353802
WIN$D,M15,1653670800,166640.0,166660.0,166530.0,166545.0,59027,5,180591
WIN$D,M15,1653671700,166545.0,166635.0,166525.0,166625.0,26727,5,85412
WIN$D,M15,1653672600,166630.0,166725.0,166585.0,166655.0,34479,5,108364
WIN$D,M15,1653673500,166655.0,166690.0,166575.0,166575.0,15436,5,46120
WIN$D,M15,1653901200,167320.0,167720.0,167285.0,167675.0,123955,5,332150
WIN$D,M15,1653902100,167675.0,167785.0,167530.0,167620.0,100101,5,271623
WIN$D,M15,1653903000,167625.0,167630.0,167430.0,167500.0,95885,5,278096
WIN$D,M15,1653903900,167495.0,167520.0,167330.0,167330.0,69627,5,198743
WIN$D,M15,1653904800,167330.0,167480.0,167135.0,167280.0,210569,5,612461
WIN$D,M15,1653905700,167280.0,167335.0,166870.0,166895.0,166373,5,482041
WIN$D,M15,1653906600,166895.0,167095.0,166855.0,166910.0,158530,5,483680
WIN$D,M15,1653907500,166910.0,166945.0,166770.0,166820.0,137265,5,422783
WIN$D,M15,1653908400,166820.0,166820.0,166645.0,166645.0,131581,5,418540
WIN$D,M15,1653909300,166645.0,166660.0,166020.0,166080.0,216930,5,722440
WIN$D,M15,1653910200,166080.0,166110.0,165820.0,165890.0,155279,5,505595
WIN$D,M15,1653911100,165890.0,165910.0,165445.0,165595.0,175158,5,572809
WIN$D,M15,1653912000,165600.0,165700.0,165535.0,165640.0,91376,5,289304
WIN$D,M15,1653912900,165645.0,165775.0,165580.0,165680.0,75196,5,236755
WIN$D,M15,1653913800,165680.0,165765.0,165550.0,165585.0,75639,5,233210
WIN$D,M15,1653914700,165585.0,165665.0,165255.0,165315.0,110775,5,363613
WIN$D,M15,1653915600,165315.0,165450.0,165225.0,165415.0,81149,5,277329
WIN$D,M15,1653916500,165420.0,165605.0,165400.0,165590.0,66413,5,240040
WIN$D,M15,1653917400,165590.0,165660.0,165530.0,165610.0,66379,5,233961
WIN$D,M15,1653918300,165605.0,165690.0,165540.0,165685.0,65312,5,206741
WIN$D,M15,1653919200,165685.0,165735.0,165565.0,165635.0,52062,5,157697
WIN$D,M15,1653920100,165635.0,165735.0,165520.0,165725.0,72252,5,225740
WIN$D,M15,1653921000,165725.0,165820.0,165680.0,165710.0,68795,5,218828
WIN$D,M15,1653921900,165710.0,165785.0,165620.0,165640.0,64301,5,213689
WIN$D,M15,1653922800,165635.0,165785.0,165610.0,165670.0,72357,5,237401
WIN$D,M15,1653923700,165670.0,165790.0,165635.0,165730.0,53197,5,171403
WIN$D,M15,1653924600,165730.0,165745.0,165625.0,165715.0,60474,5,198965
WIN$D,M15,1653925500,165720.0,165730.0,165545.0,165665.0,62031,5,201435
WIN$D,M15,1653926400,165665.0,165690.0,165545.0,165630.0,54217,5,172977
WIN$D,M15,1653927300,165630.0,165680.0,165530.0,165565.0,47286,5,146389
WIN$D,M15,1653928200,165565.0,165615.0,165475.0,165500.0,48103,5,150537
WIN$D,M15,1653929100,165500.0,165650.0,165465.0,165620.0,73319,5,245419
WIN$D,M15,1653930000,165615.0,165710.0,165565.0,165605.0,48140,5,154654
WIN$D,M15,1653930900,165605.0,165685.0,165515.0,165560.0,38724,5,129974
WIN$D,M15,1653931800,165555.0,165560.0,165485.0,165495.0,33637,5,109778
WIN$D,M15,1653932700,165495.0,165525.0,165110.0,165110.0,38077,5,139156
WIN$D,M15,1653987600,165395.0,165965.0,165385.0,165950.0,199640,5,507632
WIN$D,M15,1653988500,165950.0,166200.0,165910.0,166175.0,139346,5,401003
WIN$D,M15,1653989400,166175.0,166300.0,166070.0,166215.0,187525,5,561405
WIN$D,M15,1653990300,166215.0,166375.0,166150.0,166295.0,124221,5,385093
WIN$D,M15,1653991200,166295.0,166440.0,166180.0,166285.0,239550,5,729596
WIN$D,M15,1653992100,166280.0,166520.0,166170.0,166285.0,211679,5,626622
WIN$D,M15,1653993000,166290.0,166415.0,165940.0,166080.0,313489,5,899824
WIN$D,M15,1653993900,166080.0,166370.0,166075.0,166165.0,206877,5,552562
WIN$D,M15,1653994800,166165.0,166235.0,165875.0,166155.0,236588,5,652112
WIN$D,M15,1653995700,166150.0,166570.0,166135.0,166240.0,270008,5,826043
WIN$D,M15,1653996600,166245.0,166405.0,166205.0,166355.0,155406,5,458986
WIN$D,M15,1653997500,166350.0,166485.0,166310.0,166325.0,151616,5,469339
WIN$D,M15,1653998400,166325.0,166445.0,166100.0,166110.0,133935,5,427631
WIN$D,M15,1653999300,166110.0,166195.0,165970.0,165975.0,119287,5,357672
WIN$D,M15,1654000200,165980.0,165990.0,165675.0,165895.0,165786,5,527918
WIN$D,M15,1654001100,165895.0,166240.0,165890.0,166210.0,122119,5,409112
WIN$D,M15,1654002000,166210.0,166380.0,166165.0,166165.0,112563,5,377400
WIN$D,M15,1654002900,166170.0,166190.0,165895.0,166045.0,130851,5,447917
WIN$D,M15,1654003800,166045.0,166255.0,165990.0,166170.0,111469,5,394520
WIN$D,M15,1654004700,166165.0,166275.0,166120.0,166135.0,92418,5,309202
WIN$D,M15,1654005600,166140.0,166185.0,165915.0,166000.0,139134,5,464009
WIN$D,M15,1654006500,166005.0,166005.0,165795.0,165875.0,133320,5,460783
WIN$D,M15,1654007400,165875.0,166105.0,165840.0,166100.0,124124,5,418818
WIN$D,M15,1654008300,166095.0,166270.0,166010.0,166240.0,141076,5,487187
WIN$D,M15,1654009200,166240.0,166255.0,166040.0,166215.0,132696,5,456574
WIN$D,M15,1654010100,166210.0,166250.0,165980.0,166060.0,120050,5,408648
WIN$D,M15,1654011000,166065.0,166160.0,165965.0,165985.0,110473,5,405056
WIN$D,M15,1654011900,165985.0,165985.0,165475.0,165600.0,178676,5,639539
WIN$D,M15,1654012800,165600.0,165615.0,165245.0,165460.0,169772,5,589012
WIN$D,M15,1654013700,165460.0,165635.0,165430.0,165530.0,119771,5,397522
WIN$D,M15,1654014600,165530.0,165750.0,165525.0,165575.0,110635,5,383170
WIN$D,M15,1654015500,165575.0,165820.0,165355.0,165455.0,172081,5,559023
WIN$D,M15,1654016400,165455.0,165870.0,165455.0,165860.0,109313,5,352439
WIN$D,M15,1654017300,165860.0,165895.0,165720.0,165825.0,52501,5,160795
WIN$D,M15,1654018200,165825.0,165905.0,165750.0,165825.0,40309,5,131968
WIN$D,M15,1654019100,165830.0,165930.0,165820.0,165905.0,19265,5,73932
WIN$D,M15,1654074000,166280.0,166505.0,165925.0,166020.0,151211,5,373312
WIN$D,M15,1654074900,166020.0,166290.0,165975.0,166190.0,137607,5,388522
WIN$D,M15,1654075800,166190.0,166245.0,166120.0,166240.0,85425,5,253644
WIN$D,M15,1654076700,166240.0,166275.0,166130.0,166275.0,88145,5,275338
WIN$D,M15,1654077600,166270.0,166305.0,165795.0,165930.0,291372,5,922981
WIN$D,M15,1654078500,165930.0,166085.0,165755.0,166060.0,226048,5,690671
WIN$D,M15,1654079400,166060.0,166295.0,165870.0,166275.0,274062,5,844564
WIN$D,M15,1654080300,166275.0,166475.0,166235.0,166305.0,217662,5,656673
WIN$D,M15,1654081200,166300.0,166360.0,165695.0,165740.0,301973,5,905402
WIN$D,M15,1654082100,165745.0,165755.0,165275.0,165405.0,230484,5,703251
WIN$D,M15,1654083000,165405.0,165855.0,165320.0,165840.0,207077,5,652687
WIN$D,M15,1654083900,165840.0,166500.0,165745.0,166415.0,229195,5,746803
WIN$D,M15,1654084800,166415.0,166545.0,166250.0,166260.0,196320,5,618327
WIN$D,M15,1654085700,166265.0,166285.0,165930.0,166070.0,162830,5,513199
WIN$D,M15,1654086600,166070.0,166080.0,165655.0,165665.0,143140,5,439474
WIN$D,M15,1654087500,165665.0,165825.0,165640.0,165695.0,111436,5,349434
WIN$D,M15,1654088400,165695.0,165865.0,165660.0,165780.0,95391,5,294562
WIN$D,M15,1654089300,165785.0,165960.0,165755.0,165795.0,97517,5,309656
WIN$D,M15,1654090200,165800.0,166050.0,165780.0,165910.0,114731,5,347349
WIN$D,M15,1654091100,165915.0,166030.0,165830.0,165990.0,101303,5,306819
WIN$D,M15,1654092000,165990.0,166190.0,165980.0,166180.0,117984,5,386753
WIN$D,M15,1654092900,166180.0,166420.0,166180.0,166280.0,120040,5,389064
WIN$D,M15,1654093800,166280.0,166300.0,166180.0,166240.0,90968,5,279484
WIN$D,M15,1654094700,166240.0,166280.0,166090.0,166160.0,84662,5,281286
WIN$D,M15,1654095600,166160.0,166315.0,166095.0,166170.0,106801,5,342770
WIN$D,M15,1654096500,166170.0,166530.0,166060.0,166425.0,129416,5,433061
WIN$D,M15,1654097400,166425.0,166515.0,166260.0,166425.0,107491,5,369549
WIN$D,M15,1654098300,166425.0,166435.0,166210.0,166255.0,97117,5,327711
WIN$D,M15,1654099200,166250.0,166335.0,166190.0,166305.0,77164,5,257513
WIN$D,M15,1654100100,166310.0,166355.0,166195.0,166295.0,76654,5,264705
WIN$D,M15,1654101000,166290.0,166300.0,166125.0,166160.0,93447,5,319244
WIN$D,M15,1654101900,166160.0,166230.0,165805.0,165825.0,110145,5,390496
WIN$D,M15,1654102800,165830.0,165885.0,165705.0,165850.0,73988,5,236713
WIN$D,M15,1654103700,165850.0,165955.0,165790.0,165905.0,51577,5,168491
WIN$D,M15,1654104600,165900.0,166020.0,165780.0,165825.0,59879,5,186605
WIN$D,M15,1654105500,165830.0,166005.0,165790.0,165990.0,20553,5,71918
WIN$D,M15,1654160400,166305.0,166555.0,166010.0,166540.0,156707,5,364529
WIN$D,M15,1654161300,166535.0,166700.0,166385.0,166560.0,144695,5,367508
WIN$D,M15,1654162200,166560.0,166750.0,166470.0,166660.0,114218,5,335821
WIN$D,M15,1654163100,166660.0,166775.0,166620.0,166755.0,95639,5,292150
WIN$D,M15,1654164000,166750.0,167135.0,166675.0,166850.0,284233,5,949863
WIN$D,M15,1654164900,166855.0,167085.0,166715.0,166980.0,185309,5,545596
WIN$D,M15,1654165800,166975.0,167070.0,166690.0,166890.0,259370,5,779040
WIN$D,M15,1654166700,166895.0,166905.0,165870.0,166050.0,294794,5,937399
WIN$D,M15,1654167600,166050.0,166400.0,165985.0,166350.0,209996,5,634456
WIN$D,M15,1654168500,166350.0,166355.0,165630.0,165775.0,254241,5,785941
WIN$D,M15,1654169400,165775.0,165980.0,165750.0,165905.0,158893,5,474649
WIN$D,M15,1654170300,165900.0,166110.0,165735.0,166005.0,167617,5,535420
WIN$D,M15,1654171200,166005.0,166340.0,165970.0,166300.0,139641,5,455969
WIN$D,M15,1654172100,166300.0,166570.0,166165.0,166565.0,141824,5,463379
WIN$D,M15,1654173000,166565.0,166840.0,166480.0,166790.0,137539,5,457218
WIN$D,M15,1654173900,166795.0,166885.0,166765.0,166800.0,85487,5,292570
WIN$D,M15,1654174800,166800.0,166855.0,166730.0,166765.0,80231,5,267253
WIN$D,M15,1654175700,166765.0,167045.0,166730.0,167035.0,91110,5,316386
WIN$D,M15,1654176600,167040.0,167235.0,167025.0,167200.0,116409,5,423244
WIN$D,M15,1654177500,167200.0,167235.0,167140.0,167200.0,61795,5,215245
WIN$D,M15,1654178400,167200.0,167210.0,166980.0,167030.0,86772,5,294014
WIN$D,M15,1654179300,167030.0,167115.0,166965.0,167110.0,77392,5,261746
WIN$D,M15,1654180200,167110.0,167175.0,167025.0,167145.0,78310,5,270349
WIN$D,M15,1654181100,167145.0,167280.0,167095.0,167230.0,96427,5,342677
WIN$D,M15,1654182000,167230.0,167315.0,167145.0,167225.0,93855,5,334544
WIN$D,M15,1654182900,167225.0,167230.0,167030.0,167120.0,86008,5,296190
WIN$D,M15,1654183800,167125.0,167160.0,167050.0,167075.0,48478,5,166231
WIN$D,M15,1654184700,167075.0,167095.0,166975.0,167010.0,63195,5,220755
WIN$D,M15,1654185600,167010.0,167030.0,166875.0,166970.0,90506,5,322149
WIN$D,M15,1654186500,166965.0,167015.0,166790.0,166815.0,105220,5,368881
WIN$D,M15,1654187400,166815.0,166880.0,166755.0,166815.0,70625,5,247492
WIN$D,M15,1654188300,166815.0,167010.0,166795.0,166935.0,99264,5,362335
WIN$D,M15,1654189200,166930.0,166935.0,166595.0,166670.0,90122,5,299572
WIN$D,M15,1654190100,166670.0,166825.0,166665.0,166770.0,50176,5,169202
WIN$D,M15,1654191000,166770.0,166945.0,166755.0,166925.0,49400,5,159250
WIN$D,M15,1654191900,166920.0,167015.0,166890.0,166970.0,26800,5,82301
WIN$D,M15,1654246800,166335.0,166500.0,165965.0,166045.0,173062,5,457519
WIN$D,M15,1654247700,166045.0,166200.0,165905.0,166115.0,151412,5,387938
WIN$D,M15,1654248600,166115.0,166295.0,165875.0,165925.0,196957,5,536698
WIN$D,M15,1654249500,165920.0,166145.0,165895.0,166145.0,121145,5,349597
WIN$D,M15,1654250400,166145.0,166415.0,165960.0,165970.0,253333,5,772679
WIN$D,M15,1654251300,165965.0,166115.0,165770.0,165800.0,233160,5,697157
WIN$D,M15,1654252200,165800.0,166140.0,165685.0,165705.0,295558,5,879433
WIN$D,M15,1654253100,165705.0,166190.0,165640.0,166185.0,230946,5,684583
WIN$D,M15,1654254000,166180.0,166265.0,165875.0,166105.0,230632,5,694733
WIN$D,M15,1654254900,166105.0,166305.0,165965.0,166050.0,191938,5,573185
WIN$D,M15,1654255800,166050.0,166085.0,165725.0,165845.0,165402,5,500020
WIN$D,M15,1654256700,165845.0,165915.0,165710.0,165810.0,139032,5,421678
WIN$D,M15,1654257600,165805.0,165820.0,165340.0,165450.0,170859,5,580156
WIN$D,M15,1654258500,165455.0,165695.0,165430.0,165665.0,123843,5,389799
WIN$D,M15,1654259400,165670.0,165865.0,165570.0,165790.0,114522,5,363188
WIN$D,M15,1654260300,165790.0,165845.0,165685.0,165795.0,93598,5,298523
WIN$D,M15,1654261200,165800.0,165985.0,165790.0,165850.0,112081,5,361075
WIN$D,M15,1654262100,165845.0,165910.0,165710.0,165865.0,96738,5,311811
WIN$D,M15,1654263000,165865.0,165965.0,165740.0,165825.0,92719,5,292527
WIN$D,M15,1654263900,165825.0,166040.0,165735.0,165980.0,105722,5,342822
WIN$D,M15,1654264800,165980.0,166140.0,165885.0,165910.0,123488,5,411062
WIN$D,M15,1654265700,165905.0,165910.0,165695.0,165845.0,118166,5,389612
WIN$D,M15,1654266600,165850.0,165885.0,165580.0,165675.0,118233,5,392872
WIN$D,M15,1654267500,165675.0,165725.0,165615.0,165625.0,79204,5,260760
WIN$D,M15,1654268400,165630.0,165750.0,165520.0,165670.0,129566,5,438197
WIN$D,M15,1654269300,165670.0,165725.0,165465.0,165600.0,94298,5,305248
WIN$D,M15,1654270200,165595.0,165630.0,165420.0,165495.0,89725,5,291798
WIN$D,M15,1654271100,165495.0,165640.0,165430.0,165630.0,80023,5,257088
WIN$D,M15,1654272000,165630.0,165720.0,165500.0,165550.0,100638,5,340826
WIN$D,M15,1654272900,165550.0,165750.0,165525.0,165740.0,75001,5,249820
WIN$D,M15,1654273800,165740.0,165820.0,165580.0,165585.0,94430,5,312723
WIN$D,M15,1654274700,165585.0,165735.0,165515.0,165610.0,104201,5,357259
WIN$D,M15,1654275600,165615.0,165700.0,165490.0,165645.0,62787,5,222887
WIN$D,M15,1654276500,165650.0,165735.0,165635.0,165725.0,31994,5,112146
WIN$D,M15,1654277400,165720.0,165795.0,165650.0,165795.0,42752,5,136808
WIN$D,M15,1654278300,165790.0,165855.0,165740.0,165855.0,23964,5,75653
WIN$D,M15,1654506000,166670.0,166840.0,166465.0,166515.0,134553,5,336053
WIN$D,M15,1654506900,166515.0,166730.0,166405.0,166450.0,118137,5,339260
WIN$D,M15,1654507800,166445.0,166475.0,166295.0,166325.0,87517,5,273883
WIN$D,M15,1654508700,166320.0,166340.0,166165.0,166220.0,82142,5,280494
WIN$D,M15,1654509600,166220.0,166300.0,166025.0,166055.0,174284,5,563793
WIN$D,M15,1654510500,166050.0,166250.0,165985.0,166145.0,157514,5,470506
WIN$D,M15,1654511400,166140.0,166415.0,166005.0,166025.0,311351,5,942409
WIN$D,M15,1654512300,166025.0,166130.0,165750.0,165990.0,230559,5,733642
WIN$D,M15,1654513200,165990.0,166090.0,165895.0,165910.0,155340,5,453922
WIN$D,M15,1654514100,165915.0,165945.0,165260.0,165395.0,246026,5,808233
WIN$D,M15,1654515000,165395.0,165430.0,164845.0,165090.0,227580,5,756296
WIN$D,M15,1654515900,165090.0,165185.0,165000.0,165110.0,108369,5,339202
WIN$D,M15,1654516800,165115.0,165205.0,164735.0,164935.0,165369,5,543370
WIN$D,M15,1654517700,164935.0,165010.0,164820.0,164995.0,124671,5,407386
WIN$D,M15,1654518600,164995.0,165105.0,164900.0,165100.0,88363,5,282286
WIN$D,M15,1654519500,165105.0,165140.0,164950.0,165015.0,79938,5,261765
WIN$D,M15,1654520400,165015.0,165030.0,164780.0,164840.0,117809,5,396859
WIN$D,M15,1654521300,164840.0,164845.0,164425.0,164505.0,139176,5,477073
WIN$D,M15,1654522200,164510.0,164640.0,164360.0,164620.0,104069,5,347528
WIN$D,M15,1654523100,164620.0,164675.0,164530.0,164635.0,76679,5,258979
WIN$D,M15,1654524000,164635.0,164640.0,164505.0,164560.0,68891,5,242949
WIN$D,M15,1654524900,164560.0,164630.0,164455.0,164615.0,83865,5,274560
WIN$D,M15,1654525800,164620.0,164885.0,164600.0,164855.0,114309,5,400475
WIN$D,M15,1654526700,164850.0,165000.0,164805.0,164995.0,93669,5,337599
WIN$D,M15,1654527600,164995.0,165020.0,164835.0,164845.0,82995,5,303011
WIN$D,M15,1654528500,164845.0,164905.0,164525.0,164570.0,131616,5,487956
WIN$D,M15,1654529400,164575.0,164630.0,164430.0,164590.0,105243,5,376394
WIN$D,M15,1654530300,164585.0,164700.0,164380.0,164600.0,138698,5,475308
WIN$D,M15,1654531200,164600.0,164670.0,164525.0,164645.0,87099,5,291457
WIN$D,M15,1654532100,164640.0,164720.0,164475.0,164560.0,104284,5,363632
WIN$D,M15,1654533000,164565.0,164690.0,164525.0,164660.0,75226,5,269312
WIN$D,M15,1654533900,164660.0,164685.0,164540.0,164640.0,85473,5,310886
WIN$D,M15,1654534800,164640.0,164675.0,164575.0,164600.0,43872,5,158128
WIN$D,M15,1654535700,164605.0,164705.0,164595.0,164700.0,29611,5,110766
WIN$D,M15,1654536600,164700.0,164885.0,164675.0,164850.0,52571,5,177396
WIN$D,M15,1654537500,164850.0,164875.0,164735.0,164795.0,24300,5,94707
WIN$D,M15,1654592400,164295.0,164685.0,164030.0,164660.0,204857,5,531734
WIN$D,M15,1654593300,164655.0,164715.0,164445.0,164590.0,149023,5,409299
WIN$D,M15,1654594200,164590.0,164595.0,164230.0,164240.0,216696,5,593134
WIN$D,M15,1654595100,164245.0,164290.0,163850.0,163925.0,194433,5,564808
WIN$D,M15,1654596000,163920.0,164280.0,163725.0,164200.0,289375,5,885989
WIN$D,M15,1654596900,164200.0,164315.0,163745.0,164065.0,256929,5,775551
WIN$D,M15,1654597800,164070.0,164360.0,163930.0,164315.0,311641,5,957241
WIN$D,M15,1654598700,164310.0,164815.0,164190.0,164355.0,291477,5,932435
WIN$D,M15,1654599600,164355.0,164505.0,163935.0,164135.0,233141,5,724721
WIN$D,M15,1654600500,164140.0,164400.0,164030.0,164345.0,171184,5,521461
WIN$D,M15,1654601400,164350.0,164645.0,164150.0,164520.0,196574,5,617604
WIN$D,M15,1654602300,164520.0,164725.0,164485.0,164680.0,119973,5,388585
WIN$D,M15,1654603200,164680.0,164795.0,164415.0,164545.0,143447,5,468524
WIN$D,M15,1654604100,164550.0,164570.0,164335.0,164410.0,110671,5,355220
WIN$D,M15,1654605000,164410.0,164630.0,164300.0,164625.0,114968,5,374065
WIN$D,M15,1654605900,164625.0,164755.0,164470.0,164530.0,106555,5,354124
WIN$D,M15,1654606800,164535.0,164615.0,164410.0,164610.0,74936,5,249506
WIN$D,M15,1654607700,164610.0,164670.0,164470.0,164610.0,80114,5,251061
WIN$D,M15,1654608600,164615.0,164675.0,164545.0,164590.0,59784,5,188355
WIN$D,M15,1654609500,164590.0,164750.0,164565.0,164695.0,74557,5,238770
WIN$D,M15,1654610400,164700.0,164715.0,164465.0,164500.0,97769,5,339510
WIN$D,M15,1654611300,164500.0,164560.0,164395.0,164440.0,77242,5,267347
WIN$D,M15,1654612200,164435.0,164460.0,164135.0,164375.0,123690,5,432939
WIN$D,M15,1654613100,164380.0,164470.0,164345.0,164370.0,83408,5,292127
WIN$D,M15,1654614000,164370.0,164635.0,164305.0,164620.0,108145,5,388372
WIN$D,M15,1654614900,164615.0,164685.0,164555.0,164665.0,85089,5,311544
WIN$D,M15,1654615800,164665.0,164800.0,164455.0,164475.0,109121,5,393980
WIN$D,M15,1654616700,164470.0,164625.0,164420.0,164585.0,90912,5,309792
WIN$D,M15,1654617600,164585.0,164655.0,164570.0,164615.0,60243,5,210141
WIN$D,M15,1654618500,164610.0,164675.0,164555.0,164575.0,59585,5,218277
WIN$D,M15,1654619400,164575.0,164585.0,164305.0,164340.0,99986,5,354739
WIN$D,M15,1654620300,164345.0,164455.0,164315.0,164380.0,88187,5,323643
WIN$D,M15,1654621200,164375.0,164445.0,164215.0,164405.0,81299,5,288328
WIN$D,M15,1654622100,164400.0,164485.0,164380.0,164455.0,39013,5,126276
WIN$D,M15,1654623000,164455.0,164465.0,164325.0,164425.0,43115,5,138351
WIN$D,M15,1654623900,164425.0,164560.0,164305.0,164455.0,25051,5,84068
WIN$D,M15,1654678800,164230.0,164305.0,163610.0,163710.0,218117,5,562772
WIN$D,M15,1654679700,163710.0,163770.0,163390.0,163405.0,166213,5,454791
WIN$D,M15,1654680600,163405.0,163540.0,163340.0,163520.0,127626,5,372390
WIN$D,M15,1654681500,163520.0,163565.0,163320.0,163425.0,137418,5,416673
WIN$D,M15,1654682400,163430.0,163585.0,163280.0,163575.0,210231,5,637994
WIN$D,M15,1654683300,163575.0,163815.0,163460.0,163740.0,228193,5,719747
WIN$D,M15,1654684200,163735.0,164250.0,163705.0,164240.0,265910,5,846014
WIN$D,M15,1654685100,164235.0,164480.0,164215.0,164365.0,218710,5,729308
WIN$D,M15,1654686000,164360.0,164415.0,163755.0,163755.0,208948,5,717828
WIN$D,M15,1654686900,163755.0,163910.0,163675.0,163770.0,174518,5,570148
WIN$D,M15,1654687800,163770.0,163865.0,163625.0,163675.0,166616,5,533434
WIN$D,M15,1654688700,163675.0,163945.0,163665.0,163715.0,147076,5,475514
WIN$D,M15,1654689600,163710.0,163715.0,163525.0,163640.0,126841,5,429703
WIN$D,M15,1654690500,163640.0,163810.0,163610.0,163755.0,95668,5,310449
WIN$D,M15,1654691400,163755.0,163970.0,163695.0,163835.0,116760,5,385745
WIN$D,M15,1654692300,163835.0,164075.0,163835.0,164045.0,95044,5,328232
WIN$D,M15,1654693200,164040.0,164215.0,163985.0,164040.0,104939,5,368514
WIN$D,M15,1654694100,164040.0,164045.0,163755.0,163850.0,102406,5,348482
WIN$D,M15,1654695000,163850.0,163865.0,163320.0,163320.0,125806,5,439048
WIN$D,M15,1654695900,163325.0,163455.0,163150.0,163455.0,143811,5,506411
WIN$D,M15,1654696800,163455.0,163490.0,163310.0,163480.0,97345,5,336548
WIN$D,M15,1654697700,163480.0,163615.0,163390.0,163455.0,102939,5,352356
WIN$D,M15,1654698600,163455.0,163490.0,163175.0,163445.0,139737,5,487667
WIN$D,M15,1654699500,163450.0,163515.0,163295.0,163305.0,102885,5,352389
WIN$D,M15,1654700400,163305.0,163455.0,163070.0,163220.0,145291,5,525351
WIN$D,M15,1654701300,163220.0,163240.0,162590.0,162625.0,171126,5,634436
WIN$D,M15,1654702200,162620.0,162750.0,162420.0,162685.0,155007,5,566442
WIN$D,M15,1654703100,162685.0,162795.0,162605.0,162635.0,89171,5,316292
WIN$D,M15,1654704000,162640.0,162650.0,162320.0,162535.0,124318,5,453529
WIN$D,M15,1654704900,162535.0,162895.0,162515.0,162720.0,102313,5,375317
WIN$D,M15,1654705800,162715.0,162950.0,162630.0,162780.0,126938,5,470921
WIN$D,M15,1654706700,162780.0,162785.0,162555.0,162570.0,93030,5,330404
WIN$D,M15,1654707600,162565.0,162690.0,162480.0,162640.0,60974,5,211079
WIN$D,M15,1654708500,162640.0,162845.0,162595.0,162810.0,47058,5,159841
WIN$D,M15,1654709400,162805.0,163005.0,162770.0,162945.0,39179,5,122771
WIN$D,M15,1654710300,162950.0,162965.0,162805.0,162965.0,17514,5,59656
WIN$D,M15,1654765200,163280.0,163550.0,163020.0,163035.0,201969,5,510699
WIN$D,M15,1654766100,163035.0,163115.0,162415.0,162510.0,244325,5,688454
WIN$D,M15,1654767000,162515.0,162670.0,162050.0,162055.0,259620,5,730644
WIN$D,M15,1654767900,162055.0,162395.0,161930.0,162350.0,248678,5,734506
WIN$D,M15,1654768800,162350.0,162385.0,162105.0,162110.0,224243,5,664343
WIN$D,M15,1654769700,162115.0,162240.0,161775.0,161885.0,295663,5,886552
WIN$D,M15,1654770600,161885.0,162035.0,161460.0,161935.0,307979,5,984661
WIN$D,M15,1654771500,161935.0,162505.0,161880.0,162475.0,273878,5,843102
WIN$D,M15,1654772400,162475.0,162865.0,162310.0,162505.0,326578,5,1031655
WIN$D,M15,1654773300,162500.0,162695.0,162285.0,162320.0,215257,5,639566
WIN$D,M15,1654774200,162320.0,162505.0,162175.0,162265.0,203573,5,625946
WIN$D,M15,1654775100,162265.0,162420.0,162105.0,162110.0,150022,5,508346
WIN$D,M15,1654776000,162110.0,162175.0,161850.0,162020.0,163876,5,537817
WIN$D,M15,1654776900,162020.0,162150.0,161790.0,161795.0,117991,5,366513
WIN$D,M15,1654777800,161795.0,162095.0,161780.0,161965.0,129452,5,408274
WIN$D,M15,1654778700,161965.0,162040.0,161795.0,161960.0,110177,5,335229
WIN$D,M15,1654779600,161960.0,162350.0,161945.0,162150.0,147448,5,456434
WIN$D,M15,1654780500,162150.0,162245.0,162080.0,162175.0,85252,5,253820
WIN$D,M15,1654781400,162170.0,162385.0,162155.0,162300.0,111309,5,358066
WIN$D,M15,1654782300,162300.0,162430.0,162160.0,162370.0,103310,5,333902
WIN$D,M15,1654783200,162375.0,162505.0,162335.0,162365.0,118213,5,386762
WIN$D,M15,1654784100,162360.0,162405.0,162140.0,162240.0,102372,5,336800
WIN$D,M15,1654785000,162235.0,162300.0,162135.0,162165.0,99297,5,336620
WIN$D,M15,1654785900,162165.0,162360.0,162115.0,162280.0,107039,5,358153
WIN$D,M15,1654786800,162280.0,162385.0,162100.0,162335.0,116819,5,396020
WIN$D,M15,1654787700,162335.0,162425.0,162185.0,162225.0,105933,5,352209
WIN$D,M15,1654788600,162225.0,162230.0,162030.0,162145.0,113594,5,383408
WIN$D,M15,1654789500,162145.0,162335.0,162095.0,162105.0,122457,5,409792
WIN$D,M15,1654790400,162105.0,162130.0,161810.0,161820.0,131900,5,439398
WIN$D,M15,1654791300,161820.0,161915.0,161505.0,161515.0,148276,5,510703
WIN$D,M15,1654792200,161515.0,161525.0,161265.0,161340.0,154008,5,532619
WIN$D,M15,1654793100,161340.0,161635.0,161305.0,161455.0,130439,5,440110
WIN$D,M15,1654794000,161455.0,161660.0,161380.0,161590.0,100926,5,330500
WIN$D,M15,1654794900,161595.0,161730.0,161570.0,161675.0,52184,5,161202
WIN$D,M15,1654795800,161670.0,161850.0,161635.0,161820.0,44835,5,150012
WIN$D,M15,1654796700,161820.0,161870.0,161725.0,161810.0,20712,5,71473
WIN$D,M15,1654851600,161955.0,162135.0,161530.0,161875.0,273232,5,610262
WIN$D,M15,1654852500,161870.0,161905.0,161460.0,161570.0,200575,5,488737
WIN$D,M15,1654853400,161565.0,161600.0,160605.0,160865.0,496744,5,1177347
WIN$D,M15,1654854300,160865.0,161000.0,160065.0,160290.0,322981,5,900986
WIN$D,M15,1654855200,160295.0,160415.0,159935.0,160055.0,238000,5,668932
WIN$D,M15,1654856100,160050.0,160095.0,158790.0,159040.0,364031,5,1068275
WIN$D,M15,1654857000,159035.0,159500.0,158875.0,159500.0,285673,5,810853
WIN$D,M15,1654857900,159495.0,159630.0,159155.0,159610.0,246499,5,679474
WIN$D,M15,1654858800,159610.0,159630.0,159150.0,159440.0,222190,5,637443
WIN$D,M15,1654859700,159435.0,159520.0,159150.0,159205.0,155465,5,455555
WIN$D,M15,1654860600,159205.0,159740.0,159075.0,159575.0,211006,5,629360
WIN$D,M15,1654861500,159575.0,159690.0,159415.0,159475.0,144133,5,432387
WIN$D,M15,1654862400,159475.0,159735.0,159410.0,159610.0,146682,5,467583
WIN$D,M15,1654863300,159605.0,159815.0,159515.0,159555.0,131348,5,424217
WIN$D,M15,1654864200,159555.0,159655.0,159370.0,159640.0,111612,5,348752
WIN$D,M15,1654865100,159640.0,159815.0,159430.0,159770.0,132695,5,413284
WIN$D,M15,1654866000,159775.0,160235.0,159765.0,160175.0,184679,5,608952
WIN$D,M15,1654866900,160175.0,160190.0,159890.0,159975.0,129843,5,414808
WIN$D,M15,1654867800,159975.0,160180.0,159965.0,160125.0,101434,5,317408
WIN$D,M15,1654868700,160120.0,160180.0,159805.0,159935.0,110588,5,349766
WIN$D,M15,1654869600,159930.0,160090.0,159825.0,159905.0,113281,5,360361
WIN$D,M15,1654870500,159900.0,160125.0,159830.0,160110.0,95934,5,311799
WIN$D,M15,1654871400,160110.0,160195.0,159895.0,160075.0,120053,5,393826
WIN$D,M15,1654872300,160080.0,160215.0,159815.0,159815.0,139856,5,456529
WIN$D,M15,1654873200,159815.0,159930.0,159695.0,159835.0,126575,5,415500
WIN$D,M15,1654874100,159840.0,160285.0,159810.0,160135.0,139844,5,500240
WIN$D,M15,1654875000,160130.0,160355.0,159970.0,160065.0,120432,5,397188
WIN$D,M15,1654875900,160060.0,160220.0,159930.0,160035.0,117458,5,386740
WIN$D,M15,1654876800,160035.0,160100.0,159770.0,159965.0,123141,5,408065
WIN$D,M15,1654877700,159965.0,160115.0,159850.0,159950.0,112061,5,359737
WIN$D,M15,1654878600,159945.0,160045.0,159805.0,159900.0,112645,5,360062
WIN$D,M15,1654879500,159905.0,159925.0,159620.0,159655.0,141688,5,466839
WIN$D,M15,1654880400,159655.0,159845.0,159575.0,159785.0,82380,5,250332
WIN$D,M15,1654881300,159785.0,159855.0,159620.0,159750.0,53804,5,168911
WIN$D,M15,1654882200,159755.0,159830.0,159680.0,159780.0,44458,5,125339
WIN$D,M15,1654883100,159780.0,159785.0,159515.0,159555.0,27911,5,83498
WIN$D,M15,1655110800,157705.0,157830.0,157230.0,157355.0,201168,5,490543
WIN$D,M15,1655111700,157355.0,157900.0,157340.0,157860.0,175116,5,470657
WIN$D,M15,1655112600,157865.0,158055.0,157695.0,157950.0,212936,5,591035
WIN$D,M15,1655113500,157955.0,157990.0,157640.0,157645.0,187748,5,531199
WIN$D,M15,1655114400,157645.0,158150.0,157595.0,158045.0,254089,5,725997
WIN$D,M15,1655115300,158040.0,158075.0,157420.0,157515.0,286528,5,825849
WIN$D,M15,1655116200,157515.0,157855.0,157050.0,157120.0,376327,5,1138798
WIN$D,M15,1655117100,157120.0,157160.0,156585.0,156640.0,261730,5,805633
WIN$D,M15,1655118000,156640.0,156830.0,156205.0,156250.0,253808,5,757314
WIN$D,M15,1655118900,156250.0,156265.0,155865.0,156100.0,222115,5,701174
WIN$D,M15,1655119800,156100.0,156305.0,155895.0,156085.0,229351,5,669741
WIN$D,M15,1655120700,156085.0,156650.0,155995.0,156615.0,162324,5,502580
WIN$D,M15,1655121600,156610.0,156795.0,156470.0,156795.0,169025,5,537657
WIN$D,M15,1655122500,156790.0,157155.0,156765.0,156935.0,163760,5,522568
WIN$D,M15,1655123400,156935.0,157540.0,156865.0,157495.0,199904,5,657127
WIN$D,M15,1655124300,157500.0,157540.0,157155.0,157255.0,156524,5,492336
WIN$D,M15,1655125200,157255.0,157460.0,157075.0,157330.0,163700,5,500923
WIN$D,M15,1655126100,157330.0,157410.0,157180.0,157290.0,121373,5,379336
WIN$D,M15,1655127000,157290.0,157575.0,157230.0,157250.0,142654,5,439742
WIN$D,M15,1655127900,157245.0,157330.0,156960.0,156985.0,130032,5,405596
WIN$D,M15,1655128800,156985.0,157030.0,156860.0,156945.0,115675,5,353236
WIN$D,M15,1655129700,156945.0,157020.0,156780.0,156910.0,104340,5,330674
WIN$D,M15,1655130600,156910.0,157315.0,156850.0,157295.0,137012,5,437592
WIN$D,M15,1655131500,157295.0,157340.0,157040.0,157125.0,131986,5,418381
WIN$D,M15,1655132400,157125.0,157135.0,156820.0,156830.0,130004,5,404941
WIN$D,M15,1655133300,156825.0,157015.0,156800.0,156870.0,112461,5,355214
WIN$D,M15,1655134200,156870.0,157220.0,156665.0,157090.0,178298,5,583028
WIN$D,M15,1655135100,157090.0,157180.0,156830.0,156935.0,133118,5,413584
WIN$D,M15,1655136000,156930.0,157055.0,156845.0,156880.0,124668,5,380872
WIN$D,M15,1655136900,156875.0,157155.0,156480.0,156510.0,252849,5,805345
WIN$D,M15,1655137800,156505.0,156570.0,156160.0,156250.0,202980,5,648492
WIN$D,M15,1655138700,156250.0,156715.0,156235.0,156660.0,170153,5,530895
WIN$D,M15,1655139600,156660.0,156945.0,156605.0,156830.0,98302,5,282945
WIN$D,M15,1655140500,156830.0,156915.0,156555.0,156615.0,71785,5,193259
WIN$D,M15,1655141400,156620.0,156985.0,156610.0,156970.0,71311,5,182854
WIN$D,M15,1655142300,156975.0,156980.0,156735.0,156905.0,26883,5,68858
WIN$D,M15,1655197200,157105.0,157505.0,157005.0,157045.0,207889,5,536059
WIN$D,M15,1655198100,157040.0,157125.0,156745.0,156760.0,180120,5,496081
WIN$D,M15,1655199000,156765.0,157195.0,156740.0,156905.0,267167,5,760684
WIN$D,M15,1655199900,156910.0,156990.0,156670.0,156820.0,201258,5,590867
WIN$D,M15,1655200800,156825.0,157245.0,156805.0,157010.0,287504,5,833134
WIN$D,M15,1655201700,157005.0,157460.0,156950.0,156965.0,281631,5,805060
WIN$D,M15,1655202600,156960.0,157020.0,156585.0,156640.0,354860,5,1023303
WIN$D,M15,1655203500,156635.0,157075.0,156480.0,156985.0,308665,5,902502
WIN$D,M15,1655204400,156985.0,157135.0,156465.0,156510.0,255675,5,763353
WIN$D,M15,1655205300,156510.0,156590.0,156015.0,156025.0,249842,5,773468
WIN$D,M15,1655206200,156025.0,156200.0,155805.0,155930.0,232668,5,721480
WIN$D,M15,1655207100,155930.0,156365.0,155915.0,156090.0,189331,5,590877
WIN$D,M15,1655208000,156090.0,156295.0,156020.0,156140.0,134187,5,403728
WIN$D,M15,1655208900,156145.0,156520.0,155990.0,156430.0,146993,5,470233
WIN$D,M15,1655209800,156435.0,156620.0,156265.0,156620.0,177747,5,539510
WIN$D,M15,1655210700,156615.0,156735.0,156395.0,156480.0,138703,5,418015
WIN$D,M15,1655211600,156475.0,156485.0,156185.0,156350.0,149230,5,448323
WIN$D,M15,1655212500,156350.0,156465.0,156160.0,156265.0,124355,5,376084
WIN$D,M15,1655213400,156265.0,156290.0,156000.0,156120.0,132415,5,408471
WIN$D,M15,1655214300,156120.0,156320.0,156030.0,156280.0,111998,5,339882
WIN$D,M15,1655215200,156285.0,156460.0,156255.0,156355.0,113976,5,358707
WIN$D,M15,1655216100,156360.0,156755.0,156355.0,156400.0,162217,5,519363
WIN$D,M15,1655217000,156400.0,156435.0,156095.0,156140.0,137830,5,437491
WIN$D,M15,1655217900,156140.0,156175.0,155995.0,156075.0,134373,5,428780
WIN$D,M15,1655218800,156075.0,156300.0,155970.0,156020.0,147198,5,476978
WIN$D,M15,1655219700,156020.0,156240.0,155965.0,156100.0,141704,5,460214
WIN$D,M15,1655220600,156100.0,156250.0,155965.0,156060.0,127062,5,414184
WIN$D,M15,1655221500,156055.0,156110.0,155610.0,155670.0,169971,5,579724
WIN$D,M15,1655222400,155670.0,155880.0,155495.0,155515.0,141386,5,491701
WIN$D,M15,1655223300,155515.0,156010.0,155395.0,155945.0,169376,5,576827
WIN$D,M15,1655224200,155940.0,156335.0,155910.0,156150.0,164127,5,552681
WIN$D,M15,1655225100,156150.0,156330.0,156015.0,156330.0,135776,5,449618
WIN$D,M15,1655226000,156325.0,156330.0,156125.0,156245.0,70063,5,221655
WIN$D,M15,1655226900,156250.0,156255.0,155990.0,156080.0,51717,5,158821
WIN$D,M15,1655227800,156080.0,156325.0,156010.0,156285.0,57311,5,159934
WIN$D,M15,1655228700,156285.0,156305.0,156040.0,156175.0,27526,5,81503
WIN$D,M15,1655283600,156860.0,156875.0,156345.0,156550.0,154377,5,378958
WIN$D,M15,1655284500,156550.0,156620.0,156370.0,156530.0,105334,5,292334
WIN$D,M15,1655285400,156535.0,157060.0,156520.0,157005.0,225862,5,637515
WIN$D,M15,1655286300,157000.0,157595.0,156975.0,157560.0,192139,5,613360
WIN$D,M15,1655287200,157555.0,157580.0,157020.0,157135.0,225936,5,643476
WIN$D,M15,1655288100,157135.0,157360.0,157030.0,157120.0,184549,5,523476
WIN$D,M15,1655289000,157115.0,157645.0,156900.0,157470.0,298600,5,855111
WIN$D,M15,1655289900,157465.0,157940.0,157400.0,157935.0,246926,5,753516
WIN$D,M15,1655290800,157935.0,157975.0,157685.0,157830.0,178389,5,546088
WIN$D,M15,1655291700,157825.0,157980.0,157580.0,157725.0,152653,5,489761
WIN$D,M15,1655292600,157725.0,157795.0,157415.0,157450.0,144933,5,469583
WIN$D,M15,1655293500,157450.0,157465.0,157160.0,157370.0,142595,5,476256
WIN$D,M15,1655294400,157375.0,157405.0,157170.0,157260.0,113593,5,356675
WIN$D,M15,1655295300,157260.0,157330.0,157025.0,157070.0,107800,5,343531
WIN$D,M15,1655296200,157070.0,157180.0,156895.0,157115.0,115441,5,372661
WIN$D,M15,1655297100,157120.0,157135.0,156960.0,157010.0,85249,5,271060
WIN$D,M15,1655298000,157015.0,157140.0,156760.0,156890.0,131596,5,443959
WIN$D,M15,1655298900,156890.0,156975.0,156810.0,156935.0,70644,5,222805
WIN$D,M15,1655299800,156940.0,157025.0,156570.0,156585.0,123349,5,422517
WIN$D,M15,1655300700,156580.0,156690.0,156380.0,156440.0,113080,5,392597
WIN$D,M15,1655301600,156440.0,156840.0,156420.0,156750.0,100670,5,352222
WIN$D,M15,1655302500,156745.0,156925.0,156705.0,156840.0,83946,5,288729
WIN$D,M15,1655303400,156840.0,156970.0,156785.0,156905.0,69092,5,241035
WIN$D,M15,1655304300,156910.0,157235.0,156620.0,157130.0,175331,5,558101
WIN$D,M15,1655305200,157140.0,157475.0,156280.0,156820.0,444468,5,936818
WIN$D,M15,1655306100,156820.0,157080.0,156495.0,156525.0,224011,5,668470
WIN$D,M15,1655307000,156525.0,158005.0,155915.0,157850.0,490573,5,1479444
WIN$D,M15,1655307900,157850.0,158135.0,157150.0,157300.0,330502,5,951113
WIN$D,M15,1655308800,157305.0,157635.0,157225.0,157315.0,211805,5,637346
WIN$D,M15,1655309700,157310.0,157765.0,157180.0,157720.0,174489,5,505073
WIN$D,M15,1655310600,157720.0,157830.0,156975.0,157050.0,161528,5,519725
WIN$D,M15,1655311500,157045.0,157145.0,156765.0,157005.0,148671,5,465161
WIN$D,M15,1655312400,157005.0,157105.0,156765.0,156775.0,76960,5,225375
WIN$D,M15,1655313300,156775.0,157010.0,156760.0,156980.0,50407,5,157413
WIN$D,M15,1655314200,156980.0,157065.0,156770.0,156885.0,45373,5,144409
WIN$D,M15,1655315100,156890.0,157190.0,156790.0,157135.0,21295,5,67079
WIN$D,M15,1655456400,155065.0,155375.0,154995.0,155170.0,195886,5,464518
WIN$D,M15,1655457300,155170.0,155210.0,154880.0,155040.0,173792,5,447905
WIN$D,M15,1655458200,155040.0,155230.0,154930.0,155040.0,155883,5,425366
WIN$D,M15,1655459100,155035.0,155045.0,154820.0,154985.0,139859,5,370241
WIN$D,M15,1655460000,154985.0,155145.0,154530.0,154740.0,269450,5,749523
WIN$D,M15,1655460900,154740.0,154775.0,153785.0,153875.0,397033,5,1117737
WIN$D,M15,1655461800,153880.0,154095.0,153525.0,153940.0,350606,5,1004166
WIN$D,M15,1655462700,153940.0,154320.0,153925.0,154165.0,253977,5,692905
WIN$D,M15,1655463600,154170.0,154195.0,153440.0,153505.0,282350,5,787484
WIN$D,M15,1655464500,153505.0,153515.0,152840.0,152930.0,292102,5,862514
WIN$D,M15,1655465400,152925.0,152960.0,152590.0,152880.0,212420,5,647148
WIN$D,M15,1655466300,152880.0,152950.0,152310.0,152870.0,260083,5,806143
WIN$D,M15,1655467200,152870.0,153155.0,152680.0,152870.0,187651,5,536891
WIN$D,M15,1655468100,152870.0,153115.0,152770.0,153050.0,159342,5,483307
WIN$D,M15,1655469000,153050.0,153155.0,152865.0,152910.0,141375,5,421689
WIN$D,M15,1655469900,152905.0,153000.0,152725.0,152865.0,123805,5,390801
WIN$D,M15,1655470800,152870.0,152875.0,152555.0,152785.0,141357,5,448300
WIN$D,M15,1655471700,152780.0,153005.0,152625.0,152975.0,139411,5,436735
WIN$D,M15,1655472600,152980.0,153080.0,152820.0,152945.0,128272,5,404096
WIN$D,M15,1655473500,152945.0,153015.0,152760.0,152890.0,104658,5,313702
WIN$D,M15,1655474400,152890.0,153155.0,152835.0,152975.0,131151,5,415075
WIN$D,M15,1655475300,152980.0,153035.0,152755.0,152800.0,108660,5,337286
WIN$D,M15,1655476200,152805.0,152985.0,152690.0,152830.0,141384,5,457222
WIN$D,M15,1655477100,152830.0,152835.0,152355.0,152600.0,180409,5,576598
WIN$D,M15,1655478000,152600.0,153050.0,152545.0,153020.0,142375,5,479209
WIN$D,M15,1655478900,153025.0,153180.0,152950.0,152995.0,150204,5,484045
WIN$D,M15,1655479800,153000.0,153550.0,152890.0,153415.0,175294,5,589868
WIN$D,M15,1655480700,153415.0,153470.0,153135.0,153295.0,143041,5,451652
WIN$D,M15,1655481600,153295.0,153400.0,153045.0,153105.0,132321,5,437462
WIN$D,M15,1655482500,153105.0,153965.0,153075.0,153920.0,174793,5,595031
WIN$D,M15,1655483400,153925.0,153960.0,153580.0,153610.0,148291,5,481452
WIN$D,M15,1655484300,153620.0,153815.0,153570.0,153595.0,119911,5,402537
WIN$D,M15,1655485200,153600.0,153895.0,153570.0,153630.0,81743,5,255796
WIN$D,M15,1655486100,153630.0,153755.0,153585.0,153620.0,54770,5,166124
WIN$D,M15,1655487000,153625.0,153685.0,153530.0,153550.0,36845,5,107658
WIN$D,M15,1655487900,153550.0,153650.0,153330.0,153330.0,28402,5,81754
WIN$D,M15,1655715600,153450.0,153770.0,153045.0,153320.0,178799,5,458321
WIN$D,M15,1655716500,153325.0,153475.0,153145.0,153245.0,150550,5,400501
WIN$D,M15,1655717400,153250.0,153595.0,153225.0,153575.0,127718,5,353249
WIN$D,M15,1655718300,153575.0,153595.0,153260.0,153330.0,179424,5,522399
WIN$D,M15,1655719200,153335.0,153645.0,153125.0,153325.0,324897,5,927836
WIN$D,M15,1655720100,153325.0,153385.0,152600.0,152675.0,366052,5,969551
WIN$D,M15,1655721000,152680.0,152695.0,152170.0,152315.0,302126,5,836050
WIN$D,M15,1655721900,152310.0,152855.0,152195.0,152765.0,266715,5,721653
WIN$D,M15,1655722800,152760.0,152955.0,152530.0,152680.0,236392,5,622190
WIN$D,M15,1655723700,152685.0,152880.0,152560.0,152705.0,169641,5,466111
WIN$D,M15,1655724600,152705.0,153050.0,152450.0,152960.0,209479,5,579598
WIN$D,M15,1655725500,152960.0,153840.0,152930.0,153810.0,247947,5,733382
WIN$D,M15,1655726400,153810.0,154180.0,153735.0,153965.0,195890,5,584721
WIN$D,M15,1655727300,153960.0,154245.0,153935.0,154065.0,119325,5,344071
WIN$D,M15,1655728200,154065.0,154180.0,153935.0,154170.0,105455,5,314066
WIN$D,M15,1655729100,154170.0,154210.0,154035.0,154120.0,88386,5,267462
WIN$D,M15,1655730000,154115.0,154285.0,153905.0,154185.0,137452,5,427715
WIN$D,M15,1655730900,154190.0,154270.0,154055.0,154075.0,81524,5,245586
WIN$D,M15,1655731800,154075.0,154165.0,153980.0,154090.0,73588,5,233129
WIN$D,M15,1655732700,154095.0,154180.0,153940.0,153950.0,77301,5,244286
WIN$D,M15,1655733600,153945.0,154050.0,153750.0,153995.0,105519,5,314358
WIN$D,M15,1655734500,153995.0,154040.0,153860.0,153955.0,72163,5,209374
WIN$D,M15,1655735400,153960.0,154135.0,153895.0,154020.0,88647,5,273651
WIN$D,M15,1655736300,154025.0,154100.0,153855.0,154015.0,95918,5,297676
WIN$D,M15,1655737200,154015.0,154035.0,153900.0,153995.0,62268,5,192655
WIN$D,M15,1655738100,153995.0,154070.0,153865.0,154035.0,75562,5,239763
WIN$D,M15,1655739000,154040.0,154045.0,153815.0,153960.0,71265,5,229338
WIN$D,M15,1655739900,153960.0,153980.0,153765.0,153815.0,72862,5,237803
WIN$D,M15,1655740800,153815.0,153910.0,153725.0,153785.0,64809,5,210132
WIN$D,M15,1655741700,153790.0,153815.0,153625.0,153690.0,86087,5,273729
WIN$D,M15,1655742600,153685.0,153765.0,153535.0,153730.0,80350,5,260082
WIN$D,M15,1655743500,153730.0,153795.0,153610.0,153710.0,75597,5,253616
WIN$D,M15,1655744400,153705.0,153775.0,153565.0,153610.0,66717,5,231568
WIN$D,M15,1655745300,153610.0,153650.0,153550.0,153620.0,42014,5,166373
WIN$D,M15,1655746200,153620.0,153695.0,153595.0,153670.0,32077,5,101253
WIN$D,M15,1655747100,153665.0,153805.0,153635.0,153745.0,17484,5,61854
WIN$D,M15,1655802000,154495.0,154670.0,154375.0,154625.0,191095,5,497221
WIN$D,M15,1655802900,154620.0,154725.0,154440.0,154505.0,158085,5,449903
WIN$D,M15,1655803800,154500.0,154565.0,154215.0,154260.0,169724,5,507470
WIN$D,M15,1655804700,154255.0,154400.0,154175.0,154305.0,140668,5,476048
WIN$D,M15,1655805600,154305.0,154875.0,154275.0,154375.0,357825,5,1158453
WIN$D,M15,1655806500,154375.0,154425.0,154050.0,154380.0,265599,5,819010
WIN$D,M15,1655807400,154380.0,154525.0,153930.0,154115.0,382796,5,1159691
WIN$D,M15,1655808300,154110.0,154305.0,153855.0,154245.0,239783,5,714388
WIN$D,M15,1655809200,154240.0,154335.0,153780.0,154005.0,259887,5,791464
WIN$D,M15,1655810100,154005.0,154370.0,153890.0,154045.0,233246,5,709417
WIN$D,M15,1655811000,154050.0,154170.0,153875.0,153975.0,203936,5,607833
WIN$D,M15,1655811900,153980.0,154145.0,153875.0,153885.0,125640,5,386601
WIN$D,M15,1655812800,153890.0,154195.0,153815.0,154000.0,149922,5,477145
WIN$D,M15,1655813700,154005.0,154215.0,153975.0,154130.0,115270,5,358267
WIN$D,M15,1655814600,154130.0,154325.0,153925.0,153995.0,162146,5,507393
WIN$D,M15,1655815500,154000.0,154030.0,153520.0,153620.0,185762,5,582072
WIN$D,M15,1655816400,153620.0,153830.0,153605.0,153780.0,128848,5,386136
WIN$D,M15,1655817300,153780.0,153880.0,153705.0,153800.0,103779,5,315442
WIN$D,M15,1655818200,153800.0,153940.0,153765.0,153865.0,97693,5,313679
WIN$D,M15,1655819100,153860.0,154035.0,153810.0,154030.0,90006,5,295775
WIN$D,M15,1655820000,154025.0,154180.0,153840.0,154110.0,143631,5,485049
WIN$D,M15,1655820900,154110.0,154125.0,153610.0,153680.0,152421,5,505235
WIN$D,M15,1655821800,153675.0,153780.0,153455.0,153620.0,156957,5,524242
WIN$D,M15,1655822700,153620.0,153650.0,153060.0,153065.0,175297,5,594646
WIN$D,M15,1655823600,153060.0,153130.0,152845.0,152915.0,167041,5,553146
WIN$D,M15,1655824500,152915.0,153090.0,152840.0,153075.0,109072,5,353800
WIN$D,M15,1655825400,153075.0,153345.0,153040.0,153285.0,122420,5,403925
WIN$D,M15,1655826300,153280.0,153445.0,153200.0,153440.0,103593,5,352419
WIN$D,M15,1655827200,153440.0,153620.0,153410.0,153515.0,113798,5,393537
WIN$D,M15,1655828100,153520.0,153635.0,153445.0,153620.0,88487,5,305303
WIN$D,M15,1655829000,153615.0,153650.0,153420.0,153455.0,102014,5,348410
WIN$D,M15,1655829900,153455.0,153520.0,153260.0,153320.0,104512,5,360206
WIN$D,M15,1655830800,153320.0,153465.0,153260.0,153380.0,64806,5,200121
WIN$D,M15,1655831700,153380.0,153685.0,153380.0,153620.0,76230,5,244589
WIN$D,M15,1655832600,153620.0,153890.0,153615.0,153830.0,79562,5,237830
WIN$D,M15,1655833500,153830.0,154285.0,153815.0,154285.0,42698,5,132655
WIN$D,M15,1655888400,152345.0,152535.0,152030.0,152530.0,209670,5,447173
WIN$D,M15,1655889300,152530.0,152585.0,151875.0,152165.0,225755,5,673317
WIN$D,M15,1655890200,152160.0,152275.0,151775.0,152215.0,192770,5,547409
WIN$D,M15,1655891100,152215.0,152415.0,152125.0,152410.0,168873,5,486196
WIN$D,M15,1655892000,152405.0,152480.0,151820.0,151990.0,358743,5,1026058
WIN$D,M15,1655892900,151995.0,152325.0,151880.0,152030.0,266545,5,748766
WIN$D,M15,1655893800,152030.0,152325.0,151765.0,152020.0,377302,5,1037684
WIN$D,M15,1655894700,152020.0,152675.0,151835.0,152385.0,311290,5,864244
WIN$D,M15,1655895600,152385.0,152925.0,152210.0,152875.0,282903,5,790983
WIN$D,M15,1655896500,152880.0,153180.0,152850.0,153155.0,228055,5,691808
WIN$D,M15,1655897400,153155.0,153415.0,153100.0,153400.0,168745,5,521437
WIN$D,M15,1655898300,153400.0,153480.0,153140.0,153290.0,201651,5,628285
WIN$D,M15,1655899200,153290.0,153395.0,153000.0,153290.0,179993,5,569600
WIN$D,M15,1655900100,153290.0,153555.0,153275.0,153415.0,134957,5,418847
WIN$D,M15,1655901000,153415.0,153750.0,153390.0,153480.0,157042,5,503194
WIN$D,M15,1655901900,153475.0,153685.0,153415.0,153480.0,109683,5,335142
WIN$D,M15,1655902800,153475.0,153700.0,153435.0,153525.0,110759,5,338339
WIN$D,M15,1655903700,153520.0,153645.0,153460.0,153610.0,72392,5,224697
WIN$D,M15,1655904600,153610.0,153975.0,153595.0,153970.0,129755,5,438301
WIN$D,M15,1655905500,153970.0,154065.0,153770.0,153805.0,124749,5,417749
WIN$D,M15,1655906400,153805.0,153980.0,153705.0,153895.0,109962,5,363704
WIN$D,M15,1655907300,153895.0,154005.0,153855.0,153930.0,88713,5,290667
WIN$D,M15,1655908200,153925.0,153960.0,153820.0,153960.0,66590,5,226917
WIN$D,M15,1655909100,153960.0,153990.0,153760.0,153835.0,89092,5,314111
WIN$D,M15,1655910000,153840.0,154170.0,153735.0,154155.0,136409,5,485615
WIN$D,M15,1655910900,154155.0,154185.0,153820.0,153830.0,117148,5,386100
WIN$D,M15,1655911800,153825.0,153870.0,153710.0,153780.0,93078,5,302500
WIN$D,M15,1655912700,153785.0,153825.0,153570.0,153745.0,105556,5,365977
WIN$D,M15,1655913600,153745.0,153765.0,153540.0,153660.0,105967,5,342700
WIN$D,M15,1655914500,153660.0,153745.0,153500.0,153520.0,93644,5,324725
WIN$D,M15,1655915400,153515.0,153540.0,153070.0,153135.0,146501,5,541302
WIN$D,M15,1655916300,153140.0,153330.0,153095.0,153170.0,100725,5,331440
WIN$D,M15,1655917200,153170.0,153250.0,153015.0,153055.0,68214,5,220096
WIN$D,M15,1655918100,153055.0,153180.0,153020.0,153025.0,55819,5,177298
WIN$D,M15,1655919000,153030.0,153220.0,152950.0,153165.0,66501,5,198238
WIN$D,M15,1655919900,153170.0,153175.0,152785.0,152805.0,47853,5,141041
WIN$D,M15,1655974800,153480.0,153515.0,153190.0,153370.0,202537,5,502329
WIN$D,M15,1655975700,153375.0,153530.0,153280.0,153330.0,110458,5,308797
WIN$D,M15,1655976600,153335.0,153395.0,153065.0,153215.0,197635,5,568810
WIN$D,M15,1655977500,153215.0,153710.0,153200.0,153655.0,199144,5,597382
WIN$D,M15,1655978400,153660.0,153920.0,153425.0,153915.0,298634,5,863580
WIN$D,M15,1655979300,153910.0,154010.0,153390.0,153650.0,290407,5,870424
WIN$D,M15,1655980200,153650.0,153685.0,153005.0,153205.0,350856,5,1008489
WIN$D,M15,1655981100,153200.0,153410.0,152715.0,153110.0,393088,5,1174192
WIN$D,M15,1655982000,153110.0,153380.0,152675.0,152860.0,309680,5,912282
WIN$D,M15,1655982900,152860.0,153115.0,152775.0,153015.0,214735,5,616478
WIN$D,M15,1655983800,153010.0,153235.0,152820.0,153090.0,232201,5,697905
WIN$D,M15,1655984700,153090.0,153510.0,153075.0,153490.0,179193,5,545936
WIN$D,M15,1655985600,153495.0,153530.0,153175.0,153245.0,177208,5,543217
WIN$D,M15,1655986500,153250.0,153355.0,153030.0,153030.0,160366,5,506891
WIN$D,M15,1655987400,153030.0,153100.0,152565.0,152705.0,182052,5,600213
WIN$D,M15,1655988300,152700.0,152765.0,152425.0,152575.0,136107,5,435917
WIN$D,M15,1655989200,152575.0,152630.0,152355.0,152550.0,143080,5,451835
WIN$D,M15,1655990100,152545.0,152675.0,152370.0,152370.0,102509,5,328158
WIN$D,M15,1655991000,152370.0,152410.0,152175.0,152210.0,134581,5,452995
WIN$D,M15,1655991900,152210.0,152225.0,151950.0,152040.0,129381,5,439446
WIN$D,M15,1655992800,152045.0,152210.0,151765.0,152135.0,149215,5,520390
WIN$D,M15,1655993700,152135.0,152225.0,151995.0,152035.0,113110,5,368138
WIN$D,M15,1655994600,152035.0,152115.0,151560.0,151600.0,160449,5,556320
WIN$D,M15,1655995500,151605.0,151905.0,151570.0,151790.0,119857,5,406323
WIN$D,M15,1655996400,151790.0,151885.0,151690.0,151760.0,99222,5,312502
WIN$D,M15,1655997300,151765.0,151825.0,151515.0,151815.0,125165,5,421843
WIN$D,M15,1655998200,151815.0,151960.0,151780.0,151870.0,94880,5,331307
WIN$D,M15,1655999100,151865.0,151885.0,151580.0,151710.0,88800,5,305173
WIN$D,M15,1656000000,151710.0,151715.0,151520.0,151680.0,96061,5,319909
WIN$D,M15,1656000900,151685.0,151755.0,151430.0,151715.0,114434,5,408778
WIN$D,M15,1656001800,151710.0,152055.0,151700.0,151895.0,123745,5,462861
WIN$D,M15,1656002700,151895.0,152065.0,151830.0,151960.0,96791,5,338067
WIN$D,M15,1656003600,151955.0,151960.0,151560.0,151580.0,92751,5,300268
WIN$D,M15,1656004500,151580.0,151745.0,151515.0,151745.0,49702,5,169111
WIN$D,M15,1656005400,151745.0,151835.0,151655.0,151720.0,55627,5,182777
WIN$D,M15,1656006300,151720.0,151725.0,151195.0,151195.0,47241,5,158038
WIN$D,M15,1656061200,151995.0,152465.0,151980.0,152425.0,214605,5,536565
WIN$D,M15,1656062100,152425.0,152830.0,152410.0,152775.0,141882,5,406191
WIN$D,M15,1656063000,152775.0,152975.0,152645.0,152965.0,145016,5,448219
WIN$D,M15,1656063900,152970.0,153010.0,152760.0,152850.0,119127,5,378820
WIN$D,M15,1656064800,152845.0,152905.0,152345.0,152425.0,253454,5,810222
WIN$D,M15,1656065700,152420.0,152430.0,151870.0,151880.0,237660,5,806597
WIN$D,M15,1656066600,151880.0,152035.0,151695.0,151790.0,279349,5,886867
WIN$D,M15,1656067500,151790.0,152230.0,151555.0,152135.0,265963,5,849427
WIN$D,M15,1656068400,152140.0,152750.0,152135.0,152635.0,309447,5,973058
WIN$D,M15,1656069300,152635.0,153035.0,152595.0,152790.0,217546,5,703323
WIN$D,M15,1656070200,152790.0,152980.0,152515.0,152675.0,208659,5,680127
WIN$D,M15,1656071100,152675.0,152815.0,152435.0,152500.0,157811,5,488934
WIN$D,M15,1656072000,152500.0,152665.0,152260.0,152285.0,140801,5,446929
WIN$D,M15,1656072900,152285.0,152445.0,152050.0,152440.0,139573,5,482727
WIN$D,M15,1656073800,152435.0,152470.0,152135.0,152165.0,115561,5,340562
WIN$D,M15,1656074700,152170.0,152170.0,151880.0,151930.0,114040,5,353167
WIN$D,M15,1656075600,151935.0,152165.0,151915.0,152155.0,75829,5,234218
WIN$D,M15,1656076500,152155.0,152315.0,152145.0,152185.0,90246,5,281822
WIN$D,M15,1656077400,152185.0,152250.0,152045.0,152235.0,83564,5,247452
WIN$D,M15,1656078300,152235.0,152395.0,152150.0,152380.0,97164,5,316832
WIN$D,M15,1656079200,152380.0,152510.0,152330.0,152420.0,92795,5,301134
WIN$D,M15,1656080100,152425.0,152430.0,152195.0,152345.0,99675,5,316552
WIN$D,M15,1656081000,152350.0,152365.0,152195.0,152310.0,87768,5,277545
WIN$D,M15,1656081900,152315.0,152410.0,152055.0,152090.0,109657,5,349701
WIN$D,M15,1656082800,152090.0,152520.0,152035.0,152375.0,137813,5,456550
WIN$D,M15,1656083700,152380.0,152540.0,152350.0,152495.0,109135,5,364047
WIN$D,M15,1656084600,152490.0,152565.0,152240.0,152255.0,120958,5,400503
WIN$D,M15,1656085500,152255.0,152295.0,151990.0,152135.0,106298,5,354360
WIN$D,M15,1656086400,152130.0,152260.0,152075.0,152255.0,88849,5,293971
WIN$D,M15,1656087300,152255.0,152340.0,152180.0,152325.0,79203,5,268806
WIN$D,M15,1656088200,152325.0,152355.0,152170.0,152305.0,81073,5,275024
WIN$D,M15,1656089100,152305.0,152570.0,152285.0,152510.0,96576,5,332301
WIN$D,M15,1656090000,152510.0,152555.0,152215.0,152270.0,75302,5,214163
WIN$D,M15,1656090900,152275.0,152390.0,152260.0,152315.0,52829,5,166733
WIN$D,M15,1656091800,152310.0,152465.0,152275.0,152315.0,58986,5,167100
WIN$D,M15,1656092700,152315.0,152650.0,152275.0,152595.0,33466,5,96091
WIN$D,M15,1656320400,153095.0,153285.0,152775.0,152975.0,215887,5,508775
WIN$D,M15,1656321300,152980.0,153075.0,152860.0,152920.0,140346,5,370272
WIN$D,M15,1656322200,152920.0,152995.0,152830.0,152980.0,118522,5,333432
WIN$D,M15,1656323100,152980.0,152995.0,152715.0,152735.0,116976,5,343798
WIN$D,M15,1656324000,152730.0,153365.0,152670.0,153345.0,414490,5,1194712
WIN$D,M15,1656324900,153345.0,153855.0,153250.0,153320.0,317837,5,889223
WIN$D,M15,1656325800,153325.0,153700.0,153250.0,153595.0,374685,5,1033057
WIN$D,M15,1656326700,153595.0,154120.0,153305.0,154040.0,277285,5,806459
WIN$D,M15,1656327600,154040.0,154410.0,154030.0,154140.0,250303,5,780591
WIN$D,M15,1656328500,154145.0,154385.0,154095.0,154145.0,182670,5,547186
WIN$D,M15,1656329400,154140.0,154585.0,154135.0,154545.0,211498,5,644786
WIN$D,M15,1656330300,154545.0,154735.0,154445.0,154720.0,173674,5,566440
WIN$D,M15,1656331200,154720.0,154790.0,154475.0,154550.0,129834,5,411004
WIN$D,M15,1656332100,154550.0,154680.0,154450.0,154485.0,108758,5,348003
WIN$D,M15,1656333000,154490.0,154565.0,154385.0,154500.0,88974,5,294791
WIN$D,M15,1656333900,154505.0,154510.0,154180.0,154235.0,103318,5,343116
WIN$D,M15,1656334800,154240.0,154395.0,154200.0,154315.0,91357,5,305124
WIN$D,M15,1656335700,154310.0,154520.0,154270.0,154505.0,106100,5,349421
WIN$D,M15,1656336600,154505.0,154515.0,154355.0,154420.0,82684,5,265966
WIN$D,M15,1656337500,154420.0,154615.0,154350.0,154495.0,101909,5,341193
WIN$D,M15,1656338400,154490.0,154530.0,154295.0,154430.0,104840,5,358013
WIN$D,M15,1656339300,154425.0,154490.0,154375.0,154385.0,66575,5,222463
WIN$D,M15,1656340200,154390.0,154520.0,154315.0,154355.0,91245,5,305711
WIN$D,M15,1656341100,154355.0,154480.0,154295.0,154430.0,88615,5,290853
WIN$D,M15,1656342000,154435.0,154460.0,154260.0,154385.0,102308,5,354867
WIN$D,M15,1656342900,154385.0,154490.0,154320.0,154340.0,87920,5,308303
WIN$D,M15,1656343800,154340.0,154430.0,154255.0,154320.0,84559,5,285864
WIN$D,M15,1656344700,154320.0,154420.0,154250.0,154330.0,83881,5,285390
WIN$D,M15,1656345600,154330.0,154490.0,154215.0,154480.0,120827,5,444799
WIN$D,M15,1656346500,154480.0,154610.0,154435.0,154480.0,111834,5,400136
WIN$D,M15,1656347400,154480.0,154540.0,154335.0,154515.0,91358,5,331999
WIN$D,M15,1656348300,154515.0,154660.0,154440.0,154530.0,114316,5,410818
WIN$D,M15,1656349200,154530.0,154595.0,154425.0,154500.0,63952,5,216213
WIN$D,M15,1656350100,154500.0,154645.0,154455.0,154480.0,60491,5,203816
WIN$D,M15,1656351000,154480.0,154735.0,154470.0,154655.0,58402,5,184761
WIN$D,M15,1656351900,154655.0,154940.0,154655.0,154940.0,40885,5,128282
WIN$D,M15,1656406800,155405.0,155845.0,155285.0,155510.0,225227,5,589100
WIN$D,M15,1656407700,155510.0,155515.0,155220.0,155265.0,147642,5,455401
WIN$D,M15,1656408600,155265.0,155275.0,155035.0,155150.0,155775,5,478256
WIN$D,M15,1656409500,155155.0,155730.0,155120.0,155340.0,303511,5,914575
WIN$D,M15,1656410400,155340.0,155570.0,155180.0,155495.0,307983,5,888524
WIN$D,M15,1656411300,155490.0,155835.0,155275.0,155530.0,300795,5,842781
WIN$D,M15,1656412200,155535.0,155890.0,155410.0,155550.0,356441,5,1018380
WIN$D,M15,1656413100,155545.0,155780.0,155245.0,155690.0,278473,5,812549
WIN$D,M15,1656414000,155690.0,155840.0,155360.0,155600.0,227516,5,652595
WIN$D,M15,1656414900,155600.0,155645.0,155185.0,155255.0,193038,5,577762
WIN$D,M15,1656415800,155255.0,155280.0,154960.0,155185.0,236827,5,758907
WIN$D,M15,1656416700,155185.0,155200.0,154605.0,155020.0,218687,5,720426
WIN$D,M15,1656417600,155015.0,155155.0,154805.0,154840.0,168118,5,513741
WIN$D,M15,1656418500,154845.0,154850.0,154435.0,154450.0,154172,5,496763
WIN$D,M15,1656419400,154450.0,154610.0,154370.0,154465.0,134177,5,422122
WIN$D,M15,1656420300,154465.0,154570.0,154180.0,154185.0,162252,5,546818
WIN$D,M15,1656421200,154185.0,154350.0,154095.0,154290.0,133624,5,434480
WIN$D,M15,1656422100,154290.0,154440.0,154180.0,154425.0,98473,5,313581
WIN$D,M15,1656423000,154420.0,154450.0,154250.0,154425.0,95147,5,323644
WIN$D,M15,1656423900,154425.0,154465.0,154125.0,154250.0,110170,5,382870
WIN$D,M15,1656424800,154255.0,154290.0,153720.0,153750.0,177301,5,622434
WIN$D,M15,1656425700,153755.0,153970.0,153720.0,153955.0,114807,5,379804
WIN$D,M15,1656426600,153955.0,154005.0,153770.0,153920.0,107249,5,343648
WIN$D,M15,1656427500,153920.0,154005.0,153830.0,153895.0,89504,5,288302
WIN$D,M15,1656428400,153895.0,154050.0,153640.0,153645.0,130541,5,437897
WIN$D,M15,1656429300,153645.0,153990.0,153585.0,153960.0,114961,5,384473
WIN$D,M15,1656430200,153960.0,153960.0,153465.0,153650.0,149291,5,523015
WIN$D,M15,1656431100,153650.0,153985.0,153645.0,153900.0,107144,5,365048
WIN$D,M15,1656432000,153895.0,153915.0,153710.0,153845.0,108439,5,365622
WIN$D,M15,1656432900,153840.0,154130.0,153810.0,154100.0,115706,5,377077
WIN$D,M15,1656433800,154100.0,154165.0,153960.0,153975.0,106241,5,336839
WIN$D,M15,1656434700,153980.0,154050.0,153885.0,154005.0,102283,5,351367
WIN$D,M15,1656435600,154005.0,154185.0,154000.0,154085.0,74972,5,245268
WIN$D,M15,1656436500,154085.0,154280.0,154060.0,154185.0,50603,5,156718
WIN$D,M15,1656437400,154190.0,154285.0,154185.0,154265.0,39498,5,122338
WIN$D,M15,1656438300,154265.0,154270.0,154000.0,154105.0,35026,5,98655
WIN$D,M15,1656493200,154115.0,154960.0,154025.0,154925.0,241008,5,609531
WIN$D,M15,1656494100,154930.0,155010.0,154630.0,154865.0,209388,5,597947
WIN$D,M15,1656495000,154860.0,155185.0,154560.0,154635.0,258625,5,753208
WIN$D,M15,1656495900,154640.0,154640.0,154345.0,154415.0,192223,5,583559
WIN$D,M15,1656496800,154415.0,154820.0,154380.0,154605.0,292630,5,880936
WIN$D,M15,1656497700,154600.0,154775.0,154280.0,154385.0,301613,5,903977
WIN$D,M15,1656498600,154380.0,154505.0,153875.0,153910.0,390357,5,1181849
WIN$D,M15,1656499500,153905.0,154405.0,153720.0,154145.0,326324,5,1012229
WIN$D,M15,1656500400,154150.0,154300.0,153885.0,154010.0,295722,5,903470
WIN$D,M15,1656501300,154015.0,154095.0,153535.0,153810.0,253038,5,856041
WIN$D,M15,1656502200,153810.0,154060.0,153540.0,153795.0,238961,5,747080
WIN$D,M15,1656503100,153800.0,153880.0,153365.0,153415.0,213025,5,683877
WIN$D,M15,1656504000,153420.0,153475.0,153125.0,153165.0,185382,5,632254
WIN$D,M15,1656504900,153170.0,153265.0,152970.0,153145.0,143930,5,472820
WIN$D,M15,1656505800,153140.0,153370.0,153095.0,153115.0,134991,5,427884
WIN$D,M15,1656506700,153115.0,153265.0,153045.0,153150.0,103438,5,327830
WIN$D,M15,1656507600,153145.0,153190.0,152930.0,152990.0,124662,5,431672
WIN$D,M15,1656508500,152985.0,153115.0,152765.0,152825.0,125549,5,429578
WIN$D,M15,1656509400,152825.0,152975.0,152735.0,152970.0,112132,5,381398
WIN$D,M15,1656510300,152965.0,152995.0,152805.0,152955.0,99761,5,330381
WIN$D,M15,1656511200,152960.0,153035.0,152715.0,152735.0,108836,5,381728
WIN$D,M15,1656512100,152730.0,152965.0,152660.0,152950.0,108094,5,388191
WIN$D,M15,1656513000,152945.0,153115.0,152865.0,153010.0,104672,5,376133
WIN$D,M15,1656513900,153015.0,153295.0,152975.0,153285.0,101797,5,361380
WIN$D,M15,1656514800,153280.0,153495.0,153205.0,153430.0,142010,5,531221
WIN$D,M15,1656515700,153430.0,153515.0,153195.0,153285.0,116026,5,415287
WIN$D,M15,1656516600,153285.0,153305.0,153055.0,153060.0,105188,5,364715
WIN$D,M15,1656517500,153065.0,153225.0,153035.0,153130.0,97533,5,351901
WIN$D,M15,1656518400,153125.0,153230.0,152950.0,153135.0,119942,5,430576
WIN$D,M15,1656519300,153135.0,153345.0,153125.0,153340.0,94402,5,335219
WIN$D,M15,1656520200,153340.0,153350.0,153080.0,153115.0,83937,5,291303
WIN$D,M15,1656521100,153115.0,153135.0,152815.0,152995.0,129746,5,467721
WIN$D,M15,1656522000,152990.0,153100.0,152825.0,152865.0,78927,5,264912
WIN$D,M15,1656522900,152860.0,153070.0,152855.0,152985.0,55371,5,179997
WIN$D,M15,1656523800,152980.0,153150.0,152955.0,153070.0,55289,5,176780
WIN$D,M15,1656524700,153070.0,153145.0,152820.0,153145.0,28289,5,97409
WIN$D,M15,1656579600,152070.0,152330.0,151775.0,151790.0,280284,5,659590
WIN$D,M15,1656580500,151785.0,151880.0,151365.0,151500.0,293539,5,707390
WIN$D,M15,1656581400,151505.0,151790.0,151410.0,151500.0,277524,5,676608
WIN$D,M15,1656582300,151495.0,151635.0,151210.0,151225.0,189891,5,514262
WIN$D,M15,1656583200,151225.0,151420.0,151070.0,151410.0,294253,5,818623
WIN$D,M15,1656584100,151405.0,151800.0,151335.0,151690.0,275090,5,753336
WIN$D,M15,1656585000,151685.0,151840.0,151245.0,151750.0,424356,5,1150294
WIN$D,M15,1656585900,151745.0,151810.0,151410.0,151710.0,283467,5,737633
WIN$D,M15,1656586800,151705.0,151875.0,151530.0,151800.0,248616,5,715534
WIN$D,M15,1656587700,151800.0,151830.0,151220.0,151330.0,295849,5,867469
WIN$D,M15,1656588600,151325.0,151605.0,151205.0,151295.0,225364,5,629522
WIN$D,M15,1656589500,151295.0,151860.0,151120.0,151760.0,229008,5,691578
WIN$D,M15,1656590400,151760.0,151945.0,151630.0,151875.0,195949,5,610715
WIN$D,M15,1656591300,151870.0,152270.0,151850.0,152110.0,224262,5,717145
WIN$D,M15,1656592200,152105.0,152180.0,151805.0,152135.0,168115,5,515398
WIN$D,M15,1656593100,152135.0,152250.0,152055.0,152250.0,116071,5,342849
WIN$D,M15,1656594000,152245.0,152320.0,152075.0,152250.0,132150,5,411939
WIN$D,M15,1656594900,152250.0,152615.0,152195.0,152515.0,162301,5,522137
WIN$D,M15,1656595800,152515.0,152670.0,152340.0,152520.0,139261,5,433825
WIN$D,M15,1656596700,152520.0,152660.0,152475.0,152615.0,125771,5,402401
WIN$D,M15,1656597600,152620.0,152695.0,152190.0,152210.0,150118,5,488617
WIN$D,M15,1656598500,152205.0,152265.0,152050.0,152215.0,132670,5,451978
WIN$D,M15,1656599400,152215.0,152455.0,152110.0,152115.0,135359,5,426658
WIN$D,M15,1656600300,152110.0,152440.0,152110.0,152365.0,126057,5,387865
WIN$D,M15,1656601200,152370.0,152415.0,152180.0,152185.0,135810,5,431417
WIN$D,M15,1656602100,152180.0,152335.0,152005.0,152145.0,157969,5,505169
WIN$D,M15,1656603000,152145.0,152230.0,151920.0,151925.0,129470,5,425142
WIN$D,M15,1656603900,151925.0,152015.0,151710.0,151905.0,146569,5,479543
WIN$D,M15,1656604800,151900.0,151945.0,151690.0,151890.0,125068,5,399788
WIN$D,M15,1656605700,151885.0,152200.0,151700.0,152175.0,139166,5,449241
WIN$D,M15,1656606600,152175.0,152275.0,151900.0,151955.0,142185,5,457405
WIN$D,M15,1656607500,151955.0,152185.0,151785.0,151925.0,159744,5,526073
WIN$D,M15,1656608400,151930.0,151960.0,151580.0,151620.0,121238,5,359056
WIN$D,M15,1656609300,151615.0,151790.0,151500.0,151640.0,79153,5,249719
WIN$D,M15,1656610200,151640.0,151760.0,151515.0,151565.0,63859,5,177361
WIN$D,M15,1656611100,151565.0,151575.0,151295.0,151295.0,34612,5,107497
WIN$D,M15,1656666000,151230.0,151515.0,150870.0,151040.0,254493,5,648813
WIN$D,M15,1656666900,151040.0,151140.0,150850.0,151040.0,176702,5,476830
WIN$D,M15,1656667800,151040.0,151230.0,150945.0,151205.0,186795,5,521280
WIN$D,M15,1656668700,151210.0,151315.0,150985.0,151060.0,220433,5,633489
WIN$D,M15,1656669600,151060.0,151255.0,150905.0,151070.0,279125,5,814709
WIN$D,M15,1656670500,151070.0,151510.0,150805.0,151345.0,295884,5,848117
WIN$D,M15,1656671400,151345.0,151625.0,151110.0,151345.0,411979,5,1180048
WIN$D,M15,1656672300,151350.0,151770.0,151290.0,151430.0,257876,5,743930
WIN$D,M15,1656673200,151430.0,151730.0,151145.0,151260.0,317123,5,885129
WIN$D,M15,1656674100,151255.0,151425.0,151020.0,151060.0,256871,5,735520
WIN$D,M15,1656675000,151055.0,151120.0,150555.0,150885.0,267569,5,859613
WIN$D,M15,1656675900,150890.0,151465.0,150835.0,151250.0,237007,5,756227
WIN$D,M15,1656676800,151250.0,151425.0,151155.0,151310.0,193575,5,590158
WIN$D,M15,1656677700,151305.0,151490.0,151215.0,151405.0,136251,5,422144
WIN$D,M15,1656678600,151410.0,151605.0,151380.0,151465.0,139101,5,420680
WIN$D,M15,1656679500,151465.0,151625.0,151200.0,151280.0,141526,5,441306
WIN$D,M15,1656680400,151275.0,151450.0,151215.0,151355.0,111099,5,344691
WIN$D,M15,1656681300,151355.0,151655.0,151325.0,151545.0,137420,5,426321
WIN$D,M15,1656682200,151545.0,151715.0,151510.0,151575.0,108459,5,338690
WIN$D,M15,1656683100,151580.0,151725.0,151470.0,151485.0,101110,5,315134
WIN$D,M15,1656684000,151485.0,151610.0,151445.0,151585.0,87244,5,285340
WIN$D,M15,1656684900,151585.0,151700.0,151485.0,151680.0,85918,5,279853
WIN$D,M15,1656685800,151675.0,152095.0,151645.0,152010.0,153161,5,542093
WIN$D,M15,1656686700,152010.0,152065.0,151825.0,151900.0,99220,5,344605
WIN$D,M15,1656687600,151895.0,151940.0,151770.0,151925.0,94696,5,344423
WIN$D,M15,1656688500,151920.0,152355.0,151895.0,152280.0,142968,5,527334
WIN$D,M15,1656689400,152285.0,152535.0,152240.0,152400.0,119160,5,437457
WIN$D,M15,1656690300,152400.0,152505.0,152195.0,152385.0,121969,5,460242
WIN$D,M15,1656691200,152390.0,152560.0,152220.0,152530.0,119383,5,431337
WIN$D,M15,1656692100,152535.0,152620.0,152370.0,152510.0,107382,5,412501
WIN$D,M15,1656693000,152510.0,152725.0,152500.0,152560.0,104762,5,383743
WIN$D,M15,1656693900,152565.0,152615.0,152280.0,152485.0,107806,5,385513
WIN$D,M15,1656694800,152485.0,152485.0,152210.0,152290.0,73665,5,235892
WIN$D,M15,1656695700,152290.0,152365.0,152250.0,152275.0,43150,5,148767
WIN$D,M15,1656696600,152280.0,152475.0,152250.0,152445.0,45503,5,163058
WIN$D,M15,1656697500,152445.0,152705.0,152435.0,152705.0,32983,5,107735
WIN$D,M15,1656925200,152185.0,152535.0,151700.0,151805.0,171348,5,456422
WIN$D,M15,1656926100,151805.0,151905.0,151725.0,151760.0,124435,5,345976
WIN$D,M15,1656927000,151760.0,151800.0,151625.0,151690.0,114660,5,334859
WIN$D,M15,1656927900,151690.0,151810.0,151630.0,151675.0,125693,5,382592
WIN$D,M15,1656928800,151675.0,151960.0,151505.0,151555.0,292093,5,873275
WIN$D,M15,1656929700,151555.0,151885.0,151540.0,151795.0,216396,5,624780
WIN$D,M15,1656930600,151800.0,152155.0,151660.0,152150.0,227794,5,673186
WIN$D,M15,1656931500,152150.0,152210.0,151705.0,151760.0,240345,5,706486
WIN$D,M15,1656932400,151760.0,152075.0,151700.0,151715.0,215452,5,619850
WIN$D,M15,1656933300,151720.0,152060.0,151710.0,152060.0,183557,5,549411
WIN$D,M15,1656934200,152060.0,152325.0,151925.0,152155.0,216606,5,633988
WIN$D,M15,1656935100,152155.0,152630.0,152045.0,152475.0,218281,5,662623
WIN$D,M15,1656936000,152480.0,152725.0,152430.0,152550.0,151558,5,468931
WIN$D,M15,1656936900,152545.0,152610.0,152370.0,152465.0,95370,5,294803
WIN$D,M15,1656937800,152465.0,152490.0,152205.0,152355.0,103914,5,314413
WIN$D,M15,1656938700,152360.0,152410.0,152235.0,152245.0,69716,5,209010
WIN$D,M15,1656939600,152245.0,152500.0,152235.0,152345.0,91742,5,274857
WIN$D,M15,1656940500,152350.0,152360.0,152140.0,152330.0,114675,5,348172
WIN$D,M15,1656941400,152330.0,152430.0,152295.0,152380.0,75827,5,233959
WIN$D,M15,1656942300,152380.0,152430.0,152310.0,152355.0,54578,5,172619
WIN$D,M15,1656943200,152360.0,152385.0,152245.0,152355.0,59976,5,178991
WIN$D,M15,1656944100,152355.0,152415.0,152320.0,152400.0,40158,5,130856
WIN$D,M15,1656945000,152395.0,152455.0,152350.0,152420.0,47461,5,151423
WIN$D,M15,1656945900,152425.0,152525.0,152330.0,152360.0,75202,5,241701
WIN$D,M15,1656946800,152365.0,152415.0,152315.0,152405.0,52050,5,165097
WIN$D,M15,1656947700,152405.0,152480.0,152370.0,152400.0,50811,5,163930
WIN$D,M15,1656948600,152400.0,152505.0,152350.0,152355.0,50053,5,174253
WIN$D,M15,1656949500,152355.0,152375.0,152170.0,152180.0,75236,5,253921
WIN$D,M15,1656950400,152175.0,152220.0,152095.0,152155.0,76372,5,247397
WIN$D,M15,1656951300,152150.0,152155.0,151825.0,151945.0,113886,5,370250
WIN$D,M15,1656952200,151945.0,151960.0,151770.0,151815.0,74751,5,236109
WIN$D,M15,1656953100,151810.0,151835.0,151670.0,151760.0,75099,5,249852
WIN$D,M15,1656954000,151760.0,151945.0,151740.0,151810.0,80004,5,267336
WIN$D,M15,1656954900,151810.0,151920.0,151730.0,151865.0,52551,5,178466
WIN$D,M15,1656955800,151865.0,151890.0,151645.0,151740.0,42824,5,151288
WIN$D,M15,1656956700,151730.0,151770.0,151495.0,151495.0,24212,5,84330
WIN$D,M15,1657011600,151125.0,151165.0,150620.0,150770.0,235453,5,605142
WIN$D,M15,1657012500,150775.0,151040.0,150740.0,151025.0,149431,5,436097
WIN$D,M15,1657013400,151030.0,151165.0,150795.0,150805.0,206890,5,648742
WIN$D,M15,1657014300,150810.0,151015.0,150770.0,150965.0,195306,5,629903
WIN$D,M15,1657015200,150960.0,151105.0,150785.0,151045.0,266323,5,785056
WIN$D,M15,1657016100,151045.0,151105.0,150775.0,150785.0,220915,5,639627
WIN$D,M15,1657017000,150790.0,150850.0,150125.0,150150.0,403996,5,1196899
WIN$D,M15,1657017900,150150.0,150355.0,149985.0,150235.0,279904,5,853469
WIN$D,M15,1657018800,150240.0,150620.0,150105.0,150605.0,268021,5,798616
WIN$D,M15,1657019700,150605.0,150655.0,150345.0,150475.0,223971,5,650853
WIN$D,M15,1657020600,150470.0,150970.0,150380.0,150650.0,270959,5,792920
WIN$D,M15,1657021500,150655.0,150690.0,150240.0,150280.0,237149,5,722966
WIN$D,M15,1657022400,150280.0,150285.0,149890.0,150065.0,205892,5,645434
WIN$D,M15,1657023300,150065.0,150125.0,149795.0,149820.0,161785,5,521106
WIN$D,M15,1657024200,149815.0,150070.0,149735.0,150065.0,156356,5,502275
WIN$D,M15,1657025100,150060.0,150220.0,150000.0,150185.0,138587,5,438519
WIN$D,M15,1657026000,150180.0,150410.0,150145.0,150265.0,125166,5,395110
WIN$D,M15,1657026900,150260.0,150500.0,150130.0,150335.0,156354,5,519321
WIN$D,M15,1657027800,150335.0,150405.0,150120.0,150130.0,114847,5,367752
WIN$D,M15,1657028700,150125.0,150130.0,149890.0,150000.0,137285,5,443932
WIN$D,M15,1657029600,150000.0,150245.0,149970.0,150230.0,128564,5,425760
WIN$D,M15,1657030500,150235.0,150535.0,150215.0,150440.0,133561,5,453122
WIN$D,M15,1657031400,150445.0,150685.0,150350.0,150530.0,159138,5,572334
WIN$D,M15,1657032300,150535.0,150665.0,150360.0,150545.0,144041,5,497866
WIN$D,M15,1657033200,150550.0,150650.0,150485.0,150630.0,89383,5,279637
WIN$D,M15,1657034100,150630.0,150885.0,150525.0,150780.0,137168,5,448397
WIN$D,M15,1657035000,150775.0,151250.0,150750.0,151100.0,174850,5,619558
WIN$D,M15,1657035900,151100.0,151220.0,150935.0,151205.0,125328,5,419181
WIN$D,M15,1657036800,151205.0,151735.0,150985.0,151695.0,186021,5,642511
WIN$D,M15,1657037700,151695.0,151715.0,151435.0,151510.0,143208,5,474933
WIN$D,M15,1657038600,151505.0,151570.0,151305.0,151380.0,120209,5,415763
WIN$D,M15,1657039500,151380.0,151640.0,151340.0,151610.0,116872,5,415858
WIN$D,M15,1657040400,151605.0,151610.0,151475.0,151495.0,58097,5,189472
WIN$D,M15,1657041300,151495.0,151500.0,151270.0,151330.0,60106,5,194176
WIN$D,M15,1657042200,151325.0,151475.0,151265.0,151330.0,57353,5,183263
WIN$D,M15,1657043100,151330.0,151590.0,151320.0,151495.0,35985,5,123224
WIN$D,M15,1657098000,151130.0,151235.0,150790.0,150880.0,220675,5,533157
WIN$D,M15,1657098900,150885.0,151075.0,150840.0,150940.0,170417,5,485467
WIN$D,M15,1657099800,150935.0,151195.0,150900.0,151150.0,161251,5,459392
WIN$D,M15,1657100700,151145.0,151290.0,151100.0,151105.0,178747,5,539003
WIN$D,M15,1657101600,151105.0,151785.0,151020.0,151765.0,313231,5,892081
WIN$D,M15,1657102500,151770.0,152300.0,151495.0,152290.0,356498,5,1016661
WIN$D,M15,1657103400,152290.0,152410.0,152020.0,152250.0,325212,5,939256
WIN$D,M15,1657104300,152250.0,152305.0,151770.0,151985.0,277537,5,834006
WIN$D,M15,1657105200,151990.0,152150.0,151655.0,151845.0,313588,5,918776
WIN$D,M15,1657106100,151850.0,151935.0,151680.0,151815.0,230976,5,684339
WIN$D,M15,1657107000,151820.0,151965.0,151350.0,151465.0,231365,5,697138
WIN$D,M15,1657107900,151460.0,151545.0,151115.0,151370.0,210913,5,627408
WIN$D,M15,1657108800,151370.0,151410.0,150975.0,151190.0,183998,5,561089
WIN$D,M15,1657109700,151190.0,151280.0,150735.0,150860.0,186472,5,603455
WIN$D,M15,1657110600,150860.0,150935.0,150680.0,150905.0,143094,5,439042
WIN$D,M15,1657111500,150900.0,151070.0,150845.0,151055.0,121324,5,376835
WIN$D,M15,1657112400,151050.0,151060.0,150620.0,150810.0,144311,5,464413
WIN$D,M15,1657113300,150810.0,150970.0,150755.0,150970.0,88681,5,295091
WIN$D,M15,1657114200,150970.0,151165.0,150900.0,151130.0,104484,5,350956
WIN$D,M15,1657115100,151130.0,151160.0,151005.0,151140.0,80240,5,261237
WIN$D,M15,1657116000,151135.0,151360.0,151125.0,151235.0,117134,5,408158
WIN$D,M15,1657116900,151230.0,151330.0,150990.0,151040.0,112754,5,397857
WIN$D,M15,1657117800,151040.0,151090.0,150900.0,150995.0,114829,5,381941
WIN$D,M15,1657118700,151000.0,151290.0,150945.0,151240.0,94811,5,306041
WIN$D,M15,1657119600,151240.0,151460.0,150865.0,151195.0,279183,5,945117
WIN$D,M15,1657120500,151195.0,151495.0,150960.0,151455.0,168474,5,571998
WIN$D,M15,1657121400,151460.0,151870.0,151390.0,151800.0,235476,5,815182
WIN$D,M15,1657122300,151795.0,151925.0,151620.0,151725.0,132589,5,451745
WIN$D,M15,1657123200,151725.0,151925.0,151560.0,151915.0,108546,5,368757
WIN$D,M15,1657124100,151920.0,152190.0,151850.0,152155.0,116502,5,442751
WIN$D,M15,1657125000,152155.0,152435.0,152130.0,152305.0,121572,5,449481
WIN$D,M15,1657125900,152310.0,152340.0,152015.0,152070.0,94028,5,354090
WIN$D,M15,1657126800,152065.0,152095.0,151925.0,152020.0,63823,5,221192
WIN$D,M15,1657127700,152015.0,152040.0,151940.0,151980.0,35246,5,127566
WIN$D,M15,1657128600,151975.0,152245.0,151965.0,152135.0,44426,5,144430
WIN$D,M15,1657129500,152140.0,152190.0,151950.0,151950.0,19513,5,70803
WIN$D,M15,1657184400,152735.0,153210.0,152670.0,153080.0,237057,5,565080
WIN$D,M15,1657185300,153080.0,153190.0,152970.0,153080.0,121506,5,337053
WIN$D,M15,1657186200,153080.0,153270.0,152960.0,153230.0,171124,5,494885
WIN$D,M15,1657187100,153225.0,153330.0,153110.0,153210.0,130896,5,384903
WIN$D,M15,1657188000,153215.0,153550.0,153150.0,153410.0,244485,5,731033
WIN$D,M15,1657188900,153410.0,153685.0,153325.0,153645.0,194320,5,577307
WIN$D,M15,1657189800,153650.0,154110.0,153630.0,154080.0,262140,5,874884
WIN$D,M15,1657190700,154075.0,154130.0,153860.0,153985.0,180977,5,596354
WIN$D,M15,1657191600,153985.0,154040.0,153715.0,154035.0,185010,5,593590
WIN$D,M15,1657192500,154035.0,154065.0,153865.0,153970.0,120526,5,398446
WIN$D,M15,1657193400,153975.0,154195.0,153960.0,153970.0,190032,5,651945
WIN$D,M15,1657194300,153975.0,154085.0,153770.0,153805.0,152698,5,511832
WIN$D,M15,1657195200,153805.0,153975.0,153735.0,153930.0,117941,5,377710
WIN$D,M15,1657196100,153935.0,154035.0,153890.0,153980.0,94063,5,321719
WIN$D,M15,1657197000,153975.0,154000.0,153875.0,153890.0,67991,5,239276
WIN$D,M15,1657197900,153890.0,153980.0,153865.0,153975.0,54333,5,198347
WIN$D,M15,1657198800,153975.0,154065.0,153915.0,153960.0,64744,5,235931
WIN$D,M15,1657199700,153960.0,154085.0,153950.0,154070.0,56152,5,205120
WIN$D,M15,1657200600,154070.0,154105.0,153965.0,153965.0,65399,5,253036
WIN$D,M15,1657201500,153965.0,154060.0,153935.0,154000.0,63094,5,242365
WIN$D,M15,1657202400,154000.0,154065.0,153925.0,153945.0,57101,5,214631
WIN$D,M15,1657203300,153945.0,154050.0,153900.0,154000.0,70264,5,272557
WIN$D,M15,1657204200,154000.0,154060.0,153905.0,153955.0,69299,5,279399
WIN$D,M15,1657205100,153960.0,154025.0,153925.0,153970.0,51068,5,199623
WIN$D,M15,1657206000,153970.0,154050.0,153935.0,154040.0,47203,5,200819
WIN$D,M15,1657206900,154035.0,154770.0,153985.0,154405.0,171011,5,670357
WIN$D,M15,1657207800,154400.0,154765.0,154290.0,154315.0,141102,5,511320
WIN$D,M15,1657208700,154315.0,154460.0,154270.0,154395.0,95460,5,345864
WIN$D,M15,1657209600,154390.0,154460.0,154330.0,154345.0,71506,5,258119
WIN$D,M15,1657210500,154345.0,154380.0,154155.0,154170.0,110107,5,399832
WIN$D,M15,1657211400,154175.0,154275.0,154130.0,154160.0,75342,5,286729
WIN$D,M15,1657212300,154160.0,154240.0,154090.0,154095.0,81373,5,343276
WIN$D,M15,1657213200,154100.0,154155.0,154045.0,154125.0,56673,5,229733
WIN$D,M15,1657214100,154125.0,154285.0,154095.0,154200.0,55369,5,203969
WIN$D,M15,1657215000,154195.0,154265.0,154120.0,154155.0,44679,5,154961
WIN$D,M15,1657215900,154155.0,154425.0,154150.0,154425.0,36680,5,129717
WIN$D,M15,1657270800,154045.0,154325.0,153805.0,153925.0,255486,5,588849
WIN$D,M15,1657271700,153920.0,154160.0,153870.0,154070.0,170419,5,380475
WIN$D,M15,1657272600,154070.0,154090.0,153640.0,153680.0,339526,5,824705
WIN$D,M15,1657273500,153685.0,154080.0,153550.0,154035.0,242248,5,674731
WIN$D,M15,1657274400,154035.0,154545.0,153980.0,154335.0,352194,5,999142
WIN$D,M15,1657275300,154335.0,154810.0,154230.0,154575.0,288846,5,796963
WIN$D,M15,1657276200,154575.0,154680.0,154235.0,154385.0,292393,5,790625
WIN$D,M15,1657277100,154385.0,154530.0,153670.0,153725.0,311725,5,888808
WIN$D,M15,1657278000,153725.0,153810.0,153455.0,153650.0,266130,5,774553
WIN$D,M15,1657278900,153655.0,154115.0,153540.0,154060.0,214730,5,650911
WIN$D,M15,1657279800,154060.0,154250.0,154015.0,154225.0,159135,5,480367
WIN$D,M15,1657280700,154230.0,154280.0,153870.0,154110.0,178523,5,542095
WIN$D,M15,1657281600,154110.0,154210.0,153965.0,153980.0,145002,5,448651
WIN$D,M15,1657282500,153975.0,154065.0,153825.0,154040.0,118260,5,362139
WIN$D,M15,1657283400,154040.0,154075.0,153775.0,153805.0,112138,5,352567
WIN$D,M15,1657284300,153805.0,153830.0,153565.0,153685.0,115165,5,355098
WIN$D,M15,1657285200,153685.0,153740.0,153595.0,153705.0,81503,5,264218
WIN$D,M15,1657286100,153700.0,153810.0,153470.0,153520.0,103644,5,337189
WIN$D,M15,1657287000,153520.0,153570.0,153150.0,153255.0,145996,5,482413
WIN$D,M15,1657287900,153255.0,153390.0,153185.0,153270.0,103857,5,349877
WIN$D,M15,1657288800,153270.0,153385.0,153160.0,153320.0,99117,5,343845
WIN$D,M15,1657289700,153315.0,153415.0,153240.0,153370.0,66562,5,234764
WIN$D,M15,1657290600,153375.0,153530.0,153120.0,153485.0,140188,5,490206
WIN$D,M15,1657291500,153490.0,153585.0,153430.0,153475.0,86555,5,290721
WIN$D,M15,1657292400,153475.0,153625.0,153405.0,153625.0,94128,5,315184
WIN$D,M15,1657293300,153625.0,153705.0,153555.0,153675.0,77056,5,258787
WIN$D,M15,1657294200,153675.0,153760.0,153590.0,153650.0,82024,5,275303
WIN$D,M15,1657295100,153655.0,153660.0,153345.0,153525.0,108772,5,357393
WIN$D,M15,1657296000,153530.0,153685.0,153460.0,153675.0,98223,5,325608
WIN$D,M15,1657296900,153675.0,153690.0,153430.0,153470.0,90060,5,301332
WIN$D,M15,1657297800,153475.0,153565.0,153365.0,153545.0,84346,5,277927
WIN$D,M15,1657298700,153540.0,153600.0,153420.0,153540.0,79133,5,264498
WIN$D,M15,1657299600,153545.0,153595.0,153445.0,153525.0,54624,5,175917
WIN$D,M15,1657300500,153525.0,153570.0,153500.0,153565.0,22496,5,71764
WIN$D,M15,1657301400,153565.0,153580.0,153420.0,153450.0,42260,5,133510
WIN$D,M15,1657302300,153450.0,153545.0,153410.0,153410.0,19003,5,53855
WIN$D,M15,1657530000,152525.0,152715.0,152290.0,152405.0,199696,5,486338
WIN$D,M15,1657530900,152405.0,152495.0,152185.0,152290.0,150813,5,404299
WIN$D,M15,1657531800,152290.0,152370.0,151930.0,152045.0,215791,5,636988
WIN$D,M15,1657532700,152045.0,152130.0,151960.0,152120.0,112080,5,316108
WIN$D,M15,1657533600,152120.0,152160.0,151850.0,151990.0,260095,5,760236
WIN$D,M15,1657534500,151990.0,152375.0,151940.0,152045.0,266905,5,773189
WIN$D,M15,1657535400,152045.0,152325.0,151750.0,151815.0,360759,5,1054891
WIN$D,M15,1657536300,151815.0,152045.0,151565.0,151840.0,270101,5,828433
WIN$D,M15,1657537200,151840.0,151860.0,151525.0,151625.0,259547,5,794860
WIN$D,M15,1657538100,151630.0,151715.0,151390.0,151515.0,216286,5,676363
WIN$D,M15,1657539000,151510.0,151875.0,151485.0,151830.0,162742,5,510238
WIN$D,M15,1657539900,151830.0,151840.0,151490.0,151495.0,165847,5,527021
WIN$D,M15,1657540800,151495.0,151830.0,151480.0,151815.0,127310,5,397876
WIN$D,M15,1657541700,151815.0,151905.0,151675.0,151880.0,128339,5,410698
WIN$D,M15,1657542600,151880.0,152130.0,151825.0,151915.0,163252,5,539273
WIN$D,M15,1657543500,151920.0,151980.0,151805.0,151880.0,112015,5,354572
WIN$D,M15,1657544400,151880.0,151890.0,151655.0,151745.0,112053,5,370843
WIN$D,M15,1657545300,151750.0,151765.0,151465.0,151545.0,109145,5,360970
WIN$D,M15,1657546200,151545.0,151800.0,151450.0,151765.0,107338,5,360070
WIN$D,M15,1657547100,151765.0,151780.0,151510.0,151695.0,108016,5,385731
WIN$D,M15,1657548000,151695.0,151790.0,151630.0,151705.0,106707,5,388289
WIN$D,M15,1657548900,151710.0,151770.0,151620.0,151705.0,80711,5,286654
WIN$D,M15,1657549800,151710.0,151815.0,151640.0,151655.0,88769,5,327526
WIN$D,M15,1657550700,151655.0,151680.0,151480.0,151590.0,114982,5,413828
WIN$D,M15,1657551600,151590.0,151635.0,151190.0,151230.0,166370,5,606384
WIN$D,M15,1657552500,151225.0,151320.0,151145.0,151210.0,105041,5,352211
WIN$D,M15,1657553400,151210.0,151325.0,151130.0,151300.0,87383,5,319536
WIN$D,M15,1657554300,151300.0,151340.0,150940.0,150945.0,142428,5,538968
WIN$D,M15,1657555200,150950.0,151190.0,150940.0,151165.0,96104,5,385526
WIN$D,M15,1657556100,151170.0,151295.0,151055.0,151275.0,92519,5,378403
WIN$D,M15,1657557000,151270.0,151310.0,151155.0,151220.0,91090,5,351967
WIN$D,M15,1657557900,151220.0,151295.0,151145.0,151290.0,78620,5,294719
WIN$D,M15,1657558800,151290.0,151385.0,151230.0,151285.0,79532,5,289178
WIN$D,M15,1657559700,151290.0,151315.0,151140.0,151215.0,47403,5,166224
WIN$D,M15,1657560600,151215.0,151310.0,151160.0,151280.0,49328,5,162037
WIN$D,M15,1657561500,151285.0,151290.0,151120.0,151180.0,25545,5,86552
WIN$D,M15,1657616400,150730.0,150960.0,150705.0,150945.0,169319,5,423646
WIN$D,M15,1657617300,150940.0,151055.0,150810.0,150910.0,162463,5,457450
WIN$D,M15,1657618200,150915.0,151140.0,150850.0,151075.0,189567,5,563405
WIN$D,M15,1657619100,151080.0,151130.0,150880.0,151120.0,141466,5,417264
WIN$D,M15,1657620000,151115.0,151170.0,150665.0,150675.0,284893,5,886391
WIN$D,M15,1657620900,150675.0,150710.0,150325.0,150355.0,265222,5,790195
WIN$D,M15,1657621800,150360.0,150860.0,150275.0,150595.0,350781,5,1110760
WIN$D,M15,1657622700,150600.0,150650.0,150385.0,150410.0,247684,5,770493
WIN$D,M15,1657623600,150410.0,150835.0,150325.0,150765.0,219914,5,694589
WIN$D,M15,1657624500,150765.0,150965.0,150670.0,150795.0,214995,5,634390
WIN$D,M15,1657625400,150795.0,151065.0,150790.0,151050.0,183962,5,551641
WIN$D,M15,1657626300,151050.0,151225.0,150900.0,151180.0,211103,5,644326
WIN$D,M15,1657627200,151175.0,151250.0,150945.0,151115.0,176849,5,558320
WIN$D,M15,1657628100,151115.0,151515.0,151000.0,151470.0,167026,5,535939
WIN$D,M15,1657629000,151470.0,151505.0,151330.0,151375.0,99946,5,316399
WIN$D,M15,1657629900,151370.0,151460.0,151335.0,151430.0,72385,5,243109
WIN$D,M15,1657630800,151430.0,151575.0,151335.0,151570.0,102530,5,327696
WIN$D,M15,1657631700,151570.0,151685.0,151525.0,151635.0,102018,5,354794
WIN$D,M15,1657632600,151640.0,151825.0,151595.0,151740.0,105781,5,373293
WIN$D,M15,1657633500,151740.0,151825.0,151595.0,151620.0,104092,5,394371
WIN$D,M15,1657634400,151620.0,151640.0,151420.0,151470.0,120155,5,442560
WIN$D,M15,1657635300,151475.0,151540.0,151400.0,151525.0,77301,5,272602
WIN$D,M15,1657636200,151530.0,151600.0,151455.0,151575.0,82719,5,284858
WIN$D,M15,1657637100,151580.0,151825.0,151545.0,151790.0,105945,5,412978
WIN$D,M15,1657638000,151795.0,151805.0,151500.0,151685.0,131031,5,477593
WIN$D,M15,1657638900,151685.0,151770.0,151600.0,151695.0,93697,5,335521
WIN$D,M15,1657639800,151690.0,151735.0,151540.0,151670.0,90269,5,326102
WIN$D,M15,1657640700,151670.0,151685.0,151440.0,151475.0,96948,5,354685
WIN$D,M15,1657641600,151480.0,151485.0,151160.0,151275.0,142427,5,509696
WIN$D,M15,1657642500,151275.0,151315.0,151150.0,151240.0,95350,5,324830
WIN$D,M15,1657643400,151245.0,151290.0,150980.0,151140.0,128868,5,465353
WIN$D,M15,1657644300,151140.0,151390.0,151125.0,151345.0,102429,5,384434
WIN$D,M15,1657645200,151345.0,151420.0,151235.0,151380.0,72204,5,265496
WIN$D,M15,1657646100,151375.0,151380.0,151250.0,151280.0,32943,5,106768
WIN$D,M15,1657647000,151275.0,151660.0,151255.0,151660.0,61108,5,198294
WIN$D,M15,1657647900,151655.0,151760.0,151515.0,151690.0,31282,5,102413
WIN$D,M15,1657702800,151700.0,151895.0,151400.0,151445.0,195750,5,464834
WIN$D,M15,1657703700,151445.0,151615.0,151270.0,151560.0,169033,5,416026
WIN$D,M15,1657704600,151555.0,151585.0,150350.0,150480.0,425502,5,1048328
WIN$D,M15,1657705500,150480.0,150620.0,150365.0,150540.0,171946,5,514015
WIN$D,M15,1657706400,150540.0,151095.0,150470.0,150925.0,289948,5,926460
WIN$D,M15,1657707300,150925.0,151070.0,150420.0,150545.0,291947,5,830183
WIN$D,M15,1657708200,150545.0,151210.0,150510.0,151035.0,363405,5,1048720
WIN$D,M15,1657709100,151030.0,151230.0,150850.0,150910.0,275612,5,811133
WIN$D,M15,1657710000,150915.0,150980.0,150455.0,150620.0,294305,5,880889
WIN$D,M15,1657710900,150620.0,151010.0,150455.0,151005.0,207590,5,625697
WIN$D,M15,1657711800,151005.0,151590.0,150885.0,151590.0,262777,5,811922
WIN$D,M15,1657712700,151590.0,151975.0,151450.0,151835.0,257720,5,834605
WIN$D,M15,1657713600,151830.0,151960.0,151705.0,151935.0,171076,5,545204
WIN$D,M15,1657714500,151930.0,152015.0,151590.0,151660.0,163298,5,531720
WIN$D,M15,1657715400,151660.0,151815.0,151625.0,151675.0,102936,5,321100
WIN$D,M15,1657716300,151670.0,151725.0,151305.0,151310.0,135787,5,452315
WIN$D,M15,1657717200,151310.0,151590.0,151305.0,151390.0,115783,5,371579
WIN$D,M15,1657718100,151390.0,151565.0,151300.0,151520.0,106090,5,348469
WIN$D,M15,1657719000,151525.0,151580.0,151360.0,151420.0,90121,5,290863
WIN$D,M15,1657719900,151415.0,151640.0,151365.0,151625.0,97615,5,302820
WIN$D,M15,1657720800,151625.0,151805.0,151550.0,151730.0,135668,5,455830
WIN$D,M15,1657721700,151725.0,151730.0,151435.0,151585.0,114781,5,370389
WIN$D,M15,1657722600,151580.0,151595.0,151340.0,151520.0,121275,5,416444
WIN$D,M15,1657723500,151525.0,151650.0,151420.0,151525.0,104734,5,361393
WIN$D,M15,1657724400,151530.0,151540.0,151110.0,151345.0,219383,5,716916
WIN$D,M15,1657725300,151350.0,151535.0,151155.0,151535.0,136306,5,459712
WIN$D,M15,1657726200,151535.0,151590.0,151370.0,151380.0,107903,5,360090
WIN$D,M15,1657727100,151380.0,151480.0,151110.0,151395.0,130858,5,467807
WIN$D,M15,1657728000,151400.0,151415.0,151145.0,151245.0,108073,5,419051
WIN$D,M15,1657728900,151245.0,151250.0,151055.0,151085.0,95950,5,345270
WIN$D,M15,1657729800,151090.0,151105.0,150845.0,150905.0,119687,5,443050
WIN$D,M15,1657730700,150905.0,150990.0,150845.0,150895.0,79165,5,292999
WIN$D,M15,1657731600,150890.0,151015.0,150860.0,150955.0,52042,5,178310
WIN$D,M15,1657732500,150960.0,150980.0,150845.0,150920.0,36195,5,120932
WIN$D,M15,1657733400,150925.0,150960.0,150760.0,150770.0,40578,5,128837
WIN$D,M15,1657734300,150765.0,150800.0,150590.0,150665.0,25255,5,92200
WIN$D,M15,1657789200,149830.0,150115.0,149785.0,149955.0,174267,5,461274
WIN$D,M15,1657790100,149955.0,149985.0,149430.0,149610.0,201513,5,565859
WIN$D,M15,1657791000,149610.0,149740.0,149500.0,149560.0,175167,5,474742
WIN$D,M15,1657791900,149555.0,149690.0,149395.0,149500.0,200655,5,586432
WIN$D,M15,1657792800,149500.0,149565.0,149170.0,149430.0,226729,5,704087
WIN$D,M15,1657793700,149425.0,149480.0,149155.0,149175.0,217564,5,681529
WIN$D,M15,1657794600,149175.0,149310.0,148810.0,148830.0,296056,5,971902
WIN$D,M15,1657795500,148835.0,149130.0,148810.0,148940.0,202061,5,669069
WIN$D,M15,1657796400,148940.0,148945.0,148475.0,148605.0,218591,5,763452
WIN$D,M15,1657797300,148605.0,148785.0,148565.0,148750.0,130925,5,452937
WIN$D,M15,1657798200,148750.0,148810.0,148430.0,148675.0,204316,5,696417
WIN$D,M15,1657799100,148680.0,148940.0,148600.0,148855.0,163208,5,574619
WIN$D,M15,1657800000,148855.0,149080.0,148805.0,148820.0,190211,5,641502
WIN$D,M15,1657800900,148820.0,149045.0,148770.0,148985.0,130574,5,432516
WIN$D,M15,1657801800,148980.0,149290.0,148910.0,149255.0,156828,5,556479
WIN$D,M15,1657802700,149255.0,149295.0,148980.0,149050.0,131418,5,440544
WIN$D,M15,1657803600,149045.0,149070.0,148905.0,149015.0,91153,5,288437
WIN$D,M15,1657804500,149020.0,149110.0,148785.0,148835.0,110945,5,354856
WIN$D,M15,1657805400,148835.0,148985.0,148800.0,148970.0,82183,5,275622
WIN$D,M15,1657806300,148970.0,148990.0,148770.0,148880.0,102659,5,335332
WIN$D,M15,1657807200,148885.0,148970.0,148795.0,148855.0,91681,5,298567
WIN$D,M15,1657808100,148860.0,149025.0,148830.0,149000.0,92451,5,328481
WIN$D,M15,1657809000,149000.0,149040.0,148825.0,149010.0,96962,5,334627
WIN$D,M15,1657809900,149010.0,149040.0,148870.0,148970.0,84712,5,298142
WIN$D,M15,1657810800,148975.0,149175.0,148965.0,149125.0,112813,5,391247
WIN$D,M15,1657811700,149125.0,149255.0,149075.0,149150.0,98096,5,340377
WIN$D,M15,1657812600,149145.0,149280.0,149075.0,149130.0,95770,5,326785
WIN$D,M15,1657813500,149130.0,149165.0,148965.0,149070.0,99855,5,344068
WIN$D,M15,1657814400,149075.0,149225.0,148990.0,149215.0,92033,5,325537
WIN$D,M15,1657815300,149210.0,149335.0,149145.0,149295.0,106077,5,365684
WIN$D,M15,1657816200,149290.0,149365.0,149145.0,149185.0,94445,5,324740
WIN$D,M15,1657817100,149185.0,149215.0,148935.0,148975.0,85746,5,310108
WIN$D,M15,1657818000,148975.0,149125.0,148920.0,148940.0,72789,5,267173
WIN$D,M15,1657818900,148945.0,149075.0,148920.0,149015.0,49901,5,181823
WIN$D,M15,1657819800,149010.0,149120.0,148965.0,149055.0,39368,5,141787
WIN$D,M15,1657820700,149050.0,149075.0,148820.0,148845.0,21226,5,81312
WIN$D,M15,1657875600,149150.0,149400.0,148930.0,149095.0,177535,5,454867
WIN$D,M15,1657876500,149100.0,149190.0,148860.0,148890.0,145917,5,404645
WIN$D,M15,1657877400,148890.0,149065.0,148595.0,148930.0,274445,5,756730
WIN$D,M15,1657878300,148930.0,149295.0,148905.0,149150.0,202021,5,618502
WIN$D,M15,1657879200,149145.0,149270.0,148890.0,148960.0,244084,5,710511
WIN$D,M15,1657880100,148960.0,148975.0,148495.0,148635.0,262237,5,765499
WIN$D,M15,1657881000,148635.0,148905.0,148270.0,148435.0,303365,5,940990
WIN$D,M15,1657881900,148435.0,148490.0,148150.0,148295.0,197945,5,626436
WIN$D,M15,1657882800,148295.0,149000.0,148290.0,148875.0,299058,5,912985
WIN$D,M15,1657883700,148880.0,149095.0,148730.0,149085.0,181109,5,570026
WIN$D,M15,1657884600,149080.0,149415.0,149040.0,149055.0,205755,5,686228
WIN$D,M15,1657885500,149060.0,149335.0,148935.0,149290.0,155797,5,504450
WIN$D,M15,1657886400,149290.0,149630.0,149215.0,149425.0,154941,5,530761
WIN$D,M15,1657887300,149425.0,149665.0,149370.0,149645.0,104831,5,345089
WIN$D,M15,1657888200,149640.0,149655.0,149400.0,149415.0,94697,5,314980
WIN$D,M15,1657889100,149420.0,149455.0,149275.0,149380.0,87507,5,290445
WIN$D,M15,1657890000,149380.0,149420.0,149230.0,149365.0,79124,5,270990
WIN$D,M15,1657890900,149365.0,149415.0,149275.0,149325.0,54599,5,167832
WIN$D,M15,1657891800,149325.0,149405.0,149270.0,149375.0,54253,5,172054
WIN$D,M15,1657892700,149370.0,149515.0,149360.0,149490.0,63304,5,215865
WIN$D,M15,1657893600,149495.0,149585.0,149445.0,149575.0,58554,5,207301
WIN$D,M15,1657894500,149575.0,149610.0,149425.0,149440.0,68736,5,232428
WIN$D,M15,1657895400,149435.0,149665.0,149385.0,149620.0,76264,5,260754
WIN$D,M15,1657896300,149615.0,149970.0,149580.0,149810.0,132365,5,499744
WIN$D,M15,1657897200,149810.0,149835.0,149630.0,149745.0,77782,5,260041
WIN$D,M15,1657898100,149745.0,149780.0,149640.0,149670.0,62797,5,203479
WIN$D,M15,1657899000,149665.0,149695.0,149620.0,149680.0,48692,5,174282
WIN$D,M15,1657899900,149675.0,149785.0,149550.0,149635.0,81489,5,298192
WIN$D,M15,1657900800,149635.0,149665.0,149550.0,149645.0,55816,5,192111
WIN$D,M15,1657901700,149640.0,149645.0,149515.0,149540.0,56051,5,201758
WIN$D,M15,1657902600,149535.0,149600.0,149460.0,149575.0,72187,5,254423
WIN$D,M15,1657903500,149580.0,149710.0,149510.0,149690.0,69523,5,247847
WIN$D,M15,1657904400,149685.0,149705.0,149480.0,149510.0,51079,5,173191
WIN$D,M15,1657905300,149505.0,149610.0,149500.0,149535.0,33929,5,109960
WIN$D,M15,1657906200,149535.0,149685.0,149515.0,149650.0,35833,5,116242
WIN$D,M15,1657907100,149650.0,149830.0,149560.0,149560.0,27931,5,76690
WIN$D,M15,1658134800,150645.0,150670.0,150280.0,150390.0,157646,5,393929
WIN$D,M15,1658135700,150390.0,150430.0,150205.0,150240.0,102479,5,281790
WIN$D,M15,1658136600,150240.0,150345.0,150195.0,150255.0,97116,5,277420
WIN$D,M15,1658137500,150260.0,150400.0,150165.0,150385.0,120804,5,364906
WIN$D,M15,1658138400,150385.0,150570.0,150225.0,150255.0,265766,5,744087
WIN$D,M15,1658139300,150255.0,150530.0,150220.0,150495.0,202839,5,568573
WIN$D,M15,1658140200,150495.0,151075.0,150470.0,151045.0,289909,5,843682
WIN$D,M15,1658141100,151045.0,151135.0,150880.0,151065.0,176020,5,504873
WIN$D,M15,1658142000,151070.0,151120.0,150760.0,150945.0,194696,5,558056
WIN$D,M15,1658142900,150945.0,151165.0,150835.0,150915.0,177652,5,539485
WIN$D,M15,1658143800,150910.0,151155.0,150820.0,151155.0,134642,5,423073
WIN$D,M15,1658144700,151155.0,151260.0,150995.0,151195.0,148869,5,476584
WIN$D,M15,1658145600,151195.0,151240.0,150915.0,151000.0,120788,5,373481
WIN$D,M15,1658146500,150995.0,151020.0,150890.0,150965.0,77533,5,236519
WIN$D,M15,1658147400,150965.0,151135.0,150915.0,151075.0,90535,5,284366
WIN$D,M15,1658148300,151075.0,151080.0,150780.0,150785.0,95555,5,310309
WIN$D,M15,1658149200,150785.0,150910.0,150720.0,150890.0,93279,5,296903
WIN$D,M15,1658150100,150895.0,150995.0,150875.0,150975.0,62814,5,206669
WIN$D,M15,1658151000,150975.0,151065.0,150920.0,150995.0,68882,5,218789
WIN$D,M15,1658151900,150995.0,151005.0,150805.0,150850.0,82351,5,263354
WIN$D,M15,1658152800,150850.0,151060.0,150830.0,151055.0,79741,5,258500
WIN$D,M15,1658153700,151055.0,151060.0,150870.0,150965.0,83556,5,283318
WIN$D,M15,1658154600,150970.0,150990.0,150420.0,150440.0,168429,5,568809
WIN$D,M15,1658155500,150445.0,150485.0,149855.0,149875.0,217727,5,715392
WIN$D,M15,1658156400,149875.0,150035.0,149775.0,150005.0,157429,5,491297
WIN$D,M15,1658157300,150000.0,150135.0,149770.0,149810.0,158126,5,493397
WIN$D,M15,1658158200,149805.0,150030.0,149800.0,149830.0,104439,5,331310
WIN$D,M15,1658159100,149825.0,149920.0,149535.0,149630.0,153412,5,524621
WIN$D,M15,1658160000,149630.0,149865.0,149605.0,149845.0,109878,5,368576
WIN$D,M15,1658160900,149845.0,150035.0,149805.0,149805.0,106413,5,349680
WIN$D,M15,1658161800,149805.0,149845.0,149610.0,149755.0,119816,5,403523
WIN$D,M15,1658162700,149755.0,149985.0,149620.0,149910.0,107464,5,362602
WIN$D,M15,1658163600,149910.0,149960.0,149510.0,149590.0,115967,5,386604
WIN$D,M15,1658164500,149590.0,149705.0,149575.0,149680.0,44505,5,133736
WIN$D,M15,1658165400,149680.0,149840.0,149650.0,149730.0,50482,5,158903
WIN$D,M15,1658166300,149730.0,149785.0,149550.0,149550.0,21776,5,79541
WIN$D,M15,1658221200,150175.0,150390.0,150040.0,150060.0,167622,5,462708
WIN$D,M15,1658222100,150055.0,150165.0,149925.0,150000.0,119295,5,365550
WIN$D,M15,1658223000,150000.0,150210.0,149975.0,150125.0,137731,5,399496
WIN$D,M15,1658223900,150125.0,150325.0,150025.0,150315.0,166681,5,485157
WIN$D,M15,1658224800,150320.0,150375.0,149950.0,150175.0,294656,5,885844
WIN$D,M15,1658225700,150175.0,150455.0,149995.0,150045.0,257031,5,740827
WIN$D,M15,1658226600,150045.0,150575.0,150015.0,150540.0,272334,5,790627
WIN$D,M15,1658227500,150540.0,150590.0,150025.0,150185.0,258490,5,770515
WIN$D,M15,1658228400,150190.0,150260.0,149900.0,150195.0,226898,5,701123
WIN$D,M15,1658229300,150195.0,150755.0,150110.0,150600.0,226256,5,779698
WIN$D,M15,1658230200,150595.0,150665.0,150350.0,150440.0,168580,5,557704
WIN$D,M15,1658231100,150440.0,150570.0,150215.0,150240.0,151860,5,521795
WIN$D,M15,1658232000,150240.0,150520.0,150210.0,150415.0,121925,5,405753
WIN$D,M15,1658232900,150420.0,150460.0,150230.0,150290.0,105778,5,343392
WIN$D,M15,1658233800,150295.0,150600.0,150280.0,150430.0,116728,5,394987
WIN$D,M15,1658234700,150430.0,150465.0,150370.0,150440.0,55106,5,186331
WIN$D,M15,1658235600,150445.0,150540.0,150410.0,150445.0,74137,5,268532
WIN$D,M15,1658236500,150450.0,150595.0,150425.0,150565.0,54383,5,184567
WIN$D,M15,1658237400,150560.0,150700.0,150560.0,150620.0,77979,5,267903
WIN$D,M15,1658238300,150625.0,150820.0,150610.0,150775.0,94615,5,321464
WIN$D,M15,1658239200,150770.0,150940.0,150735.0,150840.0,99660,5,361271
WIN$D,M15,1658240100,150835.0,150860.0,150660.0,150670.0,75919,5,259059
WIN$D,M15,1658241000,150675.0,150870.0,150630.0,150655.0,101353,5,354404
WIN$D,M15,1658241900,150660.0,150805.0,150590.0,150790.0,97284,5,349917
WIN$D,M15,1658242800,150790.0,151040.0,150735.0,150910.0,118827,5,441860
WIN$D,M15,1658243700,150915.0,151020.0,150825.0,150865.0,92237,5,328459
WIN$D,M15,1658244600,150860.0,151230.0,150845.0,150985.0,159096,5,591756
WIN$D,M15,1658245500,150985.0,151070.0,150895.0,151060.0,77481,5,266171
WIN$D,M15,1658246400,151065.0,151230.0,150925.0,150945.0,105458,5,392550
WIN$D,M15,1658247300,150940.0,151110.0,150910.0,151055.0,81596,5,270819
WIN$D,M15,1658248200,151055.0,151110.0,150915.0,151075.0,73490,5,253821
WIN$D,M15,1658249100,151075.0,151105.0,150885.0,150945.0,79558,5,280472
WIN$D,M15,1658250000,150945.0,151090.0,150865.0,151015.0,66690,5,230818
WIN$D,M15,1658250900,151015.0,151175.0,150995.0,151145.0,40429,5,134383
WIN$D,M15,1658251800,151140.0,151425.0,151105.0,151355.0,61623,5,198295
WIN$D,M15,1658252700,151355.0,151535.0,151330.0,151360.0,32142,5,116950
WIN$D,M15,1658307600,150895.0,150955.0,150765.0,150855.0,127021,5,317947
WIN$D,M15,1658308500,150850.0,150895.0,150580.0,150655.0,140080,5,398274
WIN$D,M15,1658309400,150650.0,150735.0,150525.0,150650.0,136553,5,383842
WIN$D,M15,1658310300,150650.0,150745.0,150480.0,150535.0,167373,5,486998
WIN$D,M15,1658311200,150535.0,150815.0,150455.0,150730.0,266265,5,784403
WIN$D,M15,1658312100,150730.0,150830.0,150605.0,150770.0,194199,5,565206
WIN$D,M15,1658313000,150765.0,151035.0,150615.0,150920.0,283745,5,850984
WIN$D,M15,1658313900,150920.0,150960.0,150285.0,150290.0,277015,5,824288
WIN$D,M15,1658314800,150295.0,150330.0,150075.0,150175.0,211294,5,631737
WIN$D,M15,1658315700,150170.0,150485.0,150130.0,150425.0,154506,5,479903
WIN$D,M15,1658316600,150430.0,150695.0,150365.0,150695.0,139545,5,430193
WIN$D,M15,1658317500,150695.0,150965.0,150660.0,150820.0,168450,5,552262
WIN$D,M15,1658318400,150820.0,150830.0,150650.0,150745.0,120110,5,374541
WIN$D,M15,1658319300,150745.0,150815.0,150560.0,150800.0,125107,5,396077
WIN$D,M15,1658320200,150795.0,150860.0,150620.0,150735.0,108166,5,340108
WIN$D,M15,1658321100,150735.0,150980.0,150730.0,150945.0,103335,5,320168
WIN$D,M15,1658322000,150940.0,151190.0,150895.0,151130.0,116771,5,373386
WIN$D,M15,1658322900,151135.0,151150.0,150955.0,150995.0,80717,5,263713
WIN$D,M15,1658323800,150990.0,151220.0,150840.0,150855.0,146184,5,490881
WIN$D,M15,1658324700,150855.0,151240.0,150710.0,151165.0,161143,5,568318
WIN$D,M15,1658325600,151165.0,151175.0,150825.0,150835.0,162649,5,538555
WIN$D,M15,1658326500,150835.0,151020.0,150780.0,151020.0,112484,5,376140
WIN$D,M15,1658327400,151020.0,151085.0,150840.0,150840.0,116590,5,388199
WIN$D,M15,1658328300,150840.0,150895.0,150490.0,150580.0,136178,5,454883
WIN$D,M15,1658329200,150585.0,150810.0,150570.0,150765.0,110505,5,371545
WIN$D,M15,1658330100,150760.0,150850.0,150640.0,150790.0,86600,5,285069
WIN$D,M15,1658331000,150790.0,150865.0,150720.0,150810.0,71505,5,224614
WIN$D,M15,1658331900,150805.0,150875.0,150660.0,150815.0,92847,5,316940
WIN$D,M15,1658332800,150815.0,150970.0,150795.0,150925.0,90213,5,296617
WIN$D,M15,1658333700,150925.0,151030.0,150885.0,151025.0,76397,5,278399
WIN$D,M15,1658334600,151025.0,151140.0,150890.0,151050.0,88059,5,303245
WIN$D,M15,1658335500,151050.0,151225.0,150995.0,151025.0,93283,5,321249
WIN$D,M15,1658336400,151030.0,151180.0,151010.0,151085.0,63113,5,199939
WIN$D,M15,1658337300,151090.0,151155.0,150975.0,151015.0,38976,5,121984
WIN$D,M15,1658338200,151015.0,151120.0,150990.0,151020.0,35412,5,106381
WIN$D,M15,1658339100,151020.0,151100.0,150765.0,150765.0,18340,5,66690
WIN$D,M15,1658394000,150610.0,150685.0,150405.0,150445.0,136615,5,333197
WIN$D,M15,1658394900,150440.0,150630.0,150275.0,150395.0,211186,5,526708
WIN$D,M15,1658395800,150400.0,150580.0,150345.0,150545.0,134580,5,386371
WIN$D,M15,1658396700,150545.0,150545.0,150320.0,150325.0,119369,5,349461
WIN$D,M15,1658397600,150325.0,150385.0,150030.0,150080.0,228523,5,725407
WIN$D,M15,1658398500,150080.0,150295.0,149965.0,150040.0,212615,5,653476
WIN$D,M15,1658399400,150040.0,150410.0,150000.0,150305.0,269620,5,810809
WIN$D,M15,1658400300,150310.0,150595.0,150050.0,150525.0,308783,5,959932
WIN$D,M15,1658401200,150520.0,150535.0,149980.0,150005.0,245580,5,766832
WIN$D,M15,1658402100,150000.0,150290.0,149825.0,149830.0,223581,5,703826
WIN$D,M15,1658403000,149835.0,150270.0,149790.0,150250.0,154891,5,498920
WIN$D,M15,1658403900,150250.0,150565.0,150165.0,150485.0,156416,5,491571
WIN$D,M15,1658404800,150485.0,150745.0,150445.0,150640.0,138513,5,451872
WIN$D,M15,1658405700,150635.0,150950.0,150630.0,150945.0,151959,5,506595
WIN$D,M15,1658406600,150945.0,151290.0,150825.0,151165.0,160201,5,528877
WIN$D,M15,1658407500,151170.0,151195.0,151040.0,151130.0,79008,5,291648
WIN$D,M15,1658408400,151135.0,151235.0,151055.0,151075.0,79367,5,278870
WIN$D,M15,1658409300,151080.0,151360.0,151030.0,151315.0,101294,5,370775
WIN$D,M15,1658410200,151310.0,151485.0,151250.0,151255.0,104740,5,409128
WIN$D,M15,1658411100,151260.0,151415.0,151220.0,151350.0,78668,5,271528
WIN$D,M15,1658412000,151355.0,151435.0,151280.0,151325.0,71591,5,257256
WIN$D,M15,1658412900,151325.0,151460.0,151265.0,151345.0,90739,5,310216
WIN$D,M15,1658413800,151350.0,151370.0,151065.0,151250.0,127344,5,457093
WIN$D,M15,1658414700,151250.0,151260.0,151005.0,151100.0,102894,5,342205
WIN$D,M15,1658415600,151100.0,151290.0,151100.0,151260.0,88487,5,308936
WIN$D,M15,1658416500,151265.0,151275.0,151165.0,151225.0,57207,5,197326
WIN$D,M15,1658417400,151225.0,151345.0,151055.0,151195.0,115853,5,404265
WIN$D,M15,1658418300,151195.0,151355.0,151145.0,151310.0,82160,5,287415
WIN$D,M15,1658419200,151315.0,151610.0,151305.0,151575.0,113800,5,412345
WIN$D,M15,1658420100,151570.0,151675.0,151525.0,151595.0,86347,5,290806
WIN$D,M15,1658421000,151590.0,151750.0,151555.0,151730.0,85755,5,306270
WIN$D,M15,1658421900,151735.0,151845.0,151695.0,151740.0,85821,5,325149
WIN$D,M15,1658422800,151745.0,151770.0,151675.0,151705.0,44249,5,147879
WIN$D,M15,1658423700,151710.0,151755.0,151680.0,151745.0,28426,5,107586
WIN$D,M15,1658424600,151740.0,151785.0,151705.0,151780.0,32166,5,120480
WIN$D,M15,1658425500,151780.0,151885.0,151755.0,151835.0,23963,5,97299
WIN$D,M15,1658480400,152045.0,152085.0,151790.0,151985.0,142312,5,377363
WIN$D,M15,1658481300,151990.0,152130.0,151930.0,151970.0,121361,5,332584
WIN$D,M15,1658482200,151970.0,152040.0,151850.0,151910.0,110586,5,308906
WIN$D,M15,1658483100,151910.0,151965.0,151780.0,151935.0,121347,5,338131
WIN$D,M15,1658484000,151930.0,152270.0,151890.0,152070.0,205334,5,623922
WIN$D,M15,1658484900,152070.0,152310.0,151995.0,152300.0,207630,5,599282
WIN$D,M15,1658485800,152295.0,152380.0,152000.0,152300.0,260939,5,767339
WIN$D,M15,1658486700,152305.0,152450.0,151830.0,151835.0,255490,5,760799
WIN$D,M15,1658487600,151835.0,152030.0,151635.0,152020.0,238849,5,772547
WIN$D,M15,1658488500,152015.0,152265.0,151750.0,151965.0,216632,5,673463
WIN$D,M15,1658489400,151970.0,152285.0,151880.0,152245.0,152630,5,483459
WIN$D,M15,1658490300,152245.0,152480.0,152220.0,152405.0,126631,5,429817
WIN$D,M15,1658491200,152405.0,152435.0,152120.0,152265.0,137371,5,438921
WIN$D,M15,1658492100,152265.0,152265.0,151970.0,152070.0,120320,5,398194
WIN$D,M15,1658493000,152075.0,152140.0,151865.0,151940.0,118935,5,399600
WIN$D,M15,1658493900,151940.0,152105.0,151900.0,152060.0,75864,5,257322
WIN$D,M15,1658494800,152060.0,152095.0,151860.0,151960.0,83359,5,285467
WIN$D,M15,1658495700,151955.0,152090.0,151940.0,152065.0,75937,5,267361
WIN$D,M15,1658496600,152060.0,152310.0,152040.0,152170.0,96737,5,336622
WIN$D,M15,1658497500,152175.0,152265.0,152130.0,152145.0,50699,5,170484
WIN$D,M15,1658498400,152145.0,152150.0,151730.0,151760.0,105446,5,382659
WIN$D,M15,1658499300,151755.0,151805.0,151555.0,151645.0,109705,5,373817
WIN$D,M15,1658500200,151645.0,151645.0,151425.0,151540.0,105974,5,366954
WIN$D,M15,1658501100,151545.0,151615.0,151385.0,151535.0,111115,5,392031
WIN$D,M15,1658502000,151530.0,151540.0,151170.0,151210.0,123649,5,458043
WIN$D,M15,1658502900,151210.0,151290.0,151120.0,151235.0,90995,5,329304
WIN$D,M15,1658503800,151240.0,151240.0,151040.0,151215.0,99171,5,366907
WIN$D,M15,1658504700,151215.0,151360.0,151180.0,151305.0,78631,5,289584
WIN$D,M15,1658505600,151305.0,151490.0,151265.0,151485.0,69257,5,264273
WIN$D,M15,1658506500,151485.0,151825.0,151410.0,151800.0,110647,5,438049
WIN$D,M15,1658507400,151795.0,151870.0,151690.0,151730.0,78930,5,317145
WIN$D,M15,1658508300,151730.0,151815.0,151640.0,151785.0,89569,5,359538
WIN$D,M15,1658509200,151785.0,151845.0,151720.0,151820.0,37345,5,139396
WIN$D,M15,1658510100,151825.0,151835.0,151770.0,151815.0,17632,5,69115
WIN$D,M15,1658511000,151820.0,151945.0,151770.0,151775.0,37780,5,133739
WIN$D,M15,1658511900,151775.0,151950.0,151770.0,151950.0,16692,5,52717
WIN$D,M15,1658739600,152410.0,152620.0,152355.0,152470.0,118286,5,296436
WIN$D,M15,1658740500,152465.0,152555.0,152385.0,152450.0,81624,5,230416
WIN$D,M15,1658741400,152450.0,152510.0,152365.0,152425.0,82883,5,237768
WIN$D,M15,1658742300,152430.0,152575.0,152380.0,152490.0,106119,5,317313
WIN$D,M15,1658743200,152490.0,152820.0,152430.0,152485.0,265549,5,794743
WIN$D,M15,1658744100,152480.0,152840.0,152420.0,152675.0,241563,5,699514
WIN$D,M15,1658745000,152675.0,152850.0,152295.0,152785.0,315427,5,961477
WIN$D,M15,1658745900,152785.0,153005.0,152560.0,152910.0,258112,5,794453
WIN$D,M15,1658746800,152910.0,153095.0,152815.0,153020.0,188032,5,565632
WIN$D,M15,1658747700,153020.0,153040.0,152665.0,152815.0,217940,5,678763
WIN$D,M15,1658748600,152810.0,152870.0,152535.0,152820.0,174656,5,550091
WIN$D,M15,1658749500,152815.0,152910.0,152695.0,152790.0,132095,5,403792
WIN$D,M15,1658750400,152790.0,152890.0,152715.0,152735.0,108256,5,339739
WIN$D,M15,1658751300,152735.0,152995.0,152675.0,152970.0,97462,5,303066
WIN$D,M15,1658752200,152970.0,153005.0,152865.0,152945.0,75769,5,252575
WIN$D,M15,1658753100,152950.0,153045.0,152835.0,152885.0,80605,5,264776
WIN$D,M15,1658754000,152880.0,153000.0,152825.0,152855.0,72641,5,240127
WIN$D,M15,1658754900,152850.0,152870.0,152720.0,152805.0,75484,5,253698
WIN$D,M15,1658755800,152810.0,152975.0,152800.0,152915.0,68164,5,236455
WIN$D,M15,1658756700,152920.0,153010.0,152855.0,152855.0,70170,5,237222
WIN$D,M15,1658757600,152860.0,153030.0,152825.0,152975.0,81676,5,288993
WIN$D,M15,1658758500,152975.0,152985.0,152850.0,152885.0,68283,5,232634
WIN$D,M15,1658759400,152880.0,152915.0,152755.0,152820.0,63912,5,217740
WIN$D,M15,1658760300,152820.0,152940.0,152735.0,152835.0,95823,5,332387
WIN$D,M15,1658761200,152830.0,152905.0,152770.0,152855.0,74540,5,265129
WIN$D,M15,1658762100,152855.0,152935.0,152790.0,152875.0,69275,5,254282
WIN$D,M15,1658763000,152875.0,153260.0,152850.0,153220.0,129999,5,465964
WIN$D,M15,1658763900,153220.0,153235.0,152970.0,153015.0,101437,5,356063
WIN$D,M15,1658764800,153015.0,153095.0,152870.0,152990.0,98796,5,350455
WIN$D,M15,1658765700,152990.0,153065.0,152885.0,152885.0,77873,5,275427
WIN$D,M15,1658766600,152885.0,152950.0,152770.0,152875.0,96078,5,333507
WIN$D,M15,1658767500,152880.0,153070.0,152820.0,153010.0,81429,5,299206
WIN$D,M15,1658768400,153005.0,153090.0,152980.0,153070.0,41381,5,149152
WIN$D,M15,1658769300,153070.0,153075.0,152885.0,152930.0,38917,5,135920
WIN$D,M15,1658770200,152930.0,152995.0,152905.0,152935.0,29287,5,107700
WIN$D,M15,1658771100,152930.0,153200.0,152925.0,153075.0,23086,5,80269
WIN$D,M15,1658826000,152950.0,153165.0,152840.0,153110.0,134045,5,345430
WIN$D,M15,1658826900,153110.0,153155.0,153045.0,153060.0,64982,5,197506
WIN$D,M15,1658827800,153060.0,153295.0,153040.0,153185.0,142490,5,435202
WIN$D,M15,1658828700,153190.0,153330.0,153145.0,153315.0,113011,5,344105
WIN$D,M15,1658829600,153320.0,153365.0,153110.0,153135.0,209295,5,631732
WIN$D,M15,1658830500,153140.0,153285.0,153025.0,153220.0,194255,5,583800
WIN$D,M15,1658831400,153225.0,153435.0,153095.0,153270.0,262441,5,839684
WIN$D,M15,1658832300,153265.0,153335.0,153120.0,153215.0,166159,5,540061
WIN$D,M15,1658833200,153215.0,153225.0,152745.0,152775.0,207818,5,706130
WIN$D,M15,1658834100,152775.0,152935.0,152690.0,152845.0,178212,5,608288
WIN$D,M15,1658835000,152850.0,152915.0,152645.0,152815.0,158140,5,550715
WIN$D,M15,1658835900,152815.0,152930.0,152650.0,152890.0,135516,5,482292
WIN$D,M15,1658836800,152885.0,152920.0,152580.0,152610.0,124500,5,443735
WIN$D,M15,1658837700,152605.0,152650.0,152465.0,152470.0,104429,5,385605
WIN$D,M15,1658838600,152475.0,152525.0,152275.0,152395.0,149079,5,541582
WIN$D,M15,1658839500,152390.0,152395.0,152075.0,152175.0,112659,5,416005
WIN$D,M15,1658840400,152180.0,152205.0,152095.0,152155.0,71843,5,257711
WIN$D,M15,1658841300,152155.0,152315.0,152125.0,152290.0,92992,5,339573
WIN$D,M15,1658842200,152295.0,152380.0,152175.0,152220.0,81319,5,285646
WIN$D,M15,1658843100,152225.0,152375.0,152185.0,152295.0,76355,5,276279
WIN$D,M15,1658844000,152295.0,152460.0,152240.0,152370.0,89947,5,327504
WIN$D,M15,1658844900,152370.0,152425.0,152220.0,152405.0,98531,5,358545
WIN$D,M15,1658845800,152400.0,152410.0,152255.0,152330.0,72245,5,265101
WIN$D,M15,1658846700,152325.0,152340.0,152195.0,152205.0,71463,5,258373
WIN$D,M15,1658847600,152205.0,152435.0,152200.0,152295.0,110095,5,404845
WIN$D,M15,1658848500,152300.0,152325.0,152140.0,152165.0,83917,5,318785
WIN$D,M15,1658849400,152165.0,152190.0,152010.0,152105.0,102911,5,400151
WIN$D,M15,1658850300,152105.0,152210.0,152075.0,152180.0,75440,5,279559
WIN$D,M15,1658851200,152175.0,152350.0,152155.0,152305.0,104060,5,418640
WIN$D,M15,1658852100,152310.0,152415.0,152270.0,152315.0,80176,5,313110
WIN$D,M15,1658853000,152310.0,152385.0,152285.0,152310.0,56786,5,213306
WIN$D,M15,1658853900,152310.0,152455.0,152270.0,152390.0,75320,5,293949
WIN$D,M15,1658854800,152385.0,152545.0,152365.0,152500.0,85284,5,292586
WIN$D,M15,1658855700,152500.0,152555.0,152440.0,152480.0,35539,5,123846
WIN$D,M15,1658856600,152480.0,152585.0,152455.0,152565.0,33487,5,116337
WIN$D,M15,1658857500,152570.0,152625.0,152435.0,152495.0,18306,5,71648
WIN$D,M15,1658912400,153020.0,153025.0,152755.0,152830.0,127829,5,306584
WIN$D,M15,1658913300,152835.0,152880.0,152770.0,152805.0,58384,5,159277
WIN$D,M15,1658914200,152805.0,152825.0,152750.0,152805.0,52559,5,154976
WIN$D,M15,1658915100,152810.0,152950.0,152800.0,152930.0,90031,5,264440
WIN$D,M15,1658916000,152925.0,153130.0,152895.0,152935.0,197753,5,636117
WIN$D,M15,1658916900,152930.0,153240.0,152905.0,153040.0,194499,5,606301
WIN$D,M15,1658917800,153040.0,153110.0,152800.0,152875.0,246739,5,744186
WIN$D,M15,1658918700,152875.0,152950.0,152750.0,152770.0,150282,5,474771
WIN$D,M15,1658919600,152765.0,153065.0,152695.0,152810.0,201727,5,648496
WIN$D,M15,1658920500,152810.0,152960.0,152610.0,152640.0,163130,5,504107
WIN$D,M15,1658921400,152635.0,152875.0,152610.0,152865.0,128858,5,399201
WIN$D,M15,1658922300,152865.0,153140.0,152845.0,153015.0,155710,5,498380
WIN$D,M15,1658923200,153015.0,153200.0,153010.0,153165.0,99977,5,330439
WIN$D,M15,1658924100,153165.0,153210.0,153070.0,153125.0,72862,5,230544
WIN$D,M15,1658925000,153130.0,153275.0,153080.0,153230.0,77589,5,249996
WIN$D,M15,1658925900,153230.0,153285.0,153155.0,153175.0,72206,5,225663
WIN$D,M15,1658926800,153175.0,153325.0,153160.0,153285.0,54158,5,178023
WIN$D,M15,1658927700,153280.0,153315.0,153235.0,153295.0,50155,5,177084
WIN$D,M15,1658928600,153295.0,153340.0,153160.0,153235.0,72714,5,246173
WIN$D,M15,1658929500,153240.0,153330.0,153155.0,153185.0,65281,5,219142
WIN$D,M15,1658930400,153185.0,153225.0,153115.0,153190.0,66798,5,225259
WIN$D,M15,1658931300,153190.0,153245.0,153080.0,153190.0,63808,5,214381
WIN$D,M15,1658932200,153185.0,153260.0,153140.0,153240.0,46645,5,157726
WIN$D,M15,1658933100,153240.0,153275.0,153015.0,153070.0,74379,5,235381
WIN$D,M15,1658934000,153075.0,153630.0,153000.0,153095.0,263937,5,779669
WIN$D,M15,1658934900,153095.0,153210.0,152880.0,153020.0,128058,5,432679
WIN$D,M15,1658935800,153020.0,153780.0,152740.0,153755.0,323040,5,927774
WIN$D,M15,1658936700,153760.0,153955.0,153705.0,153840.0,170841,5,516003
WIN$D,M15,1658937600,153845.0,154020.0,153740.0,153915.0,123388,5,402006
WIN$D,M15,1658938500,153910.0,154140.0,153830.0,154130.0,104807,5,370525
WIN$D,M15,1658939400,154125.0,154140.0,153995.0,154110.0,76135,5,263092
WIN$D,M15,1658940300,154105.0,154190.0,154030.0,154145.0,80799,5,314337
WIN$D,M15,1658941200,154145.0,154175.0,154045.0,154135.0,55445,5,200567
WIN$D,M15,1658942100,154135.0,154295.0,154120.0,154215.0,45117,5,167633
WIN$D,M15,1658943000,154215.0,154385.0,154215.0,154340.0,40315,5,140774
WIN$D,M15,1658943900,154345.0,154545.0,154340.0,154545.0,26276,5,102240
WIN$D,M15,1658998800,154240.0,154295.0,153940.0,153960.0,135257,5,336362
WIN$D,M15,1658999700,153960.0,154025.0,153915.0,153955.0,61802,5,171943
WIN$D,M15,1659000600,153950.0,154165.0,153735.0,154110.0,237113,5,683041
WIN$D,M15,1659001500,154110.0,154225.0,154045.0,154110.0,137843,5,405691
WIN$D,M15,1659002400,154115.0,154450.0,154085.0,154445.0,205319,5,604904
WIN$D,M15,1659003300,154450.0,154720.0,154400.0,154675.0,193240,5,572256
WIN$D,M15,1659004200,154675.0,154815.0,154415.0,154435.0,228574,5,725853
WIN$D,M15,1659005100,154435.0,154490.0,153840.0,153980.0,294912,5,936681
WIN$D,M15,1659006000,153980.0,154090.0,153815.0,153915.0,182517,5,535034
WIN$D,M15,1659006900,153915.0,154045.0,153660.0,153715.0,213913,5,654576
WIN$D,M15,1659007800,153715.0,153960.0,153635.0,153920.0,169433,5,523754
WIN$D,M15,1659008700,153915.0,154135.0,153880.0,153955.0,147082,5,455811
WIN$D,M15,1659009600,153955.0,154285.0,153945.0,154220.0,128558,5,409814
WIN$D,M15,1659010500,154220.0,154365.0,154125.0,154345.0,107754,5,355700
WIN$D,M15,1659011400,154345.0,154410.0,154215.0,154405.0,91640,5,303732
WIN$D,M15,1659012300,154405.0,154430.0,154190.0,154225.0,84663,5,282101
WIN$D,M15,1659013200,154220.0,154350.0,154210.0,154340.0,64076,5,210213
WIN$D,M15,1659014100,154340.0,154400.0,154175.0,154395.0,78583,5,256406
WIN$D,M15,1659015000,154395.0,154535.0,154330.0,154485.0,87600,5,316840
WIN$D,M15,1659015900,154490.0,154580.0,154460.0,154535.0,58580,5,209773
WIN$D,M15,1659016800,154530.0,154550.0,154370.0,154425.0,79091,5,295229
WIN$D,M15,1659017700,154425.0,154525.0,154325.0,154515.0,84012,5,298665
WIN$D,M15,1659018600,154515.0,154840.0,154485.0,154810.0,96641,5,388786
WIN$D,M15,1659019500,154810.0,155190.0,154765.0,154995.0,155767,5,609501
WIN$D,M15,1659020400,155000.0,155040.0,154915.0,154955.0,69709,5,229174
WIN$D,M15,1659021300,154960.0,155095.0,154950.0,155030.0,58783,5,195366
WIN$D,M15,1659022200,155025.0,155190.0,154895.0,155090.0,93475,5,358393
WIN$D,M15,1659023100,155085.0,155215.0,155040.0,155180.0,78945,5,288827
WIN$D,M15,1659024000,155180.0,155340.0,155145.0,155240.0,103741,5,387861
WIN$D,M15,1659024900,155240.0,155380.0,155170.0,155325.0,78272,5,293860
WIN$D,M15,1659025800,155325.0,155340.0,155175.0,155195.0,60420,5,223453
WIN$D,M15,1659026700,155190.0,155320.0,155165.0,155240.0,66651,5,246819
WIN$D,M15,1659027600,155235.0,155335.0,155180.0,155300.0,55241,5,184594
WIN$D,M15,1659028500,155305.0,155380.0,155305.0,155370.0,32066,5,109442
WIN$D,M15,1659029400,155370.0,155555.0,155315.0,155520.0,71254,5,249148
WIN$D,M15,1659030300,155520.0,155595.0,155465.0,155495.0,20719,5,94551
WIN$D,M15,1659085200,155785.0,155830.0,155400.0,155440.0,138626,5,332974
WIN$D,M15,1659086100,155435.0,155720.0,155390.0,155670.0,127579,5,333302
WIN$D,M15,1659087000,155670.0,155760.0,155425.0,155560.0,212308,5,589348
WIN$D,M15,1659087900,155560.0,155700.0,155460.0,155665.0,121636,5,346583
WIN$D,M15,1659088800,155665.0,155750.0,155270.0,155300.0,283350,5,812774
WIN$D,M15,1659089700,155300.0,155460.0,155195.0,155380.0,181386,5,489908
WIN$D,M15,1659090600,155385.0,155610.0,155285.0,155450.0,264508,5,775063
WIN$D,M15,1659091500,155450.0,155560.0,155210.0,155245.0,205251,5,600422
WIN$D,M15,1659092400,155240.0,155520.0,155160.0,155305.0,237221,5,718835
WIN$D,M15,1659093300,155310.0,155545.0,155225.0,155420.0,149979,5,459998
WIN$D,M15,1659094200,155420.0,155680.0,155325.0,155650.0,153654,5,483507
WIN$D,M15,1659095100,155655.0,155740.0,155480.0,155640.0,132062,5,410317
WIN$D,M15,1659096000,155640.0,155820.0,155485.0,155800.0,124906,5,405292
WIN$D,M15,1659096900,155800.0,155945.0,155605.0,155715.0,148999,5,495926
WIN$D,M15,1659097800,155715.0,155875.0,155610.0,155845.0,107512,5,355865
WIN$D,M15,1659098700,155850.0,155855.0,155665.0,155715.0,81320,5,261289
WIN$D,M15,1659099600,155710.0,155810.0,155625.0,155760.0,87333,5,294453
WIN$D,M15,1659100500,155760.0,155890.0,155745.0,155825.0,77732,5,248416
WIN$D,M15,1659101400,155825.0,155975.0,155740.0,155825.0,98948,5,322266
WIN$D,M15,1659102300,155825.0,156080.0,155785.0,155990.0,95113,5,320726
WIN$D,M15,1659103200,155990.0,156020.0,155905.0,155965.0,62713,5,208020
WIN$D,M15,1659104100,155965.0,156015.0,155890.0,155925.0,57937,5,194540
WIN$D,M15,1659105000,155925.0,156095.0,155890.0,156070.0,78464,5,269786
WIN$D,M15,1659105900,156075.0,156270.0,156055.0,156240.0,99446,5,349932
WIN$D,M15,1659106800,156235.0,156335.0,156125.0,156320.0,99091,5,362448
WIN$D,M15,1659107700,156315.0,156625.0,156265.0,156560.0,128227,5,516382
WIN$D,M15,1659108600,156555.0,156650.0,156500.0,156580.0,80733,5,277188
WIN$D,M15,1659109500,156585.0,156630.0,156550.0,156595.0,49194,5,179685
WIN$D,M15,1659110400,156590.0,156630.0,156365.0,156380.0,85390,5,304069
WIN$D,M15,1659111300,156375.0,156390.0,156145.0,156150.0,99574,5,362106
WIN$D,M15,1659112200,156150.0,156190.0,155965.0,156010.0,95359,5,361662
WIN$D,M15,1659113100,156015.0,156025.0,155665.0,155820.0,134494,5,514742
WIN$D,M15,1659114000,155815.0,155920.0,155700.0,155865.0,88063,5,296808
WIN$D,M15,1659114900,155865.0,155885.0,155780.0,155850.0,43414,5,142972
WIN$D,M15,1659115800,155850.0,155860.0,155570.0,155655.0,71382,5,207864
WIN$D,M15,1659116700,155655.0,155670.0,155480.0,155555.0,35369,5,93678
WIN$D,M15,1659344400,155820.0,155825.0,155560.0,155595.0,115979,5,297543
WIN$D,M15,1659345300,155600.0,155730.0,155555.0,155710.0,79357,5,225728
WIN$D,M15,1659346200,155710.0,155850.0,155690.0,155790.0,116275,5,342230
WIN$D,M15,1659347100,155785.0,155845.0,155445.0,155450.0,151879,5,467956
WIN$D,M15,1659348000,155455.0,155485.0,155200.0,155225.0,232961,5,713233
WIN$D,M15,1659348900,155225.0,155275.0,154900.0,154940.0,204434,5,624210
WIN$D,M15,1659349800,154945.0,155340.0,154685.0,155285.0,275037,5,868652
WIN$D,M15,1659350700,155285.0,155405.0,155050.0,155215.0,213394,5,644036
WIN$D,M15,1659351600,155215.0,155715.0,155005.0,155675.0,257178,5,783395
WIN$D,M15,1659352500,155670.0,155695.0,154995.0,155005.0,221727,5,702475
WIN$D,M15,1659353400,155000.0,155355.0,154810.0,155335.0,198996,5,604974
WIN$D,M15,1659354300,155335.0,155895.0,155305.0,155750.0,192036,5,653059
WIN$D,M15,1659355200,155750.0,155805.0,155465.0,155645.0,122645,5,376529
WIN$D,M15,1659356100,155645.0,155650.0,155365.0,155490.0,118812,5,358174
WIN$D,M15,1659357000,155490.0,155500.0,155250.0,155420.0,108065,5,321411
WIN$D,M15,1659357900,155420.0,155430.0,155290.0,155310.0,67728,5,202718
WIN$D,M15,1659358800,155305.0,155465.0,155230.0,155285.0,84523,5,265325
WIN$D,M15,1659359700,155280.0,155525.0,155245.0,155385.0,94708,5,297365
WIN$D,M15,1659360600,155385.0,155515.0,155290.0,155390.0,95863,5,304025
WIN$D,M15,1659361500,155395.0,155440.0,154975.0,155005.0,123669,5,389541
WIN$D,M15,1659362400,155000.0,155025.0,154620.0,154910.0,150598,5,464153
WIN$D,M15,1659363300,154905.0,154935.0,154575.0,154590.0,134098,5,419194
WIN$D,M15,1659364200,154585.0,154660.0,154410.0,154485.0,145454,5,449200
WIN$D,M15,1659365100,154485.0,154485.0,154255.0,154465.0,149492,5,511758
WIN$D,M15,1659366000,154465.0,154655.0,154375.0,154650.0,113596,5,371778
WIN$D,M15,1659366900,154650.0,154685.0,154485.0,154640.0,99109,5,337341
WIN$D,M15,1659367800,154640.0,154735.0,154575.0,154595.0,87689,5,301120
WIN$D,M15,1659368700,154595.0,155015.0,154580.0,154930.0,121314,5,433999
WIN$D,M15,1659369600,154935.0,154985.0,154815.0,154925.0,87066,5,306074
WIN$D,M15,1659370500,154920.0,154955.0,154650.0,154780.0,83752,5,285928
WIN$D,M15,1659371400,154780.0,154835.0,154640.0,154655.0,88225,5,306601
WIN$D,M15,1659372300,154655.0,154800.0,154530.0,154600.0,90943,5,317073
WIN$D,M15,1659373200,154600.0,154855.0,154570.0,154845.0,60119,5,213135
WIN$D,M15,1659374100,154850.0,154855.0,154690.0,154700.0,46863,5,167997
WIN$D,M15,1659375000,154700.0,154790.0,154690.0,154695.0,31060,5,108200
WIN$D,M15,1659375900,154695.0,154855.0,154660.0,154820.0,18907,5,65682
WIN$D,M15,1659430800,154245.0,154430.0,154090.0,154425.0,145337,5,378990
WIN$D,M15,1659431700,154425.0,154425.0,154225.0,154285.0,138463,5,388711
WIN$D,M15,1659432600,154280.0,154465.0,154275.0,154365.0,144928,5,406530
WIN$D,M15,1659433500,154365.0,154525.0,154275.0,154520.0,128783,5,382989
WIN$D,M15,1659434400,154520.0,154940.0,154340.0,154860.0,318265,5,941556
WIN$D,M15,1659435300,154855.0,154975.0,154745.0,154805.0,206637,5,553022
WIN$D,M15,1659436200,154805.0,155220.0,154745.0,154820.0,380972,5,1091241
WIN$D,M15,1659437100,154820.0,155015.0,154595.0,154660.0,333184,5,994210
WIN$D,M15,1659438000,154660.0,154675.0,154160.0,154540.0,323412,5,1015965
WIN$D,M15,1659438900,154540.0,154710.0,154405.0,154665.0,223204,5,671409
WIN$D,M15,1659439800,154665.0,155310.0,154480.0,155225.0,327683,5,1056421
WIN$D,M15,1659440700,155220.0,155755.0,155080.0,155595.0,288473,5,931534
WIN$D,M15,1659441600,155595.0,155630.0,155305.0,155475.0,148715,5,452381
WIN$D,M15,1659442500,155475.0,155780.0,155415.0,155720.0,151434,5,480109
WIN$D,M15,1659443400,155715.0,155895.0,155545.0,155810.0,143506,5,446530
WIN$D,M15,1659444300,155810.0,155850.0,155610.0,155625.0,95227,5,288152
WIN$D,M15,1659445200,155625.0,155870.0,155605.0,155815.0,94769,5,287112
WIN$D,M15,1659446100,155820.0,155885.0,155760.0,155795.0,65620,5,212557
WIN$D,M15,1659447000,155795.0,156065.0,155785.0,155955.0,107986,5,369791
WIN$D,M15,1659447900,155950.0,155985.0,155770.0,155925.0,100509,5,326668
WIN$D,M15,1659448800,155925.0,156150.0,155905.0,156055.0,101703,5,353571
WIN$D,M15,1659449700,156050.0,156095.0,155550.0,155580.0,147992,5,505895
WIN$D,M15,1659450600,155575.0,155650.0,155335.0,155580.0,173965,5,607210
WIN$D,M15,1659451500,155580.0,155705.0,155460.0,155635.0,132155,5,444004
WIN$D,M15,1659452400,155635.0,155895.0,155570.0,155820.0,127050,5,442854
WIN$D,M15,1659453300,155820.0,156085.0,155680.0,156005.0,144940,5,531059
WIN$D,M15,1659454200,156005.0,156115.0,155945.0,156085.0,99431,5,364572
WIN$D,M15,1659455100,156090.0,156135.0,155885.0,156005.0,126650,5,460808
WIN$D,M15,1659456000,156005.0,156035.0,155795.0,155870.0,114739,5,402377
WIN$D,M15,1659456900,155875.0,155980.0,155775.0,155970.0,106821,5,382117
WIN$D,M15,1659457800,155965.0,156025.0,155835.0,155930.0,91921,5,326643
WIN$D,M15,1659458700,155930.0,155945.0,155660.0,155760.0,99258,5,370294
WIN$D,M15,1659459600,155760.0,155900.0,155700.0,155840.0,66383,5,217447
WIN$D,M15,1659460500,155835.0,155980.0,155785.0,155925.0,45453,5,136206
WIN$D,M15,1659461400,155925.0,156180.0,155880.0,156110.0,57052,5,161406
WIN$D,M15,1659462300,156110.0,156235.0,156095.0,156235.0,31497,5,88055
WIN$D,M15,1659517200,156195.0,156365.0,156005.0,156040.0,164507,5,392172
WIN$D,M15,1659518100,156040.0,156075.0,155940.0,156020.0,92706,5,259065
WIN$D,M15,1659519000,156025.0,156110.0,155905.0,155950.0,134793,5,362624
WIN$D,M15,1659519900,155950.0,156095.0,155905.0,156060.0,97958,5,279349
WIN$D,M15,1659520800,156055.0,156110.0,155770.0,156000.0,271685,5,795595
WIN$D,M15,1659521700,156000.0,156045.0,155775.0,155830.0,195215,5,555614
WIN$D,M15,1659522600,155830.0,156015.0,155560.0,155825.0,327069,5,974790
WIN$D,M15,1659523500,155820.0,156065.0,155710.0,155945.0,193619,5,577611
WIN$D,M15,1659524400,155945.0,155950.0,155575.0,155665.0,249683,5,742652
WIN$D,M15,1659525300,155660.0,155710.0,155370.0,155565.0,195285,5,613068
WIN$D,M15,1659526200,155560.0,155635.0,155220.0,155430.0,233322,5,707353
WIN$D,M15,1659527100,155435.0,155555.0,155300.0,155435.0,113937,5,328716
WIN$D,M15,1659528000,155440.0,155595.0,155245.0,155520.0,176680,5,564223
WIN$D,M15,1659528900,155525.0,155690.0,155470.0,155650.0,101591,5,317525
WIN$D,M15,1659529800,155650.0,156085.0,155645.0,156045.0,155355,5,531286
WIN$D,M15,1659530700,156040.0,156160.0,155895.0,155995.0,124894,5,422793
WIN$D,M15,1659531600,155995.0,156190.0,155880.0,156090.0,132685,5,442887
WIN$D,M15,1659532500,156085.0,156305.0,156050.0,156140.0,112760,5,387258
WIN$D,M15,1659533400,156145.0,156335.0,156105.0,156125.0,104626,5,336858
WIN$D,M15,1659534300,156120.0,156210.0,156105.0,156165.0,60189,5,196388
WIN$D,M15,1659535200,156165.0,156195.0,156010.0,156045.0,83226,5,286647
WIN$D,M15,1659536100,156050.0,156110.0,156010.0,156080.0,63782,5,212359
WIN$D,M15,1659537000,156075.0,156165.0,155905.0,155970.0,97858,5,337347
WIN$D,M15,1659537900,155975.0,156045.0,155845.0,155920.0,112724,5,397566
WIN$D,M15,1659538800,155925.0,156130.0,155915.0,156075.0,93943,5,310901
WIN$D,M15,1659539700,156075.0,156215.0,156025.0,156060.0,95377,5,313716
WIN$D,M15,1659540600,156060.0,156145.0,156000.0,156140.0,84329,5,283825
WIN$D,M15,1659541500,156140.0,156215.0,156075.0,156120.0,76198,5,255512
WIN$D,M15,1659542400,156120.0,156240.0,156090.0,156195.0,81183,5,278394
WIN$D,M15,1659543300,156200.0,156305.0,156130.0,156190.0,84426,5,289821
WIN$D,M15,1659544200,156195.0,156330.0,156145.0,156290.0,66253,5,226277
WIN$D,M15,1659545100,156290.0,156295.0,156130.0,156170.0,81061,5,293129
WIN$D,M15,1659546000,156170.0,156400.0,156155.0,156355.0,61933,5,214298
WIN$D,M15,1659546900,156355.0,156395.0,156300.0,156360.0,32386,5,99157
WIN$D,M15,1659547800,156360.0,156460.0,156350.0,156440.0,38362,5,123192
WIN$D,M15,1659548700,156435.0,156480.0,156375.0,156420.0,22427,5,73877
WIN$D,M15,1659603600,156260.0,156965.0,156165.0,156905.0,222684,5,600086
WIN$D,M15,1659604500,156905.0,157130.0,156860.0,157045.0,147924,5,413627
WIN$D,M15,1659605400,157050.0,157230.0,157005.0,157090.0,124133,5,340252
WIN$D,M15,1659606300,157095.0,157095.0,156965.0,157070.0,89385,5,255388
WIN$D,M15,1659607200,157070.0,157310.0,157000.0,157245.0,208456,5,599943
WIN$D,M15,1659608100,157245.0,157495.0,157170.0,157455.0,230566,5,697784
WIN$D,M15,1659609000,157455.0,157505.0,157215.0,157420.0,239232,5,745449
WIN$D,M15,1659609900,157415.0,157665.0,157375.0,157570.0,210112,5,678991
WIN$D,M15,1659610800,157575.0,157715.0,157385.0,157605.0,171668,5,554095
WIN$D,M15,1659611700,157605.0,157755.0,157545.0,157700.0,165160,5,549626
WIN$D,M15,1659612600,157700.0,157735.0,157450.0,157460.0,145815,5,492040
WIN$D,M15,1659613500,157460.0,157710.0,157440.0,157630.0,127848,5,428587
WIN$D,M15,1659614400,157630.0,157650.0,157485.0,157490.0,85677,5,272670
WIN$D,M15,1659615300,157495.0,157665.0,157465.0,157630.0,91274,5,321770
WIN$D,M15,1659616200,157635.0,157785.0,157545.0,157560.0,123392,5,431140
WIN$D,M15,1659617100,157565.0,157805.0,157550.0,157715.0,103425,5,367398
WIN$D,M15,1659618000,157710.0,157920.0,157695.0,157850.0,101213,5,372463
WIN$D,M15,1659618900,157850.0,158035.0,157785.0,157990.0,106705,5,401761
WIN$D,M15,1659619800,157990.0,158185.0,157955.0,158115.0,124265,5,447815
WIN$D,M15,1659620700,158115.0,158125.0,158005.0,158110.0,74751,5,264422
WIN$D,M15,1659621600,158110.0,158285.0,158040.0,158260.0,110000,5,411447
WIN$D,M15,1659622500,158260.0,158450.0,158240.0,158405.0,119725,5,451202
WIN$D,M15,1659623400,158405.0,158545.0,158355.0,158480.0,93327,5,354234
WIN$D,M15,1659624300,158485.0,158645.0,158475.0,158550.0,97952,5,363011
WIN$D,M15,1659625200,158555.0,158575.0,158350.0,158455.0,121262,5,433578
WIN$D,M15,1659626100,158460.0,158545.0,158400.0,158495.0,75719,5,270376
WIN$D,M15,1659627000,158495.0,158525.0,158315.0,158370.0,81528,5,291061
WIN$D,M15,1659627900,158370.0,158395.0,158245.0,158325.0,96112,5,361872
WIN$D,M15,1659628800,158330.0,158480.0,158305.0,158455.0,76338,5,273406
WIN$D,M15,1659629700,158460.0,158675.0,158410.0,158605.0,106430,5,417207
WIN$D,M15,1659630600,158610.0,158615.0,158410.0,158415.0,83839,5,308865
WIN$D,M15,1659631500,158410.0,158490.0,158285.0,158405.0,106412,5,410854
WIN$D,M15,1659632400,158405.0,158595.0,158370.0,158545.0,79052,5,278975
WIN$D,M15,1659633300,158550.0,158725.0,158510.0,158680.0,62309,5,219792
WIN$D,M15,1659634200,158680.0,158955.0,158675.0,158945.0,73772,5,262432
WIN$D,M15,1659635100,158945.0,159215.0,158895.0,158900.0,52125,5,180607
WIN$D,M15,1659690000,158730.0,158885.0,158545.0,158875.0,128733,5,330989
WIN$D,M15,1659690900,158875.0,159190.0,158820.0,159100.0,154813,5,394931
WIN$D,M15,1659691800,159100.0,159115.0,158330.0,158410.0,297718,5,721897
WIN$D,M15,1659692700,158410.0,158555.0,158135.0,158375.0,195423,5,546235
WIN$D,M15,1659693600,158375.0,158675.0,158155.0,158220.0,274353,5,786762
WIN$D,M15,1659694500,158215.0,158355.0,157890.0,157910.0,235708,5,678592
WIN$D,M15,1659695400,157910.0,158460.0,157865.0,158425.0,259221,5,749072
WIN$D,M15,1659696300,158425.0,158960.0,158375.0,158925.0,251214,5,775823
WIN$D,M15,1659697200,158925.0,159045.0,158590.0,158890.0,257025,5,806419
WIN$D,M15,1659698100,158890.0,159235.0,158710.0,159215.0,229998,5,701371
WIN$D,M15,1659699000,159215.0,159340.0,159070.0,159265.0,160153,5,470577
WIN$D,M15,1659699900,159270.0,159620.0,159245.0,159510.0,155205,5,517811
WIN$D,M15,1659700800,159515.0,159520.0,158955.0,159055.0,162195,5,540185
WIN$D,M15,1659701700,159055.0,159095.0,158515.0,158540.0,156106,5,540472
WIN$D,M15,1659702600,158540.0,158845.0,158515.0,158695.0,120436,5,383399
WIN$D,M15,1659703500,158695.0,158715.0,158555.0,158645.0,87068,5,281629
WIN$D,M15,1659704400,158650.0,158900.0,158640.0,158840.0,87368,5,286682
WIN$D,M15,1659705300,158845.0,158860.0,158675.0,158745.0,66217,5,209837
WIN$D,M15,1659706200,158745.0,158920.0,158650.0,158880.0,77021,5,241965
WIN$D,M15,1659707100,158880.0,159050.0,158825.0,159020.0,80291,5,264530
WIN$D,M15,1659708000,159025.0,159440.0,159010.0,159410.0,116374,5,402113
WIN$D,M15,1659708900,159415.0,159540.0,159250.0,159300.0,112821,5,403109
WIN$D,M15,1659709800,159300.0,159370.0,159135.0,159140.0,76530,5,261912
WIN$D,M15,1659710700,159135.0,159195.0,158970.0,159070.0,91888,5,347548
WIN$D,M15,1659711600,159075.0,159135.0,158715.0,158730.0,120806,5,405101
WIN$D,M15,1659712500,158730.0,158900.0,158390.0,158420.0,132829,5,449911
WIN$D,M15,1659713400,158425.0,158665.0,158395.0,158630.0,100197,5,331588
WIN$D,M15,1659714300,158635.0,158660.0,158485.0,158635.0,80957,5,273703
WIN$D,M15,1659715200,158635.0,158770.0,158460.0,158655.0,105807,5,383714
WIN$D,M15,1659716100,158655.0,158715.0,158525.0,158705.0,81434,5,296005
WIN$D,M15,1659717000,158705.0,158760.0,158615.0,158740.0,70693,5,238200
WIN$D,M15,1659717900,158740.0,158845.0,158655.0,158810.0,75185,5,265534
WIN$D,M15,1659718800,158805.0,158890.0,158660.0,158715.0,64078,5,216921
WIN$D,M15,1659719700,158710.0,158885.0,158705.0,158820.0,41425,5,147667
WIN$D,M15,1659720600,158825.0,158880.0,158720.0,158765.0,43695,5,135630
WIN$D,M15,1659721500,158760.0,158960.0,158705.0,158705.0,30081,5,97225
WIN$D,M15,1659949200,159245.0,159675.0,159150.0,159640.0,181479,5,496821
WIN$D,M15,1659950100,159645.0,159765.0,159600.0,159690.0,108522,5,314689
WIN$D,M15,1659951000,159690.0,159730.0,159545.0,159625.0,82239,5,222247
WIN$D,M15,1659951900,159625.0,159705.0,159520.0,159620.0,140007,5,405422
WIN$D,M15,1659952800,159625.0,159675.0,159395.0,159560.0,245060,5,664680
WIN$D,M15,1659953700,159555.0,159990.0,159495.0,159810.0,283491,5,778365
WIN$D,M15,1659954600,159805.0,160420.0,159735.0,160350.0,318933,5,980494
WIN$D,M15,1659955500,160350.0,160495.0,160305.0,160425.0,173426,5,516946
WIN$D,M15,1659956400,160425.0,160450.0,160080.0,160115.0,174973,5,537026
WIN$D,M15,1659957300,160115.0,160390.0,160050.0,160380.0,186061,5,535357
WIN$D,M15,1659958200,160375.0,160430.0,160105.0,160205.0,158534,5,459689
WIN$D,M15,1659959100,160205.0,160365.0,160025.0,160335.0,151561,5,449687
WIN$D,M15,1659960000,160340.0,160625.0,160255.0,160615.0,156272,5,495807
WIN$D,M15,1659960900,160610.0,160665.0,160495.0,160570.0,120193,5,392145
WIN$D,M15,1659961800,160570.0,160570.0,160080.0,160130.0,151770,5,486242
WIN$D,M15,1659962700,160130.0,160335.0,160090.0,160285.0,105458,5,337351
WIN$D,M15,1659963600,160285.0,160425.0,160260.0,160330.0,104989,5,326358
WIN$D,M15,1659964500,160325.0,160415.0,160100.0,160330.0,135765,5,434043
WIN$D,M15,1659965400,160325.0,160470.0,160260.0,160455.0,115836,5,360660
WIN$D,M15,1659966300,160455.0,160610.0,160415.0,160460.0,109987,5,342765
WIN$D,M15,1659967200,160465.0,160730.0,160450.0,160695.0,115954,5,363288
WIN$D,M15,1659968100,160700.0,160780.0,160605.0,160610.0,111225,5,352962
WIN$D,M15,1659969000,160610.0,160735.0,160580.0,160725.0,95784,5,300787
WIN$D,M15,1659969900,160720.0,160875.0,160650.0,160830.0,138368,5,466927
WIN$D,M15,1659970800,160835.0,160840.0,160515.0,160655.0,142604,5,474486
WIN$D,M15,1659971700,160655.0,160670.0,160495.0,160610.0,108964,5,350896
WIN$D,M15,1659972600,160610.0,160700.0,160560.0,160650.0,108507,5,344435
WIN$D,M15,1659973500,160655.0,160700.0,160540.0,160630.0,88605,5,292689
WIN$D,M15,1659974400,160630.0,160685.0,160555.0,160625.0,77479,5,261057
WIN$D,M15,1659975300,160620.0,160655.0,160510.0,160585.0,97547,5,337077
WIN$D,M15,1659976200,160580.0,160805.0,160475.0,160740.0,129067,5,464728
WIN$D,M15,1659977100,160745.0,160830.0,160645.0,160710.0,96159,5,333683
WIN$D,M15,1659978000,160715.0,161050.0,160710.0,161010.0,104188,5,379131
WIN$D,M15,1659978900,161010.0,161045.0,160940.0,160990.0,48769,5,162344
WIN$D,M15,1659979800,160985.0,161180.0,160960.0,161165.0,72730,5,252286
WIN$D,M15,1659980700,161165.0,161285.0,161095.0,161285.0,34311,5,122733
WIN$D,M15,1660035600,161095.0,161195.0,160775.0,160820.0,165873,5,423064
WIN$D,M15,1660036500,160820.0,161270.0,160780.0,161175.0,175542,5,475517
WIN$D,M15,1660037400,161175.0,161435.0,161100.0,161375.0,180535,5,496204
WIN$D,M15,1660038300,161370.0,161425.0,161285.0,161305.0,102283,5,279619
WIN$D,M15,1660039200,161305.0,161585.0,161170.0,161510.0,288009,5,819779
WIN$D,M15,1660040100,161510.0,161540.0,160965.0,161090.0,251320,5,731322
WIN$D,M15,1660041000,161090.0,161230.0,160920.0,161150.0,315660,5,909135
WIN$D,M15,1660041900,161145.0,161250.0,160600.0,160770.0,331195,5,978259
WIN$D,M15,1660042800,160775.0,160845.0,160570.0,160760.0,213711,5,662937
WIN$D,M15,1660043700,160760.0,160960.0,160555.0,160600.0,241038,5,768777
WIN$D,M15,1660044600,160600.0,160620.0,160145.0,160355.0,240312,5,809485
WIN$D,M15,1660045500,160355.0,160470.0,160235.0,160395.0,156064,5,450806
WIN$D,M15,1660046400,160395.0,160400.0,160115.0,160380.0,144568,5,456997
WIN$D,M15,1660047300,160380.0,160480.0,160320.0,160345.0,107892,5,330286
WIN$D,M15,1660048200,160340.0,160415.0,160165.0,160345.0,130266,5,400502
WIN$D,M15,1660049100,160345.0,160415.0,160270.0,160280.0,83247,5,261552
WIN$D,M15,1660050000,160285.0,160370.0,160180.0,160310.0,97376,5,327604
WIN$D,M15,1660050900,160310.0,160555.0,160285.0,160390.0,106532,5,353761
WIN$D,M15,1660051800,160390.0,160515.0,160375.0,160485.0,70009,5,226702
WIN$D,M15,1660052700,160485.0,160495.0,160275.0,160450.0,111115,5,362036
WIN$D,M15,1660053600,160450.0,160635.0,160395.0,160525.0,125508,5,427714
WIN$D,M15,1660054500,160525.0,160680.0,160460.0,160570.0,122809,5,413459
WIN$D,M15,1660055400,160570.0,160585.0,160345.0,160425.0,95984,5,311308
WIN$D,M15,1660056300,160430.0,160625.0,160350.0,160570.0,102489,5,339099
WIN$D,M15,1660057200,160565.0,160715.0,160565.0,160640.0,97290,5,335136
WIN$D,M15,1660058100,160635.0,160640.0,160365.0,160445.0,112428,5,377679
WIN$D,M15,1660059000,160445.0,160560.0,160375.0,160455.0,101494,5,350471
WIN$D,M15,1660059900,160455.0,160670.0,160430.0,160580.0,95340,5,333975
WIN$D,M15,1660060800,160585.0,160685.0,160510.0,160575.0,84905,5,285106
WIN$D,M15,1660061700,160570.0,161065.0,160565.0,160945.0,144031,5,534362
WIN$D,M15,1660062600,160945.0,161105.0,160875.0,160895.0,124258,5,434847
WIN$D,M15,1660063500,160890.0,160995.0,160835.0,160950.0,101772,5,343766
WIN$D,M15,1660064400,160950.0,161155.0,160900.0,161150.0,94604,5,312282
WIN$D,M15,1660065300,161150.0,161270.0,161060.0,161230.0,63852,5,195284
WIN$D,M15,1660066200,161225.0,161495.0,161210.0,161375.0,76324,5,247638
WIN$D,M15,1660067100,161370.0,161435.0,161080.0,161080.0,22815,5,72855
WIN$D,M15,1660122000,160995.0,161470.0,160920.0,161115.0,190829,5,471931
WIN$D,M15,1660122900,161115.0,161435.0,161085.0,161265.0,151789,5,359003
WIN$D,M15,1660123800,161265.0,162880.0,161240.0,162740.0,367650,5,971569
WIN$D,M15,1660124700,162740.0,162815.0,162360.0,162360.0,194272,5,546113
WIN$D,M15,1660125600,162360.0,162810.0,162270.0,162335.0,271294,5,725930
WIN$D,M15,1660126500,162335.0,162410.0,162135.0,162320.0,212906,5,568474
WIN$D,M15,1660127400,162315.0,162395.0,162025.0,162325.0,275387,5,774740
WIN$D,M15,1660128300,162320.0,162570.0,162050.0,162105.0,244825,5,688984
WIN$D,M15,1660129200,162110.0,162400.0,162075.0,162150.0,212263,5,596189
WIN$D,M15,1660130100,162150.0,162190.0,161700.0,161970.0,244445,5,708254
WIN$D,M15,1660131000,161975.0,162405.0,161925.0,162320.0,206701,5,647386
WIN$D,M15,1660131900,162320.0,162495.0,162205.0,162445.0,166984,5,488478
WIN$D,M15,1660132800,162440.0,162555.0,162300.0,162365.0,131717,5,394416
WIN$D,M15,1660133700,162360.0,162450.0,162250.0,162320.0,99195,5,293927
WIN$D,M15,1660134600,162320.0,162460.0,162145.0,162255.0,133172,5,413285
WIN$D,M15,1660135500,162250.0,162390.0,162205.0,162305.0,76420,5,238724
WIN$D,M15,1660136400,162300.0,162415.0,162300.0,162375.0,54516,5,168159
WIN$D,M15,1660137300,162375.0,162390.0,162215.0,162310.0,74525,5,244747
WIN$D,M15,1660138200,162315.0,162500.0,162270.0,162420.0,84940,5,265951
WIN$D,M15,1660139100,162415.0,162485.0,162380.0,162475.0,58521,5,185202
WIN$D,M15,1660140000,162475.0,162585.0,162420.0,162530.0,70902,5,224207
WIN$D,M15,1660140900,162535.0,162625.0,162485.0,162540.0,73143,5,232980
WIN$D,M15,1660141800,162535.0,162585.0,162360.0,162575.0,96280,5,303158
WIN$D,M15,1660142700,162575.0,162610.0,162400.0,162470.0,83881,5,272803
WIN$D,M15,1660143600,162475.0,162495.0,162250.0,162255.0,124225,5,417502
WIN$D,M15,1660144500,162250.0,162345.0,162120.0,162220.0,116369,5,369203
WIN$D,M15,1660145400,162220.0,162305.0,162130.0,162175.0,92246,5,303175
WIN$D,M15,1660146300,162175.0,162190.0,161875.0,162150.0,165380,5,553792
WIN$D,M15,1660147200,162145.0,162305.0,162085.0,162280.0,111744,5,365568
WIN$D,M15,1660148100,162280.0,162415.0,162240.0,162350.0,73857,5,241901
WIN$D,M15,1660149000,162350.0,162415.0,162205.0,162395.0,88854,5,324214
WIN$D,M15,1660149900,162400.0,162580.0,162390.0,162560.0,97397,5,339794
WIN$D,M15,1660150800,162560.0,162695.0,162515.0,162580.0,88357,5,288657
WIN$D,M15,1660151700,162580.0,162680.0,162450.0,162650.0,86494,5,274601
WIN$D,M15,1660152600,162655.0,162720.0,162590.0,162610.0,54867,5,153081
WIN$D,M15,1660153500,162610.0,162655.0,162505.0,162520.0,25524,5,77256
WIN$D,M15,1660208400,162795.0,163485.0,162700.0,163395.0,217753,5,578279
WIN$D,M15,1660209300,163395.0,163525.0,163335.0,163420.0,132913,5,357556
WIN$D,M15,1660210200,163415.0,163690.0,163350.0,163470.0,256775,5,708313
WIN$D,M15,1660211100,163470.0,163760.0,163450.0,163640.0,203836,5,568527
WIN$D,M15,1660212000,163640.0,163745.0,163420.0,163550.0,198115,5,547630
WIN$D,M15,1660212900,163545.0,163580.0,163340.0,163385.0,178533,5,513574
WIN$D,M15,1660213800,163385.0,163470.0,163215.0,163360.0,258667,5,725907
WIN$D,M15,1660214700,163360.0,163385.0,163145.0,163255.0,187802,5,558991
WIN$D,M15,1660215600,163255.0,163275.0,162725.0,162950.0,274101,5,864070
WIN$D,M15,1660216500,162945.0,163260.0,162830.0,162915.0,215697,5,657587
WIN$D,M15,1660217400,162915.0,163160.0,162685.0,162845.0,206489,5,608499
WIN$D,M15,1660218300,162845.0,162960.0,162620.0,162680.0,182650,5,537893
WIN$D,M15,1660219200,162685.0,162685.0,162235.0,162335.0,215964,5,688294
WIN$D,M15,1660220100,162335.0,162570.0,162245.0,162530.0,144570,5,443729
WIN$D,M15,1660221000,162535.0,162725.0,162470.0,162660.0,130139,5,408034
WIN$D,M15,1660221900,162655.0,162690.0,162425.0,162585.0,119925,5,358780
WIN$D,M15,1660222800,162580.0,162790.0,162555.0,162675.0,120596,5,368831
WIN$D,M15,1660223700,162675.0,162765.0,162610.0,162730.0,79757,5,235925
WIN$D,M15,1660224600,162735.0,162770.0,162600.0,162660.0,64381,5,196028
WIN$D,M15,1660225500,162665.0,162860.0,162660.0,162835.0,87709,5,273237
WIN$D,M15,1660226400,162830.0,162895.0,162725.0,162850.0,82457,5,255556
WIN$D,M15,1660227300,162855.0,163145.0,162825.0,163020.0,125344,5,413808
WIN$D,M15,1660228200,163020.0,163305.0,162945.0,163200.0,106614,5,353741
WIN$D,M15,1660229100,163200.0,163205.0,162910.0,163005.0,114325,5,370821
WIN$D,M15,1660230000,163010.0,163030.0,162745.0,162785.0,110177,5,366044
WIN$D,M15,1660230900,162785.0,162950.0,162750.0,162910.0,104893,5,347912
WIN$D,M15,1660231800,162910.0,162915.0,162375.0,162510.0,173180,5,576983
WIN$D,M15,1660232700,162510.0,162515.0,161725.0,162065.0,243775,5,858305
WIN$D,M15,1660233600,162065.0,162170.0,161710.0,161895.0,148662,5,479021
WIN$D,M15,1660234500,161895.0,162080.0,161820.0,162015.0,102040,5,319688
WIN$D,M15,1660235400,162020.0,162140.0,161940.0,162080.0,87766,5,275726
WIN$D,M15,1660236300,162080.0,162390.0,161965.0,162185.0,139149,5,470220
WIN$D,M15,1660237200,162190.0,162265.0,161975.0,162025.0,84188,5,260668
WIN$D,M15,1660238100,162025.0,162310.0,162015.0,162275.0,64839,5,211571
WIN$D,M15,1660239000,162275.0,162320.0,162125.0,162150.0,48036,5,130913
WIN$D,M15,1660239900,162145.0,162295.0,162070.0,162295.0,27628,5,71223
WIN$D,M15,1660294800,162280.0,162815.0,162275.0,162655.0,200671,5,504814
WIN$D,M15,1660295700,162655.0,162790.0,162530.0,162595.0,158109,5,419403
WIN$D,M15,1660296600,162590.0,162785.0,162535.0,162665.0,129949,5,339916
WIN$D,M15,1660297500,162665.0,162905.0,162610.0,162670.0,156322,5,429111
WIN$D,M15,1660298400,162670.0,162960.0,162540.0,162945.0,261203,5,742342
WIN$D,M15,1660299300,162950.0,163190.0,162855.0,163035.0,231319,5,647755
WIN$D,M15,1660300200,163030.0,163060.0,162815.0,162995.0,243164,5,674363
WIN$D,M15,1660301100,162995.0,163330.0,162995.0,163210.0,229453,5,647092
WIN$D,M15,1660302000,163215.0,163360.0,162850.0,163230.0,275782,5,748907
WIN$D,M15,1660302900,163235.0,163335.0,163075.0,163155.0,148939,5,421757
WIN$D,M15,1660303800,163155.0,163295.0,162935.0,163010.0,168013,5,474054
WIN$D,M15,1660304700,163010.0,163180.0,162960.0,162970.0,132303,5,388004
WIN$D,M15,1660305600,162975.0,163330.0,162915.0,163275.0,141943,5,445698
WIN$D,M15,1660306500,163275.0,163415.0,163215.0,163270.0,121148,5,371859
WIN$D,M15,1660307400,163265.0,163320.0,163120.0,163220.0,109604,5,327625
WIN$D,M15,1660308300,163225.0,163580.0,163220.0,163520.0,114859,5,372952
WIN$D,M15,1660309200,163520.0,163680.0,163505.0,163590.0,96676,5,298153
WIN$D,M15,1660310100,163585.0,163840.0,163540.0,163800.0,117320,5,387594
WIN$D,M15,1660311000,163800.0,163870.0,163660.0,163725.0,104163,5,345925
WIN$D,M15,1660311900,163730.0,163850.0,163700.0,163740.0,70707,5,219992
WIN$D,M15,1660312800,163740.0,163950.0,163735.0,163830.0,83782,5,268472
WIN$D,M15,1660313700,163830.0,163970.0,163730.0,163940.0,92980,5,303737
WIN$D,M15,1660314600,163940.0,164070.0,163880.0,163950.0,92769,5,313755
WIN$D,M15,1660315500,163950.0,164090.0,163920.0,164040.0,67792,5,227288
WIN$D,M15,1660316400,164040.0,164245.0,163995.0,164180.0,111030,5,386967
WIN$D,M15,1660317300,164180.0,164300.0,164145.0,164215.0,84295,5,290768
WIN$D,M15,1660318200,164215.0,164295.0,164145.0,164195.0,64807,5,222141
WIN$D,M15,1660319100,164195.0,164270.0,164080.0,164245.0,84944,5,296062
WIN$D,M15,1660320000,164250.0,164375.0,164240.0,164320.0,90458,5,315070
WIN$D,M15,1660320900,164325.0,164625.0,164305.0,164535.0,131664,5,471446
WIN$D,M15,1660321800,164535.0,164710.0,164470.0,164660.0,90018,5,313577
WIN$D,M15,1660322700,164655.0,164660.0,164425.0,164565.0,103998,5,356888
WIN$D,M15,1660323600,164565.0,164655.0,164490.0,164625.0,70422,5,230295
WIN$D,M15,1660324500,164625.0,164740.0,164570.0,164725.0,60740,5,204323
WIN$D,M15,1660325400,164730.0,164795.0,164640.0,164755.0,54762,5,161507
WIN$D,M15,1660326300,164750.0,164905.0,164705.0,164705.0,43032,5,123417
WIN$D,M15,1660554000,163495.0,163495.0,162950.0,163120.0,193596,5,479530
WIN$D,M15,1660554900,163120.0,163255.0,163030.0,163100.0,132825,5,376681
WIN$D,M15,1660555800,163105.0,163240.0,162810.0,162960.0,177667,5,504934
WIN$D,M15,1660556700,162960.0,163205.0,162875.0,163200.0,143929,5,415540
WIN$D,M15,1660557600,163200.0,163485.0,163170.0,163480.0,214312,5,609525
WIN$D,M15,1660558500,163480.0,163630.0,163255.0,163305.0,230731,5,681962
WIN$D,M15,1660559400,163305.0,163590.0,163135.0,163460.0,285288,5,825002
WIN$D,M15,1660560300,163460.0,164035.0,163425.0,163955.0,229798,5,710640
WIN$D,M15,1660561200,163955.0,164075.0,163850.0,163880.0,162223,5,489174
WIN$D,M15,1660562100,163880.0,164090.0,163685.0,164050.0,183902,5,584657
WIN$D,M15,1660563000,164050.0,164535.0,164020.0,164500.0,201000,5,657522
WIN$D,M15,1660563900,164500.0,164565.0,164265.0,164370.0,126636,5,409376
WIN$D,M15,1660564800,164370.0,164495.0,164315.0,164485.0,105616,5,340231
WIN$D,M15,1660565700,164485.0,164870.0,164480.0,164700.0,161928,5,578452
WIN$D,M15,1660566600,164705.0,164960.0,164680.0,164900.0,104632,5,343656
WIN$D,M15,1660567500,164900.0,165075.0,164875.0,164930.0,102988,5,357217
WIN$D,M15,1660568400,164930.0,165050.0,164925.0,165035.0,54696,5,184994
WIN$D,M15,1660569300,165030.0,165065.0,164855.0,164920.0,69299,5,228046
WIN$D,M15,1660570200,164925.0,164980.0,164785.0,164795.0,80377,5,277734
WIN$D,M15,1660571100,164800.0,164890.0,164695.0,164875.0,82972,5,292239
WIN$D,M15,1660572000,164875.0,164940.0,164795.0,164805.0,88574,5,310553
WIN$D,M15,1660572900,164805.0,164850.0,164705.0,164830.0,90959,5,314020
WIN$D,M15,1660573800,164830.0,164860.0,164700.0,164750.0,72203,5,261169
WIN$D,M15,1660574700,164745.0,164890.0,164720.0,164860.0,80138,5,279128
WIN$D,M15,1660575600,164860.0,164875.0,164640.0,164820.0,118520,5,410334
WIN$D,M15,1660576500,164820.0,164935.0,164760.0,164905.0,90072,5,315936
WIN$D,M15,1660577400,164905.0,165325.0,164840.0,165290.0,151774,5,554672
WIN$D,M15,1660578300,165290.0,165300.0,165095.0,165110.0,94896,5,357525
WIN$D,M15,1660579200,165105.0,165245.0,165095.0,165200.0,69979,5,253684
WIN$D,M15,1660580100,165200.0,165305.0,165135.0,165280.0,79307,5,286680
WIN$D,M15,1660581000,165280.0,165290.0,165130.0,165160.0,65967,5,255723
WIN$D,M15,1660581900,165165.0,165185.0,164955.0,165055.0,91448,5,329754
WIN$D,M15,1660582800,165055.0,165145.0,164975.0,164995.0,72128,5,261664
WIN$D,M15,1660583700,164995.0,165225.0,164970.0,165185.0,57594,5,197245
WIN$D,M15,1660584600,165190.0,165270.0,165145.0,165225.0,53636,5,164872
WIN$D,M15,1660585500,165225.0,165300.0,165115.0,165210.0,27676,5,95918
WIN$D,M15,1660640400,165045.0,165195.0,164685.0,164785.0,206814,5,506999
WIN$D,M15,1660641300,164785.0,165005.0,164740.0,164965.0,151510,5,410869
WIN$D,M15,1660642200,164965.0,165245.0,164880.0,165020.0,233231,5,631788
WIN$D,M15,1660643100,165025.0,165045.0,164780.0,164970.0,187305,5,544782
WIN$D,M15,1660644000,164970.0,165230.0,164795.0,164900.0,271228,5,797570
WIN$D,M15,1660644900,164900.0,165180.0,164835.0,165030.0,265070,5,767813
WIN$D,M15,1660645800,165030.0,165445.0,164950.0,165050.0,335849,5,982211
WIN$D,M15,1660646700,165055.0,165410.0,164980.0,165340.0,243802,5,712358
WIN$D,M15,1660647600,165340.0,165430.0,165095.0,165370.0,222146,5,679593
WIN$D,M15,1660648500,165365.0,165680.0,165305.0,165485.0,218015,5,713124
WIN$D,M15,1660649400,165480.0,165490.0,165165.0,165260.0,175974,5,517889
WIN$D,M15,1660650300,165260.0,165305.0,164735.0,164880.0,211222,5,657001
WIN$D,M15,1660651200,164875.0,165045.0,164705.0,165040.0,151159,5,460099
WIN$D,M15,1660652100,165045.0,165185.0,164975.0,165125.0,122859,5,387548
WIN$D,M15,1660653000,165125.0,165190.0,164910.0,164920.0,130775,5,420601
WIN$D,M15,1660653900,164915.0,165155.0,164885.0,164985.0,112826,5,352844
WIN$D,M15,1660654800,164990.0,165180.0,164895.0,165135.0,90827,5,293709
WIN$D,M15,1660655700,165135.0,165265.0,165105.0,165150.0,96022,5,303067
WIN$D,M15,1660656600,165150.0,165175.0,164865.0,164925.0,97939,5,325407
WIN$D,M15,1660657500,164925.0,165045.0,164835.0,164985.0,84896,5,273306
WIN$D,M15,1660658400,164985.0,165165.0,164960.0,165160.0,76404,5,257411
WIN$D,M15,1660659300,165165.0,165165.0,164940.0,164975.0,80238,5,274329
WIN$D,M15,1660660200,164975.0,165185.0,164955.0,165135.0,78215,5,278614
WIN$D,M15,1660661100,165135.0,165435.0,165115.0,165355.0,119578,5,412405
WIN$D,M15,1660662000,165355.0,165610.0,165335.0,165465.0,117486,5,405891
WIN$D,M15,1660662900,165465.0,165600.0,165420.0,165525.0,96994,5,334711
WIN$D,M15,1660663800,165530.0,165570.0,165190.0,165225.0,127652,5,457219
WIN$D,M15,1660664700,165220.0,165220.0,164975.0,165135.0,146366,5,486904
WIN$D,M15,1660665600,165135.0,165215.0,164920.0,165195.0,130082,5,424512
WIN$D,M15,1660666500,165200.0,165420.0,165125.0,165355.0,111324,5,373111
WIN$D,M15,1660667400,165350.0,165595.0,165335.0,165570.0,98089,5,339809
WIN$D,M15,1660668300,165570.0,165665.0,165480.0,165590.0,106190,5,366347
WIN$D,M15,1660669200,165585.0,165660.0,165525.0,165605.0,46491,5,147626
WIN$D,M15,1660670100,165610.0,165765.0,165585.0,165730.0,54918,5,176702
WIN$D,M15,1660671000,165735.0,165880.0,165725.0,165845.0,53050,5,136754
WIN$D,M15,1660671900,165850.0,165885.0,165685.0,165780.0,29729,5,74175
WIN$D,M15,1660726800,164825.0,164870.0,164365.0,164410.0,153911,5,352932
WIN$D,M15,1660727700,164415.0,164500.0,164310.0,164425.0,94814,5,246629
WIN$D,M15,1660728600,164425.0,164535.0,164170.0,164430.0,189741,5,499823
WIN$D,M15,1660729500,164430.0,164475.0,164200.0,164395.0,136202,5,379006
WIN$D,M15,1660730400,164395.0,164670.0,164295.0,164640.0,204806,5,580336
WIN$D,M15,1660731300,164645.0,164900.0,164510.0,164740.0,203863,5,600789
WIN$D,M15,1660732200,164740.0,165050.0,164685.0,165035.0,271533,5,817542
WIN$D,M15,1660733100,165035.0,165325.0,164980.0,165300.0,189204,5,571937
WIN$D,M15,1660734000,165300.0,165500.0,165190.0,165310.0,174025,5,545289
WIN$D,M15,1660734900,165315.0,165495.0,165155.0,165455.0,174545,5,549438
WIN$D,M15,1660735800,165455.0,165635.0,165320.0,165615.0,174893,5,571776
WIN$D,M15,1660736700,165615.0,165650.0,165275.0,165320.0,118807,5,391711
WIN$D,M15,1660737600,165315.0,165610.0,165300.0,165595.0,119974,5,404552
WIN$D,M15,1660738500,165595.0,165810.0,165500.0,165805.0,111766,5,387872
WIN$D,M15,1660739400,165810.0,165895.0,165525.0,165530.0,103726,5,362712
WIN$D,M15,1660740300,165530.0,165625.0,165350.0,165365.0,101660,5,343036
WIN$D,M15,1660741200,165365.0,165535.0,165355.0,165385.0,76833,5,254788
WIN$D,M15,1660742100,165380.0,165440.0,165275.0,165430.0,87581,5,297240
WIN$D,M15,1660743000,165430.0,165610.0,165355.0,165570.0,90553,5,299441
WIN$D,M15,1660743900,165575.0,165660.0,165410.0,165415.0,100184,5,352996
WIN$D,M15,1660744800,165420.0,165530.0,165135.0,165510.0,127872,5,445333
WIN$D,M15,1660745700,165505.0,165570.0,165365.0,165480.0,92711,5,306726
WIN$D,M15,1660746600,165480.0,165505.0,165245.0,165265.0,93466,5,305495
WIN$D,M15,1660747500,165270.0,165635.0,165255.0,165570.0,80835,5,261757
WIN$D,M15,1660748400,165570.0,166105.0,165415.0,166090.0,273405,5,865318
WIN$D,M15,1660749300,166095.0,166130.0,165670.0,165810.0,145666,5,475740
WIN$D,M15,1660750200,165805.0,166000.0,165715.0,165835.0,117129,5,388228
WIN$D,M15,1660751100,165835.0,165900.0,165690.0,165705.0,87363,5,302996
WIN$D,M15,1660752000,165700.0,165815.0,165370.0,165485.0,112831,5,406993
WIN$D,M15,1660752900,165490.0,165685.0,165430.0,165655.0,88153,5,313032
WIN$D,M15,1660753800,165660.0,165790.0,165585.0,165725.0,81851,5,292603
WIN$D,M15,1660754700,165725.0,165725.0,165535.0,165640.0,88719,5,319119
WIN$D,M15,1660755600,165640.0,165755.0,165560.0,165735.0,44485,5,153851
WIN$D,M15,1660756500,165735.0,165745.0,165545.0,165565.0,43689,5,148375
WIN$D,M15,1660757400,165570.0,165635.0,165450.0,165510.0,41639,5,132341
WIN$D,M15,1660758300,165510.0,165540.0,165370.0,165370.0,19488,5,64031
WIN$D,M15,1660813200,165665.0,166030.0,165565.0,165880.0,198479,5,468171
WIN$D,M15,1660814100,165880.0,166065.0,165825.0,166015.0,117419,5,301920
WIN$D,M15,1660815000,166015.0,166325.0,165915.0,166215.0,210330,5,612470
WIN$D,M15,1660815900,166220.0,166240.0,165945.0,165955.0,126617,5,374082
WIN$D,M15,1660816800,165950.0,166125.0,165720.0,165955.0,265594,5,774959
WIN$D,M15,1660817700,165955.0,166180.0,165820.0,166090.0,226056,5,652721
WIN$D,M15,1660818600,166085.0,166140.0,165675.0,165915.0,290083,5,885908
WIN$D,M15,1660819500,165910.0,165920.0,165460.0,165645.0,247663,5,757740
WIN$D,M15,1660820400,165645.0,165770.0,165440.0,165715.0,188689,5,590497
WIN$D,M15,1660821300,165720.0,165900.0,165660.0,165670.0,167193,5,545733
WIN$D,M15,1660822200,165665.0,165995.0,165585.0,165935.0,182658,5,599687
WIN$D,M15,1660823100,165935.0,165980.0,165780.0,165795.0,132097,5,421732
WIN$D,M15,1660824000,165800.0,165825.0,165505.0,165570.0,144542,5,490522
WIN$D,M15,1660824900,165570.0,165725.0,165495.0,165655.0,125974,5,421474
WIN$D,M15,1660825800,165660.0,165730.0,165535.0,165575.0,104554,5,353436
WIN$D,M15,1660826700,165575.0,165670.0,165480.0,165495.0,73663,5,250515
WIN$D,M15,1660827600,165495.0,165605.0,165450.0,165510.0,70940,5,239337
WIN$D,M15,1660828500,165505.0,165570.0,165280.0,165350.0,109430,5,366514
WIN$D,M15,1660829400,165350.0,165410.0,165205.0,165225.0,104982,5,355001
WIN$D,M15,1660830300,165225.0,165365.0,165175.0,165205.0,95418,5,328966
WIN$D,M15,1660831200,165200.0,165420.0,165185.0,165340.0,97883,5,343441
WIN$D,M15,1660832100,165340.0,165460.0,165330.0,165435.0,70627,5,247185
WIN$D,M15,1660833000,165440.0,165505.0,165310.0,165405.0,93811,5,336192
WIN$D,M15,1660833900,165410.0,165500.0,165290.0,165370.0,83932,5,298946
WIN$D,M15,1660834800,165375.0,165595.0,165345.0,165590.0,114933,5,425722
WIN$D,M15,1660835700,165590.0,165630.0,165425.0,165505.0,92699,5,325468
WIN$D,M15,1660836600,165505.0,165605.0,165460.0,165560.0,66003,5,237340
WIN$D,M15,1660837500,165555.0,165680.0,165510.0,165640.0,68350,5,245786
WIN$D,M15,1660838400,165645.0,165870.0,165600.0,165855.0,89679,5,308426
WIN$D,M15,1660839300,165855.0,165970.0,165845.0,165940.0,85243,5,313965
WIN$D,M15,1660840200,165940.0,166020.0,165875.0,165885.0,79892,5,290740
WIN$D,M15,1660841100,165885.0,165910.0,165740.0,165845.0,82968,5,302045
WIN$D,M15,1660842000,165845.0,165850.0,165765.0,165820.0,38241,5,136646
WIN$D,M15,1660842900,165820.0,165925.0,165810.0,165845.0,44397,5,149035
WIN$D,M15,1660843800,165845.0,165985.0,165835.0,165955.0,47246,5,152324
WIN$D,M15,1660844700,165945.0,165995.0,165905.0,165980.0,21240,5,68213
WIN$D,M15,1660899600,164860.0,165150.0,164730.0,164945.0,218113,5,484931
WIN$D,M15,1660900500,164945.0,164965.0,164615.0,164655.0,141602,5,338986
WIN$D,M15,1660901400,164660.0,164830.0,164625.0,164730.0,110162,5,274421
WIN$D,M15,1660902300,164735.0,164825.0,164720.0,164770.0,79688,5,205297
WIN$D,M15,1660903200,164770.0,164815.0,164520.0,164640.0,216075,5,606225
WIN$D,M15,1660904100,164635.0,164725.0,164385.0,164670.0,220773,5,618172
WIN$D,M15,1660905000,164670.0,164690.0,164235.0,164240.0,279548,5,802051
WIN$D,M15,1660905900,164245.0,164280.0,163825.0,163895.0,272036,5,843014
WIN$D,M15,1660906800,163895.0,164060.0,163780.0,163810.0,197525,5,620898
WIN$D,M15,1660907700,163810.0,163950.0,163655.0,163745.0,186166,5,597862
WIN$D,M15,1660908600,163745.0,163810.0,163350.0,163475.0,186855,5,651594
WIN$D,M15,1660909500,163475.0,163580.0,163310.0,163510.0,148097,5,541575
WIN$D,M15,1660910400,163515.0,163570.0,163285.0,163370.0,117896,5,400871
WIN$D,M15,1660911300,163370.0,163520.0,163355.0,163520.0,74940,5,254879
WIN$D,M15,1660912200,163520.0,163600.0,163440.0,163445.0,111749,5,420892
WIN$D,M15,1660913100,163445.0,163635.0,163345.0,163515.0,122510,5,432136
WIN$D,M15,1660914000,163515.0,163555.0,163410.0,163485.0,71575,5,244127
WIN$D,M15,1660914900,163485.0,163600.0,163355.0,163370.0,83684,5,288276
WIN$D,M15,1660915800,163375.0,163600.0,163350.0,163590.0,78826,5,285865
WIN$D,M15,1660916700,163590.0,163600.0,163470.0,163525.0,65650,5,229248
WIN$D,M15,1660917600,163525.0,163530.0,163210.0,163275.0,103888,5,398177
WIN$D,M15,1660918500,163275.0,163390.0,163110.0,163240.0,135897,5,495378
WIN$D,M15,1660919400,163245.0,163245.0,163060.0,163210.0,110798,5,395536
WIN$D,M15,1660920300,163210.0,163345.0,163075.0,163325.0,107560,5,384105
WIN$D,M15,1660921200,163330.0,163360.0,163080.0,163115.0,115072,5,398540
WIN$D,M15,1660922100,163115.0,163225.0,163010.0,163200.0,98943,5,353394
WIN$D,M15,1660923000,163195.0,163225.0,163025.0,163195.0,91164,5,312688
WIN$D,M15,1660923900,163195.0,163250.0,162985.0,163035.0,106745,5,387229
WIN$D,M15,1660924800,163040.0,163220.0,162990.0,163125.0,96654,5,346747
WIN$D,M15,1660925700,163125.0,163140.0,163010.0,163100.0,85092,5,306000
WIN$D,M15,1660926600,163105.0,163130.0,162995.0,163080.0,72628,5,266568
WIN$D,M15,1660927500,163085.0,163230.0,163075.0,163195.0,87027,5,331367
WIN$D,M15,1660928400,163190.0,163305.0,163055.0,163110.0,79458,5,286350
WIN$D,M15,1660929300,163105.0,163160.0,163035.0,163105.0,44843,5,165956
WIN$D,M15,1660930200,163105.0,163140.0,162735.0,162800.0,55594,5,207055
WIN$D,M15,1660931100,162790.0,162870.0,162710.0,162730.0,27438,5,99421
WIN$D,M15,1661158800,162030.0,162475.0,161990.0,162430.0,215128,5,532471
WIN$D,M15,1661159700,162430.0,162435.0,162150.0,162225.0,132376,5,350966
WIN$D,M15,1661160600,162220.0,162465.0,162215.0,162380.0,130837,5,359226
WIN$D,M15,1661161500,162375.0,162405.0,162200.0,162250.0,105296,5,283742
WIN$D,M15,1661162400,162245.0,162380.0,161795.0,161875.0,277857,5,787176
WIN$D,M15,1661163300,161875.0,162055.0,161720.0,161945.0,218869,5,601546
WIN$D,M15,1661164200,161950.0,162025.0,161595.0,161960.0,305873,5,878769
WIN$D,M15,1661165100,161960.0,162015.0,161755.0,161955.0,206892,5,600853
WIN$D,M15,1661166000,161955.0,162200.0,161920.0,162070.0,234593,5,701297
WIN$D,M15,1661166900,162070.0,162275.0,161680.0,161680.0,239659,5,751492
WIN$D,M15,1661167800,161680.0,162230.0,161655.0,162140.0,194291,5,617668
WIN$D,M15,1661168700,162145.0,162260.0,161995.0,162080.0,161458,5,515009
WIN$D,M15,1661169600,162080.0,162255.0,162020.0,162190.0,136111,5,442709
WIN$D,M15,1661170500,162190.0,162370.0,162170.0,162305.0,137098,5,450781
WIN$D,M15,1661171400,162310.0,162570.0,162280.0,162545.0,132554,5,431523
WIN$D,M15,1661172300,162540.0,162600.0,162395.0,162465.0,97320,5,301324
WIN$D,M15,1661173200,162465.0,162675.0,162455.0,162485.0,115394,5,359858
WIN$D,M15,1661174100,162485.0,162680.0,162435.0,162485.0,103754,5,339239
WIN$D,M15,1661175000,162480.0,162615.0,162420.0,162435.0,85678,5,275195
WIN$D,M15,1661175900,162440.0,162660.0,162340.0,162515.0,127907,5,420407
WIN$D,M15,1661176800,162510.0,162540.0,162290.0,162380.0,108334,5,347356
WIN$D,M15,1661177700,162375.0,162405.0,162215.0,162220.0,93274,5,305871
WIN$D,M15,1661178600,162220.0,162275.0,161955.0,162210.0,145517,5,495212
WIN$D,M15,1661179500,162215.0,162280.0,162050.0,162095.0,102796,5,343013
WIN$D,M15,1661180400,162100.0,162255.0,162055.0,162255.0,93039,5,313550
WIN$D,M15,1661181300,162255.0,162320.0,162170.0,162220.0,98441,5,342544
WIN$D,M15,1661182200,162225.0,162295.0,162135.0,162210.0,80062,5,283258
WIN$D,M15,1661183100,162215.0,162465.0,162095.0,162450.0,116855,5,413967
WIN$D,M15,1661184000,162450.0,162540.0,162310.0,162380.0,120760,5,408368
WIN$D,M15,1661184900,162380.0,162470.0,162220.0,162220.0,101564,5,334412
WIN$D,M15,1661185800,162225.0,162240.0,162010.0,162080.0,125376,5,437720
WIN$D,M15,1661186700,162080.0,162430.0,162075.0,162330.0,115079,5,390881
WIN$D,M15,1661187600,162330.0,162345.0,162140.0,162245.0,70797,5,237004
WIN$D,M15,1661188500,162250.0,162395.0,162195.0,162380.0,46530,5,146997
WIN$D,M15,1661189400,162385.0,162420.0,162290.0,162360.0,47356,5,141237
WIN$D,M15,1661190300,162365.0,162470.0,162270.0,162270.0,28427,5,78175
WIN$D,M15,1661245200,162940.0,163030.0,162420.0,162460.0,174384,5,402285
WIN$D,M15,1661246100,162465.0,162540.0,162375.0,162495.0,101912,5,281896
WIN$D,M15,1661247000,162495.0,162515.0,162340.0,162435.0,96172,5,280254
WIN$D,M15,1661247900,162435.0,162490.0,162350.0,162470.0,100271,5,300151
WIN$D,M15,1661248800,162475.0,162765.0,162435.0,162755.0,169777,5,544581
WIN$D,M15,1661249700,162760.0,163020.0,162735.0,162895.0,195839,5,637773
WIN$D,M15,1661250600,162895.0,163450.0,162880.0,163255.0,274731,5,940773
WIN$D,M15,1661251500,163250.0,163785.0,163245.0,163675.0,233447,5,759116
WIN$D,M15,1661252400,163680.0,164140.0,163645.0,164060.0,229420,5,726967
WIN$D,M15,1661253300,164065.0,164085.0,163815.0,163815.0,150118,5,490805
WIN$D,M15,1661254200,163820.0,164120.0,163815.0,163985.0,154399,5,474138
WIN$D,M15,1661255100,163985.0,164015.0,163840.0,163900.0,111524,5,345615
WIN$D,M15,1661256000,163895.0,164000.0,163690.0,163985.0,140980,5,444331
WIN$D,M15,1661256900,163985.0,164255.0,163960.0,164060.0,141517,5,464552
WIN$D,M15,1661257800,164055.0,164305.0,164005.0,164250.0,122729,5,394528
WIN$D,M15,1661258700,164245.0,164340.0,164145.0,164185.0,86952,5,276115
WIN$D,M15,1661259600,164190.0,164235.0,164110.0,164145.0,69559,5,215541
WIN$D,M15,1661260500,164145.0,164155.0,163870.0,163875.0,96104,5,320488
WIN$D,M15,1661261400,163870.0,164065.0,163850.0,164010.0,77246,5,261321
WIN$D,M15,1661262300,164010.0,164070.0,163980.0,163990.0,53680,5,183492
WIN$D,M15,1661263200,163995.0,164065.0,163795.0,163920.0,94498,5,308962
WIN$D,M15,1661264100,163920.0,164005.0,163815.0,163980.0,83396,5,273472
WIN$D,M15,1661265000,163985.0,164105.0,163975.0,164030.0,86805,5,290436
WIN$D,M15,1661265900,164030.0,164100.0,163880.0,163915.0,90348,5,301020
WIN$D,M15,1661266800,163920.0,164095.0,163895.0,164045.0,78386,5,268304
WIN$D,M15,1661267700,164050.0,164140.0,164000.0,164105.0,82854,5,297039
WIN$D,M15,1661268600,164105.0,164230.0,164010.0,164195.0,106954,5,383317
WIN$D,M15,1661269500,164190.0,164395.0,164090.0,164340.0,97636,5,335243
WIN$D,M15,1661270400,164345.0,164595.0,164280.0,164550.0,117048,5,431505
WIN$D,M15,1661271300,164550.0,164615.0,164470.0,164575.0,78916,5,282220
WIN$D,M15,1661272200,164570.0,164685.0,164490.0,164645.0,73288,5,258333
WIN$D,M15,1661273100,164650.0,164695.0,164560.0,164575.0,72926,5,255478
WIN$D,M15,1661274000,164580.0,164620.0,164495.0,164525.0,51058,5,176885
WIN$D,M15,1661274900,164525.0,164690.0,164525.0,164680.0,43052,5,143160
WIN$D,M15,1661275800,164685.0,164765.0,164640.0,164760.0,46215,5,145418
WIN$D,M15,1661276700,164755.0,164820.0,164705.0,164705.0,28160,5,94723
WIN$D,M15,1661331600,164655.0,164725.0,164330.0,164450.0,159814,5,371019
WIN$D,M15,1661332500,164445.0,164755.0,164445.0,164475.0,179777,5,484390
WIN$D,M15,1661333400,164475.0,164570.0,164155.0,164230.0,195130,5,567438
WIN$D,M15,1661334300,164230.0,164420.0,164170.0,164195.0,179256,5,508174
WIN$D,M15,1661335200,164200.0,164565.0,164185.0,164335.0,267645,5,773466
WIN$D,M15,1661336100,164340.0,164615.0,164280.0,164535.0,218984,5,660153
WIN$D,M15,1661337000,164540.0,165075.0,164380.0,165065.0,324921,5,1020790
WIN$D,M15,1661337900,165060.0,165305.0,164965.0,165110.0,218429,5,698368
WIN$D,M15,1661338800,165110.0,165515.0,165030.0,165435.0,248358,5,797337
WIN$D,M15,1661339700,165435.0,165550.0,165345.0,165365.0,137862,5,451236
WIN$D,M15,1661340600,165370.0,165525.0,165255.0,165310.0,163400,5,532014
WIN$D,M15,1661341500,165310.0,165425.0,165260.0,165345.0,96182,5,299954
WIN$D,M15,1661342400,165340.0,165420.0,165195.0,165420.0,111660,5,365365
WIN$D,M15,1661343300,165420.0,165505.0,165230.0,165265.0,110677,5,369275
WIN$D,M15,1661344200,165265.0,165380.0,165210.0,165235.0,87933,5,290761
WIN$D,M15,1661345100,165230.0,165270.0,164990.0,164995.0,108452,5,362697
WIN$D,M15,1661346000,164995.0,165075.0,164800.0,164820.0,107298,5,351198
WIN$D,M15,1661346900,164815.0,164840.0,164595.0,164795.0,122382,5,421773
WIN$D,M15,1661347800,164795.0,164840.0,164405.0,164445.0,127967,5,426089
WIN$D,M15,1661348700,164440.0,164510.0,164295.0,164355.0,131718,5,480016
WIN$D,M15,1661349600,164360.0,164555.0,164300.0,164480.0,107599,5,372603
WIN$D,M15,1661350500,164475.0,164540.0,164270.0,164380.0,90856,5,335996
WIN$D,M15,1661351400,164375.0,164635.0,164355.0,164590.0,103744,5,362668
WIN$D,M15,1661352300,164595.0,164680.0,164535.0,164600.0,69412,5,252021
WIN$D,M15,1661353200,164605.0,164695.0,164505.0,164675.0,88550,5,346729
WIN$D,M15,1661354100,164675.0,164740.0,164545.0,164650.0,101277,5,395366
WIN$D,M15,1661355000,164650.0,164655.0,164460.0,164555.0,102797,5,397076
WIN$D,M15,1661355900,164550.0,164560.0,164320.0,164520.0,116116,5,441287
WIN$D,M15,1661356800,164520.0,164815.0,164460.0,164810.0,103849,5,375798
WIN$D,M15,1661357700,164810.0,164890.0,164660.0,164690.0,93114,5,345702
WIN$D,M15,1661358600,164695.0,164755.0,164570.0,164715.0,94930,5,346719
WIN$D,M15,1661359500,164710.0,164735.0,164590.0,164630.0,73057,5,279583
WIN$D,M15,1661360400,164625.0,164680.0,164510.0,164615.0,60855,5,228452
WIN$D,M15,1661361300,164615.0,164750.0,164560.0,164720.0,55638,5,202493
WIN$D,M15,1661362200,164715.0,164750.0,164630.0,164715.0,39690,5,135553
WIN$D,M15,1661363100,164710.0,164725.0,164565.0,164665.0,19809,5,69101
WIN$D,M15,1661418000,165400.0,165445.0,165090.0,165110.0,169437,5,423017
WIN$D,M15,1661418900,165110.0,165280.0,165100.0,165235.0,72128,5,196051
WIN$D,M15,1661419800,165235.0,165250.0,165030.0,165075.0,130952,5,346037
WIN$D,M15,1661420700,165080.0,165250.0,165000.0,165180.0,131457,5,366638
WIN$D,M15,1661421600,165185.0,165690.0,165170.0,165390.0,327913,5,939607
WIN$D,M15,1661422500,165385.0,165430.0,165120.0,165305.0,256317,5,761978
WIN$D,M15,1661423400,165305.0,165380.0,164885.0,165020.0,280654,5,836554
WIN$D,M15,1661424300,165020.0,165135.0,164840.0,165105.0,245148,5,731086
WIN$D,M15,1661425200,165105.0,165340.0,164685.0,164745.0,263491,5,808695
WIN$D,M15,1661426100,164740.0,165125.0,164695.0,164940.0,174526,5,540799
WIN$D,M15,1661427000,164935.0,165115.0,164795.0,165070.0,161897,5,514246
WIN$D,M15,1661427900,165075.0,165240.0,164695.0,164900.0,213364,5,704133
WIN$D,M15,1661428800,164900.0,164905.0,164430.0,164535.0,183938,5,596084
WIN$D,M15,1661429700,164535.0,164595.0,164335.0,164555.0,148133,5,465365
WIN$D,M15,1661430600,164555.0,164665.0,164535.0,164600.0,95693,5,303981
WIN$D,M15,1661431500,164595.0,164750.0,164505.0,164690.0,99869,5,321980
WIN$D,M15,1661432400,164690.0,164775.0,164585.0,164650.0,80087,5,256586
WIN$D,M15,1661433300,164650.0,164805.0,164535.0,164775.0,100122,5,322531
WIN$D,M15,1661434200,164775.0,164870.0,164650.0,164720.0,87822,5,275087
WIN$D,M15,1661435100,164720.0,164925.0,164630.0,164920.0,97017,5,305670
WIN$D,M15,1661436000,164915.0,165110.0,164875.0,165095.0,112431,5,375349
WIN$D,M15,1661436900,165090.0,165130.0,164995.0,165020.0,74893,5,243759
WIN$D,M15,1661437800,165020.0,165080.0,164955.0,165030.0,76314,5,260288
WIN$D,M15,1661438700,165035.0,165150.0,164905.0,164925.0,93738,5,307426
WIN$D,M15,1661439600,164920.0,164975.0,164820.0,164925.0,101126,5,341636
WIN$D,M15,1661440500,164920.0,164935.0,164790.0,164840.0,74150,5,244099
WIN$D,M15,1661441400,164845.0,164880.0,164680.0,164750.0,68328,5,235375
WIN$D,M15,1661442300,164745.0,164965.0,164745.0,164950.0,84641,5,306590
WIN$D,M15,1661443200,164955.0,165070.0,164920.0,164990.0,82395,5,297219
WIN$D,M15,1661444100,164990.0,165120.0,164925.0,165100.0,66441,5,237713
WIN$D,M15,1661445000,165105.0,165120.0,165030.0,165100.0,56830,5,208035
WIN$D,M15,1661445900,165100.0,165210.0,165075.0,165165.0,70492,5,264437
WIN$D,M15,1661446800,165165.0,165170.0,164995.0,165085.0,47934,5,168674
WIN$D,M15,1661447700,165085.0,165205.0,165080.0,165180.0,36510,5,132632
WIN$D,M15,1661448600,165185.0,165200.0,165085.0,165125.0,37501,5,137813
WIN$D,M15,1661449500,165125.0,165150.0,164980.0,165040.0,14455,5,62299
WIN$D,M15,1661504400,164735.0,165455.0,164735.0,165385.0,200608,5,509350
WIN$D,M15,1661505300,165390.0,165430.0,165130.0,165220.0,129587,5,361961
WIN$D,M15,1661506200,165215.0,165570.0,165085.0,165235.0,257488,5,674226
WIN$D,M15,1661507100,165240.0,165420.0,165185.0,165405.0,110465,5,306371
WIN$D,M15,1661508000,165405.0,165730.0,165390.0,165510.0,238476,5,720467
WIN$D,M15,1661508900,165515.0,165545.0,165010.0,165035.0,220131,5,715223
WIN$D,M15,1661509800,165040.0,165255.0,164850.0,164855.0,258132,5,822218
WIN$D,M15,1661510700,164855.0,165410.0,164785.0,165185.0,231351,5,746001
WIN$D,M15,1661511600,165185.0,165265.0,164185.0,165030.0,467381,5,1457826
WIN$D,M15,1661512500,165025.0,165125.0,164235.0,164290.0,288743,5,851747
WIN$D,M15,1661513400,164295.0,164395.0,164110.0,164280.0,237605,5,698311
WIN$D,M15,1661514300,164275.0,164545.0,164195.0,164490.0,166895,5,536690
WIN$D,M15,1661515200,164490.0,164515.0,163700.0,163995.0,225392,5,783861
WIN$D,M15,1661516100,164000.0,164015.0,163550.0,163875.0,151346,5,515564
WIN$D,M15,1661517000,163875.0,163895.0,163595.0,163730.0,113804,5,365922
WIN$D,M15,1661517900,163735.0,163965.0,163725.0,163770.0,104168,5,352768
WIN$D,M15,1661518800,163765.0,163785.0,163510.0,163720.0,107098,5,367215
WIN$D,M15,1661519700,163720.0,163725.0,163500.0,163605.0,86889,5,298728
WIN$D,M15,1661520600,163605.0,163630.0,163485.0,163565.0,92003,5,325571
WIN$D,M15,1661521500,163570.0,163890.0,163455.0,163885.0,107008,5,368407
WIN$D,M15,1661522400,163885.0,163945.0,163720.0,163800.0,94840,5,328147
WIN$D,M15,1661523300,163800.0,164095.0,163765.0,164015.0,99536,5,336214
WIN$D,M15,1661524200,164020.0,164025.0,163600.0,163710.0,106528,5,369241
WIN$D,M15,1661525100,163710.0,163765.0,163620.0,163735.0,66146,5,223565
WIN$D,M15,1661526000,163730.0,163910.0,163715.0,163800.0,101001,5,340785
WIN$D,M15,1661526900,163795.0,163865.0,163650.0,163795.0,87913,5,325181
WIN$D,M15,1661527800,163800.0,163890.0,163695.0,163700.0,69411,5,239588
WIN$D,M15,1661528700,163700.0,163905.0,163655.0,163895.0,67212,5,235390
WIN$D,M15,1661529600,163895.0,164010.0,163720.0,163780.0,101613,5,396013
WIN$D,M15,1661530500,163780.0,164045.0,163740.0,163960.0,87046,5,333642
WIN$D,M15,1661531400,163965.0,164045.0,163900.0,163955.0,76739,5,290657
WIN$D,M15,1661532300,163955.0,164035.0,163885.0,163925.0,79696,5,278307
WIN$D,M15,1661533200,163925.0,163960.0,163815.0,163865.0,46668,5,148125
WIN$D,M15,1661534100,163865.0,163865.0,163690.0,163795.0,49336,5,168824
WIN$D,M15,1661535000,163800.0,163880.0,163760.0,163840.0,33062,5,104964
WIN$D,M15,1661535900,163840.0,164025.0,163835.0,164025.0,27110,5,83919
WIN$D,M15,1661763600,163300.0,163365.0,163080.0,163170.0,159419,5,397528
WIN$D,M15,1661764500,163170.0,163240.0,163010.0,163155.0,103082,5,281440
WIN$D,M15,1661765400,163150.0,163270.0,163085.0,163120.0,119141,5,340339
WIN$D,M15,1661766300,163115.0,163345.0,163115.0,163325.0,112293,5,318530
WIN$D,M15,1661767200,163325.0,163605.0,163145.0,163590.0,231394,5,708142
WIN$D,M15,1661768100,163585.0,163745.0,163530.0,163605.0,185732,5,581738
WIN$D,M15,1661769000,163605.0,163945.0,163400.0,163860.0,307026,5,929471
WIN$D,M15,1661769900,163860.0,163960.0,163735.0,163785.0,177224,5,519153
WIN$D,M15,1661770800,163785.0,164015.0,163750.0,163965.0,169251,5,525032
WIN$D,M15,1661771700,163965.0,164370.0,163955.0,164325.0,189306,5,606973
WIN$D,M15,1661772600,164325.0,164400.0,164045.0,164200.0,154311,5,509774
WIN$D,M15,1661773500,164195.0,164345.0,164140.0,164165.0,140723,5,451712
WIN$D,M15,1661774400,164160.0,164325.0,164055.0,164160.0,121485,5,369420
WIN$D,M15,1661775300,164155.0,164325.0,164150.0,164200.0,105963,5,337399
WIN$D,M15,1661776200,164205.0,164455.0,164190.0,164260.0,132314,5,402776
WIN$D,M15,1661777100,164265.0,164445.0,164215.0,164420.0,93213,5,282658
WIN$D,M15,1661778000,164415.0,164530.0,164315.0,164360.0,100101,5,325292
WIN$D,M15,1661778900,164360.0,164390.0,164245.0,164285.0,71346,5,236176
WIN$D,M15,1661779800,164280.0,164285.0,164180.0,164260.0,71570,5,225946
WIN$D,M15,1661780700,164255.0,164555.0,164235.0,164470.0,119565,5,402883
WIN$D,M15,1661781600,164470.0,164640.0,164470.0,164585.0,98505,5,325437
WIN$D,M15,1661782500,164585.0,164600.0,164480.0,164560.0,70763,5,227165
WIN$D,M15,1661783400,164560.0,164780.0,164540.0,164765.0,107402,5,370768
WIN$D,M15,1661784300,164765.0,164800.0,164605.0,164635.0,91465,5,306777
WIN$D,M15,1661785200,164630.0,164660.0,164510.0,164520.0,81843,5,264065
WIN$D,M15,1661786100,164515.0,164530.0,164425.0,164460.0,81583,5,265926
WIN$D,M15,1661787000,164460.0,164610.0,164445.0,164590.0,82316,5,275007
WIN$D,M15,1661787900,164585.0,164590.0,164345.0,164470.0,103588,5,355141
WIN$D,M15,1661788800,164465.0,164590.0,164455.0,164470.0,100277,5,340824
WIN$D,M15,1661789700,164475.0,164505.0,164200.0,164265.0,120241,5,404915
WIN$D,M15,1661790600,164265.0,164340.0,164100.0,164140.0,105780,5,393152
WIN$D,M15,1661791500,164145.0,164150.0,163770.0,163785.0,151310,5,588670
WIN$D,M15,1661792400,163785.0,163895.0,163775.0,163855.0,61854,5,214658
WIN$D,M15,1661793300,163850.0,163910.0,163785.0,163840.0,40853,5,148524
WIN$D,M15,1661794200,163845.0,163895.0,163785.0,163840.0,33814,5,117552
WIN$D,M15,1661795100,163845.0,164100.0,163770.0,164100.0,23337,5,82676
WIN$D,M15,1661850000,164275.0,164420.0,164190.0,164300.0,141465,5,349316
WIN$D,M15,1661850900,164300.0,164350.0,164035.0,164080.0,106980,5,295216
WIN$D,M15,1661851800,164085.0,164105.0,163905.0,163995.0,141478,5,410994
WIN$D,M15,1661852700,164000.0,164130.0,163965.0,163985.0,119715,5,354403
WIN$D,M15,1661853600,163980.0,164365.0,163915.0,164200.0,276079,5,833853
WIN$D,M15,1661854500,164205.0,164245.0,163850.0,164060.0,259647,5,781471
WIN$D,M15,1661855400,164060.0,164070.0,163400.0,163440.0,342239,5,1099111
WIN$D,M15,1661856300,163435.0,163475.0,163130.0,163220.0,242732,5,809615
WIN$D,M15,1661857200,163220.0,163390.0,162885.0,162990.0,250597,5,834811
WIN$D,M15,1661858100,162995.0,163160.0,162825.0,163020.0,211561,5,690292
WIN$D,M15,1661859000,163020.0,163035.0,162690.0,162735.0,189493,5,613676
WIN$D,M15,1661859900,162735.0,163060.0,162600.0,163035.0,191047,5,616833
WIN$D,M15,1661860800,163030.0,163095.0,162625.0,162720.0,180806,5,595944
WIN$D,M15,1661861700,162715.0,162835.0,162455.0,162505.0,179398,5,602677
WIN$D,M15,1661862600,162510.0,162645.0,162405.0,162500.0,137182,5,432128
WIN$D,M15,1661863500,162505.0,162550.0,162410.0,162425.0,92100,5,290145
WIN$D,M15,1661864400,162430.0,162530.0,162250.0,162410.0,127286,5,426181
WIN$D,M15,1661865300,162410.0,162475.0,162100.0,162220.0,129940,5,444852
WIN$D,M15,1661866200,162220.0,162225.0,161910.0,161945.0,114084,5,392589
WIN$D,M15,1661867100,161950.0,162040.0,161905.0,161985.0,88988,5,308320
WIN$D,M15,1661868000,161990.0,161990.0,161680.0,161700.0,134941,5,486271
WIN$D,M15,1661868900,161695.0,161800.0,161630.0,161685.0,113202,5,415689
WIN$D,M15,1661869800,161685.0,161770.0,161540.0,161560.0,107843,5,391305
WIN$D,M15,1661870700,161560.0,161860.0,161540.0,161790.0,132521,5,471978
WIN$D,M15,1661871600,161790.0,161995.0,161770.0,161985.0,114340,5,398620
WIN$D,M15,1661872500,161985.0,162020.0,161745.0,161835.0,124139,5,440593
WIN$D,M15,1661873400,161840.0,161965.0,161765.0,161805.0,119248,5,428824
WIN$D,M15,1661874300,161805.0,161905.0,161755.0,161835.0,88342,5,302084
WIN$D,M15,1661875200,161835.0,162180.0,161780.0,162085.0,145549,5,522241
WIN$D,M15,1661876100,162090.0,162140.0,161990.0,162025.0,93332,5,310472
WIN$D,M15,1661877000,162025.0,162100.0,161945.0,162055.0,89434,5,303621
WIN$D,M15,1661877900,162055.0,162065.0,161685.0,161795.0,136400,5,495624
WIN$D,M15,1661878800,161795.0,161855.0,161745.0,161800.0,55255,5,192597
WIN$D,M15,1661879700,161800.0,161850.0,161760.0,161810.0,32244,5,112654
WIN$D,M15,1661880600,161815.0,161875.0,161775.0,161845.0,30821,5,105237
WIN$D,M15,1661881500,161850.0,161860.0,161565.0,161565.0,32453,5,122229
WIN$D,M15,1661936400,161745.0,162445.0,161730.0,162280.0,217850,5,516747
WIN$D,M15,1661937300,162280.0,162365.0,162115.0,162270.0,160402,5,395199
WIN$D,M15,1661938200,162265.0,162265.0,161905.0,161970.0,195100,5,521996
WIN$D,M15,1661939100,161970.0,162270.0,161935.0,162260.0,160598,5,435376
WIN$D,M15,1661940000,162260.0,162330.0,161705.0,161800.0,331624,5,945658
WIN$D,M15,1661940900,161795.0,161800.0,161310.0,161540.0,307671,5,867732
WIN$D,M15,1661941800,161535.0,162355.0,161415.0,162340.0,380618,5,1074813
WIN$D,M15,1661942700,162345.0,162780.0,162240.0,162270.0,340144,5,993124
WIN$D,M15,1661943600,162270.0,162475.0,162055.0,162390.0,293944,5,873291
WIN$D,M15,1661944500,162385.0,162615.0,162150.0,162255.0,258956,5,750369
WIN$D,M15,1661945400,162260.0,162805.0,162190.0,162725.0,237773,5,751758
WIN$D,M15,1661946300,162725.0,162815.0,162260.0,162275.0,217903,5,658037
WIN$D,M15,1661947200,162275.0,162415.0,162030.0,162390.0,195487,5,575781
WIN$D,M15,1661948100,162385.0,162545.0,162140.0,162150.0,153243,5,451009
WIN$D,M15,1661949000,162145.0,162605.0,162105.0,162565.0,158203,5,471096
WIN$D,M15,1661949900,162565.0,162605.0,162280.0,162450.0,111227,5,322378
WIN$D,M15,1661950800,162455.0,162530.0,162270.0,162355.0,85229,5,252892
WIN$D,M15,1661951700,162360.0,162545.0,162190.0,162365.0,106404,5,325650
WIN$D,M15,1661952600,162365.0,162510.0,162160.0,162310.0,122858,5,397158
WIN$D,M15,1661953500,162305.0,162340.0,161985.0,162130.0,109746,5,338282
WIN$D,M15,1661954400,162135.0,162335.0,162005.0,162250.0,116875,5,369526
WIN$D,M15,1661955300,162250.0,162280.0,161905.0,162150.0,129092,5,395522
WIN$D,M15,1661956200,162155.0,162180.0,161935.0,162035.0,97196,5,298824
WIN$D,M15,1661957100,162035.0,162160.0,161920.0,162110.0,102307,5,318533
WIN$D,M15,1661958000,162110.0,162200.0,161900.0,162170.0,124394,5,391059
WIN$D,M15,1661958900,162170.0,162255.0,161905.0,161905.0,108143,5,340438
WIN$D,M15,1661959800,161905.0,161910.0,161230.0,161310.0,198985,5,704173
WIN$D,M15,1661960700,161315.0,161675.0,161295.0,161650.0,115553,5,367118
WIN$D,M15,1661961600,161655.0,161755.0,161430.0,161505.0,136714,5,449567
WIN$D,M15,1661962500,161500.0,161640.0,160900.0,161050.0,191545,5,647141
WIN$D,M15,1661963400,161045.0,161565.0,160955.0,161520.0,133120,5,440359
WIN$D,M15,1661964300,161515.0,161615.0,160910.0,160935.0,156947,5,525865
WIN$D,M15,1661965200,160935.0,161140.0,160920.0,161045.0,71788,5,231822
WIN$D,M15,1661966100,161050.0,161305.0,161050.0,161275.0,49131,5,152611
WIN$D,M15,1661967000,161275.0,161480.0,161185.0,161465.0,60483,5,197371
WIN$D,M15,1661967900,161460.0,161645.0,161370.0,161580.0,24486,5,89440
WIN$D,M15,1662022800,161130.0,161295.0,160705.0,161065.0,263317,5,670128
WIN$D,M15,1662023700,161065.0,161385.0,161030.0,161230.0,153582,5,401622
WIN$D,M15,1662024600,161235.0,161375.0,161090.0,161125.0,206225,5,537556
WIN$D,M15,1662025500,161125.0,161270.0,160900.0,161150.0,205193,5,582353
WIN$D,M15,1662026400,161150.0,161365.0,160815.0,161055.0,369913,5,1071834
WIN$D,M15,1662027300,161060.0,161230.0,160570.0,160585.0,317267,5,886332
WIN$D,M15,1662028200,160585.0,160755.0,160205.0,160590.0,379368,5,1130305
WIN$D,M15,1662029100,160595.0,160670.0,160060.0,160295.0,292335,5,840447
WIN$D,M15,1662030000,160295.0,160395.0,159700.0,159810.0,292686,5,878864
WIN$D,M15,1662030900,159805.0,160230.0,159680.0,160180.0,216740,5,660510
WIN$D,M15,1662031800,160185.0,160210.0,159725.0,159790.0,211847,5,621018
WIN$D,M15,1662032700,159790.0,159975.0,159690.0,159725.0,180622,5,525975
WIN$D,M15,1662033600,159730.0,159965.0,159605.0,159870.0,188868,5,578958
WIN$D,M15,1662034500,159865.0,159970.0,159725.0,159905.0,123808,5,384693
WIN$D,M15,1662035400,159905.0,160255.0,159845.0,159875.0,167020,5,537690
WIN$D,M15,1662036300,159870.0,159955.0,159500.0,159645.0,141240,5,471081
WIN$D,M15,1662037200,159645.0,160030.0,159610.0,159980.0,124372,5,409992
WIN$D,M15,1662038100,159985.0,160090.0,159880.0,159975.0,103319,5,355365
WIN$D,M15,1662039000,159975.0,160025.0,159805.0,159910.0,103882,5,345376
WIN$D,M15,1662039900,159910.0,160055.0,159805.0,160030.0,97271,5,328499
WIN$D,M15,1662040800,160030.0,160285.0,159950.0,160255.0,113744,5,390702
WIN$D,M15,1662041700,160255.0,160940.0,160245.0,160895.0,189666,5,686465
WIN$D,M15,1662042600,160890.0,160920.0,160665.0,160685.0,121650,5,436839
WIN$D,M15,1662043500,160680.0,160790.0,160520.0,160620.0,132095,5,453651
WIN$D,M15,1662044400,160625.0,160910.0,160595.0,160905.0,157096,5,525479
WIN$D,M15,1662045300,160900.0,161330.0,160870.0,161275.0,163328,5,567516
WIN$D,M15,1662046200,161280.0,161465.0,161185.0,161205.0,149875,5,530417
WIN$D,M15,1662047100,161205.0,161400.0,161140.0,161330.0,112306,5,380509
WIN$D,M15,1662048000,161335.0,161715.0,161265.0,161680.0,153512,5,540872
WIN$D,M15,1662048900,161685.0,161705.0,161440.0,161440.0,110417,5,383004
WIN$D,M15,1662049800,161440.0,161610.0,161350.0,161585.0,102416,5,341568
WIN$D,M15,1662050700,161590.0,161730.0,161450.0,161675.0,102874,5,352572
WIN$D,M15,1662051600,161680.0,161900.0,161635.0,161875.0,69335,5,237874
WIN$D,M15,1662052500,161880.0,161950.0,161800.0,161900.0,50181,5,166816
WIN$D,M15,1662053400,161905.0,161970.0,161885.0,161905.0,30012,5,95873
WIN$D,M15,1662054300,161900.0,162005.0,161765.0,161765.0,22867,5,79406
WIN$D,M15,1662109200,161570.0,161690.0,161315.0,161510.0,132839,5,321900
WIN$D,M15,1662110100,161515.0,161715.0,161420.0,161600.0,147502,5,354874
WIN$D,M15,1662111000,161605.0,162595.0,161425.0,162255.0,400273,5,918595
WIN$D,M15,1662111900,162260.0,162650.0,162200.0,162600.0,192932,5,524819
WIN$D,M15,1662112800,162605.0,162630.0,162360.0,162395.0,235710,5,657686
WIN$D,M15,1662113700,162390.0,162590.0,162290.0,162515.0,219131,5,610659
WIN$D,M15,1662114600,162515.0,162620.0,162080.0,162305.0,351921,5,1000536
WIN$D,M15,1662115500,162305.0,162565.0,162035.0,162075.0,265437,5,730228
WIN$D,M15,1662116400,162080.0,162810.0,161970.0,162790.0,308862,5,901711
WIN$D,M15,1662117300,162785.0,163425.0,162775.0,163410.0,260864,5,802088
WIN$D,M15,1662118200,163415.0,163685.0,163370.0,163470.0,199443,5,634754
WIN$D,M15,1662119100,163470.0,163610.0,163420.0,163530.0,113669,5,353440
WIN$D,M15,1662120000,163530.0,163615.0,163455.0,163520.0,92448,5,295517
WIN$D,M15,1662120900,163520.0,163580.0,163425.0,163510.0,77588,5,249168
WIN$D,M15,1662121800,163510.0,163600.0,163405.0,163480.0,77385,5,245789
WIN$D,M15,1662122700,163480.0,163575.0,163440.0,163550.0,66687,5,206638
WIN$D,M15,1662123600,163555.0,163570.0,163330.0,163400.0,84690,5,278130
WIN$D,M15,1662124500,163395.0,163395.0,163005.0,163085.0,176316,5,586137
WIN$D,M15,1662125400,163085.0,163120.0,162825.0,162855.0,164240,5,533382
WIN$D,M15,1662126300,162855.0,162960.0,162545.0,162625.0,182384,5,583775
WIN$D,M15,1662127200,162625.0,162630.0,162130.0,162220.0,194544,5,617803
WIN$D,M15,1662128100,162220.0,162395.0,162015.0,162205.0,173435,5,537511
WIN$D,M15,1662129000,162210.0,162350.0,162085.0,162300.0,159984,5,517548
WIN$D,M15,1662129900,162305.0,162380.0,162075.0,162195.0,146625,5,469022
WIN$D,M15,1662130800,162190.0,162470.0,162170.0,162410.0,138031,5,432449
WIN$D,M15,1662131700,162410.0,162815.0,162365.0,162735.0,155920,5,493368
WIN$D,M15,1662132600,162735.0,162755.0,162555.0,162715.0,104866,5,327418
WIN$D,M15,1662133500,162710.0,162725.0,162390.0,162450.0,108895,5,336398
WIN$D,M15,1662134400,162445.0,162730.0,162410.0,162600.0,134110,5,437017
WIN$D,M15,1662135300,162600.0,162660.0,162210.0,162340.0,135875,5,452888
WIN$D,M15,1662136200,162340.0,162355.0,161850.0,161940.0,135831,5,472855
WIN$D,M15,1662137100,161940.0,162070.0,161810.0,162055.0,118067,5,399612
WIN$D,M15,1662138000,162060.0,162200.0,162030.0,162155.0,71510,5,210833
WIN$D,M15,1662138900,162160.0,162215.0,162100.0,162120.0,31637,5,110936
WIN$D,M15,1662139800,162120.0,162200.0,162060.0,162185.0,32379,5,102537
WIN$D,M15,1662140700,162180.0,162230.0,162010.0,162230.0,17060,5,59858
WIN$D,M15,1662368400,162095.0,162470.0,162055.0,162400.0,207788,5,500849
WIN$D,M15,1662369300,162405.0,162465.0,162290.0,162405.0,111558,5,281479
WIN$D,M15,1662370200,162405.0,162640.0,162400.0,162610.0,131047,5,347150
WIN$D,M15,1662371100,162615.0,163005.0,162580.0,163000.0,148087,5,413065
WIN$D,M15,1662372000,163000.0,163665.0,162955.0,163630.0,269935,5,801159
WIN$D,M15,1662372900,163625.0,163830.0,163525.0,163795.0,199996,5,546696
WIN$D,M15,1662373800,163795.0,163810.0,163640.0,163710.0,126932,5,362643
WIN$D,M15,1662374700,163710.0,163930.0,163695.0,163855.0,131309,5,372873
WIN$D,M15,1662375600,163855.0,163880.0,163450.0,163480.0,180180,5,538770
WIN$D,M15,1662376500,163485.0,163550.0,163295.0,163530.0,161723,5,488132
WIN$D,M15,1662377400,163525.0,163680.0,163355.0,163385.0,171008,5,503692
WIN$D,M15,1662378300,163385.0,163610.0,163375.0,163545.0,120319,5,369861
WIN$D,M15,1662379200,163540.0,163570.0,163095.0,163230.0,148757,5,475409
WIN$D,M15,1662380100,163230.0,163235.0,162975.0,163050.0,141384,5,452198
WIN$D,M15,1662381000,163050.0,163120.0,162925.0,163030.0,112045,5,351247
WIN$D,M15,1662381900,163030.0,163275.0,163000.0,163265.0,97699,5,313498
WIN$D,M15,1662382800,163260.0,163300.0,163165.0,163265.0,80569,5,247221
WIN$D,M15,1662383700,163270.0,163325.0,163100.0,163235.0,99600,5,302190
WIN$D,M15,1662384600,163230.0,163310.0,163050.0,163120.0,91555,5,291529
WIN$D,M15,1662385500,163125.0,163240.0,163090.0,163185.0,80246,5,247587
WIN$D,M15,1662386400,163185.0,163320.0,163175.0,163305.0,75106,5,230853
WIN$D,M15,1662387300,163305.0,163410.0,163240.0,163385.0,79566,5,232027
WIN$D,M15,1662388200,163390.0,163455.0,163320.0,163380.0,74883,5,232702
WIN$D,M15,1662389100,163375.0,163425.0,163250.0,163330.0,58047,5,167383
WIN$D,M15,1662390000,163335.0,163415.0,163285.0,163350.0,55375,5,175266
WIN$D,M15,1662390900,163345.0,163400.0,163290.0,163390.0,51039,5,157411
WIN$D,M15,1662391800,163390.0,163515.0,163360.0,163445.0,76766,5,223063
WIN$D,M15,1662392700,163445.0,163455.0,163290.0,163360.0,66216,5,191029
WIN$D,M15,1662393600,163360.0,163515.0,163320.0,163440.0,79660,5,235212
WIN$D,M15,1662394500,163440.0,163605.0,163330.0,163570.0,90859,5,266052
WIN$D,M15,1662395400,163565.0,163630.0,163465.0,163500.0,82253,5,234029
WIN$D,M15,1662396300,163500.0,163565.0,163465.0,163520.0,47196,5,142747
WIN$D,M15,1662397200,163515.0,163580.0,163470.0,163545.0,37266,5,117105
WIN$D,M15,1662398100,163545.0,163570.0,163475.0,163515.0,30462,5,83086
WIN$D,M15,1662399000,163520.0,163560.0,163500.0,163530.0,30905,5,69704
WIN$D,M15,1662399900,163530.0,163580.0,163395.0,163460.0,28149,5,67419
WIN$D,M15,1662454800,163230.0,163255.0,162795.0,162830.0,209324,5,532975
WIN$D,M15,1662455700,162830.0,162950.0,162520.0,162540.0,229165,5,657067
WIN$D,M15,1662456600,162540.0,162595.0,162310.0,162390.0,170372,5,497209
WIN$D,M15,1662457500,162385.0,162505.0,162325.0,162340.0,118943,5,332752
WIN$D,M15,1662458400,162340.0,162400.0,161715.0,161950.0,351565,5,1058261
WIN$D,M15,1662459300,161950.0,162135.0,161570.0,161660.0,282223,5,796756
WIN$D,M15,1662460200,161665.0,161775.0,161065.0,161440.0,377053,5,1146768
WIN$D,M15,1662461100,161440.0,161520.0,160785.0,160890.0,297486,5,897588
WIN$D,M15,1662462000,160885.0,160950.0,160540.0,160790.0,292892,5,915140
WIN$D,M15,1662462900,160785.0,161055.0,160650.0,160970.0,246251,5,737012
WIN$D,M15,1662463800,160970.0,161215.0,160835.0,161040.0,206598,5,603314
WIN$D,M15,1662464700,161040.0,161245.0,160985.0,161135.0,161019,5,495840
WIN$D,M15,1662465600,161130.0,161275.0,160910.0,161080.0,169364,5,517533
WIN$D,M15,1662466500,161085.0,161105.0,160585.0,160730.0,206058,5,641453
WIN$D,M15,1662467400,160730.0,161130.0,160690.0,161030.0,171823,5,529897
WIN$D,M15,1662468300,161035.0,161115.0,160960.0,161060.0,92875,5,266714
WIN$D,M15,1662469200,161060.0,161120.0,160940.0,161030.0,95174,5,294350
WIN$D,M15,1662470100,161030.0,161060.0,160825.0,160945.0,120502,5,376591
WIN$D,M15,1662471000,160945.0,161115.0,160860.0,161110.0,107100,5,356976
WIN$D,M15,1662471900,161105.0,161190.0,160950.0,160990.0,123735,5,403613
WIN$D,M15,1662472800,160985.0,160990.0,160605.0,160610.0,169970,5,582395
WIN$D,M15,1662473700,160610.0,160795.0,160600.0,160760.0,120666,5,410937
WIN$D,M15,1662474600,160755.0,160845.0,160630.0,160765.0,126994,5,428070
WIN$D,M15,1662475500,160770.0,160810.0,160460.0,160705.0,160245,5,537456
WIN$D,M15,1662476400,160705.0,161080.0,160675.0,160960.0,158718,5,525419
WIN$D,M15,1662477300,160960.0,161020.0,160730.0,160810.0,124812,5,420693
WIN$D,M15,1662478200,160810.0,160915.0,160660.0,160795.0,127357,5,429589
WIN$D,M15,1662479100,160795.0,160875.0,160610.0,160635.0,118096,5,406305
WIN$D,M15,1662480000,160635.0,160875.0,160605.0,160835.0,128108,5,446857
WIN$D,M15,1662480900,160840.0,160945.0,160755.0,160815.0,123199,5,426481
WIN$D,M15,1662481800,160810.0,161010.0,160715.0,160995.0,106519,5,363957
WIN$D,M15,1662482700,161000.0,161035.0,160785.0,160925.0,116843,5,401983
WIN$D,M15,1662483600,160925.0,160950.0,160790.0,160855.0,60359,5,187112
WIN$D,M15,1662484500,160860.0,160880.0,160675.0,160705.0,56682,5,195250
WIN$D,M15,1662485400,160710.0,160750.0,160635.0,160655.0,59564,5,186061
WIN$D,M15,1662486300,160655.0,160700.0,160485.0,160485.0,36944,5,111515
WIN$D,M15,1662627600,161625.0,161875.0,161365.0,161590.0,273944,5,631924
WIN$D,M15,1662628500,161590.0,161830.0,161380.0,161610.0,258694,5,604328
WIN$D,M15,1662629400,161615.0,161670.0,161255.0,161345.0,202138,5,532184
WIN$D,M15,1662630300,161340.0,161635.0,161205.0,161350.0,231672,5,626993
WIN$D,M15,1662631200,161350.0,161495.0,160855.0,161025.0,352122,5,966923
WIN$D,M15,1662632100,161020.0,161275.0,160800.0,161150.0,327041,5,865207
WIN$D,M15,1662633000,161150.0,161550.0,160930.0,161490.0,470443,5,1294470
WIN$D,M15,1662633900,161495.0,161935.0,161100.0,161805.0,374691,5,1063790
WIN$D,M15,1662634800,161805.0,161825.0,161015.0,161070.0,325668,5,911934
WIN$D,M15,1662635700,161065.0,161470.0,160860.0,161200.0,286716,5,845864
WIN$D,M15,1662636600,161205.0,161410.0,161040.0,161155.0,232353,5,680064
WIN$D,M15,1662637500,161155.0,161230.0,160920.0,161110.0,182472,5,546974
WIN$D,M15,1662638400,161115.0,161280.0,160965.0,161070.0,150303,5,457137
WIN$D,M15,1662639300,161075.0,161090.0,160610.0,160700.0,187618,5,575161
WIN$D,M15,1662640200,160705.0,160990.0,160550.0,160660.0,179500,5,560323
WIN$D,M15,1662641100,160660.0,160810.0,160500.0,160695.0,142902,5,431791
WIN$D,M15,1662642000,160695.0,160780.0,159990.0,160050.0,239335,5,740493
WIN$D,M15,1662642900,160050.0,160100.0,159650.0,159850.0,180181,5,579793
WIN$D,M15,1662643800,159850.0,160430.0,159795.0,160400.0,153545,5,484199
WIN$D,M15,1662644700,160395.0,160560.0,160325.0,160395.0,128287,5,411887
WIN$D,M15,1662645600,160390.0,160660.0,160275.0,160615.0,174356,5,537704
WIN$D,M15,1662646500,160620.0,160660.0,160405.0,160530.0,136053,5,440314
WIN$D,M15,1662647400,160530.0,160755.0,160330.0,160650.0,171086,5,557153
WIN$D,M15,1662648300,160650.0,160855.0,160540.0,160685.0,161575,5,515633
WIN$D,M15,1662649200,160690.0,161200.0,160680.0,161160.0,209832,5,693453
WIN$D,M15,1662650100,161160.0,161410.0,161050.0,161170.0,164269,5,574358
WIN$D,M15,1662651000,161170.0,161315.0,160950.0,161120.0,143668,5,501048
WIN$D,M15,1662651900,161125.0,161160.0,160715.0,160830.0,163101,5,551771
WIN$D,M15,1662652800,160830.0,160930.0,160725.0,160895.0,133008,5,443822
WIN$D,M15,1662653700,160900.0,161070.0,160815.0,160845.0,112810,5,382060
WIN$D,M15,1662654600,160845.0,160940.0,160660.0,160690.0,110984,5,361728
WIN$D,M15,1662655500,160690.0,161015.0,160685.0,160990.0,109632,5,362361
WIN$D,M15,1662656400,160995.0,161210.0,160960.0,161130.0,82775,5,281082
WIN$D,M15,1662657300,161130.0,161185.0,161050.0,161145.0,51893,5,178172
WIN$D,M15,1662658200,161145.0,161175.0,161025.0,161125.0,51909,5,169376
WIN$D,M15,1662659100,161125.0,161160.0,160890.0,160890.0,24105,5,86595
WIN$D,M15,1662714000,161980.0,162375.0,161900.0,162110.0,189259,5,420628
WIN$D,M15,1662714900,162115.0,162125.0,161960.0,161985.0,95328,5,245384
WIN$D,M15,1662715800,161985.0,162150.0,161865.0,162100.0,177199,5,480045
WIN$D,M15,1662716700,162100.0,162330.0,161980.0,162215.0,209966,5,589276
WIN$D,M15,1662717600,162210.0,162945.0,162145.0,162765.0,328225,5,935918
WIN$D,M15,1662718500,162770.0,162975.0,162280.0,162365.0,283365,5,790936
WIN$D,M15,1662719400,162365.0,162735.0,162230.0,162560.0,336246,5,924353
WIN$D,M15,1662720300,162555.0,162825.0,162440.0,162820.0,237426,5,665276
WIN$D,M15,1662721200,162825.0,163275.0,162790.0,163170.0,253148,5,750566
WIN$D,M15,1662722100,163165.0,163375.0,163060.0,163265.0,201026,5,602247
WIN$D,M15,1662723000,163270.0,163280.0,163090.0,163190.0,125156,5,372831
WIN$D,M15,1662723900,163190.0,163325.0,163115.0,163285.0,117450,5,363715
WIN$D,M15,1662724800,163285.0,163405.0,163215.0,163285.0,117924,5,352775
WIN$D,M15,1662725700,163290.0,163355.0,163175.0,163260.0,105831,5,307247
WIN$D,M15,1662726600,163260.0,163470.0,163240.0,163365.0,109356,5,328750
WIN$D,M15,1662727500,163365.0,163490.0,163345.0,163435.0,86876,5,258245
WIN$D,M15,1662728400,163435.0,163545.0,163315.0,163490.0,109298,5,335499
WIN$D,M15,1662729300,163490.0,163510.0,163225.0,163435.0,128865,5,395344
WIN$D,M15,1662730200,163440.0,163540.0,163360.0,163410.0,87631,5,276372
WIN$D,M15,1662731100,163410.0,163655.0,163410.0,163525.0,112404,5,352341
WIN$D,M15,1662732000,163525.0,163545.0,163350.0,163430.0,87737,5,258447
WIN$D,M15,1662732900,163435.0,163535.0,163340.0,163510.0,92901,5,288281
WIN$D,M15,1662733800,163505.0,163615.0,163485.0,163590.0,76700,5,243422
WIN$D,M15,1662734700,163590.0,163615.0,163510.0,163530.0,61151,5,193163
WIN$D,M15,1662735600,163525.0,163570.0,163430.0,163495.0,74744,5,242665
WIN$D,M15,1662736500,163495.0,163510.0,163390.0,163485.0,64716,5,214189
WIN$D,M15,1662737400,163485.0,163540.0,163270.0,163285.0,98089,5,310280
WIN$D,M15,1662738300,163285.0,163445.0,163190.0,163420.0,107357,5,357725
WIN$D,M15,1662739200,163415.0,163420.0,163245.0,163360.0,82471,5,286447
WIN$D,M15,1662740100,163365.0,163400.0,163245.0,163275.0,78032,5,261606
WIN$D,M15,1662741000,163275.0,163390.0,163245.0,163315.0,76529,5,271281
WIN$D,M15,1662741900,163310.0,163360.0,163205.0,163335.0,74703,5,251551
WIN$D,M15,1662742800,163335.0,163415.0,163320.0,163385.0,49245,5,147187
WIN$D,M15,1662743700,163390.0,163505.0,163380.0,163410.0,55155,5,159882
WIN$D,M15,1662744600,163405.0,163440.0,163355.0,163400.0,35311,5,85401
WIN$D,M15,1662745500,163395.0,163460.0,163350.0,163430.0,28300,5,66731
WIN$D,M15,1662973200,164110.0,164280.0,163755.0,164165.0,196260,5,492071
WIN$D,M15,1662974100,164170.0,164200.0,163970.0,164025.0,120179,5,325729
WIN$D,M15,1662975000,164025.0,164370.0,163980.0,164320.0,158110,5,418521
WIN$D,M15,1662975900,164320.0,164440.0,164250.0,164300.0,158601,5,433583
WIN$D,M15,1662976800,164295.0,164840.0,164285.0,164725.0,271530,5,798397
WIN$D,M15,1662977700,164730.0,165075.0,164620.0,164915.0,226351,5,689339
WIN$D,M15,1662978600,164915.0,165050.0,164490.0,164570.0,227484,5,700694
WIN$D,M15,1662979500,164570.0,165275.0,164560.0,165230.0,256418,5,763923
WIN$D,M15,1662980400,165235.0,165245.0,164730.0,164780.0,182612,5,542718
WIN$D,M15,1662981300,164775.0,165115.0,164745.0,164970.0,172129,5,503293
WIN$D,M15,1662982200,164965.0,165060.0,164805.0,164920.0,143265,5,437403
WIN$D,M15,1662983100,164920.0,164980.0,164595.0,164640.0,140957,5,429447
WIN$D,M15,1662984000,164645.0,164765.0,164370.0,164745.0,190017,5,587291
WIN$D,M15,1662984900,164740.0,164855.0,164595.0,164815.0,134356,5,401005
WIN$D,M15,1662985800,164815.0,164880.0,164530.0,164620.0,118351,5,354224
WIN$D,M15,1662986700,164625.0,164830.0,164605.0,164695.0,135231,5,403949
WIN$D,M15,1662987600,164695.0,164845.0,164615.0,164805.0,117174,5,367908
WIN$D,M15,1662988500,164810.0,164815.0,164575.0,164695.0,95014,5,302572
WIN$D,M15,1662989400,164700.0,164725.0,164430.0,164485.0,97771,5,311868
WIN$D,M15,1662990300,164485.0,164575.0,164315.0,164540.0,137633,5,445384
WIN$D,M15,1662991200,164540.0,164555.0,164365.0,164535.0,105357,5,334168
WIN$D,M15,1662992100,164535.0,164545.0,164340.0,164520.0,83315,5,269460
WIN$D,M15,1662993000,164515.0,164645.0,164455.0,164505.0,103675,5,332478
WIN$D,M15,1662993900,164510.0,164705.0,164500.0,164700.0,86102,5,277376
WIN$D,M15,1662994800,164700.0,164710.0,164580.0,164690.0,70430,5,224774
WIN$D,M15,1662995700,164695.0,164775.0,164550.0,164720.0,132393,5,445895
WIN$D,M15,1662996600,164720.0,164725.0,164595.0,164635.0,79522,5,249854
WIN$D,M15,1662997500,164635.0,164780.0,164495.0,164760.0,105555,5,353664
WIN$D,M15,1662998400,164760.0,164770.0,164605.0,164665.0,72362,5,235759
WIN$D,M15,1662999300,164665.0,164675.0,164450.0,164510.0,80581,5,262817
WIN$D,M15,1663000200,164505.0,164625.0,164465.0,164600.0,65989,5,223729
WIN$D,M15,1663001100,164600.0,164620.0,164460.0,164550.0,78594,5,272494
WIN$D,M15,1663002000,164550.0,164580.0,164485.0,164565.0,42859,5,140373
WIN$D,M15,1663002900,164565.0,164620.0,164500.0,164600.0,38108,5,123800
WIN$D,M15,1663003800,164595.0,164635.0,164535.0,164625.0,33870,5,97216
WIN$D,M15,1663004700,164620.0,164640.0,164480.0,164480.0,19755,5,62165
WIN$D,M15,1663059600,165030.0,165245.0,164865.0,165025.0,174842,5,441747
WIN$D,M15,1663060500,165030.0,165160.0,164925.0,165035.0,135500,5,345181
WIN$D,M15,1663061400,165035.0,165230.0,163065.0,163140.0,399690,5,1003007
WIN$D,M15,1663062300,163145.0,163295.0,162550.0,162675.0,313174,5,861013
WIN$D,M15,1663063200,162675.0,162910.0,162470.0,162640.0,291025,5,835639
WIN$D,M15,1663064100,162645.0,163160.0,162560.0,162990.0,245554,5,696775
WIN$D,M15,1663065000,162990.0,163660.0,162950.0,163635.0,323694,5,950629
WIN$D,M15,1663065900,163635.0,163765.0,163280.0,163295.0,324914,5,937506
WIN$D,M15,1663066800,163300.0,163615.0,162950.0,163550.0,337383,5,959901
WIN$D,M15,1663067700,163550.0,163795.0,163415.0,163545.0,260039,5,762711
WIN$D,M15,1663068600,163545.0,163680.0,163045.0,163095.0,216291,5,672625
WIN$D,M15,1663069500,163095.0,163120.0,162840.0,162875.0,185322,5,605231
WIN$D,M15,1663070400,162880.0,163035.0,162665.0,162805.0,180409,5,568193
WIN$D,M15,1663071300,162810.0,162935.0,162505.0,162575.0,157775,5,502817
WIN$D,M15,1663072200,162580.0,162795.0,162515.0,162640.0,126005,5,391191
WIN$D,M15,1663073100,162640.0,162680.0,162420.0,162465.0,111915,5,364784
WIN$D,M15,1663074000,162460.0,162605.0,162410.0,162575.0,90737,5,305786
WIN$D,M15,1663074900,162575.0,162590.0,162165.0,162235.0,127704,5,436035
WIN$D,M15,1663075800,162235.0,162375.0,162055.0,162360.0,120191,5,380990
WIN$D,M15,1663076700,162360.0,162520.0,162270.0,162450.0,92613,5,300057
WIN$D,M15,1663077600,162450.0,162615.0,162390.0,162515.0,123663,5,422726
WIN$D,M15,1663078500,162515.0,162570.0,162340.0,162525.0,98768,5,311017
WIN$D,M15,1663079400,162525.0,162650.0,162465.0,162510.0,106795,5,355837
WIN$D,M15,1663080300,162515.0,162540.0,162320.0,162435.0,108432,5,336780
WIN$D,M15,1663081200,162440.0,162450.0,162220.0,162390.0,117816,5,370173
WIN$D,M15,1663082100,162395.0,162425.0,161955.0,162075.0,141463,5,483049
WIN$D,M15,1663083000,162075.0,162150.0,161915.0,161990.0,111117,5,356488
WIN$D,M15,1663083900,161990.0,162035.0,161720.0,161880.0,142100,5,475768
WIN$D,M15,1663084800,161880.0,161990.0,161820.0,161845.0,90599,5,297881
WIN$D,M15,1663085700,161840.0,161905.0,161690.0,161740.0,103737,5,344328
WIN$D,M15,1663086600,161735.0,161755.0,161420.0,161520.0,134353,5,489616
WIN$D,M15,1663087500,161520.0,161710.0,161455.0,161680.0,102580,5,348873
WIN$D,M15,1663088400,161680.0,161815.0,161600.0,161740.0,65388,5,227207
WIN$D,M15,1663089300,161740.0,161755.0,161620.0,161630.0,42196,5,147189
WIN$D,M15,1663090200,161635.0,161705.0,161605.0,161690.0,32324,5,110903
WIN$D,M15,1663091100,161695.0,161775.0,161620.0,161650.0,22465,5,77551
WIN$D,M15,1663146000,161500.0,161935.0,161300.0,161725.0,217708,5,540238
WIN$D,M15,1663146900,161720.0,161995.0,161665.0,161890.0,151976,5,386030
WIN$D,M15,1663147800,161885.0,162080.0,161390.0,161765.0,333574,5,848584
WIN$D,M15,1663148700,161760.0,161765.0,161515.0,161575.0,164940,5,445442
WIN$D,M15,1663149600,161575.0,161610.0,160955.0,161080.0,338782,5,979288
WIN$D,M15,1663150500,161080.0,161730.0,161035.0,161695.0,267983,5,751786
WIN$D,M15,1663151400,161695.0,162150.0,161605.0,162140.0,408177,5,1170813
WIN$D,M15,1663152300,162140.0,162430.0,161885.0,162170.0,293308,5,830868
WIN$D,M15,1663153200,162175.0,162230.0,161790.0,161810.0,238550,5,675956
WIN$D,M15,1663154100,161810.0,161900.0,161430.0,161500.0,247709,5,730788
WIN$D,M15,1663155000,161500.0,162055.0,161410.0,162025.0,259380,5,791661
WIN$D,M15,1663155900,162030.0,162240.0,161840.0,161980.0,209431,5,662291
WIN$D,M15,1663156800,161975.0,162010.0,161705.0,161820.0,194264,5,604432
WIN$D,M15,1663157700,161820.0,161865.0,161635.0,161725.0,153500,5,467627
WIN$D,M15,1663158600,161720.0,161935.0,161610.0,161750.0,158224,5,485439
WIN$D,M15,1663159500,161755.0,161865.0,161570.0,161745.0,123445,5,377919
WIN$D,M15,1663160400,161745.0,161860.0,161640.0,161815.0,96235,5,297134
WIN$D,M15,1663161300,161815.0,161840.0,161620.0,161670.0,85938,5,270404
WIN$D,M15,1663162200,161670.0,161950.0,161655.0,161905.0,109186,5,345387
WIN$D,M15,1663163100,161905.0,161920.0,161700.0,161780.0,99608,5,323047
WIN$D,M15,1663164000,161780.0,161875.0,161595.0,161725.0,124484,5,434695
WIN$D,M15,1663164900,161725.0,161870.0,161670.0,161735.0,85955,5,292153
WIN$D,M15,1663165800,161740.0,161775.0,161380.0,161545.0,144863,5,489375
WIN$D,M15,1663166700,161540.0,161615.0,161155.0,161325.0,174227,5,575413
WIN$D,M15,1663167600,161325.0,161500.0,161190.0,161405.0,143458,5,482997
WIN$D,M15,1663168500,161405.0,161545.0,161370.0,161455.0,108009,5,378141
WIN$D,M15,1663169400,161455.0,161685.0,161415.0,161555.0,116135,5,394018
WIN$D,M15,1663170300,161555.0,161600.0,161300.0,161375.0,134800,5,470898
WIN$D,M15,1663171200,161375.0,161560.0,161315.0,161320.0,117377,5,398896
WIN$D,M15,1663172100,161320.0,161415.0,161170.0,161230.0,129027,5,447330
WIN$D,M15,1663173000,161225.0,161360.0,161050.0,161330.0,128153,5,453709
WIN$D,M15,1663173900,161330.0,161560.0,161280.0,161505.0,103331,5,368482
WIN$D,M15,1663174800,161505.0,161560.0,161470.0,161515.0,51050,5,163775
WIN$D,M15,1663175700,161510.0,161620.0,161490.0,161590.0,45254,5,140838
WIN$D,M15,1663176600,161595.0,161790.0,161580.0,161765.0,40011,5,128462
WIN$D,M15,1663177500,161765.0,161795.0,161645.0,161740.0,20232,5,64409
WIN$D,M15,1663232400,161340.0,161455.0,161090.0,161315.0,184789,5,463773
WIN$D,M15,1663233300,161315.0,161325.0,161015.0,161215.0,150880,5,403626
WIN$D,M15,1663234200,161220.0,161645.0,161120.0,161590.0,322728,5,823987
WIN$D,M15,1663235100,161585.0,161600.0,161190.0,161220.0,229582,5,689459
WIN$D,M15,1663236000,161220.0,161610.0,161050.0,161565.0,270657,5,783842
WIN$D,M15,1663236900,161560.0,161705.0,161115.0,161115.0,266266,5,757204
WIN$D,M15,1663237800,161120.0,161480.0,160865.0,161415.0,355749,5,1023835
WIN$D,M15,1663238700,161415.0,162030.0,161190.0,161835.0,295179,5,883785
WIN$D,M15,1663239600,161840.0,161930.0,161425.0,161480.0,253752,5,774464
WIN$D,M15,1663240500,161480.0,161735.0,160900.0,160910.0,265995,5,808449
WIN$D,M15,1663241400,160905.0,160965.0,160550.0,160735.0,256754,5,822941
WIN$D,M15,1663242300,160735.0,160765.0,160310.0,160340.0,213663,5,682861
WIN$D,M15,1663243200,160345.0,160580.0,160310.0,160525.0,153854,5,476927
WIN$D,M15,1663244100,160525.0,160950.0,160475.0,160865.0,146760,5,471069
WIN$D,M15,1663245000,160865.0,160920.0,160730.0,160820.0,132558,5,435589
WIN$D,M15,1663245900,160820.0,160885.0,160510.0,160665.0,122028,5,394337
WIN$D,M15,1663246800,160665.0,160680.0,160380.0,160395.0,116983,5,368922
WIN$D,M15,1663247700,160390.0,160485.0,160315.0,160370.0,112251,5,360273
WIN$D,M15,1663248600,160370.0,160730.0,160360.0,160610.0,121831,5,377844
WIN$D,M15,1663249500,160605.0,160665.0,160510.0,160640.0,84365,5,275693
WIN$D,M15,1663250400,160635.0,160985.0,160635.0,160785.0,165100,5,540572
WIN$D,M15,1663251300,160790.0,161135.0,160725.0,160995.0,146479,5,470068
WIN$D,M15,1663252200,160995.0,161035.0,160820.0,160825.0,104703,5,329164
WIN$D,M15,1663253100,160830.0,160910.0,160740.0,160885.0,103686,5,337666
WIN$D,M15,1663254000,160890.0,160920.0,160655.0,160880.0,130483,5,429055
WIN$D,M15,1663254900,160885.0,160955.0,160765.0,160920.0,106242,5,364263
WIN$D,M15,1663255800,160925.0,160980.0,160795.0,160880.0,102856,5,335268
WIN$D,M15,1663256700,160885.0,160890.0,160655.0,160810.0,116191,5,401233
WIN$D,M15,1663257600,160815.0,160910.0,160665.0,160715.0,113407,5,382388
WIN$D,M15,1663258500,160715.0,160760.0,160485.0,160565.0,139954,5,487814
WIN$D,M15,1663259400,160565.0,160815.0,160490.0,160775.0,120182,5,416555
WIN$D,M15,1663260300,160775.0,160945.0,160740.0,160785.0,127444,5,453887
WIN$D,M15,1663261200,160785.0,160865.0,160755.0,160795.0,47666,5,170923
WIN$D,M15,1663262100,160790.0,160845.0,160720.0,160765.0,42294,5,166283
WIN$D,M15,1663263000,160760.0,160760.0,160600.0,160615.0,41987,5,147344
WIN$D,M15,1663263900,160620.0,160620.0,160430.0,160490.0,28759,5,96144
WIN$D,M15,1663318800,159990.0,160250.0,159885.0,160215.0,155668,5,353879
WIN$D,M15,1663319700,160215.0,160275.0,160025.0,160130.0,134665,5,345844
WIN$D,M15,1663320600,160125.0,160160.0,159945.0,160065.0,122723,5,352400
WIN$D,M15,1663321500,160070.0,160100.0,159705.0,159790.0,199120,5,542038
WIN$D,M15,1663322400,159790.0,159875.0,159575.0,159760.0,261547,5,753545
WIN$D,M15,1663323300,159760.0,159900.0,159425.0,159545.0,251523,5,707805
WIN$D,M15,1663324200,159540.0,159720.0,159360.0,159430.0,303008,5,853127
WIN$D,M15,1663325100,159435.0,159635.0,159300.0,159405.0,222349,5,651575
WIN$D,M15,1663326000,159410.0,160295.0,159400.0,160140.0,346376,5,1059799
WIN$D,M15,1663326900,160135.0,160180.0,159760.0,159855.0,258106,5,725422
WIN$D,M15,1663327800,159860.0,160095.0,159710.0,159770.0,240562,5,673846
WIN$D,M15,1663328700,159770.0,160010.0,159740.0,159750.0,184037,5,542625
WIN$D,M15,1663329600,159750.0,159915.0,159620.0,159855.0,164446,5,495526
WIN$D,M15,1663330500,159855.0,160065.0,159670.0,159855.0,188202,5,589490
WIN$D,M15,1663331400,159850.0,159935.0,159545.0,159580.0,152824,5,511813
WIN$D,M15,1663332300,159575.0,159800.0,159500.0,159775.0,130118,5,436172
WIN$D,M15,1663333200,159770.0,159785.0,159460.0,159565.0,121424,5,396901
WIN$D,M15,1663334100,159560.0,159605.0,159325.0,159370.0,126007,5,404755
WIN$D,M15,1663335000,159370.0,159710.0,159335.0,159685.0,108886,5,344989
WIN$D,M15,1663335900,159690.0,159895.0,159630.0,159690.0,135921,5,468263
WIN$D,M15,1663336800,159695.0,159785.0,159615.0,159630.0,106279,5,364997
WIN$D,M15,1663337700,159635.0,159675.0,159455.0,159525.0,108241,5,363018
WIN$D,M15,1663338600,159530.0,159715.0,159460.0,159555.0,132164,5,456227
WIN$D,M15,1663339500,159555.0,159590.0,159395.0,159535.0,98708,5,323846
WIN$D,M15,1663340400,159530.0,159615.0,159485.0,159575.0,100442,5,338425
WIN$D,M15,1663341300,159580.0,159975.0,159495.0,159785.0,147255,5,517772
WIN$D,M15,1663342200,159780.0,159965.0,159685.0,159805.0,140879,5,469856
WIN$D,M15,1663343100,159805.0,160095.0,159785.0,159960.0,155022,5,530631
WIN$D,M15,1663344000,159965.0,160340.0,159930.0,159960.0,178516,5,641444
WIN$D,M15,1663344900,159965.0,160010.0,159695.0,159745.0,147342,5,487960
WIN$D,M15,1663345800,159740.0,160060.0,159625.0,160035.0,143913,5,480622
WIN$D,M15,1663346700,160035.0,160060.0,159910.0,160025.0,101055,5,314566
WIN$D,M15,1663347600,160025.0,160070.0,159955.0,160050.0,46437,5,149586
WIN$D,M15,1663348500,160050.0,160125.0,160000.0,160090.0,30275,5,99157
WIN$D,M15,1663349400,160090.0,160140.0,160005.0,160040.0,28599,5,94683
WIN$D,M15,1663350300,160045.0,160295.0,160020.0,160280.0,26595,5,99622
WIN$D,M15,1663578000,159045.0,159185.0,158860.0,159125.0,199126,5,469815
WIN$D,M15,1663578900,159125.0,159240.0,159035.0,159095.0,100946,5,268902
WIN$D,M15,1663579800,159095.0,159335.0,159080.0,159195.0,131694,5,381160
WIN$D,M15,1663580700,159195.0,159285.0,159115.0,159240.0,114028,5,317338
WIN$D,M15,1663581600,159240.0,159400.0,159045.0,159270.0,227388,5,654477
WIN$D,M15,1663582500,159270.0,159580.0,159185.0,159400.0,220922,5,651016
WIN$D,M15,1663583400,159400.0,159945.0,159345.0,159900.0,328507,5,993387
WIN$D,M15,1663584300,159900.0,160130.0,159865.0,159960.0,227917,5,752666
WIN$D,M15,1663585200,159965.0,160225.0,159750.0,160125.0,273256,5,858307
WIN$D,M15,1663586100,160125.0,160515.0,159930.0,160455.0,248890,5,770902
WIN$D,M15,1663587000,160450.0,160925.0,160440.0,160900.0,250038,5,774620
WIN$D,M15,1663587900,160900.0,161100.0,160885.0,161015.0,191860,5,610072
WIN$D,M15,1663588800,161015.0,161240.0,160990.0,161225.0,166725,5,535681
WIN$D,M15,1663589700,161225.0,161470.0,161150.0,161350.0,175535,5,569143
WIN$D,M15,1663590600,161350.0,161595.0,161290.0,161560.0,151721,5,510635
WIN$D,M15,1663591500,161560.0,161855.0,161545.0,161695.0,148437,5,520234
WIN$D,M15,1663592400,161695.0,161970.0,161545.0,161840.0,168825,5,585528
WIN$D,M15,1663593300,161840.0,161925.0,161770.0,161815.0,110879,5,348372
WIN$D,M15,1663594200,161810.0,161940.0,161795.0,161870.0,92103,5,306464
WIN$D,M15,1663595100,161875.0,162215.0,161810.0,162175.0,132929,5,489854
WIN$D,M15,1663596000,162175.0,162375.0,162115.0,162170.0,151024,5,563353
WIN$D,M15,1663596900,162170.0,162295.0,162095.0,162260.0,91671,5,311002
WIN$D,M15,1663597800,162260.0,162340.0,162130.0,162245.0,116106,5,420291
WIN$D,M15,1663598700,162245.0,162285.0,162085.0,162130.0,94722,5,318566
WIN$D,M15,1663599600,162130.0,162145.0,162010.0,162015.0,90893,5,297908
WIN$D,M15,1663600500,162015.0,162185.0,162010.0,162135.0,95719,5,327790
WIN$D,M15,1663601400,162140.0,162160.0,162025.0,162045.0,80982,5,303978
WIN$D,M15,1663602300,162045.0,162185.0,162045.0,162165.0,75541,5,281623
WIN$D,M15,1663603200,162170.0,162675.0,162165.0,162615.0,181464,5,708083
WIN$D,M15,1663604100,162620.0,162795.0,162615.0,162720.0,116830,5,446581
WIN$D,M15,1663605000,162715.0,162845.0,162650.0,162760.0,100174,5,370750
WIN$D,M15,1663605900,162765.0,162785.0,162590.0,162660.0,87504,5,333447
WIN$D,M15,1663606800,162660.0,162870.0,162645.0,162825.0,89603,5,320457
WIN$D,M15,1663607700,162825.0,163160.0,162785.0,163110.0,84069,5,293806
WIN$D,M15,1663608600,163110.0,163370.0,163080.0,163265.0,74488,5,246552
WIN$D,M15,1663609500,163260.0,163380.0,163235.0,163340.0,29645,5,107441
WIN$D,M15,1663664400,162780.0,162935.0,162280.0,162450.0,203094,5,496248
WIN$D,M15,1663665300,162450.0,162555.0,162135.0,162235.0,183324,5,500874
WIN$D,M15,1663666200,162230.0,162480.0,162180.0,162335.0,153421,5,403847
WIN$D,M15,1663667100,162330.0,162695.0,162250.0,162400.0,229728,5,641443
WIN$D,M15,1663668000,162400.0,163315.0,162345.0,163030.0,418199,5,1115120
WIN$D,M15,1663668900,163030.0,163100.0,162395.0,162470.0,332703,5,898750
WIN$D,M15,1663669800,162470.0,162555.0,162045.0,162410.0,380474,5,1080772
WIN$D,M15,1663670700,162405.0,162770.0,162285.0,162505.0,272426,5,791008
WIN$D,M15,1663671600,162500.0,163080.0,162470.0,162785.0,327460,5,981057
WIN$D,M15,1663672500,162785.0,162975.0,162620.0,162855.0,227737,5,638625
WIN$D,M15,1663673400,162855.0,162900.0,162390.0,162670.0,206673,5,610555
WIN$D,M15,1663674300,162665.0,162790.0,162495.0,162735.0,144987,5,417011
WIN$D,M15,1663675200,162735.0,162930.0,162535.0,162775.0,145676,5,450579
WIN$D,M15,1663676100,162775.0,163055.0,162695.0,162815.0,142473,5,447571
WIN$D,M15,1663677000,162815.0,163040.0,162755.0,162960.0,104775,5,317566
WIN$D,M15,1663677900,162960.0,163300.0,162955.0,163165.0,130044,5,398339
WIN$D,M15,1663678800,163165.0,163285.0,163095.0,163155.0,103785,5,325485
WIN$D,M15,1663679700,163160.0,163175.0,162835.0,162860.0,97360,5,303947
WIN$D,M15,1663680600,162855.0,162880.0,162615.0,162715.0,131027,5,416227
WIN$D,M15,1663681500,162715.0,162895.0,162635.0,162715.0,113421,5,360708
WIN$D,M15,1663682400,162715.0,162870.0,162660.0,162810.0,96043,5,314993
WIN$D,M15,1663683300,162810.0,162965.0,162715.0,162760.0,117090,5,388518
WIN$D,M15,1663684200,162765.0,162820.0,162535.0,162750.0,143028,5,460552
WIN$D,M15,1663685100,162750.0,162775.0,162445.0,162515.0,111259,5,351128
WIN$D,M15,1663686000,162515.0,162695.0,162485.0,162595.0,112404,5,364847
WIN$D,M15,1663686900,162590.0,162710.0,162460.0,162615.0,107823,5,370653
WIN$D,M15,1663687800,162610.0,162630.0,162380.0,162525.0,107284,5,361845
WIN$D,M15,1663688700,162525.0,162875.0,162510.0,162780.0,141225,5,485743
WIN$D,M15,1663689600,162780.0,162925.0,162680.0,162865.0,110581,5,375970
WIN$D,M15,1663690500,162860.0,163120.0,162820.0,163050.0,114788,5,394632
WIN$D,M15,1663691400,163055.0,163225.0,162905.0,163210.0,123586,5,453735
WIN$D,M15,1663692300,163210.0,163325.0,163030.0,163245.0,112475,5,396635
WIN$D,M15,1663693200,163245.0,163550.0,163240.0,163490.0,92679,5,304338
WIN$D,M15,1663694100,163495.0,163540.0,163355.0,163390.0,44004,5,133394
WIN$D,M15,1663695000,163385.0,163455.0,163210.0,163225.0,52314,5,146785
WIN$D,M15,1663695900,163225.0,163320.0,163090.0,163290.0,22521,5,62961
WIN$D,M15,1663750800,163480.0,163550.0,162840.0,163060.0,176569,5,425508
WIN$D,M15,1663751700,163055.0,163360.0,162935.0,163360.0,150150,5,402267
WIN$D,M15,1663752600,163360.0,163480.0,163220.0,163225.0,178981,5,500716
WIN$D,M15,1663753500,163220.0,163455.0,163120.0,163230.0,195599,5,546318
WIN$D,M15,1663754400,163225.0,163800.0,163145.0,163550.0,316578,5,907579
WIN$D,M15,1663755300,163550.0,163655.0,163195.0,163200.0,195612,5,559895
WIN$D,M15,1663756200,163200.0,163215.0,162810.0,162840.0,310596,5,916669
WIN$D,M15,1663757100,162845.0,163070.0,162680.0,162700.0,245469,5,709976
WIN$D,M15,1663758000,162705.0,162975.0,162650.0,162940.0,220774,5,658766
WIN$D,M15,1663758900,162945.0,163045.0,162780.0,162900.0,175878,5,547750
WIN$D,M15,1663759800,162900.0,162915.0,162505.0,162515.0,192064,5,591379
WIN$D,M15,1663760700,162510.0,162650.0,162330.0,162395.0,159721,5,488722
WIN$D,M15,1663761600,162395.0,162495.0,162245.0,162485.0,139606,5,434611
WIN$D,M15,1663762500,162485.0,162695.0,162430.0,162540.0,138086,5,429566
WIN$D,M15,1663763400,162535.0,162815.0,162515.0,162710.0,115054,5,367331
WIN$D,M15,1663764300,162705.0,162765.0,162585.0,162755.0,89979,5,289292
WIN$D,M15,1663765200,162755.0,162760.0,162595.0,162615.0,80409,5,266850
WIN$D,M15,1663766100,162610.0,162905.0,162605.0,162900.0,98941,5,326472
WIN$D,M15,1663767000,162900.0,162940.0,162715.0,162925.0,111790,5,373011
WIN$D,M15,1663767900,162925.0,163080.0,162905.0,162975.0,114060,5,372528
WIN$D,M15,1663768800,162980.0,163020.0,162805.0,162850.0,89993,5,304949
WIN$D,M15,1663769700,162850.0,162960.0,162740.0,162920.0,89564,5,296672
WIN$D,M15,1663770600,162925.0,163000.0,162785.0,162930.0,82917,5,280029
WIN$D,M15,1663771500,162925.0,163255.0,162480.0,162480.0,112464,5,321939
WIN$D,M15,1663772400,162420.0,162800.0,161915.0,162090.0,468124,5,1196804
WIN$D,M15,1663773300,162085.0,162800.0,162070.0,162640.0,279824,5,750393
WIN$D,M15,1663774200,162635.0,163935.0,162490.0,163780.0,580252,5,1566732
WIN$D,M15,1663775100,163775.0,164060.0,163150.0,163600.0,339647,5,976887
WIN$D,M15,1663776000,163600.0,163675.0,162915.0,163415.0,248145,5,717967
WIN$D,M15,1663776900,163415.0,163535.0,162675.0,162730.0,214393,5,628663
WIN$D,M15,1663777800,162730.0,162955.0,162425.0,162485.0,167513,5,542632
WIN$D,M15,1663778700,162485.0,162755.0,162390.0,162605.0,124141,5,453352
WIN$D,M15,1663779600,162605.0,162695.0,162490.0,162620.0,59524,5,207863
WIN$D,M15,1663780500,162625.0,162655.0,162525.0,162535.0,38144,5,130364
WIN$D,M15,1663781400,162530.0,162645.0,162455.0,162610.0,35027,5,97593
WIN$D,M15,1663782300,162610.0,162655.0,162480.0,162480.0,18763,5,61385
WIN$D,M15,1663837200,163360.0,163825.0,163145.0,163820.0,204222,5,509655
WIN$D,M15,1663838100,163820.0,163950.0,163680.0,163690.0,158785,5,433167
WIN$D,M15,1663839000,163685.0,163845.0,163585.0,163660.0,190135,5,501699
WIN$D,M15,1663839900,163655.0,164015.0,163630.0,163960.0,168613,5,469661
WIN$D,M15,1663840800,163960.0,164315.0,163900.0,163955.0,268717,5,771076
WIN$D,M15,1663841700,163950.0,164025.0,163170.0,163350.0,325929,5,930348
WIN$D,M15,1663842600,163355.0,163810.0,163260.0,163495.0,361904,5,1004263
WIN$D,M15,1663843500,163495.0,163600.0,162970.0,163045.0,315504,5,913955
WIN$D,M15,1663844400,163045.0,163090.0,162715.0,163090.0,272862,5,813745
WIN$D,M15,1663845300,163090.0,163110.0,162630.0,162860.0,218454,5,624223
WIN$D,M15,1663846200,162860.0,163285.0,162755.0,162995.0,247385,5,752859
WIN$D,M15,1663847100,162995.0,163130.0,162765.0,162795.0,160068,5,497723
WIN$D,M15,1663848000,162795.0,162955.0,162725.0,162750.0,142701,5,441678
WIN$D,M15,1663848900,162755.0,162900.0,162580.0,162685.0,146781,5,452945
WIN$D,M15,1663849800,162685.0,162825.0,162400.0,162460.0,169873,5,531544
WIN$D,M15,1663850700,162455.0,162815.0,162395.0,162535.0,153503,5,484543
WIN$D,M15,1663851600,162540.0,162760.0,162525.0,162655.0,117413,5,345676
WIN$D,M15,1663852500,162655.0,162800.0,162455.0,162660.0,127941,5,414552
WIN$D,M15,1663853400,162665.0,163075.0,162595.0,162980.0,150420,5,471577
WIN$D,M15,1663854300,162980.0,163095.0,162875.0,162975.0,112755,5,340707
WIN$D,M15,1663855200,162980.0,163120.0,162800.0,163070.0,107447,5,349158
WIN$D,M15,1663856100,163075.0,163435.0,162990.0,163420.0,114510,5,363767
WIN$D,M15,1663857000,163415.0,163965.0,163360.0,163810.0,205251,5,701954
WIN$D,M15,1663857900,163810.0,164090.0,163740.0,163950.0,142543,5,447821
WIN$D,M15,1663858800,163955.0,163970.0,163550.0,163575.0,146840,5,494015
WIN$D,M15,1663859700,163575.0,163660.0,163445.0,163660.0,123592,5,389693
WIN$D,M15,1663860600,163660.0,163970.0,163550.0,163830.0,151399,5,461399
WIN$D,M15,1663861500,163830.0,164165.0,163720.0,164125.0,145574,5,460227
WIN$D,M15,1663862400,164120.0,164570.0,164120.0,164555.0,159181,5,537208
WIN$D,M15,1663863300,164550.0,164840.0,164510.0,164705.0,143390,5,504752
WIN$D,M15,1663864200,164710.0,164945.0,164680.0,164900.0,117987,5,404115
WIN$D,M15,1663865100,164905.0,165090.0,164785.0,164815.0,119886,5,403480
WIN$D,M15,1663866000,164815.0,164860.0,164620.0,164725.0,76228,5,263946
WIN$D,M15,1663866900,164725.0,164770.0,164600.0,164615.0,41074,5,126278
WIN$D,M15,1663867800,164615.0,164710.0,164595.0,164685.0,38532,5,100831
WIN$D,M15,1663868700,164685.0,164760.0,164550.0,164550.0,21872,5,63139
WIN$D,M15,1663923600,163080.0,163250.0,162780.0,162990.0,186390,5,510651
WIN$D,M15,1663924500,162990.0,163150.0,162925.0,163130.0,113849,5,316493
WIN$D,M15,1663925400,163135.0,163230.0,162760.0,162800.0,191995,5,547996
WIN$D,M15,1663926300,162795.0,162865.0,162490.0,162590.0,197476,5,549392
WIN$D,M15,1663927200,162585.0,162845.0,162500.0,162765.0,248355,5,693327
WIN$D,M15,1663928100,162765.0,163015.0,162555.0,162820.0,295587,5,806885
WIN$D,M15,1663929000,162815.0,162955.0,162155.0,162235.0,364551,5,951200
WIN$D,M15,1663929900,162235.0,162495.0,161955.0,161970.0,315289,5,831189
WIN$D,M15,1663930800,161965.0,162140.0,161820.0,161890.0,270152,5,761354
WIN$D,M15,1663931700,161885.0,161895.0,161390.0,161705.0,255412,5,732194
WIN$D,M15,1663932600,161700.0,161700.0,161435.0,161630.0,169731,5,473982
WIN$D,M15,1663933500,161630.0,161735.0,161525.0,161560.0,153559,5,444283
WIN$D,M15,1663934400,161555.0,161750.0,161510.0,161570.0,123050,5,358582
WIN$D,M15,1663935300,161565.0,161775.0,161540.0,161555.0,119342,5,355231
WIN$D,M15,1663936200,161550.0,161635.0,161305.0,161365.0,150205,5,460323
WIN$D,M15,1663937100,161365.0,161610.0,161275.0,161580.0,113670,5,344333
WIN$D,M15,1663938000,161580.0,161695.0,161515.0,161560.0,109305,5,348125
WIN$D,M15,1663938900,161555.0,161725.0,161505.0,161555.0,101982,5,331319
WIN$D,M15,1663939800,161550.0,161680.0,161535.0,161670.0,81063,5,260533
WIN$D,M15,1663940700,161665.0,162160.0,161635.0,162150.0,176107,5,638620
WIN$D,M15,1663941600,162150.0,162150.0,161885.0,161960.0,134984,5,461409
WIN$D,M15,1663942500,161960.0,162250.0,161830.0,161875.0,158606,5,534859
WIN$D,M15,1663943400,161875.0,161935.0,161610.0,161765.0,154320,5,512492
WIN$D,M15,1663944300,161770.0,161990.0,161725.0,161960.0,124051,5,411111
WIN$D,M15,1663945200,161965.0,161975.0,161465.0,161575.0,167373,5,580384
WIN$D,M15,1663946100,161580.0,161925.0,161495.0,161865.0,157929,5,498390
WIN$D,M15,1663947000,161860.0,161875.0,161585.0,161835.0,148740,5,465569
WIN$D,M15,1663947900,161835.0,161915.0,161200.0,161255.0,207279,5,693685
WIN$D,M15,1663948800,161250.0,162175.0,161240.0,161795.0,236038,5,776889
WIN$D,M15,1663949700,161800.0,162015.0,161705.0,161845.0,168296,5,521466
WIN$D,M15,1663950600,161845.0,162290.0,161825.0,162245.0,166905,5,552663
WIN$D,M15,1663951500,162245.0,162405.0,162070.0,162355.0,169331,5,557629
WIN$D,M15,1663952400,162355.0,162470.0,162170.0,162275.0,107570,5,355300
WIN$D,M15,1663953300,162275.0,162335.0,162185.0,162310.0,59059,5,199478
WIN$D,M15,1663954200,162315.0,162360.0,162185.0,162250.0,52817,5,166552
WIN$D,M15,1663955100,162250.0,162265.0,162080.0,162120.0,24728,5,70888
WIN$D,M15,1664182800,161405.0,161420.0,160745.0,161050.0,212236,5,502404
WIN$D,M15,1664183700,161050.0,161160.0,160895.0,161160.0,125258,5,333465
WIN$D,M15,1664184600,161160.0,161320.0,161095.0,161180.0,168355,5,466473
WIN$D,M15,1664185500,161180.0,161475.0,161145.0,161165.0,203512,5,585422
WIN$D,M15,1664186400,161170.0,161335.0,160800.0,161060.0,354370,5,996727
WIN$D,M15,1664187300,161065.0,161260.0,160925.0,161030.0,241787,5,664105
WIN$D,M15,1664188200,161030.0,161695.0,160925.0,161235.0,443618,5,1190023
WIN$D,M15,1664189100,161235.0,161620.0,161175.0,161405.0,307272,5,846366
WIN$D,M15,1664190000,161405.0,161480.0,160965.0,161425.0,314387,5,849869
WIN$D,M15,1664190900,161425.0,161595.0,160975.0,161040.0,269634,5,762811
WIN$D,M15,1664191800,161040.0,161050.0,160535.0,160850.0,304878,5,887036
WIN$D,M15,1664192700,160850.0,160870.0,160545.0,160755.0,213704,5,613631
WIN$D,M15,1664193600,160755.0,160840.0,160270.0,160525.0,210570,5,642702
WIN$D,M15,1664194500,160525.0,160540.0,160255.0,160260.0,141758,5,436229
WIN$D,M15,1664195400,160260.0,160375.0,160070.0,160075.0,199866,5,644099
WIN$D,M15,1664196300,160070.0,160255.0,159940.0,160205.0,166385,5,522907
WIN$D,M15,1664197200,160200.0,160335.0,160155.0,160210.0,107120,5,317762
WIN$D,M15,1664198100,160210.0,160275.0,159875.0,159990.0,138836,5,426886
WIN$D,M15,1664199000,159995.0,160040.0,159795.0,159840.0,148626,5,483767
WIN$D,M15,1664199900,159840.0,160255.0,159830.0,160165.0,129963,5,412238
WIN$D,M15,1664200800,160170.0,160175.0,159710.0,159730.0,160357,5,554443
WIN$D,M15,1664201700,159735.0,159910.0,159695.0,159825.0,137053,5,469760
WIN$D,M15,1664202600,159820.0,159955.0,159665.0,159725.0,155093,5,514261
WIN$D,M15,1664203500,159725.0,159930.0,159715.0,159775.0,119221,5,391023
WIN$D,M15,1664204400,159780.0,160170.0,159725.0,160000.0,160626,5,553283
WIN$D,M15,1664205300,160005.0,160160.0,159830.0,159835.0,131215,5,446316
WIN$D,M15,1664206200,159835.0,159960.0,159640.0,159775.0,175810,5,625393
WIN$D,M15,1664207100,159775.0,160145.0,159730.0,159975.0,173972,5,588396
WIN$D,M15,1664208000,159975.0,160130.0,159920.0,159940.0,145308,5,489002
WIN$D,M15,1664208900,159940.0,159985.0,159600.0,159720.0,201385,5,693362
WIN$D,M15,1664209800,159715.0,159775.0,159480.0,159630.0,191884,5,655916
WIN$D,M15,1664210700,159630.0,159985.0,159570.0,159625.0,172291,5,584284
WIN$D,M15,1664211600,159625.0,159675.0,159355.0,159425.0,118219,5,394289
WIN$D,M15,1664212500,159425.0,159475.0,158955.0,159165.0,109255,5,359908
WIN$D,M15,1664213400,159170.0,159290.0,159090.0,159135.0,69811,5,202468
WIN$D,M15,1664214300,159140.0,159200.0,159010.0,159010.0,31143,5,103220
WIN$D,M15,1664269200,160230.0,161465.0,160230.0,161345.0,286486,5,832574
WIN$D,M15,1664270100,161345.0,161445.0,161205.0,161250.0,131756,5,356716
WIN$D,M15,1664271000,161250.0,161350.0,161050.0,161085.0,152561,5,413379
WIN$D,M15,1664271900,161085.0,161140.0,160680.0,160695.0,165681,5,473377
WIN$D,M15,1664272800,160695.0,160705.0,160320.0,160320.0,250851,5,742641
WIN$D,M15,1664273700,160320.0,160455.0,159805.0,159935.0,333558,5,1013081
WIN$D,M15,1664274600,159935.0,160650.0,159845.0,160340.0,371329,5,1036940
WIN$D,M15,1664275500,160340.0,160520.0,159735.0,159975.0,382934,5,1064639
WIN$D,M15,1664276400,159970.0,160070.0,159450.0,159770.0,344556,5,890702
WIN$D,M15,1664277300,159770.0,160020.0,159565.0,159580.0,285931,5,760108
WIN$D,M15,1664278200,159575.0,160145.0,159490.0,160115.0,264053,5,754178
WIN$D,M15,1664279100,160115.0,160425.0,160005.0,160105.0,222674,5,620489
WIN$D,M15,1664280000,160100.0,160175.0,159830.0,159840.0,182716,5,506799
WIN$D,M15,1664280900,159840.0,159920.0,159170.0,159210.0,226244,5,687337
WIN$D,M15,1664281800,159210.0,159430.0,159115.0,159160.0,155247,5,464938
WIN$D,M15,1664282700,159165.0,159295.0,158810.0,158845.0,174799,5,576641
WIN$D,M15,1664283600,158840.0,158930.0,158635.0,158785.0,165492,5,508431
WIN$D,M15,1664284500,158780.0,158985.0,158510.0,158910.0,163468,5,528137
WIN$D,M15,1664285400,158915.0,159010.0,158780.0,158895.0,124950,5,387995
WIN$D,M15,1664286300,158895.0,159125.0,158830.0,159055.0,146355,5,488988
WIN$D,M15,1664287200,159055.0,159060.0,158695.0,158865.0,171289,5,568180
WIN$D,M15,1664288100,158870.0,158935.0,158600.0,158750.0,123321,5,393067
WIN$D,M15,1664289000,158755.0,158890.0,158525.0,158715.0,134359,5,429484
WIN$D,M15,1664289900,158715.0,158970.0,158705.0,158900.0,127552,5,423037
WIN$D,M15,1664290800,158895.0,159055.0,158800.0,158815.0,123419,5,411476
WIN$D,M15,1664291700,158810.0,158915.0,158690.0,158900.0,116635,5,402785
WIN$D,M15,1664292600,158900.0,159425.0,158855.0,159240.0,179138,5,606985
WIN$D,M15,1664293500,159240.0,159455.0,159140.0,159395.0,141658,5,452923
WIN$D,M15,1664294400,159395.0,159400.0,158995.0,159060.0,152667,5,492019
WIN$D,M15,1664295300,159055.0,159145.0,158890.0,158965.0,144389,5,475623
WIN$D,M15,1664296200,158965.0,158975.0,158540.0,158940.0,173885,5,597962
WIN$D,M15,1664297100,158945.0,159065.0,158795.0,158905.0,132441,5,434523
WIN$D,M15,1664298000,158905.0,159000.0,158680.0,158960.0,88491,5,285815
WIN$D,M15,1664298900,158965.0,158995.0,158835.0,158840.0,53429,5,176595
WIN$D,M15,1664299800,158845.0,159070.0,158790.0,158985.0,62450,5,190035
WIN$D,M15,1664300700,158980.0,159175.0,158980.0,159015.0,19567,5,70823
WIN$D,M15,1664355600,158015.0,158475.0,157910.0,158180.0,186526,5,488226
WIN$D,M15,1664356500,158175.0,158370.0,158025.0,158155.0,198649,5,524724
WIN$D,M15,1664357400,158160.0,158900.0,158055.0,158895.0,236845,5,690941
WIN$D,M15,1664358300,158900.0,159180.0,158715.0,158775.0,247390,5,755961
WIN$D,M15,1664359200,158780.0,158975.0,158205.0,158530.0,375226,5,1089864
WIN$D,M15,1664360100,158530.0,159075.0,158480.0,158920.0,266301,5,753791
WIN$D,M15,1664361000,158925.0,159245.0,158675.0,159215.0,376455,5,1097500
WIN$D,M15,1664361900,159220.0,159225.0,158660.0,158750.0,314328,5,894244
WIN$D,M15,1664362800,158750.0,159065.0,158375.0,158665.0,292518,5,798741
WIN$D,M15,1664363700,158665.0,158980.0,158520.0,158965.0,226770,5,643438
WIN$D,M15,1664364600,158965.0,159150.0,158720.0,158820.0,217584,5,617564
WIN$D,M15,1664365500,158825.0,159025.0,158585.0,158940.0,225759,5,659108
WIN$D,M15,1664366400,158940.0,159240.0,158825.0,158950.0,194434,5,586574
WIN$D,M15,1664367300,158950.0,159005.0,158475.0,158530.0,185615,5,569790
WIN$D,M15,1664368200,158530.0,158645.0,158350.0,158645.0,159543,5,483066
WIN$D,M15,1664369100,158640.0,158870.0,158590.0,158805.0,135670,5,402781
WIN$D,M15,1664370000,158805.0,159255.0,158795.0,159210.0,139678,5,429565
WIN$D,M15,1664370900,159210.0,159305.0,158750.0,158765.0,146876,5,484427
WIN$D,M15,1664371800,158770.0,158895.0,158640.0,158895.0,122999,5,402249
WIN$D,M15,1664372700,158890.0,158975.0,158730.0,158920.0,127991,5,416888
WIN$D,M15,1664373600,158925.0,159125.0,158855.0,159120.0,130370,5,448468
WIN$D,M15,1664374500,159125.0,159175.0,158835.0,158895.0,118528,5,379353
WIN$D,M15,1664375400,158895.0,159140.0,158870.0,158985.0,101574,5,327038
WIN$D,M15,1664376300,158985.0,159015.0,158745.0,158760.0,121956,5,392992
WIN$D,M15,1664377200,158765.0,158980.0,158730.0,158910.0,107873,5,353986
WIN$D,M15,1664378100,158910.0,158980.0,158640.0,158650.0,103240,5,344519
WIN$D,M15,1664379000,158650.0,158940.0,158590.0,158860.0,141232,5,459409
WIN$D,M15,1664379900,158860.0,158965.0,158820.0,158875.0,112027,5,374499
WIN$D,M15,1664380800,158880.0,159375.0,158850.0,159160.0,160227,5,557605
WIN$D,M15,1664381700,159165.0,159270.0,159080.0,159085.0,104496,5,358975
WIN$D,M15,1664382600,159090.0,159235.0,159040.0,159165.0,107900,5,376123
WIN$D,M15,1664383500,159170.0,159220.0,158685.0,158740.0,115510,5,394303
WIN$D,M15,1664384400,158740.0,158970.0,158620.0,158810.0,102622,5,330977
WIN$D,M15,1664385300,158810.0,158915.0,158770.0,158855.0,49829,5,164984
WIN$D,M15,1664386200,158850.0,158910.0,158700.0,158735.0,41510,5,142588
WIN$D,M15,1664387100,158735.0,158810.0,158550.0,158550.0,21814,5,83132
WIN$D,M15,1664442000,158200.0,158525.0,157815.0,158000.0,169041,5,436950
WIN$D,M15,1664442900,158000.0,158175.0,157565.0,157885.0,156893,5,438168
WIN$D,M15,1664443800,157895.0,158090.0,157500.0,157690.0,254784,5,691195
WIN$D,M15,1664444700,157695.0,157725.0,157310.0,157390.0,186659,5,534908
WIN$D,M15,1664445600,157395.0,158040.0,157210.0,157840.0,281995,5,819911
WIN$D,M15,1664446500,157840.0,157970.0,157500.0,157555.0,244731,5,682666
WIN$D,M15,1664447400,157555.0,157775.0,156660.0,156760.0,350335,5,1024394
WIN$D,M15,1664448300,156760.0,157060.0,156670.0,157000.0,244823,5,708461
WIN$D,M15,1664449200,156995.0,157115.0,156740.0,156765.0,228050,5,671314
WIN$D,M15,1664450100,156770.0,157085.0,156410.0,156940.0,238078,5,714856
WIN$D,M15,1664451000,156935.0,156935.0,156520.0,156895.0,209780,5,636363
WIN$D,M15,1664451900,156890.0,157550.0,156780.0,157530.0,251399,5,771258
WIN$D,M15,1664452800,157530.0,157795.0,157315.0,157440.0,229964,5,690001
WIN$D,M15,1664453700,157440.0,157610.0,157205.0,157580.0,169848,5,489867
WIN$D,M15,1664454600,157580.0,157795.0,157435.0,157680.0,172347,5,510562
WIN$D,M15,1664455500,157680.0,158050.0,157585.0,157785.0,153663,5,457362
WIN$D,M15,1664456400,157785.0,158050.0,157720.0,157925.0,119064,5,347985
WIN$D,M15,1664457300,157925.0,157970.0,157430.0,157580.0,130337,5,402180
WIN$D,M15,1664458200,157585.0,157885.0,157570.0,157835.0,122671,5,370410
WIN$D,M15,1664459100,157835.0,157865.0,157430.0,157475.0,119334,5,369342
WIN$D,M15,1664460000,157480.0,157530.0,157255.0,157455.0,133284,5,415567
WIN$D,M15,1664460900,157460.0,157605.0,157395.0,157470.0,109897,5,329299
WIN$D,M15,1664461800,157470.0,157720.0,157425.0,157585.0,114379,5,356712
WIN$D,M15,1664462700,157580.0,157650.0,157330.0,157460.0,119173,5,363547
WIN$D,M15,1664463600,157455.0,157460.0,157170.0,157185.0,111260,5,342336
WIN$D,M15,1664464500,157190.0,157300.0,156705.0,157250.0,182025,5,607203
WIN$D,M15,1664465400,157255.0,157430.0,157205.0,157290.0,104270,5,306561
WIN$D,M15,1664466300,157290.0,157380.0,157210.0,157295.0,81436,5,246023
WIN$D,M15,1664467200,157300.0,157735.0,157285.0,157690.0,136193,5,413068
WIN$D,M15,1664468100,157695.0,157995.0,157675.0,157920.0,150351,5,482795
WIN$D,M15,1664469000,157920.0,158460.0,157890.0,158305.0,187469,5,639151
WIN$D,M15,1664469900,158310.0,158320.0,158095.0,158120.0,109178,5,356896
WIN$D,M15,1664470800,158115.0,158145.0,157890.0,157980.0,91170,5,296917
WIN$D,M15,1664471700,157985.0,158080.0,157905.0,157970.0,51718,5,164376
WIN$D,M15,1664472600,157970.0,158040.0,157805.0,157835.0,52493,5,162444
WIN$D,M15,1664473500,157840.0,158015.0,157790.0,157995.0,23216,5,78143
WIN$D,M15,1664528400,158380.0,158730.0,157885.0,157890.0,164528,5,408692
WIN$D,M15,1664529300,157895.0,158010.0,157710.0,157870.0,171684,5,468925
WIN$D,M15,1664530200,157865.0,158005.0,157380.0,157805.0,269270,5,702479
WIN$D,M15,1664531100,157805.0,157875.0,157490.0,157725.0,160033,5,439775
WIN$D,M15,1664532000,157725.0,157845.0,157490.0,157815.0,195842,5,548323
WIN$D,M15,1664532900,157815.0,157915.0,157535.0,157755.0,227515,5,660317
WIN$D,M15,1664533800,157760.0,158170.0,157680.0,158040.0,323818,5,991669
WIN$D,M15,1664534700,158040.0,159245.0,158015.0,159075.0,335170,5,1122152
WIN$D,M15,1664535600,159080.0,159190.0,158855.0,159105.0,226687,5,774811
WIN$D,M15,1664536500,159105.0,159180.0,158790.0,159045.0,217110,5,722790
WIN$D,M15,1664537400,159050.0,159510.0,159010.0,159350.0,183189,5,598044
WIN$D,M15,1664538300,159350.0,159500.0,159245.0,159385.0,145862,5,466256
WIN$D,M15,1664539200,159390.0,159665.0,159275.0,159630.0,153505,5,505140
WIN$D,M15,1664540100,159635.0,159880.0,159555.0,159830.0,158423,5,561658
WIN$D,M15,1664541000,159835.0,160145.0,159825.0,159930.0,154725,5,553518
WIN$D,M15,1664541900,159935.0,159995.0,159810.0,159855.0,86979,5,292518
WIN$D,M15,1664542800,159855.0,159875.0,159520.0,159690.0,131691,5,442992
WIN$D,M15,1664543700,159685.0,159870.0,159620.0,159690.0,108092,5,375966
WIN$D,M15,1664544600,159695.0,159950.0,159660.0,159935.0,98690,5,340377
WIN$D,M15,1664545500,159935.0,159970.0,159790.0,159815.0,80270,5,263707
WIN$D,M15,1664546400,159815.0,160525.0,159735.0,160300.0,192923,5,698209
WIN$D,M15,1664547300,160305.0,160760.0,160195.0,160730.0,176153,5,607814
WIN$D,M15,1664548200,160730.0,160810.0,160265.0,160330.0,160551,5,568650
WIN$D,M15,1664549100,160330.0,160545.0,160250.0,160340.0,125069,5,409803
WIN$D,M15,1664550000,160340.0,160450.0,160245.0,160380.0,111106,5,370302
WIN$D,M15,1664550900,160385.0,160595.0,160365.0,160415.0,119104,5,409311
WIN$D,M15,1664551800,160420.0,160510.0,160050.0,160105.0,132613,5,453733
WIN$D,M15,1664552700,160110.0,160345.0,159995.0,160155.0,146821,5,515266
WIN$D,M15,1664553600,160155.0,160610.0,160095.0,160425.0,141880,5,479101
WIN$D,M15,1664554500,160425.0,160840.0,160350.0,160700.0,138916,5,479554
WIN$D,M15,1664555400,160700.0,160765.0,160345.0,160610.0,146977,5,492767
WIN$D,M15,1664556300,160610.0,160730.0,160250.0,160360.0,130321,5,415701
WIN$D,M15,1664557200,160365.0,160495.0,160265.0,160420.0,85403,5,257276
WIN$D,M15,1664558100,160425.0,160475.0,160305.0,160440.0,47418,5,149180
WIN$D,M15,1664559000,160440.0,160565.0,160325.0,160420.0,61570,5,178006
WIN$D,M15,1664559900,160410.0,160780.0,160395.0,160780.0,28360,5,98565
WIN$D,M15,1664787600,164235.0,164725.0,163630.0,163750.0,229614,5,569947
WIN$D,M15,1664788500,163755.0,164150.0,163745.0,164070.0,149435,5,381495
WIN$D,M15,1664789400,164070.0,164280.0,164000.0,164075.0,117761,5,315536
WIN$D,M15,1664790300,164075.0,164230.0,163885.0,164090.0,158521,5,426873
WIN$D,M15,1664791200,164095.0,164550.0,163860.0,164245.0,296229,5,775022
WIN$D,M15,1664792100,164245.0,164465.0,163840.0,163925.0,256610,5,682091
WIN$D,M15,1664793000,163930.0,164020.0,163485.0,164000.0,319899,5,875741
WIN$D,M15,1664793900,164000.0,164695.0,163935.0,164490.0,330145,5,930676
WIN$D,M15,1664794800,164490.0,164885.0,164455.0,164720.0,314686,5,896893
WIN$D,M15,1664795700,164720.0,165185.0,164690.0,165050.0,230796,5,734836
WIN$D,M15,1664796600,165050.0,165560.0,165050.0,165535.0,220292,5,730097
WIN$D,M15,1664797500,165535.0,165720.0,165335.0,165625.0,213556,5,642337
WIN$D,M15,1664798400,165620.0,165770.0,165335.0,165535.0,161465,5,484474
WIN$D,M15,1664799300,165535.0,165585.0,165180.0,165225.0,147391,5,431212
WIN$D,M15,1664800200,165230.0,165435.0,165105.0,165130.0,124071,5,360898
WIN$D,M15,1664801100,165130.0,165525.0,165085.0,165260.0,145616,5,434992
WIN$D,M15,1664802000,165255.0,165555.0,165245.0,165310.0,121814,5,368486
WIN$D,M15,1664802900,165310.0,165420.0,165150.0,165265.0,111945,5,335528
WIN$D,M15,1664803800,165260.0,165375.0,165120.0,165300.0,127121,5,412204
WIN$D,M15,1664804700,165305.0,165335.0,165100.0,165220.0,101605,5,327148
WIN$D,M15,1664805600,165220.0,165495.0,165205.0,165300.0,113549,5,359965
WIN$D,M15,1664806500,165305.0,165600.0,165250.0,165355.0,131063,5,425323
WIN$D,M15,1664807400,165355.0,165590.0,165295.0,165585.0,108441,5,345260
WIN$D,M15,1664808300,165585.0,165715.0,165455.0,165480.0,124917,5,400849
WIN$D,M15,1664809200,165480.0,165890.0,165435.0,165850.0,138191,5,440060
WIN$D,M15,1664810100,165855.0,166120.0,165800.0,166080.0,141430,5,466601
WIN$D,M15,1664811000,166080.0,166170.0,166000.0,166110.0,109656,5,363843
WIN$D,M15,1664811900,166110.0,166475.0,166000.0,166355.0,148064,5,532479
WIN$D,M15,1664812800,166360.0,166370.0,166165.0,166335.0,105111,5,366984
WIN$D,M15,1664813700,166335.0,166420.0,166185.0,166260.0,95699,5,328499
WIN$D,M15,1664814600,166255.0,166345.0,166150.0,166275.0,95469,5,338603
WIN$D,M15,1664815500,166275.0,166600.0,166240.0,166510.0,134837,5,491661
WIN$D,M15,1664816400,166510.0,166680.0,166500.0,166585.0,90200,5,284910
WIN$D,M15,1664817300,166585.0,166660.0,166555.0,166600.0,37039,5,117034
WIN$D,M15,1664818200,166595.0,166830.0,166590.0,166770.0,61749,5,184344
WIN$D,M15,1664819100,166770.0,167010.0,166765.0,166850.0,42110,5,134779
WIN$D,M15,1664874000,167940.0,168020.0,167375.0,167730.0,241657,5,654803
WIN$D,M15,1664874900,167730.0,168250.0,167640.0,168225.0,219195,5,605929
WIN$D,M15,1664875800,168230.0,168330.0,168055.0,168245.0,199014,5,577323
WIN$D,M15,1664876700,168245.0,168720.0,168195.0,168635.0,223018,5,663520
WIN$D,M15,1664877600,168635.0,168645.0,167930.0,167985.0,241828,5,718903
WIN$D,M15,1664878500,167990.0,168100.0,167735.0,167790.0,258618,5,768868
WIN$D,M15,1664879400,167790.0,168185.0,167560.0,168010.0,339993,5,1016061
WIN$D,M15,1664880300,168010.0,168045.0,167115.0,167365.0,344743,5,1045017
WIN$D,M15,1664881200,167370.0,167720.0,167285.0,167530.0,254016,5,724926
WIN$D,M15,1664882100,167525.0,167655.0,167065.0,167110.0,244102,5,762282
WIN$D,M15,1664883000,167110.0,167320.0,166915.0,167295.0,205256,5,630391
WIN$D,M15,1664883900,167290.0,167395.0,167145.0,167255.0,170731,5,542975
WIN$D,M15,1664884800,167255.0,167295.0,166790.0,166845.0,186656,5,594958
WIN$D,M15,1664885700,166850.0,167200.0,166825.0,166940.0,148649,5,462143
WIN$D,M15,1664886600,166940.0,167055.0,166765.0,166980.0,148574,5,459079
WIN$D,M15,1664887500,166975.0,167210.0,166710.0,167195.0,138733,5,440284
WIN$D,M15,1664888400,167195.0,167265.0,167080.0,167160.0,115287,5,352334
WIN$D,M15,1664889300,167165.0,167300.0,167070.0,167270.0,97366,5,305236
WIN$D,M15,1664890200,167270.0,167330.0,166965.0,167035.0,100084,5,320865
WIN$D,M15,1664891100,167040.0,167055.0,166395.0,166585.0,169060,5,542871
WIN$D,M15,1664892000,166585.0,166710.0,166070.0,166125.0,190987,5,638158
WIN$D,M15,1664892900,166120.0,166490.0,166060.0,166460.0,168600,5,551740
WIN$D,M15,1664893800,166460.0,166660.0,166290.0,166550.0,140030,5,443676
WIN$D,M15,1664894700,166555.0,166775.0,166470.0,166560.0,131602,5,403744
WIN$D,M15,1664895600,166560.0,166655.0,166165.0,166185.0,144141,5,443447
WIN$D,M15,1664896500,166190.0,166540.0,166130.0,166340.0,139490,5,443534
WIN$D,M15,1664897400,166340.0,166495.0,166260.0,166460.0,112732,5,352421
WIN$D,M15,1664898300,166455.0,166755.0,166360.0,166590.0,133045,5,431832
WIN$D,M15,1664899200,166590.0,166605.0,165980.0,166150.0,164523,5,552845
WIN$D,M15,1664900100,166145.0,166250.0,166005.0,166190.0,128521,5,420832
WIN$D,M15,1664901000,166185.0,166345.0,166115.0,166305.0,105610,5,357584
WIN$D,M15,1664901900,166300.0,166480.0,166265.0,166475.0,114542,5,368864
WIN$D,M15,1664902800,166475.0,166675.0,166385.0,166550.0,104740,5,313515
WIN$D,M15,1664903700,166545.0,166680.0,166490.0,166630.0,44746,5,130020
WIN$D,M15,1664904600,166630.0,166745.0,166530.0,166715.0,55818,5,146100
WIN$D,M15,1664905500,166720.0,166790.0,166650.0,166790.0,23980,5,71696
WIN$D,M15,1664960400,165960.0,166355.0,165755.0,166305.0,184861,5,468583
WIN$D,M15,1664961300,166305.0,166560.0,166115.0,166550.0,171283,5,458084
WIN$D,M15,1664962200,166550.0,166830.0,166390.0,166660.0,224623,5,647327
WIN$D,M15,1664963100,166655.0,167070.0,166410.0,166665.0,280841,5,802918
WIN$D,M15,1664964000,166665.0,167115.0,166240.0,166290.0,319690,5,846192
WIN$D,M15,1664964900,166290.0,166725.0,166030.0,166565.0,320757,5,870965
WIN$D,M15,1664965800,166565.0,167245.0,166480.0,167045.0,358605,5,964430
WIN$D,M15,1664966700,167045.0,167345.0,166920.0,167140.0,231448,5,621565
WIN$D,M15,1664967600,167140.0,167145.0,166415.0,166610.0,315427,5,876672
WIN$D,M15,1664968500,166605.0,166750.0,166305.0,166585.0,206811,5,596333
WIN$D,M15,1664969400,166580.0,166870.0,166455.0,166830.0,224896,5,657073
WIN$D,M15,1664970300,166830.0,166980.0,166615.0,166655.0,139342,5,408639
WIN$D,M15,1664971200,166650.0,166935.0,166530.0,166820.0,134922,5,417432
WIN$D,M15,1664972100,166815.0,167175.0,166690.0,167170.0,133509,5,421777
WIN$D,M15,1664973000,167165.0,167500.0,167140.0,167410.0,136191,5,432262
WIN$D,M15,1664973900,167410.0,167470.0,166950.0,167055.0,135077,5,432581
WIN$D,M15,1664974800,167055.0,167410.0,167025.0,167225.0,121440,5,384687
WIN$D,M15,1664975700,167225.0,167335.0,166920.0,166995.0,118803,5,373309
WIN$D,M15,1664976600,166995.0,167215.0,166925.0,166970.0,109747,5,342476
WIN$D,M15,1664977500,166970.0,167300.0,166930.0,167250.0,112618,5,350732
WIN$D,M15,1664978400,167255.0,167450.0,167085.0,167185.0,114077,5,360718
WIN$D,M15,1664979300,167185.0,167520.0,167095.0,167310.0,136818,5,444701
WIN$D,M15,1664980200,167315.0,167385.0,167140.0,167345.0,96934,5,308276
WIN$D,M15,1664981100,167345.0,167500.0,167150.0,167155.0,115992,5,379421
WIN$D,M15,1664982000,167155.0,167445.0,167100.0,167355.0,103010,5,338676
WIN$D,M15,1664982900,167355.0,167455.0,167260.0,167430.0,70084,5,237664
WIN$D,M15,1664983800,167430.0,167750.0,167345.0,167470.0,154268,5,519315
WIN$D,M15,1664984700,167475.0,167675.0,167435.0,167575.0,97737,5,343375
WIN$D,M15,1664985600,167575.0,167635.0,167300.0,167405.0,90707,5,299479
WIN$D,M15,1664986500,167410.0,167485.0,167215.0,167260.0,85267,5,288497
WIN$D,M15,1664987400,167260.0,167590.0,167250.0,167575.0,104791,5,356260
WIN$D,M15,1664988300,167575.0,167590.0,167220.0,167335.0,104985,5,369184
WIN$D,M15,1664989200,167330.0,167605.0,167325.0,167585.0,62717,5,221616
WIN$D,M15,1664990100,167580.0,167730.0,167560.0,167580.0,56561,5,205955
WIN$D,M15,1664991000,167585.0,167770.0,167570.0,167685.0,48716,5,169254
WIN$D,M15,1664991900,167680.0,167815.0,167660.0,167680.0,23672,5,89733
WIN$D,M15,1665046800,167190.0,167530.0,167050.0,167405.0,188653,5,503826
WIN$D,M15,1665047700,167410.0,167920.0,167380.0,167785.0,145820,5,429199
WIN$D,M15,1665048600,167795.0,168145.0,167785.0,167975.0,193444,5,516576
WIN$D,M15,1665049500,167975.0,168130.0,167850.0,168115.0,157248,5,443923
WIN$D,M15,1665050400,168110.0,168195.0,167690.0,167790.0,249390,5,708907
WIN$D,M15,1665051300,167790.0,167885.0,167505.0,167710.0,253295,5,755724
WIN$D,M15,1665052200,167705.0,168580.0,167610.0,168435.0,382671,5,1205303
WIN$D,M15,1665053100,168435.0,168515.0,168215.0,168490.0,216528,5,698275
WIN$D,M15,1665054000,168490.0,168505.0,167735.0,167920.0,255730,5,824972
WIN$D,M15,1665054900,167920.0,168120.0,167765.0,167775.0,214047,5,685873
WIN$D,M15,1665055800,167775.0,167960.0,167635.0,167930.0,185747,5,581213
WIN$D,M15,1665056700,167930.0,168155.0,167830.0,167980.0,153230,5,501025
WIN$D,M15,1665057600,167980.0,168005.0,167705.0,167910.0,135145,5,430594
WIN$D,M15,1665058500,167910.0,168080.0,167795.0,167995.0,129593,5,425695
WIN$D,M15,1665059400,167995.0,168000.0,167770.0,167935.0,103109,5,358267
WIN$D,M15,1665060300,167935.0,167985.0,167525.0,167540.0,115845,5,403791
WIN$D,M15,1665061200,167545.0,167840.0,167480.0,167835.0,123758,5,411260
WIN$D,M15,1665062100,167835.0,168060.0,167810.0,168025.0,109076,5,364935
WIN$D,M15,1665063000,168025.0,168165.0,167925.0,168165.0,86424,5,286457
WIN$D,M15,1665063900,168165.0,168215.0,167930.0,167965.0,102863,5,342528
WIN$D,M15,1665064800,167970.0,168030.0,167745.0,167935.0,106341,5,352931
WIN$D,M15,1665065700,167930.0,167965.0,167685.0,167825.0,94523,5,308792
WIN$D,M15,1665066600,167825.0,167835.0,167580.0,167740.0,105536,5,363207
WIN$D,M15,1665067500,167740.0,167850.0,167690.0,167800.0,83922,5,280319
WIN$D,M15,1665068400,167800.0,167810.0,167490.0,167675.0,131268,5,454226
WIN$D,M15,1665069300,167670.0,167840.0,167640.0,167755.0,92283,5,327822
WIN$D,M15,1665070200,167755.0,167850.0,167645.0,167665.0,102144,5,378414
WIN$D,M15,1665071100,167665.0,167675.0,167390.0,167515.0,134499,5,498206
WIN$D,M15,1665072000,167515.0,167585.0,167255.0,167460.0,141283,5,506138
WIN$D,M15,1665072900,167465.0,167740.0,167405.0,167705.0,114170,5,425360
WIN$D,M15,1665073800,167705.0,167795.0,167605.0,167750.0,83978,5,323633
WIN$D,M15,1665074700,167745.0,167895.0,167685.0,167785.0,111390,5,422948
WIN$D,M15,1665075600,167790.0,167830.0,167600.0,167635.0,55340,5,200838
WIN$D,M15,1665076500,167635.0,167660.0,167490.0,167530.0,46434,5,163431
WIN$D,M15,1665077400,167530.0,167540.0,167430.0,167430.0,39791,5,125914
WIN$D,M15,1665078300,167430.0,167460.0,167095.0,167180.0,27032,5,101063
WIN$D,M15,1665133200,167430.0,167750.0,167065.0,167720.0,154388,5,365563
WIN$D,M15,1665134100,167725.0,168070.0,167690.0,167945.0,142195,5,355795
WIN$D,M15,1665135000,167955.0,167980.0,167175.0,167200.0,349985,5,861541
WIN$D,M15,1665135900,167195.0,167310.0,166865.0,167290.0,221485,5,623898
WIN$D,M15,1665136800,167295.0,167660.0,167150.0,167510.0,269069,5,786700
WIN$D,M15,1665137700,167515.0,167540.0,167145.0,167450.0,219619,5,600400
WIN$D,M15,1665138600,167450.0,168005.0,167200.0,167780.0,327046,5,959799
WIN$D,M15,1665139500,167785.0,168030.0,167530.0,167620.0,258484,5,769323
WIN$D,M15,1665140400,167620.0,167665.0,166970.0,167170.0,237049,5,767414
WIN$D,M15,1665141300,167170.0,167525.0,167110.0,167260.0,187798,5,598343
WIN$D,M15,1665142200,167265.0,167390.0,167115.0,167385.0,152500,5,463109
WIN$D,M15,1665143100,167385.0,167700.0,167350.0,167495.0,168584,5,533029
WIN$D,M15,1665144000,167495.0,167635.0,167345.0,167465.0,122162,5,385819
WIN$D,M15,1665144900,167465.0,167715.0,167350.0,167660.0,121623,5,385268
WIN$D,M15,1665145800,167660.0,167700.0,167405.0,167540.0,105205,5,338570
WIN$D,M15,1665146700,167535.0,167570.0,167305.0,167540.0,92383,5,304712
WIN$D,M15,1665147600,167540.0,167655.0,167355.0,167380.0,88277,5,289927
WIN$D,M15,1665148500,167385.0,167695.0,167330.0,167500.0,118443,5,416522
WIN$D,M15,1665149400,167495.0,167510.0,167270.0,167390.0,102340,5,361320
WIN$D,M15,1665150300,167390.0,167520.0,167310.0,167455.0,70659,5,240334
WIN$D,M15,1665151200,167455.0,167465.0,167240.0,167380.0,79476,5,272642
WIN$D,M15,1665152100,167380.0,167430.0,167185.0,167240.0,82778,5,286710
WIN$D,M15,1665153000,167235.0,167350.0,167115.0,167170.0,101083,5,351447
WIN$D,M15,1665153900,167170.0,167270.0,166435.0,166485.0,147315,5,540843
WIN$D,M15,1665154800,166480.0,166760.0,166345.0,166550.0,155835,5,564713
WIN$D,M15,1665155700,166545.0,166610.0,166325.0,166425.0,113550,5,412521
WIN$D,M15,1665156600,166420.0,166525.0,166235.0,166270.0,112432,5,382952
WIN$D,M15,1665157500,166270.0,166680.0,166255.0,166650.0,106137,5,375935
WIN$D,M15,1665158400,166645.0,166820.0,166490.0,166500.0,109853,5,385918
WIN$D,M15,1665159300,166495.0,166550.0,165930.0,166040.0,125964,5,432076
WIN$D,M15,1665160200,166040.0,166280.0,165975.0,166230.0,110499,5,400167
WIN$D,M15,1665161100,166235.0,166470.0,166175.0,166445.0,108743,5,369879
WIN$D,M15,1665162000,166440.0,166780.0,166370.0,166760.0,72648,5,236363
WIN$D,M15,1665162900,166760.0,167065.0,166745.0,166945.0,68314,5,212925
WIN$D,M15,1665163800,166945.0,167085.0,166835.0,167035.0,40880,5,117401
WIN$D,M15,1665164700,167040.0,167130.0,166890.0,167130.0,19788,5,64136
WIN$D,M15,1665392400,166840.0,166940.0,166565.0,166740.0,155716,5,380798
WIN$D,M15,1665393300,166745.0,166980.0,166570.0,166905.0,146121,5,381102
WIN$D,M15,1665394200,166900.0,167035.0,166715.0,167030.0,146806,5,418725
WIN$D,M15,1665395100,167035.0,167185.0,166905.0,167175.0,166162,5,436923
WIN$D,M15,1665396000,167175.0,167280.0,166410.0,166535.0,281568,5,759155
WIN$D,M15,1665396900,166540.0,166900.0,166500.0,166695.0,201985,5,527291
WIN$D,M15,1665397800,166700.0,166770.0,166305.0,166605.0,325825,5,907572
WIN$D,M15,1665398700,166610.0,166755.0,166140.0,166150.0,239286,5,703683
WIN$D,M15,1665399600,166145.0,166320.0,165965.0,166050.0,201125,5,617855
WIN$D,M15,1665400500,166050.0,166225.0,165970.0,166110.0,152807,5,464685
WIN$D,M15,1665401400,166110.0,166225.0,165675.0,165785.0,232659,5,759491
WIN$D,M15,1665402300,165780.0,165895.0,165715.0,165890.0,115812,5,344767
WIN$D,M15,1665403200,165890.0,165895.0,165610.0,165850.0,127691,5,399106
WIN$D,M15,1665404100,165850.0,165940.0,165725.0,165780.0,110635,5,347656
WIN$D,M15,1665405000,165780.0,165850.0,165680.0,165775.0,95006,5,298309
WIN$D,M15,1665405900,165775.0,165965.0,165710.0,165820.0,98902,5,317954
WIN$D,M15,1665406800,165820.0,165880.0,165585.0,165650.0,97651,5,324774
WIN$D,M15,1665407700,165645.0,165685.0,165445.0,165515.0,97416,5,313974
WIN$D,M15,1665408600,165510.0,165765.0,165435.0,165745.0,108575,5,382470
WIN$D,M15,1665409500,165745.0,165755.0,165585.0,165660.0,93886,5,329131
WIN$D,M15,1665410400,165655.0,165715.0,165495.0,165645.0,110154,5,383636
WIN$D,M15,1665411300,165645.0,165670.0,165550.0,165595.0,68931,5,240078
WIN$D,M15,1665412200,165595.0,165820.0,165585.0,165705.0,104040,5,356889
WIN$D,M15,1665413100,165710.0,166090.0,165690.0,165920.0,138365,5,466910
WIN$D,M15,1665414000,165915.0,165930.0,165495.0,165510.0,127278,5,451875
WIN$D,M15,1665414900,165510.0,165605.0,165340.0,165460.0,125358,5,433314
WIN$D,M15,1665415800,165460.0,165635.0,165405.0,165505.0,97834,5,338728
WIN$D,M15,1665416700,165505.0,165540.0,165255.0,165415.0,149390,5,534469
WIN$D,M15,1665417600,165415.0,165735.0,165400.0,165630.0,123690,5,459950
WIN$D,M15,1665418500,165630.0,165805.0,165565.0,165605.0,117175,5,425707
WIN$D,M15,1665419400,165600.0,165970.0,165555.0,165965.0,114068,5,413452
WIN$D,M15,1665420300,165965.0,166150.0,165870.0,165895.0,126932,5,466879
WIN$D,M15,1665421200,165890.0,166045.0,165845.0,165915.0,75544,5,252571
WIN$D,M15,1665422100,165915.0,166040.0,165825.0,166005.0,44244,5,145254
WIN$D,M15,1665423000,166005.0,166045.0,165830.0,165950.0,50927,5,156125
WIN$D,M15,1665423900,165950.0,166070.0,165880.0,165980.0,16507,5,55289
WIN$D,M15,1665478800,165290.0,165715.0,165150.0,165525.0,169782,5,420756
WIN$D,M15,1665479700,165525.0,165850.0,165490.0,165825.0,135469,5,369409
WIN$D,M15,1665480600,165825.0,165890.0,165580.0,165595.0,143365,5,427532
WIN$D,M15,1665481500,165600.0,165600.0,165275.0,165280.0,189759,5,574897
WIN$D,M15,1665482400,165275.0,165645.0,165225.0,165455.0,253444,5,748309
WIN$D,M15,1665483300,165450.0,165500.0,165170.0,165415.0,213619,5,621113
WIN$D,M15,1665484200,165410.0,165620.0,165200.0,165560.0,339235,5,1045102
WIN$D,M15,1665485100,165560.0,165700.0,165055.0,165095.0,310751,5,968249
WIN$D,M15,1665486000,165095.0,165095.0,164685.0,164920.0,239968,5,764105
WIN$D,M15,1665486900,164925.0,165140.0,164835.0,164880.0,212039,5,684415
WIN$D,M15,1665487800,164880.0,165305.0,164740.0,165205.0,197384,5,615181
WIN$D,M15,1665488700,165205.0,165455.0,165070.0,165095.0,204048,5,649834
WIN$D,M15,1665489600,165090.0,165410.0,165040.0,165180.0,159516,5,514533
WIN$D,M15,1665490500,165180.0,165515.0,165060.0,165425.0,158653,5,503669
WIN$D,M15,1665491400,165425.0,165660.0,165355.0,165610.0,139297,5,448781
WIN$D,M15,1665492300,165615.0,165630.0,165430.0,165505.0,94606,5,306505
WIN$D,M15,1665493200,165505.0,165535.0,165240.0,165365.0,112141,5,376836
WIN$D,M15,1665494100,165365.0,165745.0,165310.0,165510.0,129894,5,441287
WIN$D,M15,1665495000,165505.0,165695.0,165380.0,165660.0,120943,5,409330
WIN$D,M15,1665495900,165655.0,165800.0,165465.0,165525.0,113587,5,379816
WIN$D,M15,1665496800,165520.0,165660.0,165410.0,165645.0,91382,5,303932
WIN$D,M15,1665497700,165645.0,165795.0,165575.0,165650.0,122617,5,421362
WIN$D,M15,1665498600,165655.0,165855.0,165580.0,165675.0,122410,5,426662
WIN$D,M15,1665499500,165675.0,165690.0,165505.0,165610.0,90411,5,300018
WIN$D,M15,1665500400,165610.0,165645.0,165335.0,165390.0,120107,5,416918
WIN$D,M15,1665501300,165390.0,165480.0,165305.0,165445.0,99487,5,344378
WIN$D,M15,1665502200,165445.0,165540.0,165345.0,165390.0,91052,5,343918
WIN$D,M15,1665503100,165390.0,165485.0,164690.0,164750.0,249163,5,927841
WIN$D,M15,1665504000,164745.0,164845.0,164435.0,164535.0,178374,5,623125
WIN$D,M15,1665504900,164540.0,164640.0,164195.0,164605.0,153005,5,519497
WIN$D,M15,1665505800,164600.0,164865.0,164550.0,164780.0,116696,5,412631
WIN$D,M15,1665506700,164775.0,164865.0,164635.0,164725.0,95903,5,326217
WIN$D,M15,1665507600,164720.0,164800.0,164595.0,164760.0,42846,5,137764
WIN$D,M15,1665508500,164760.0,164780.0,164310.0,164405.0,71819,5,227668
WIN$D,M15,1665509400,164405.0,164640.0,164340.0,164625.0,46303,5,132193
WIN$D,M15,1665510300,164620.0,164635.0,164375.0,164530.0,23085,5,80926
WIN$D,M15,1665651600,165430.0,165960.0,165410.0,165665.0,162437,5,390037
WIN$D,M15,1665652500,165665.0,165860.0,165490.0,165695.0,114692,5,294957
WIN$D,M15,1665653400,165690.0,165700.0,163355.0,163410.0,270399,5,725074
WIN$D,M15,1665654300,163405.0,163535.0,162995.0,163265.0,218451,5,613347
WIN$D,M15,1665655200,163270.0,163340.0,162935.0,163245.0,169328,5,449922
WIN$D,M15,1665656100,163245.0,163375.0,162690.0,163040.0,222351,5,654183
WIN$D,M15,1665657000,163040.0,163350.0,162905.0,163045.0,253258,5,801715
WIN$D,M15,1665657900,163045.0,163535.0,162920.0,163385.0,213992,5,669609
WIN$D,M15,1665658800,163385.0,163555.0,163125.0,163385.0,196247,5,646246
WIN$D,M15,1665659700,163390.0,163445.0,162845.0,163030.0,180406,5,591266
WIN$D,M15,1665660600,163030.0,163370.0,162955.0,163295.0,162803,5,530716
WIN$D,M15,1665661500,163295.0,163615.0,163230.0,163435.0,156216,5,528615
WIN$D,M15,1665662400,163440.0,163985.0,163325.0,163975.0,178601,5,629469
WIN$D,M15,1665663300,163970.0,164250.0,163825.0,164240.0,215353,5,726709
WIN$D,M15,1665664200,164240.0,164790.0,164150.0,164760.0,192823,5,689450
WIN$D,M15,1665665100,164755.0,164920.0,164580.0,164865.0,135331,5,470352
WIN$D,M15,1665666000,164865.0,165025.0,164670.0,164765.0,130112,5,446967
WIN$D,M15,1665666900,164765.0,164980.0,164590.0,164955.0,129169,5,478206
WIN$D,M15,1665667800,164960.0,165085.0,164880.0,165065.0,94817,5,323788
WIN$D,M15,1665668700,165060.0,165150.0,164930.0,165045.0,85503,5,323269
WIN$D,M15,1665669600,165045.0,165265.0,165030.0,165100.0,85696,5,325495
WIN$D,M15,1665670500,165100.0,165510.0,165090.0,165455.0,97860,5,377030
WIN$D,M15,1665671400,165455.0,165580.0,165295.0,165370.0,89606,5,329573
WIN$D,M15,1665672300,165370.0,165440.0,165240.0,165345.0,81132,5,293431
WIN$D,M15,1665673200,165340.0,165340.0,165000.0,165085.0,109468,5,407898
WIN$D,M15,1665674100,165085.0,165195.0,164725.0,164820.0,97314,5,364237
WIN$D,M15,1665675000,164820.0,165040.0,164810.0,165010.0,75005,5,305497
WIN$D,M15,1665675900,165010.0,165070.0,164910.0,165050.0,75749,5,301827
WIN$D,M15,1665676800,165045.0,165090.0,164805.0,164965.0,97558,5,404480
WIN$D,M15,1665677700,164965.0,165005.0,164675.0,164675.0,93989,5,386226
WIN$D,M15,1665678600,164670.0,164765.0,164425.0,164680.0,110556,5,422308
WIN$D,M15,1665679500,164685.0,164770.0,164380.0,164400.0,92057,5,346707
WIN$D,M15,1665680400,164405.0,164475.0,164240.0,164270.0,73727,5,255640
WIN$D,M15,1665681300,164265.0,164540.0,164185.0,164475.0,76493,5,264369
WIN$D,M15,1665682200,164475.0,164530.0,164100.0,164210.0,56801,5,177591
WIN$D,M15,1665683100,164205.0,164215.0,163735.0,163910.0,27029,5,94566
WIN$D,M15,1665738000,164405.0,164455.0,163850.0,164380.0,193153,5,473464
WIN$D,M15,1665738900,164380.0,164390.0,164005.0,164065.0,146207,5,416259
WIN$D,M15,1665739800,164050.0,164245.0,163855.0,163880.0,206445,5,604510
WIN$D,M15,1665740700,163880.0,164695.0,163835.0,164590.0,237466,5,757987
WIN$D,M15,1665741600,164590.0,164790.0,164330.0,164425.0,245580,5,760263
WIN$D,M15,1665742500,164420.0,164730.0,164380.0,164675.0,207709,5,668413
WIN$D,M15,1665743400,164680.0,164810.0,164000.0,164075.0,368773,5,1161483
WIN$D,M15,1665744300,164080.0,164580.0,164020.0,164550.0,226102,5,830591
WIN$D,M15,1665745200,164555.0,164705.0,164070.0,164270.0,340593,5,1120309
WIN$D,M15,1665746100,164265.0,164415.0,163850.0,164115.0,236187,5,710993
WIN$D,M15,1665747000,164120.0,164215.0,163405.0,163460.0,220458,5,679928
WIN$D,M15,1665747900,163465.0,163915.0,163255.0,163735.0,223470,5,720809
WIN$D,M15,1665748800,163735.0,163885.0,163200.0,163230.0,144828,5,449918
WIN$D,M15,1665749700,163225.0,163825.0,163140.0,163760.0,159462,5,533864
WIN$D,M15,1665750600,163765.0,163915.0,163460.0,163520.0,128184,5,509798
WIN$D,M15,1665751500,163515.0,163520.0,163040.0,163165.0,125066,5,414028
WIN$D,M15,1665752400,163165.0,163360.0,162970.0,163100.0,130397,5,418764
WIN$D,M15,1665753300,163100.0,163240.0,162890.0,163115.0,123262,5,419564
WIN$D,M15,1665754200,163120.0,163590.0,163095.0,163530.0,129259,5,475338
WIN$D,M15,1665755100,163525.0,163830.0,163480.0,163655.0,141587,5,541215
WIN$D,M15,1665756000,163660.0,163665.0,163230.0,163340.0,125992,5,391193
WIN$D,M15,1665756900,163335.0,163810.0,163315.0,163790.0,109965,5,338382
WIN$D,M15,1665757800,163785.0,164045.0,163675.0,163755.0,137061,5,448468
WIN$D,M15,1665758700,163755.0,164025.0,163730.0,163905.0,103979,5,319609
WIN$D,M15,1665759600,163910.0,163915.0,163395.0,163455.0,124423,5,391456
WIN$D,M15,1665760500,163450.0,163540.0,163125.0,163380.0,145944,5,485934
WIN$D,M15,1665761400,163375.0,163485.0,163045.0,163235.0,106521,5,341824
WIN$D,M15,1665762300,163240.0,163260.0,162565.0,162650.0,143850,5,481389
WIN$D,M15,1665763200,162650.0,162865.0,162250.0,162310.0,142444,5,496501
WIN$D,M15,1665764100,162305.0,162325.0,161555.0,161925.0,194920,5,651092
WIN$D,M15,1665765000,161925.0,162005.0,161740.0,161950.0,100578,5,352737
WIN$D,M15,1665765900,161955.0,162080.0,161570.0,161690.0,112574,5,377544
WIN$D,M15,1665766800,161690.0,162195.0,161635.0,162070.0,99005,5,318692
WIN$D,M15,1665767700,162075.0,162105.0,161810.0,162000.0,69069,5,197637
WIN$D,M15,1665768600,161995.0,162035.0,161740.0,161915.0,59058,5,160900
WIN$D,M15,1665769500,161910.0,161965.0,161580.0,161710.0,26914,5,86406
WIN$D,M15,1665997200,162880.0,163080.0,162605.0,162730.0,155048,5,401189
WIN$D,M15,1665998100,162730.0,163005.0,162680.0,162745.0,133247,5,387075
WIN$D,M15,1665999000,162745.0,162825.0,162530.0,162720.0,157932,5,485238
WIN$D,M15,1665999900,162720.0,162815.0,162570.0,162680.0,113527,5,355363
WIN$D,M15,1666000800,162685.0,162805.0,162305.0,162490.0,251751,5,775347
WIN$D,M15,1666001700,162490.0,162760.0,162435.0,162685.0,206212,5,641594
WIN$D,M15,1666002600,162685.0,163245.0,162590.0,163130.0,293466,5,947948
WIN$D,M15,1666003500,163125.0,163305.0,162890.0,163095.0,225247,5,719915
WIN$D,M15,1666004400,163090.0,163335.0,162880.0,163255.0,186557,5,608168
WIN$D,M15,1666005300,163260.0,163360.0,163045.0,163350.0,181131,5,585963
WIN$D,M15,1666006200,163350.0,163585.0,163310.0,163560.0,163872,5,513609
WIN$D,M15,1666007100,163555.0,163670.0,163280.0,163615.0,190136,5,622975
WIN$D,M15,1666008000,163620.0,164075.0,163605.0,163990.0,172410,5,584858
WIN$D,M15,1666008900,163990.0,164130.0,163910.0,164030.0,96765,5,334923
WIN$D,M15,1666009800,164030.0,164200.0,163930.0,164185.0,110065,5,361990
WIN$D,M15,1666010700,164185.0,164325.0,164100.0,164275.0,88472,5,296668
WIN$D,M15,1666011600,164275.0,164365.0,164195.0,164315.0,82693,5,281650
WIN$D,M15,1666012500,164315.0,164395.0,164155.0,164205.0,103847,5,364714
WIN$D,M15,1666013400,164210.0,164280.0,164045.0,164155.0,101744,5,341205
WIN$D,M15,1666014300,164155.0,164255.0,164080.0,164115.0,81113,5,273876
WIN$D,M15,1666015200,164110.0,164135.0,163860.0,164055.0,125861,5,450311
WIN$D,M15,1666016100,164055.0,164160.0,163910.0,164120.0,93192,5,320034
WIN$D,M15,1666017000,164115.0,164175.0,164065.0,164095.0,63271,5,215263
WIN$D,M15,1666017900,164095.0,164110.0,163890.0,163935.0,106312,5,373787
WIN$D,M15,1666018800,163935.0,164075.0,163835.0,163890.0,114418,5,399508
WIN$D,M15,1666019700,163895.0,164040.0,163810.0,164000.0,88101,5,312612
WIN$D,M15,1666020600,164000.0,164060.0,163910.0,164050.0,79134,5,290191
WIN$D,M15,1666021500,164045.0,164175.0,163980.0,164125.0,82750,5,318483
WIN$D,M15,1666022400,164125.0,164270.0,163985.0,164005.0,103377,5,390795
WIN$D,M15,1666023300,164000.0,164030.0,163870.0,163925.0,89100,5,342866
WIN$D,M15,1666024200,163925.0,163970.0,163815.0,163910.0,88329,5,334458
WIN$D,M15,1666025100,163905.0,163920.0,163585.0,163690.0,98012,5,374998
WIN$D,M15,1666026000,163690.0,163705.0,163550.0,163625.0,56643,5,192293
WIN$D,M15,1666026900,163625.0,163795.0,163550.0,163755.0,51991,5,187131
WIN$D,M15,1666027800,163750.0,163900.0,163645.0,163885.0,52836,5,173372
WIN$D,M15,1666028700,163890.0,164010.0,163790.0,163790.0,22728,5,74004
WIN$D,M15,1666083600,164825.0,164850.0,164380.0,164715.0,171039,5,473092
WIN$D,M15,1666084500,164715.0,164985.0,164675.0,164960.0,134714,5,396765
WIN$D,M15,1666085400,164960.0,165075.0,164885.0,164970.0,112473,5,350325
WIN$D,M15,1666086300,164970.0,165280.0,164945.0,165275.0,157840,5,501298
WIN$D,M15,1666087200,165275.0,165465.0,165185.0,165220.0,216394,5,757651
WIN$D,M15,1666088100,165215.0,165420.0,165050.0,165400.0,205018,5,655564
WIN$D,M15,1666089000,165395.0,165575.0,165200.0,165490.0,273251,5,934682
WIN$D,M15,1666089900,165490.0,165605.0,165225.0,165335.0,256270,5,845280
WIN$D,M15,1666090800,165335.0,165560.0,165295.0,165405.0,159089,5,545585
WIN$D,M15,1666091700,165405.0,165435.0,164830.0,164850.0,218865,5,758661
WIN$D,M15,1666092600,164845.0,164910.0,164540.0,164745.0,179739,5,640111
WIN$D,M15,1666093500,164750.0,164950.0,164695.0,164810.0,175078,5,594109
WIN$D,M15,1666094400,164810.0,164895.0,164325.0,164385.0,207143,5,707667
WIN$D,M15,1666095300,164385.0,164450.0,164085.0,164255.0,166649,5,558598
WIN$D,M15,1666096200,164260.0,164360.0,164145.0,164350.0,123797,5,413057
WIN$D,M15,1666097100,164350.0,164580.0,164320.0,164360.0,114505,5,404367
WIN$D,M15,1666098000,164355.0,164700.0,164265.0,164695.0,138080,5,477517
WIN$D,M15,1666098900,164700.0,164730.0,164330.0,164430.0,111654,5,375186
WIN$D,M15,1666099800,164430.0,164810.0,164375.0,164700.0,112027,5,391046
WIN$D,M15,1666100700,164700.0,164820.0,164600.0,164630.0,101176,5,346786
WIN$D,M15,1666101600,164625.0,164775.0,164505.0,164730.0,131307,5,469910
WIN$D,M15,1666102500,164730.0,164980.0,164700.0,164960.0,118560,5,442862
WIN$D,M15,1666103400,164960.0,165130.0,164820.0,164990.0,125554,5,450069
WIN$D,M15,1666104300,164995.0,165040.0,164865.0,164910.0,81962,5,297718
WIN$D,M15,1666105200,164905.0,165080.0,164870.0,164955.0,101510,5,351173
WIN$D,M15,1666106100,164960.0,165035.0,164820.0,165000.0,109117,5,391394
WIN$D,M15,1666107000,165005.0,165075.0,164630.0,164645.0,140319,5,488023
WIN$D,M15,1666107900,164645.0,165005.0,164455.0,164970.0,157731,5,586966
WIN$D,M15,1666108800,164970.0,165050.0,164760.0,164850.0,144470,5,540230
WIN$D,M15,1666109700,164855.0,165255.0,164835.0,165155.0,150438,5,553681
WIN$D,M15,1666110600,165160.0,165630.0,165090.0,165550.0,148461,5,559025
WIN$D,M15,1666111500,165550.0,165705.0,165375.0,165680.0,111226,5,402211
WIN$D,M15,1666112400,165685.0,165855.0,165620.0,165785.0,101719,5,362907
WIN$D,M15,1666113300,165790.0,165845.0,165710.0,165775.0,43394,5,152711
WIN$D,M15,1666114200,165775.0,166110.0,165770.0,166025.0,72222,5,215624
WIN$D,M15,1666115100,166025.0,166140.0,166020.0,166030.0,24845,5,80358
WIN$D,M15,1666170000,165380.0,165440.0,165020.0,165250.0,144644,5,393951
WIN$D,M15,1666170900,165250.0,165415.0,165180.0,165320.0,136723,5,382031
WIN$D,M15,1666171800,165320.0,165490.0,165160.0,165295.0,163414,5,490108
WIN$D,M15,1666172700,165300.0,165735.0,165290.0,165705.0,176632,5,577956
WIN$D,M15,1666173600,165705.0,165850.0,165550.0,165610.0,251073,5,787746
WIN$D,M15,1666174500,165610.0,165790.0,165285.0,165340.0,198951,5,649407
WIN$D,M15,1666175400,165340.0,166050.0,165245.0,165445.0,377730,5,1319597
WIN$D,M15,1666176300,165445.0,165605.0,165165.0,165515.0,298124,5,1005356
WIN$D,M15,1666177200,165515.0,165740.0,165400.0,165720.0,211880,5,758909
WIN$D,M15,1666178100,165720.0,166240.0,165715.0,166080.0,201595,5,739523
WIN$D,M15,1666179000,166080.0,166165.0,165920.0,166065.0,153516,5,501231
WIN$D,M15,1666179900,166065.0,166100.0,165570.0,165715.0,167191,5,565943
WIN$D,M15,1666180800,165715.0,165915.0,165595.0,165770.0,155856,5,519212
WIN$D,M15,1666181700,165765.0,165845.0,165495.0,165610.0,128234,5,427560
WIN$D,M15,1666182600,165615.0,165880.0,165495.0,165845.0,135286,5,469035
WIN$D,M15,1666183500,165845.0,166020.0,165785.0,165815.0,108560,5,378243
WIN$D,M15,1666184400,165820.0,165890.0,165695.0,165850.0,108772,5,396736
WIN$D,M15,1666185300,165850.0,166050.0,165620.0,165675.0,124226,5,457057
WIN$D,M15,1666186200,165675.0,165905.0,165555.0,165625.0,127911,5,493261
WIN$D,M15,1666187100,165625.0,165745.0,165530.0,165720.0,94273,5,335279
WIN$D,M15,1666188000,165720.0,165835.0,165505.0,165690.0,133670,5,493223
WIN$D,M15,1666188900,165685.0,165865.0,165660.0,165750.0,92639,5,353317
WIN$D,M15,1666189800,165750.0,165835.0,165570.0,165780.0,106370,5,380692
WIN$D,M15,1666190700,165780.0,165870.0,165680.0,165735.0,81008,5,292003
WIN$D,M15,1666191600,165735.0,165990.0,165660.0,165850.0,120521,5,466715
WIN$D,M15,1666192500,165850.0,165955.0,165725.0,165870.0,96680,5,362078
WIN$D,M15,1666193400,165870.0,165925.0,165680.0,165680.0,81125,5,308602
WIN$D,M15,1666194300,165680.0,165795.0,165635.0,165745.0,84456,5,321954
WIN$D,M15,1666195200,165745.0,165885.0,165665.0,165800.0,95282,5,363934
WIN$D,M15,1666196100,165800.0,166400.0,165795.0,166030.0,163516,5,645635
WIN$D,M15,1666197000,166035.0,166445.0,165960.0,166280.0,131434,5,482477
WIN$D,M15,1666197900,166280.0,166370.0,166120.0,166350.0,100151,5,378439
WIN$D,M15,1666198800,166350.0,166410.0,166030.0,166200.0,102991,5,341635
WIN$D,M15,1666199700,166205.0,166210.0,165965.0,166010.0,56253,5,184162
WIN$D,M15,1666200600,166005.0,166275.0,165995.0,166185.0,60880,5,179627
WIN$D,M15,1666201500,166185.0,166370.0,166100.0,166135.0,26395,5,91399
WIN$D,M15,1666256400,166740.0,167220.0,166680.0,167110.0,163185,5,429365
WIN$D,M15,1666257300,167110.0,167395.0,167070.0,167365.0,126451,5,359251
WIN$D,M15,1666258200,167365.0,167560.0,167260.0,167345.0,197373,5,586063
WIN$D,M15,1666259100,167340.0,167540.0,167090.0,167090.0,163011,5,534312
WIN$D,M15,1666260000,167090.0,167230.0,166900.0,166955.0,210737,5,685305
WIN$D,M15,1666260900,166955.0,167155.0,166725.0,166745.0,180558,5,564606
WIN$D,M15,1666261800,166740.0,167015.0,166695.0,166830.0,301283,5,1003688
WIN$D,M15,1666262700,166835.0,167065.0,166670.0,166705.0,215543,5,732587
WIN$D,M15,1666263600,166705.0,167205.0,166640.0,167085.0,246357,5,863991
WIN$D,M15,1666264500,167080.0,167310.0,167045.0,167240.0,171238,5,592149
WIN$D,M15,1666265400,167240.0,167305.0,166920.0,166970.0,169991,5,596448
WIN$D,M15,1666266300,166975.0,167325.0,166950.0,167295.0,150251,5,527376
WIN$D,M15,1666267200,167295.0,167295.0,167050.0,167260.0,111549,5,373867
WIN$D,M15,1666268100,167265.0,167285.0,167035.0,167070.0,100807,5,333207
WIN$D,M15,1666269000,167070.0,167180.0,166970.0,167030.0,102929,5,338299
WIN$D,M15,1666269900,167035.0,167040.0,166610.0,166630.0,135590,5,479091
WIN$D,M15,1666270800,166635.0,166695.0,166405.0,166555.0,128275,5,456190
WIN$D,M15,1666271700,166550.0,166715.0,166530.0,166630.0,114947,5,419173
WIN$D,M15,1666272600,166625.0,166805.0,166590.0,166720.0,107582,5,392558
WIN$D,M15,1666273500,166715.0,166725.0,166500.0,166645.0,104595,5,351774
WIN$D,M15,1666274400,166650.0,166655.0,166345.0,166515.0,122227,5,429881
WIN$D,M15,1666275300,166515.0,166735.0,166470.0,166640.0,99835,5,358117
WIN$D,M15,1666276200,166645.0,166930.0,166585.0,166745.0,137943,5,512757
WIN$D,M15,1666277100,166745.0,166960.0,166630.0,166950.0,114051,5,434890
WIN$D,M15,1666278000,166950.0,166955.0,166610.0,166655.0,105670,5,395702
WIN$D,M15,1666278900,166650.0,166740.0,166560.0,166630.0,102916,5,371715
WIN$D,M15,1666279800,166635.0,166835.0,166590.0,166630.0,109819,5,401898
WIN$D,M15,1666280700,166630.0,167155.0,166570.0,166935.0,134594,5,511736
WIN$D,M15,1666281600,166935.0,167200.0,166930.0,167065.0,124345,5,475539
WIN$D,M15,1666282500,167065.0,167085.0,166765.0,166880.0,98674,5,376791
WIN$D,M15,1666283400,166880.0,167110.0,166780.0,167075.0,93606,5,381837
WIN$D,M15,1666284300,167080.0,167175.0,166960.0,167065.0,109776,5,432677
WIN$D,M15,1666285200,167060.0,167240.0,166910.0,166965.0,92122,5,341507
WIN$D,M15,1666286100,166965.0,167010.0,166800.0,166870.0,51531,5,189064
WIN$D,M15,1666287000,166875.0,166910.0,166710.0,166780.0,32544,5,117205
WIN$D,M15,1666287900,166780.0,166860.0,166735.0,166830.0,15220,5,57842
WIN$D,M15,1666342800,166265.0,166730.0,166240.0,166595.0,140971,5,357720
WIN$D,M15,1666343700,166595.0,166640.0,166440.0,166515.0,129546,5,375077
WIN$D,M15,1666344600,166510.0,166550.0,166380.0,166470.0,123329,5,391781
WIN$D,M15,1666345500,166475.0,166600.0,166160.0,166500.0,192417,5,591256
WIN$D,M15,1666346400,166500.0,167055.0,166490.0,166675.0,297616,5,958741
WIN$D,M15,1666347300,166680.0,166975.0,166500.0,166830.0,233046,5,723197
WIN$D,M15,1666348200,166835.0,167395.0,166715.0,167335.0,398070,5,1337384
WIN$D,M15,1666349100,167340.0,167765.0,167310.0,167750.0,290974,5,1009038
WIN$D,M15,1666350000,167750.0,168305.0,167715.0,168200.0,254619,5,946852
WIN$D,M15,1666350900,168200.0,168230.0,167870.0,167880.0,159042,5,559665
WIN$D,M15,1666351800,167880.0,168050.0,167755.0,167985.0,216070,5,763554
WIN$D,M15,1666352700,167980.0,168150.0,167895.0,168015.0,187202,5,616751
WIN$D,M15,1666353600,168015.0,168030.0,167735.0,167910.0,187768,5,678499
WIN$D,M15,1666354500,167905.0,168110.0,167885.0,168025.0,139841,5,468029
WIN$D,M15,1666355400,168025.0,168175.0,167915.0,168080.0,114137,5,373320
WIN$D,M15,1666356300,168075.0,168255.0,168035.0,168245.0,123750,5,415667
WIN$D,M15,1666357200,168245.0,168470.0,168240.0,168395.0,138524,5,477991
WIN$D,M15,1666358100,168400.0,168590.0,168335.0,168455.0,127728,5,430196
WIN$D,M15,1666359000,168455.0,168665.0,168455.0,168535.0,106954,5,354447
WIN$D,M15,1666359900,168535.0,168580.0,168395.0,168425.0,72343,5,245393
WIN$D,M15,1666360800,168425.0,168845.0,168400.0,168815.0,127107,5,478454
WIN$D,M15,1666361700,168815.0,168990.0,168715.0,168850.0,111052,5,411968
WIN$D,M15,1666362600,168850.0,169055.0,168760.0,168940.0,93573,5,332256
WIN$D,M15,1666363500,168945.0,169220.0,168940.0,169115.0,108082,5,377171
WIN$D,M15,1666364400,169115.0,169655.0,169105.0,169425.0,162124,5,602018
WIN$D,M15,1666365300,169430.0,169495.0,169250.0,169430.0,111619,5,400694
WIN$D,M15,1666366200,169425.0,169500.0,169280.0,169340.0,87339,5,296413
WIN$D,M15,1666367100,169340.0,169595.0,169295.0,169520.0,87230,5,318191
WIN$D,M15,1666368000,169525.0,170095.0,169470.0,169980.0,141844,5,551251
WIN$D,M15,1666368900,169980.0,170705.0,169975.0,170300.0,181439,5,750712
WIN$D,M15,1666369800,170300.0,170345.0,169935.0,169950.0,114989,5,434141
WIN$D,M15,1666370700,169945.0,170125.0,169860.0,170030.0,111037,5,383667
WIN$D,M15,1666371600,170030.0,170280.0,169965.0,170265.0,74295,5,274256
WIN$D,M15,1666372500,170270.0,170465.0,170085.0,170200.0,72465,5,249180
WIN$D,M15,1666373400,170200.0,170280.0,170105.0,170245.0,50575,5,186250
WIN$D,M15,1666374300,170245.0,170435.0,170205.0,170250.0,30175,5,121786
WIN$D,M15,1666602000,169705.0,169715.0,168795.0,168825.0,229813,5,568498
WIN$D,M15,1666602900,168830.0,168895.0,168190.0,168200.0,207797,5,584650
WIN$D,M15,1666603800,168200.0,168475.0,168155.0,168440.0,161468,5,451318
WIN$D,M15,1666604700,168440.0,168450.0,168210.0,168255.0,132274,5,359733
WIN$D,M15,1666605600,168250.0,168440.0,168080.0,168310.0,227193,5,623850
WIN$D,M15,1666606500,168315.0,168420.0,167960.0,168000.0,206626,5,561136
WIN$D,M15,1666607400,168005.0,168190.0,167435.0,167450.0,356011,5,1043313
WIN$D,M15,1666608300,167450.0,167780.0,167095.0,167420.0,337415,5,1037865
WIN$D,M15,1666609200,167420.0,167445.0,167000.0,167315.0,249553,5,778548
WIN$D,M15,1666610100,167320.0,167330.0,166750.0,167020.0,227766,5,756113
WIN$D,M15,1666611000,167020.0,167240.0,166780.0,167005.0,225669,5,772553
WIN$D,M15,1666611900,167005.0,167315.0,166895.0,167245.0,175506,5,606134
WIN$D,M15,1666612800,167245.0,167340.0,167000.0,167085.0,159851,5,549375
WIN$D,M15,1666613700,167085.0,167255.0,166895.0,167065.0,159108,5,551114
WIN$D,M15,1666614600,167065.0,167130.0,166835.0,166835.0,127705,5,428671
WIN$D,M15,1666615500,166835.0,166875.0,166580.0,166735.0,165639,5,586374
WIN$D,M15,1666616400,166735.0,166830.0,166630.0,166700.0,106902,5,357808
WIN$D,M15,1666617300,166700.0,166780.0,166560.0,166635.0,97133,5,333458
WIN$D,M15,1666618200,166630.0,166680.0,166190.0,166375.0,163805,5,624965
WIN$D,M15,1666619100,166375.0,166490.0,166225.0,166270.0,112628,5,421977
WIN$D,M15,1666620000,166270.0,166310.0,165710.0,165765.0,178513,5,728431
WIN$D,M15,1666620900,165760.0,165790.0,165545.0,165680.0,147559,5,584284
WIN$D,M15,1666621800,165680.0,165935.0,165655.0,165865.0,145149,5,557622
WIN$D,M15,1666622700,165860.0,166025.0,165760.0,165880.0,109403,5,414888
WIN$D,M15,1666623600,165880.0,166090.0,165780.0,165930.0,119702,5,451863
WIN$D,M15,1666624500,165930.0,166120.0,165890.0,165955.0,108468,5,426375
WIN$D,M15,1666625400,165955.0,166025.0,165845.0,165965.0,102525,5,381879
WIN$D,M15,1666626300,165960.0,165975.0,165560.0,165620.0,144927,5,543930
WIN$D,M15,1666627200,165620.0,165820.0,165585.0,165735.0,105263,5,387517
WIN$D,M15,1666628100,165735.0,165880.0,165675.0,165860.0,95046,5,335419
WIN$D,M15,1666629000,165855.0,166160.0,165790.0,165805.0,134607,5,494038
WIN$D,M15,1666629900,165800.0,165975.0,165710.0,165815.0,97139,5,332964
WIN$D,M15,1666630800,165820.0,165860.0,165735.0,165825.0,52720,5,174615
WIN$D,M15,1666631700,165825.0,166020.0,165755.0,165805.0,66407,5,243371
WIN$D,M15,1666632600,165810.0,165960.0,165760.0,165770.0,64535,5,208960
WIN$D,M15,1666633500,165770.0,165930.0,165645.0,165930.0,30755,5,116282
WIN$D,M15,1666688400,165900.0,166555.0,165560.0,166035.0,226673,5,562983
WIN$D,M15,1666689300,166035.0,166060.0,165810.0,165970.0,129630,5,369984
WIN$D,M15,1666690200,165970.0,165975.0,165200.0,165270.0,241207,5,722466
WIN$D,M15,1666691100,165270.0,165530.0,165220.0,165405.0,160764,5,465129
WIN$D,M15,1666692000,165400.0,165570.0,164935.0,164935.0,296763,5,868735
WIN$D,M15,1666692900,164940.0,165175.0,164520.0,164800.0,274232,5,846789
WIN$D,M15,1666693800,164795.0,164905.0,164350.0,164605.0,273916,5,841639
WIN$D,M15,1666694700,164605.0,165255.0,164575.0,165230.0,215756,5,665699
WIN$D,M15,1666695600,165230.0,165565.0,165015.0,165470.0,248874,5,761957
WIN$D,M15,1666696500,165470.0,165855.0,165435.0,165700.0,189449,5,599239
WIN$D,M15,1666697400,165695.0,165710.0,165210.0,165400.0,175656,5,561887
WIN$D,M15,1666698300,165400.0,165480.0,165255.0,165360.0,115634,5,364611
WIN$D,M15,1666699200,165360.0,165875.0,165350.0,165625.0,141584,5,472735
WIN$D,M15,1666700100,165625.0,165690.0,165405.0,165615.0,119263,5,388603
WIN$D,M15,1666701000,165610.0,165855.0,165525.0,165750.0,106868,5,342114
WIN$D,M15,1666701900,165750.0,165755.0,165480.0,165600.0,91168,5,290092
WIN$D,M15,1666702800,165600.0,165960.0,165595.0,165790.0,98499,5,317578
WIN$D,M15,1666703700,165785.0,165810.0,165440.0,165470.0,92551,5,308985
WIN$D,M15,1666704600,165465.0,165575.0,165255.0,165280.0,110492,5,369353
WIN$D,M15,1666705500,165275.0,165320.0,165030.0,165140.0,115236,5,383991
WIN$D,M15,1666706400,165135.0,165245.0,164940.0,164960.0,116593,5,386195
WIN$D,M15,1666707300,164960.0,165260.0,164945.0,165230.0,99932,5,324642
WIN$D,M15,1666708200,165230.0,165340.0,165070.0,165155.0,107151,5,362472
WIN$D,M15,1666709100,165160.0,165255.0,165040.0,165060.0,80238,5,273262
WIN$D,M15,1666710000,165055.0,165175.0,164840.0,164950.0,104092,5,379139
WIN$D,M15,1666710900,164945.0,165065.0,164770.0,165035.0,120551,5,447108
WIN$D,M15,1666711800,165035.0,165050.0,164640.0,164645.0,93621,5,334481
WIN$D,M15,1666712700,164645.0,164770.0,164630.0,164660.0,63942,5,225025
WIN$D,M15,1666713600,164660.0,164760.0,164495.0,164750.0,94706,5,337852
WIN$D,M15,1666714500,164750.0,164840.0,164640.0,164750.0,99085,5,374751
WIN$D,M15,1666715400,164750.0,164855.0,164585.0,164695.0,91077,5,349605
WIN$D,M15,1666716300,164695.0,164700.0,164170.0,164225.0,115057,5,428614
WIN$D,M15,1666717200,164225.0,164280.0,164060.0,164120.0,101917,5,336356
WIN$D,M15,1666718100,164120.0,164225.0,164075.0,164140.0,46059,5,158925
WIN$D,M15,1666719000,164145.0,164175.0,163935.0,164060.0,61560,5,199259
WIN$D,M15,1666719900,164065.0,164105.0,163920.0,164030.0,20623,5,83261
WIN$D,M15,1666774800,164275.0,164710.0,164100.0,164265.0,224180,5,580912
WIN$D,M15,1666775700,164265.0,164405.0,164080.0,164285.0,179689,5,495113
WIN$D,M15,1666776600,164285.0,164350.0,163170.0,163215.0,288258,5,820733
WIN$D,M15,1666777500,163215.0,163285.0,162855.0,163055.0,183858,5,552887
WIN$D,M15,1666778400,163055.0,163125.0,162750.0,162870.0,232051,5,669493
WIN$D,M15,1666779300,162870.0,162940.0,162520.0,162750.0,208150,5,589222
WIN$D,M15,1666780200,162750.0,163495.0,162725.0,163245.0,307902,5,944021
WIN$D,M15,1666781100,163245.0,163330.0,162765.0,162775.0,249878,5,707496
WIN$D,M15,1666782000,162770.0,163240.0,162765.0,163135.0,269472,5,748841
WIN$D,M15,1666782900,163135.0,163480.0,163030.0,163280.0,216381,5,636277
WIN$D,M15,1666783800,163275.0,163315.0,162810.0,162980.0,187455,5,555772
WIN$D,M15,1666784700,162985.0,163120.0,162840.0,162930.0,141865,5,441580
WIN$D,M15,1666785600,162930.0,163390.0,162925.0,163260.0,149311,5,486186
WIN$D,M15,1666786500,163260.0,163425.0,163170.0,163370.0,119002,5,380260
WIN$D,M15,1666787400,163370.0,163790.0,163325.0,163695.0,151944,5,491903
WIN$D,M15,1666788300,163700.0,163895.0,163570.0,163705.0,128274,5,408642
WIN$D,M15,1666789200,163705.0,163880.0,163550.0,163600.0,106804,5,333309
WIN$D,M15,1666790100,163595.0,163710.0,163495.0,163695.0,96192,5,287308
WIN$D,M15,1666791000,163695.0,164055.0,163655.0,163690.0,136984,5,435917
WIN$D,M15,1666791900,163685.0,163735.0,162945.0,162985.0,157560,5,525467
WIN$D,M15,1666792800,162985.0,163230.0,162900.0,163195.0,131853,5,420832
WIN$D,M15,1666793700,163190.0,163280.0,162985.0,163090.0,120989,5,354948
WIN$D,M15,1666794600,163095.0,163245.0,162985.0,163175.0,98932,5,322597
WIN$D,M15,1666795500,163170.0,163505.0,163120.0,163425.0,122192,5,381758
WIN$D,M15,1666796400,163430.0,163470.0,163100.0,163140.0,113399,5,366277
WIN$D,M15,1666797300,163135.0,163175.0,162880.0,162905.0,137807,5,445594
WIN$D,M15,1666798200,162910.0,162955.0,162730.0,162790.0,112427,5,368875
WIN$D,M15,1666799100,162790.0,162870.0,162405.0,162495.0,157398,5,561818
WIN$D,M15,1666800000,162490.0,162500.0,162200.0,162290.0,153663,5,539573
WIN$D,M15,1666800900,162295.0,162345.0,162120.0,162185.0,112319,5,382688
WIN$D,M15,1666801800,162185.0,162440.0,162185.0,162415.0,98737,5,340925
WIN$D,M15,1666802700,162415.0,162550.0,162290.0,162325.0,98734,5,354012
WIN$D,M15,1666803600,162330.0,162400.0,162075.0,162335.0,123171,5,385166
WIN$D,M15,1666804500,162335.0,162380.0,162200.0,162295.0,42740,5,141526
WIN$D,M15,1666805400,162300.0,162515.0,162260.0,162480.0,39503,5,139794
WIN$D,M15,1666806300,162475.0,163130.0,162460.0,163130.0,28564,5,110787
WIN$D,M15,1666861200,162780.0,163435.0,162180.0,163135.0,317293,5,771906
WIN$D,M15,1666862100,163130.0,163500.0,162610.0,163415.0,269451,5,623099
WIN$D,M15,1666863000,163410.0,163830.0,162980.0,163230.0,235963,5,611092
WIN$D,M15,1666863900,163230.0,163255.0,162675.0,163025.0,269877,5,712142
WIN$D,M15,1666864800,163020.0,163195.0,162535.0,162555.0,297065,5,771053
WIN$D,M15,1666865700,162555.0,162960.0,162500.0,162670.0,277596,5,763513
WIN$D,M15,1666866600,162670.0,163375.0,162570.0,163275.0,391430,5,1180512
WIN$D,M15,1666867500,163280.0,163535.0,162845.0,163530.0,288158,5,847534
WIN$D,M15,1666868400,163530.0,163915.0,163160.0,163760.0,299723,5,900976
WIN$D,M15,1666869300,163755.0,163835.0,163500.0,163660.0,193834,5,592450
WIN$D,M15,1666870200,163660.0,163795.0,162895.0,162910.0,212277,5,642507
WIN$D,M15,1666871100,162905.0,163220.0,162790.0,163105.0,204945,5,645687
WIN$D,M15,1666872000,163100.0,163490.0,163080.0,163440.0,166634,5,530222
WIN$D,M15,1666872900,163435.0,163520.0,163165.0,163425.0,169754,5,525252
WIN$D,M15,1666873800,163425.0,163570.0,163175.0,163215.0,165429,5,523259
WIN$D,M15,1666874700,163220.0,163630.0,163150.0,163630.0,136273,5,455572
WIN$D,M15,1666875600,163630.0,163940.0,163530.0,163900.0,142471,5,474480
WIN$D,M15,1666876500,163900.0,164005.0,163595.0,163610.0,127608,5,415797
WIN$D,M15,1666877400,163605.0,163845.0,163550.0,163680.0,112865,5,377162
WIN$D,M15,1666878300,163685.0,163830.0,163595.0,163795.0,93055,5,323351
WIN$D,M15,1666879200,163800.0,164210.0,163730.0,164110.0,142634,5,506357
WIN$D,M15,1666880100,164105.0,164305.0,163955.0,164160.0,118323,5,429747
WIN$D,M15,1666881000,164165.0,164210.0,163985.0,164140.0,92573,5,310974
WIN$D,M15,1666881900,164140.0,164220.0,163755.0,163785.0,129041,5,445201
WIN$D,M15,1666882800,163785.0,164045.0,163780.0,163990.0,107596,5,382146
WIN$D,M15,1666883700,163990.0,164080.0,163885.0,163945.0,95674,5,333136
WIN$D,M15,1666884600,163945.0,164070.0,163795.0,163815.0,86770,5,317207
WIN$D,M15,1666885500,163820.0,163955.0,163755.0,163865.0,96398,5,362525
WIN$D,M15,1666886400,163865.0,164190.0,163840.0,164085.0,146646,5,597530
WIN$D,M15,1666887300,164080.0,164390.0,164075.0,164375.0,116909,5,453828
WIN$D,M15,1666888200,164375.0,166095.0,164270.0,165605.0,202620,5,808990
WIN$D,M15,1666889100,165610.0,165620.0,164290.0,164475.0,234923,5,803317
WIN$D,M15,1666890000,164475.0,164815.0,163765.0,163810.0,220506,5,563274
WIN$D,M15,1666890900,163805.0,163825.0,162505.0,163115.0,204636,5,504002
WIN$D,M15,1666891800,163110.0,163675.0,162655.0,163295.0,150239,5,343011
WIN$D,M15,1666892700,163295.0,163830.0,163245.0,163495.0,41345,5,91931
WIN$D,M15,1666947600,162345.0,163005.0,162295.0,162795.0,165246,5,405095
WIN$D,M15,1666948500,162795.0,162895.0,162435.0,162600.0,172953,5,464829
WIN$D,M15,1666949400,162585.0,163375.0,162425.0,162765.0,313961,5,751584
WIN$D,M15,1666950300,162765.0,163095.0,162605.0,163045.0,203181,5,560387
WIN$D,M15,1666951200,163045.0,163530.0,162915.0,163405.0,243769,5,666068
WIN$D,M15,1666952100,163405.0,164130.0,163370.0,163765.0,257683,5,718561
WIN$D,M15,1666953000,163765.0,164005.0,163315.0,163545.0,315968,5,875882
WIN$D,M15,1666953900,163545.0,163895.0,163375.0,163875.0,228417,5,671873
WIN$D,M15,1666954800,163880.0,164160.0,163130.0,163415.0,333937,5,911699
WIN$D,M15,1666955700,163415.0,163610.0,163250.0,163315.0,242641,5,722099
WIN$D,M15,1666956600,163320.0,163420.0,162755.0,163170.0,207908,5,630342
WIN$D,M15,1666957500,163175.0,163410.0,163095.0,163340.0,164522,5,526128
WIN$D,M15,1666958400,163345.0,163545.0,163190.0,163295.0,157958,5,517619
WIN$D,M15,1666959300,163295.0,163680.0,163250.0,163450.0,146623,5,459184
WIN$D,M15,1666960200,163450.0,163950.0,163420.0,163800.0,159974,5,504133
WIN$D,M15,1666961100,163800.0,163985.0,163700.0,163740.0,113237,5,354556
WIN$D,M15,1666962000,163735.0,163855.0,163575.0,163850.0,117217,5,379772
WIN$D,M15,1666962900,163850.0,163955.0,163740.0,163815.0,95598,5,307750
WIN$D,M15,1666963800,163820.0,164085.0,163790.0,164005.0,102653,5,342944
WIN$D,M15,1666964700,164005.0,164310.0,163935.0,164115.0,113562,5,383862
WIN$D,M15,1666965600,164115.0,164130.0,163890.0,164040.0,103875,5,352939
WIN$D,M15,1666966500,164045.0,164130.0,163825.0,164000.0,112002,5,368368
WIN$D,M15,1666967400,164000.0,164050.0,163870.0,163885.0,71462,5,256729
WIN$D,M15,1666968300,163880.0,164005.0,163805.0,163835.0,83980,5,303833
WIN$D,M15,1666969200,163835.0,164000.0,163705.0,163865.0,106948,5,385977
WIN$D,M15,1666970100,163865.0,163905.0,163600.0,163620.0,95946,5,341851
WIN$D,M15,1666971000,163620.0,163780.0,163510.0,163570.0,112775,5,417341
WIN$D,M15,1666971900,163570.0,163815.0,163445.0,163810.0,114227,5,427497
WIN$D,M15,1666972800,163810.0,163815.0,163555.0,163700.0,122240,5,464551
WIN$D,M15,1666973700,163705.0,163755.0,163485.0,163630.0,105183,5,393940
WIN$D,M15,1666974600,163630.0,163870.0,163610.0,163750.0,91016,5,326788
WIN$D,M15,1666975500,163750.0,163840.0,163610.0,163820.0,110372,5,388016
WIN$D,M15,1666976400,163820.0,164665.0,163785.0,164565.0,158544,5,494114
WIN$D,M15,1666977300,164565.0,164940.0,164135.0,164515.0,164809,5,474680
WIN$D,M15,1666978200,164510.0,164830.0,164110.0,164715.0,111737,5,322885
WIN$D,M15,1666979100,164720.0,164980.0,164595.0,164925.0,41857,5,136246
WIN$D,M15,1667206800,160880.0,162020.0,160380.0,161795.0,337898,5,777637
WIN$D,M15,1667207700,161795.0,162005.0,161540.0,161885.0,219265,5,547065
WIN$D,M15,1667208600,161885.0,161965.0,161145.0,161315.0,215463,5,577951
WIN$D,M15,1667209500,161315.0,161350.0,160925.0,161290.0,194386,5,540670
WIN$D,M15,1667210400,161290.0,161865.0,161235.0,161865.0,192997,5,552221
WIN$D,M15,1667211300,161860.0,162920.0,161810.0,162510.0,319906,5,926362
WIN$D,M15,1667212200,162505.0,164035.0,162435.0,164035.0,361741,5,1076530
WIN$D,M15,1667213100,164035.0,166015.0,163790.0,165570.0,426950,5,1355595
WIN$D,M15,1667214000,165565.0,166330.0,165065.0,165630.0,382497,5,1131400
WIN$D,M15,1667214900,165625.0,165660.0,165170.0,165375.0,183910,5,557199
WIN$D,M15,1667215800,165375.0,165490.0,164775.0,164960.0,191386,5,587614
WIN$D,M15,1667216700,164955.0,165290.0,164870.0,165175.0,162986,5,512028
WIN$D,M15,1667217600,165170.0,165225.0,164935.0,164990.0,111830,5,349609
WIN$D,M15,1667218500,164990.0,165040.0,164320.0,164365.0,207751,5,651245
WIN$D,M15,1667219400,164365.0,164640.0,164295.0,164345.0,127904,5,360526
WIN$D,M15,1667220300,164340.0,164500.0,163955.0,164010.0,169326,5,541419
WIN$D,M15,1667221200,164005.0,164240.0,163630.0,163695.0,153988,5,472637
WIN$D,M15,1667222100,163695.0,163810.0,163220.0,163370.0,169590,5,570389
WIN$D,M15,1667223000,163370.0,163395.0,163080.0,163110.0,147949,5,480560
WIN$D,M15,1667223900,163115.0,163250.0,162930.0,163195.0,140813,5,456649
WIN$D,M15,1667224800,163195.0,163665.0,163135.0,163425.0,186147,5,612532
WIN$D,M15,1667225700,163420.0,163960.0,163320.0,163760.0,161924,5,513160
WIN$D,M15,1667226600,163760.0,164420.0,163660.0,164175.0,192344,5,607833
WIN$D,M15,1667227500,164175.0,164360.0,163855.0,164195.0,177604,5,522085
WIN$D,M15,1667228400,164190.0,164560.0,164155.0,164400.0,148874,5,444629
WIN$D,M15,1667229300,164400.0,164460.0,164210.0,164355.0,99365,5,348271
WIN$D,M15,1667230200,164350.0,165080.0,164240.0,164715.0,188621,5,629547
WIN$D,M15,1667231100,164710.0,164960.0,164380.0,164620.0,174572,5,554711
WIN$D,M15,1667232000,164620.0,164880.0,164535.0,164570.0,129242,5,436597
WIN$D,M15,1667232900,164565.0,164815.0,164475.0,164750.0,123004,5,408751
WIN$D,M15,1667233800,164745.0,165645.0,164685.0,165605.0,170212,5,591768
WIN$D,M15,1667234700,165605.0,165875.0,165405.0,165725.0,163327,5,545340
WIN$D,M15,1667235600,165720.0,165765.0,165395.0,165700.0,115913,5,341291
WIN$D,M15,1667236500,165705.0,165745.0,164920.0,165090.0,114218,5,336043
WIN$D,M15,1667237400,165085.0,165325.0,164575.0,165210.0,128534,5,341500
WIN$D,M15,1667238300,165210.0,165475.0,164950.0,165320.0,41256,5,113419
WIN$D,M15,1667293200,165985.0,166715.0,165595.0,166060.0,296162,5,663177
WIN$D,M15,1667294100,166060.0,166955.0,165905.0,166820.0,276418,5,660696
WIN$D,M15,1667295000,166820.0,167145.0,166510.0,166935.0,243694,5,581217
WIN$D,M15,1667295900,166940.0,167050.0,166585.0,166790.0,155574,5,394332
WIN$D,M15,1667296800,166785.0,166945.0,166280.0,166745.0,308915,5,766993
WIN$D,M15,1667297700,166745.0,166765.0,165985.0,166005.0,259572,5,637544
WIN$D,M15,1667298600,166000.0,166460.0,165835.0,166290.0,316398,5,803769
WIN$D,M15,1667299500,166290.0,166390.0,165475.0,165670.0,282490,5,740377
WIN$D,M15,1667300400,165665.0,165750.0,164875.0,165335.0,326606,5,883937
WIN$D,M15,1667301300,165335.0,166180.0,165140.0,165925.0,301355,5,778932
WIN$D,M15,1667302200,165930.0,166685.0,165885.0,166120.0,300685,5,776564
WIN$D,M15,1667303100,166120.0,166180.0,165735.0,165960.0,207966,5,558574
WIN$D,M15,1667304000,165960.0,166120.0,165760.0,166000.0,171482,5,474042
WIN$D,M15,1667304900,165995.0,166510.0,165650.0,166420.0,187503,5,537677
WIN$D,M15,1667305800,166420.0,166655.0,165990.0,166160.0,195459,5,536158
WIN$D,M15,1667306700,166165.0,166565.0,166070.0,166480.0,143139,5,404276
WIN$D,M15,1667307600,166480.0,166835.0,166185.0,166335.0,178808,5,518310
WIN$D,M15,1667308500,166340.0,166360.0,166170.0,166205.0,96600,5,288627
WIN$D,M15,1667309400,166205.0,166595.0,166100.0,166555.0,122935,5,373249
WIN$D,M15,1667310300,166560.0,166615.0,166135.0,166265.0,146969,5,453381
WIN$D,M15,1667311200,166270.0,166375.0,166145.0,166190.0,93734,5,285296
WIN$D,M15,1667312100,166185.0,166400.0,166120.0,166235.0,98758,5,302991
WIN$D,M15,1667313000,166235.0,166400.0,166000.0,166395.0,134878,5,421684
WIN$D,M15,1667313900,166390.0,166715.0,166300.0,166570.0,145648,5,438149
WIN$D,M15,1667314800,166565.0,167460.0,166500.0,167250.0,232699,5,729528
WIN$D,M15,1667315700,167245.0,167365.0,167025.0,167260.0,112262,5,339364
WIN$D,M15,1667316600,167260.0,167345.0,166935.0,167010.0,95324,5,266094
WIN$D,M15,1667317500,167005.0,167215.0,166780.0,167165.0,133871,5,380352
WIN$D,M15,1667318400,167170.0,167290.0,166970.0,167045.0,84672,5,244752
WIN$D,M15,1667319300,167045.0,167130.0,166905.0,167020.0,72540,5,205254
WIN$D,M15,1667320200,167015.0,167800.0,166240.0,166470.0,320732,5,875975
WIN$D,M15,1667321100,166465.0,166970.0,165880.0,166745.0,265558,5,684157
WIN$D,M15,1667322000,166735.0,166790.0,166000.0,166255.0,167202,5,410075
WIN$D,M15,1667322900,166250.0,166360.0,165210.0,165615.0,188177,5,439525
WIN$D,M15,1667323800,165615.0,166115.0,165450.0,165490.0,137593,5,270755
WIN$D,M15,1667324700,165490.0,165525.0,164865.0,165290.0,56206,5,132588
WIN$D,M15,1667466000,163745.0,164245.0,163470.0,163640.0,181193,5,456239
WIN$D,M15,1667466900,163635.0,163745.0,163370.0,163565.0,127842,5,330018
WIN$D,M15,1667467800,163560.0,163860.0,163375.0,163695.0,157177,5,400419
WIN$D,M15,1667468700,163695.0,165070.0,163520.0,164605.0,350485,5,945237
WIN$D,M15,1667469600,164605.0,164755.0,164095.0,164340.0,226350,5,580989
WIN$D,M15,1667470500,164335.0,164405.0,163685.0,164130.0,215032,5,537700
WIN$D,M15,1667471400,164135.0,165375.0,163980.0,165235.0,336172,5,856461
WIN$D,M15,1667472300,165235.0,165250.0,164625.0,164655.0,208113,5,530742
WIN$D,M15,1667473200,164655.0,164905.0,164230.0,164710.0,257358,5,659016
WIN$D,M15,1667474100,164710.0,165645.0,164695.0,165425.0,223322,5,640903
WIN$D,M15,1667475000,165430.0,165595.0,165065.0,165330.0,222151,5,625370
WIN$D,M15,1667475900,165335.0,165915.0,165225.0,165835.0,187202,5,558255
WIN$D,M15,1667476800,165840.0,166020.0,165580.0,165795.0,154821,5,466554
WIN$D,M15,1667477700,165800.0,165835.0,165605.0,165735.0,97565,5,278590
WIN$D,M15,1667478600,165740.0,166040.0,165585.0,165905.0,122444,5,347779
WIN$D,M15,1667479500,165905.0,166070.0,165760.0,165990.0,97915,5,285644
WIN$D,M15,1667480400,165985.0,166160.0,165760.0,165865.0,110462,5,331746
WIN$D,M15,1667481300,165865.0,166020.0,165730.0,165935.0,88891,5,267329
WIN$D,M15,1667482200,165940.0,165995.0,165785.0,165955.0,78316,5,231572
WIN$D,M15,1667483100,165950.0,166555.0,165900.0,166485.0,131249,5,405391
WIN$D,M15,1667484000,166485.0,166620.0,166280.0,166495.0,124508,5,377161
WIN$D,M15,1667484900,166490.0,166570.0,166370.0,166475.0,82355,5,255545
WIN$D,M15,1667485800,166470.0,166500.0,166295.0,166345.0,69265,5,219349
WIN$D,M15,1667486700,166345.0,166630.0,166215.0,166290.0,142581,5,474677
WIN$D,M15,1667487600,166295.0,166460.0,166180.0,166335.0,123659,5,409367
WIN$D,M15,1667488500,166335.0,166555.0,166280.0,166430.0,87494,5,276645
WIN$D,M15,1667489400,166425.0,166575.0,166280.0,166450.0,102434,5,336165
WIN$D,M15,1667490300,166445.0,166820.0,166430.0,166670.0,126404,5,405510
WIN$D,M15,1667491200,166665.0,166850.0,166585.0,166715.0,87655,5,282713
WIN$D,M15,1667492100,166715.0,166825.0,166535.0,166645.0,81074,5,251116
WIN$D,M15,1667493000,166640.0,166665.0,166375.0,166555.0,104062,5,364574
WIN$D,M15,1667493900,166550.0,166560.0,166205.0,166290.0,107506,5,351131
WIN$D,M15,1667494800,166285.0,166600.0,166160.0,166485.0,99957,5,308449
WIN$D,M15,1667495700,166495.0,166730.0,166395.0,166560.0,83977,5,247300
WIN$D,M15,1667496600,166560.0,166655.0,166225.0,166510.0,76571,5,200491
WIN$D,M15,1667497500,166510.0,166600.0,166305.0,166345.0,29470,5,86216
WIN$D,M15,1667552400,167995.0,168360.0,167745.0,168310.0,202458,5,462700
WIN$D,M15,1667553300,168310.0,168440.0,167880.0,168085.0,187766,5,422234
WIN$D,M15,1667554200,168085.0,168280.0,167500.0,168115.0,327099,5,639293
WIN$D,M15,1667555100,168110.0,168680.0,168015.0,168615.0,257492,5,609303
WIN$D,M15,1667556000,168615.0,169325.0,168530.0,169130.0,265167,5,648720
WIN$D,M15,1667556900,169135.0,169425.0,168880.0,168935.0,200714,5,535162
WIN$D,M15,1667557800,168940.0,169120.0,167540.0,167565.0,341590,5,968511
WIN$D,M15,1667558700,167570.0,168320.0,167400.0,168105.0,303833,5,831337
WIN$D,M15,1667559600,168105.0,168280.0,167835.0,168140.0,239132,5,664885
WIN$D,M15,1667560500,168145.0,168205.0,167665.0,168160.0,245406,5,682410
WIN$D,M15,1667561400,168155.0,168840.0,168065.0,168710.0,246698,5,725064
WIN$D,M15,1667562300,168710.0,169265.0,168380.0,169150.0,242446,5,740669
WIN$D,M15,1667563200,169150.0,169485.0,169095.0,169235.0,213460,5,650589
WIN$D,M15,1667564100,169235.0,169425.0,169030.0,169215.0,155203,5,464284
WIN$D,M15,1667565000,169215.0,169360.0,168840.0,168920.0,140738,5,420912
WIN$D,M15,1667565900,168920.0,168930.0,168545.0,168580.0,149638,5,460092
WIN$D,M15,1667566800,168580.0,168700.0,168370.0,168665.0,145348,5,441676
WIN$D,M15,1667567700,168665.0,168765.0,168415.0,168545.0,118372,5,356659
WIN$D,M15,1667568600,168545.0,168695.0,168420.0,168510.0,108700,5,338374
WIN$D,M15,1667569500,168510.0,168560.0,168005.0,168140.0,155134,5,473594
WIN$D,M15,1667570400,168145.0,168295.0,167975.0,168090.0,139899,5,423149
WIN$D,M15,1667571300,168085.0,168360.0,167855.0,168140.0,157331,5,492046
WIN$D,M15,1667572200,168140.0,168235.0,167930.0,167970.0,120033,5,363431
WIN$D,M15,1667573100,167965.0,168335.0,167915.0,168200.0,127794,5,406906
WIN$D,M15,1667574000,168205.0,168245.0,167735.0,167830.0,139184,5,442916
WIN$D,M15,1667574900,167825.0,168110.0,167765.0,168025.0,134380,5,434744
WIN$D,M15,1667575800,168030.0,168295.0,167945.0,168295.0,130715,5,434491
WIN$D,M15,1667576700,168290.0,168300.0,168035.0,168120.0,108303,5,347458
WIN$D,M15,1667577600,168120.0,168120.0,167610.0,167675.0,137877,5,483669
WIN$D,M15,1667578500,167680.0,167815.0,167560.0,167765.0,116046,5,393984
WIN$D,M15,1667579400,167765.0,168060.0,167705.0,167975.0,119133,5,395853
WIN$D,M15,1667580300,167975.0,168030.0,167430.0,167590.0,155644,5,505768
WIN$D,M15,1667581200,167590.0,167610.0,167120.0,167295.0,136345,5,389699
WIN$D,M15,1667582100,167295.0,167585.0,167295.0,167505.0,61949,5,171358
WIN$D,M15,1667583000,167505.0,167970.0,167155.0,167190.0,110274,5,263465
WIN$D,M15,1667583900,167190.0,167310.0,166780.0,167150.0,55350,5,121616
WIN$D,M15,1667811600,167925.0,168160.0,166610.0,167010.0,263545,5,602826
WIN$D,M15,1667812500,167015.0,167320.0,166845.0,166985.0,160545,5,370820
WIN$D,M15,1667813400,166980.0,167150.0,166530.0,166565.0,206578,5,495416
WIN$D,M15,1667814300,166570.0,166795.0,166335.0,166535.0,203683,5,520072
WIN$D,M15,1667815200,166540.0,167170.0,166420.0,167030.0,265608,5,703365
WIN$D,M15,1667816100,167035.0,167430.0,166960.0,167030.0,238311,5,643588
WIN$D,M15,1667817000,167035.0,167280.0,166870.0,166945.0,201980,5,563412
WIN$D,M15,1667817900,166945.0,167370.0,166910.0,167225.0,211954,5,564448
WIN$D,M15,1667818800,167225.0,167600.0,167005.0,167150.0,192729,5,525996
WIN$D,M15,1667819700,167145.0,167580.0,166980.0,167160.0,201518,5,576831
WIN$D,M15,1667820600,167160.0,167460.0,166895.0,166930.0,250095,5,729314
WIN$D,M15,1667821500,166935.0,166945.0,165030.0,165335.0,362585,5,1156921
WIN$D,M15,1667822400,165330.0,165810.0,165250.0,165730.0,163684,5,472873
WIN$D,M15,1667823300,165735.0,165780.0,165105.0,165240.0,168806,5,462468
WIN$D,M15,1667824200,165245.0,165405.0,164740.0,165065.0,203213,5,557505
WIN$D,M15,1667825100,165065.0,165145.0,164785.0,164980.0,122343,5,342320
WIN$D,M15,1667826000,164980.0,165160.0,164860.0,165110.0,106610,5,303147
WIN$D,M15,1667826900,165105.0,165330.0,165085.0,165295.0,103191,5,301479
WIN$D,M15,1667827800,165295.0,165485.0,164995.0,165145.0,137845,5,424335
WIN$D,M15,1667828700,165145.0,165340.0,165030.0,165210.0,102877,5,320872
WIN$D,M15,1667829600,165210.0,165475.0,165090.0,165350.0,116748,5,368937
WIN$D,M15,1667830500,165355.0,165390.0,165160.0,165355.0,104755,5,329895
WIN$D,M15,1667831400,165360.0,165370.0,164790.0,164935.0,128510,5,415986
WIN$D,M15,1667832300,164930.0,165065.0,164850.0,164960.0,114964,5,348559
WIN$D,M15,1667833200,164955.0,165170.0,164875.0,165145.0,105429,5,320206
WIN$D,M15,1667834100,165145.0,165455.0,165025.0,165405.0,124219,5,386967
WIN$D,M15,1667835000,165405.0,165635.0,165095.0,165260.0,135486,5,415592
WIN$D,M15,1667835900,165260.0,165330.0,165000.0,165140.0,104120,5,322062
WIN$D,M15,1667836800,165135.0,165310.0,165090.0,165190.0,100976,5,319494
WIN$D,M15,1667837700,165190.0,165240.0,164980.0,165135.0,108693,5,344754
WIN$D,M15,1667838600,165140.0,165190.0,164790.0,164860.0,110217,5,352902
WIN$D,M15,1667839500,164855.0,165020.0,164460.0,164615.0,147659,5,468814
WIN$D,M15,1667840400,164620.0,164825.0,164475.0,164565.0,100725,5,295879
WIN$D,M15,1667841300,164560.0,164700.0,164495.0,164625.0,77925,5,233240
WIN$D,M15,1667842200,164625.0,164720.0,164440.0,164585.0,75117,5,231866
WIN$D,M15,1667843100,164580.0,164740.0,164250.0,164430.0,75681,5,235791
WIN$D,M15,1667844000,164430.0,164575.0,164345.0,164495.0,42274,5,120624
WIN$D,M15,1667844900,164500.0,164615.0,164360.0,164560.0,18316,5,58870
WIN$D,M15,1667898000,164620.0,164630.0,163555.0,163620.0,275970,5,705146
WIN$D,M15,1667898900,163620.0,163745.0,163100.0,163415.0,240326,5,638133
WIN$D,M15,1667899800,163410.0,163555.0,163290.0,163295.0,154457,5,400353
WIN$D,M15,1667900700,163295.0,163760.0,163230.0,163710.0,188353,5,500369
WIN$D,M15,1667901600,163710.0,164290.0,163365.0,164220.0,357087,5,969013
WIN$D,M15,1667902500,164220.0,164980.0,164210.0,164600.0,291655,5,832969
WIN$D,M15,1667903400,164605.0,164860.0,164350.0,164620.0,211441,5,557102
WIN$D,M15,1667904300,164625.0,164915.0,164515.0,164885.0,146748,5,402880
WIN$D,M15,1667905200,164885.0,165100.0,164735.0,165055.0,204391,5,592908
WIN$D,M15,1667906100,165060.0,165335.0,164940.0,165070.0,198600,5,571759
WIN$D,M15,1667907000,165065.0,165300.0,164675.0,164795.0,235245,5,688411
WIN$D,M15,1667907900,164795.0,165000.0,164560.0,164620.0,208867,5,625245
WIN$D,M15,1667908800,164620.0,165125.0,164500.0,164925.0,214270,5,652660
WIN$D,M15,1667909700,164925.0,165220.0,164785.0,164925.0,169670,5,503901
WIN$D,M15,1667910600,164930.0,165320.0,164895.0,165255.0,167283,5,517215
WIN$D,M15,1667911500,165255.0,165770.0,165210.0,165590.0,187704,5,607118
WIN$D,M15,1667912400,165590.0,166045.0,165470.0,165830.0,139452,5,458149
WIN$D,M15,1667913300,165835.0,166470.0,165785.0,166055.0,160454,5,521522
WIN$D,M15,1667914200,166055.0,166195.0,165905.0,166180.0,93634,5,276721
WIN$D,M15,1667915100,166185.0,166365.0,166110.0,166265.0,116521,5,381637
WIN$D,M15,1667916000,166265.0,166340.0,165630.0,165810.0,141824,5,469159
WIN$D,M15,1667916900,165810.0,165980.0,165675.0,165720.0,104668,5,321855
WIN$D,M15,1667917800,165725.0,165910.0,165615.0,165860.0,95696,5,299092
WIN$D,M15,1667918700,165860.0,165905.0,165700.0,165810.0,74064,5,236283
WIN$D,M15,1667919600,165805.0,165935.0,165690.0,165770.0,88427,5,283830
WIN$D,M15,1667920500,165765.0,165835.0,164985.0,165120.0,161344,5,536451
WIN$D,M15,1667921400,165120.0,165755.0,165050.0,165695.0,134624,5,441745
WIN$D,M15,1667922300,165695.0,165910.0,165485.0,165595.0,146856,5,494412
WIN$D,M15,1667923200,165590.0,165750.0,165245.0,165660.0,170415,5,594225
WIN$D,M15,1667924100,165655.0,165815.0,164715.0,164815.0,202658,5,682796
WIN$D,M15,1667925000,164820.0,165275.0,164530.0,165225.0,182082,5,540929
WIN$D,M15,1667925900,165225.0,165495.0,165085.0,165245.0,133925,5,377438
WIN$D,M15,1667926800,165250.0,165480.0,165125.0,165425.0,110479,5,313344
WIN$D,M15,1667927700,165425.0,165785.0,165365.0,165715.0,100558,5,299401
WIN$D,M15,1667928600,165720.0,165835.0,165425.0,165470.0,95126,5,285528
WIN$D,M15,1667929500,165470.0,165645.0,165050.0,165145.0,104471,5,325903
WIN$D,M15,1667930400,165145.0,165345.0,165040.0,165220.0,61265,5,162961
WIN$D,M15,1667931300,165215.0,165735.0,165210.0,165735.0,30057,5,83984
WIN$D,M15,1667984400,164780.0,164780.0,164085.0,164455.0,255146,5,582773
WIN$D,M15,1667985300,164450.0,164530.0,164010.0,164410.0,211163,5,542775
WIN$D,M15,1667986200,164410.0,164550.0,164235.0,164280.0,146542,5,384290
WIN$D,M15,1667987100,164280.0,164600.0,164165.0,164370.0,177320,5,469174
WIN$D,M15,1667988000,164365.0,164645.0,163895.0,164435.0,258417,5,674504
WIN$D,M15,1667988900,164430.0,164895.0,164400.0,164865.0,281161,5,707496
WIN$D,M15,1667989800,164865.0,164935.0,164295.0,164795.0,250492,5,664031
WIN$D,M15,1667990700,164790.0,164880.0,164425.0,164650.0,168551,5,440524
WIN$D,M15,1667991600,164650.0,164960.0,164495.0,164895.0,187472,5,507833
WIN$D,M15,1667992500,164885.0,165105.0,164630.0,164740.0,198040,5,540967
WIN$D,M15,1667993400,164740.0,164970.0,164380.0,164725.0,261923,5,732318
WIN$D,M15,1667994300,164725.0,164950.0,164570.0,164770.0,175947,5,488611
WIN$D,M15,1667995200,164770.0,165305.0,164745.0,164975.0,226904,5,633144
WIN$D,M15,1667996100,164980.0,165225.0,164930.0,165150.0,130286,5,361350
WIN$D,M15,1667997000,165155.0,165215.0,164750.0,164880.0,165812,5,485961
WIN$D,M15,1667997900,164875.0,164970.0,164340.0,164510.0,153673,5,453214
WIN$D,M15,1667998800,164510.0,164620.0,164295.0,164560.0,109227,5,317526
WIN$D,M15,1667999700,164555.0,164955.0,164545.0,164855.0,125961,5,387817
WIN$D,M15,1668000600,164855.0,164955.0,164705.0,164905.0,99637,5,295672
WIN$D,M15,1668001500,164905.0,164940.0,164600.0,164675.0,91937,5,278818
WIN$D,M15,1668002400,164675.0,164830.0,164525.0,164565.0,107574,5,344143
WIN$D,M15,1668003300,164565.0,164595.0,164360.0,164375.0,91767,5,291304
WIN$D,M15,1668004200,164380.0,164530.0,163935.0,163955.0,143392,5,467195
WIN$D,M15,1668005100,163950.0,164035.0,163735.0,164010.0,125060,5,403500
WIN$D,M15,1668006000,164010.0,164090.0,163605.0,163745.0,186614,5,558575
WIN$D,M15,1668006900,163745.0,163795.0,163425.0,163430.0,116590,5,355137
WIN$D,M15,1668007800,163430.0,163485.0,163190.0,163380.0,136732,5,462438
WIN$D,M15,1668008700,163385.0,163475.0,163015.0,163210.0,129294,5,430034
WIN$D,M15,1668009600,163205.0,163280.0,163055.0,163265.0,100038,5,351042
WIN$D,M15,1668010500,163270.0,163345.0,163055.0,163095.0,92969,5,304321
WIN$D,M15,1668011400,163095.0,163110.0,162495.0,162570.0,148363,5,496709
WIN$D,M15,1668012300,162575.0,162645.0,162240.0,162370.0,127052,5,420871
WIN$D,M15,1668013200,162365.0,162955.0,162325.0,162770.0,128968,5,418489
WIN$D,M15,1668014100,162770.0,162850.0,162550.0,162770.0,89134,5,295434
WIN$D,M15,1668015000,162770.0,162900.0,162180.0,162270.0,121677,5,433856
WIN$D,M15,1668015900,162270.0,162730.0,162135.0,162675.0,114646,5,361851
WIN$D,M15,1668016800,162675.0,162850.0,162495.0,162755.0,49073,5,184086
WIN$D,M15,1668017700,162755.0,162975.0,162640.0,162735.0,21439,5,74701
WIN$D,M15,1668070800,162035.0,162035.0,159565.0,160585.0,376844,5,763177
WIN$D,M15,1668071700,160585.0,160840.0,160305.0,160435.0,186699,5,412978
WIN$D,M15,1668072600,160435.0,160510.0,159355.0,159540.0,289991,5,691574
WIN$D,M15,1668073500,159535.0,159925.0,159510.0,159900.0,178888,5,417884
WIN$D,M15,1668074400,159895.0,160210.0,159665.0,160185.0,215202,5,500052
WIN$D,M15,1668075300,160190.0,160330.0,159800.0,159990.0,238867,5,529555
WIN$D,M15,1668076200,159985.0,161625.0,159400.0,161060.0,350516,5,812229
WIN$D,M15,1668077100,161055.0,161110.0,160500.0,160800.0,250950,5,597242
WIN$D,M15,1668078000,160800.0,161410.0,160085.0,160380.0,295055,5,731888
WIN$D,M15,1668078900,160385.0,160490.0,159775.0,160275.0,265968,5,634937
WIN$D,M15,1668079800,160280.0,160360.0,158675.0,158795.0,357928,5,932872
WIN$D,M15,1668080700,158795.0,159725.0,158535.0,159390.0,275261,5,731417
WIN$D,M15,1668081600,159385.0,159660.0,159100.0,159105.0,184781,5,463693
WIN$D,M15,1668082500,159110.0,159765.0,158785.0,159725.0,198296,5,461490
WIN$D,M15,1668083400,159720.0,160060.0,159410.0,159975.0,163144,5,410360
WIN$D,M15,1668084300,159975.0,160100.0,159590.0,160015.0,134455,5,356331
WIN$D,M15,1668085200,160015.0,160125.0,159660.0,159900.0,139045,5,376762
WIN$D,M15,1668086100,159905.0,159910.0,159265.0,159655.0,153984,5,406035
WIN$D,M15,1668087000,159660.0,160015.0,159635.0,159650.0,125135,5,314947
WIN$D,M15,1668087900,159650.0,159960.0,159605.0,159870.0,109323,5,269095
WIN$D,M15,1668088800,159870.0,159935.0,159505.0,159645.0,139180,5,360061
WIN$D,M15,1668089700,159645.0,159695.0,158935.0,159010.0,161774,5,452247
WIN$D,M15,1668090600,159010.0,159050.0,158210.0,158760.0,193904,5,541631
WIN$D,M15,1668091500,158755.0,158840.0,158295.0,158750.0,142745,5,370981
WIN$D,M15,1668092400,158750.0,159080.0,158670.0,158940.0,128674,5,341631
WIN$D,M15,1668093300,158935.0,159040.0,158685.0,158820.0,110935,5,296789
WIN$D,M15,1668094200,158820.0,158895.0,158525.0,158570.0,144687,5,413224
WIN$D,M15,1668095100,158565.0,158590.0,157675.0,157950.0,238053,5,676903
WIN$D,M15,1668096000,157960.0,158105.0,157580.0,157840.0,148173,5,391187
WIN$D,M15,1668096900,157840.0,158205.0,157410.0,158180.0,175403,5,490933
WIN$D,M15,1668097800,158180.0,158430.0,157940.0,157980.0,129523,5,367935
WIN$D,M15,1668098700,157975.0,158340.0,157755.0,158005.0,119334,5,323261
WIN$D,M15,1668099600,158005.0,158485.0,157685.0,158415.0,131251,5,377431
WIN$D,M15,1668100500,158410.0,158935.0,158150.0,158345.0,152096,5,453483
WIN$D,M15,1668101400,158345.0,158535.0,157990.0,158335.0,113292,5,329942
WIN$D,M15,1668102300,158335.0,158525.0,158230.0,158415.0,73544,5,215956
WIN$D,M15,1668103200,158420.0,158980.0,158310.0,158895.0,68204,5,218915
WIN$D,M15,1668104100,158890.0,158940.0,158640.0,158940.0,22510,5,68673
WIN$D,M15,1668157200,159865.0,159865.0,159040.0,159150.0,196315,5,479594
WIN$D,M15,1668158100,159150.0,159195.0,158135.0,158375.0,272835,5,630316
WIN$D,M15,1668159000,158370.0,158475.0,158060.0,158355.0,203683,5,468415
WIN$D,M15,1668159900,158355.0,158615.0,158055.0,158515.0,210572,5,483656
WIN$D,M15,1668160800,158515.0,159245.0,158205.0,158555.0,357218,5,825063
WIN$D,M15,1668161700,158555.0,160435.0,158350.0,160075.0,439946,5,1102099
WIN$D,M15,1668162600,160075.0,160325.0,159495.0,159915.0,299895,5,706867
WIN$D,M15,1668163500,159910.0,160110.0,159695.0,159910.0,219804,5,529142
WIN$D,M15,1668164400,159910.0,160210.0,159655.0,159815.0,201062,5,494552
WIN$D,M15,1668165300,159810.0,159825.0,159090.0,159125.0,231403,5,612178
WIN$D,M15,1668166200,159125.0,159725.0,159100.0,159455.0,269187,5,687000
WIN$D,M15,1668167100,159450.0,159835.0,159275.0,159710.0,194805,5,499260
WIN$D,M15,1668168000,159705.0,160715.0,159450.0,160640.0,301981,5,753219
WIN$D,M15,1668168900,160635.0,161745.0,160460.0,161725.0,229996,5,620566
WIN$D,M15,1668169800,161720.0,161730.0,161180.0,161315.0,172526,5,439338
WIN$D,M15,1668170700,161310.0,161570.0,161185.0,161350.0,124238,5,318151
WIN$D,M15,1668171600,161350.0,161525.0,160785.0,161160.0,187341,5,491606
WIN$D,M15,1668172500,161155.0,161170.0,160680.0,160735.0,120844,5,321307
WIN$D,M15,1668173400,160730.0,161375.0,160665.0,160965.0,153212,5,401363
WIN$D,M15,1668174300,160965.0,161220.0,160915.0,161125.0,99672,5,276819
WIN$D,M15,1668175200,161130.0,161190.0,160880.0,160950.0,109707,5,334933
WIN$D,M15,1668176100,160950.0,161295.0,160915.0,161270.0,112721,5,344309
WIN$D,M15,1668177000,161270.0,161470.0,161065.0,161140.0,125248,5,387655
WIN$D,M15,1668177900,161135.0,161185.0,160615.0,160640.0,135247,5,419924
WIN$D,M15,1668178800,160645.0,160855.0,160445.0,160460.0,134635,5,416880
WIN$D,M15,1668179700,160460.0,161060.0,160430.0,160985.0,132043,5,411656
WIN$D,M15,1668180600,160980.0,161450.0,160685.0,161250.0,157154,5,521051
WIN$D,M15,1668181500,161250.0,162145.0,161065.0,161720.0,235560,5,663123
WIN$D,M15,1668182400,161720.0,161915.0,161610.0,161825.0,123769,5,324668
WIN$D,M15,1668183300,161825.0,161840.0,161550.0,161745.0,101275,5,293848
WIN$D,M15,1668184200,161750.0,161940.0,161565.0,161800.0,99276,5,285035
WIN$D,M15,1668185100,161795.0,161865.0,161535.0,161570.0,91641,5,286822
WIN$D,M15,1668186000,161570.0,161585.0,160900.0,161035.0,130298,5,401912
WIN$D,M15,1668186900,161030.0,161065.0,160820.0,160905.0,83043,5,258167
WIN$D,M15,1668187800,160905.0,161275.0,160745.0,161185.0,92603,5,300325
WIN$D,M15,1668188700,161185.0,161545.0,161020.0,161280.0,93799,5,250402
WIN$D,M15,1668189600,161275.0,161375.0,161110.0,161130.0,47575,5,129908
WIN$D,M15,1668190500,161130.0,161515.0,161035.0,161515.0,25935,5,79233
WIN$D,M15,1668416400,161035.0,161500.0,160640.0,161345.0,225873,5,541779
WIN$D,M15,1668417300,161345.0,162090.0,161280.0,162040.0,234088,5,532397
WIN$D,M15,1668418200,162040.0,162645.0,161955.0,162630.0,203545,5,499412
WIN$D,M15,1668419100,162630.0,162875.0,162440.0,162860.0,183960,5,434612
WIN$D,M15,1668420000,162860.0,162875.0,162260.0,162445.0,234947,5,563942
WIN$D,M15,1668420900,162440.0,162445.0,161810.0,162245.0,289969,5,746297
WIN$D,M15,1668421800,162240.0,162240.0,161550.0,161630.0,242089,5,621848
WIN$D,M15,1668422700,161630.0,161725.0,161275.0,161590.0,214753,5,567346
WIN$D,M15,1668423600,161585.0,162040.0,161170.0,161425.0,279351,5,700111
WIN$D,M15,1668424500,161425.0,161445.0,160850.0,160895.0,261658,5,657502
WIN$D,M15,1668425400,160890.0,161430.0,160880.0,161110.0,273073,5,663241
WIN$D,M15,1668426300,161115.0,161280.0,160845.0,161090.0,209766,5,536434
WIN$D,M15,1668427200,161090.0,161495.0,160980.0,161490.0,165025,5,448410
WIN$D,M15,1668428100,161490.0,162020.0,161320.0,161990.0,182183,5,563140
WIN$D,M15,1668429000,161995.0,162150.0,161790.0,161955.0,164291,5,461493
WIN$D,M15,1668429900,161955.0,162375.0,161920.0,162285.0,137605,5,396293
WIN$D,M15,1668430800,162285.0,162395.0,162170.0,162250.0,98966,5,302057
WIN$D,M15,1668431700,162250.0,162255.0,161805.0,161910.0,132661,5,381482
WIN$D,M15,1668432600,161905.0,162195.0,161765.0,161925.0,158588,5,466993
WIN$D,M15,1668433500,161920.0,161985.0,161680.0,161715.0,122329,5,372733
WIN$D,M15,1668434400,161715.0,161945.0,161710.0,161775.0,104606,5,295084
WIN$D,M15,1668435300,161775.0,162045.0,161680.0,161965.0,119748,5,352632
WIN$D,M15,1668436200,161970.0,162120.0,161825.0,162100.0,115501,5,341102
WIN$D,M15,1668437100,162100.0,162180.0,161845.0,161990.0,119024,5,343203
WIN$D,M15,1668438000,161990.0,162070.0,161870.0,162000.0,97112,5,294351
WIN$D,M15,1668438900,162000.0,162285.0,161995.0,162225.0,116866,5,355347
WIN$D,M15,1668439800,162225.0,162275.0,161955.0,162200.0,119655,5,371616
WIN$D,M15,1668440700,162200.0,162360.0,162045.0,162105.0,109334,5,350702
WIN$D,M15,1668441600,162105.0,162320.0,162050.0,162145.0,102765,5,324858
WIN$D,M15,1668442500,162150.0,162210.0,162030.0,162180.0,102425,5,337266
WIN$D,M15,1668443400,162185.0,162975.0,162070.0,162595.0,210933,5,675581
WIN$D,M15,1668444300,162600.0,163340.0,162540.0,162885.0,188673,5,544856
WIN$D,M15,1668445200,162885.0,163210.0,162880.0,162975.0,114488,5,319708
WIN$D,M15,1668446100,162980.0,163130.0,162730.0,162810.0,94130,5,285182
WIN$D,M15,1668447000,162815.0,163000.0,162640.0,162675.0,108309,5,333202
WIN$D,M15,1668447900,162675.0,162800.0,161850.0,161875.0,144905,5,397759
WIN$D,M15,1668448800,161870.0,162185.0,161840.0,161930.0,73177,5,184022
WIN$D,M15,1668449700,161930.0,162180.0,161900.0,162100.0,20996,5,64308
WIN$D,M15,1668589200,161535.0,162000.0,160870.0,161550.0,247875,5,598620
WIN$D,M15,1668590100,161550.0,161765.0,161305.0,161470.0,209318,5,465972
WIN$D,M15,1668591000,161475.0,161835.0,161420.0,161760.0,174697,5,409907
WIN$D,M15,1668591900,161760.0,161965.0,161540.0,161920.0,172597,5,415005
WIN$D,M15,1668592800,161925.0,162200.0,161580.0,161815.0,334381,5,804942
WIN$D,M15,1668593700,161815.0,161930.0,161375.0,161775.0,280338,5,657910
WIN$D,M15,1668594600,161775.0,161930.0,161240.0,161595.0,298434,5,751188
WIN$D,M15,1668595500,161595.0,161655.0,160695.0,160910.0,320453,5,938080
WIN$D,M15,1668596400,160905.0,161085.0,160475.0,160650.0,261634,5,721841
WIN$D,M15,1668597300,160655.0,160865.0,160320.0,160420.0,238187,5,653244
WIN$D,M15,1668598200,160425.0,161000.0,160350.0,160475.0,272675,5,761310
WIN$D,M15,1668599100,160480.0,160820.0,160100.0,160360.0,280336,5,757598
WIN$D,M15,1668600000,160360.0,160470.0,159935.0,160020.0,228051,5,620697
WIN$D,M15,1668600900,160020.0,160185.0,159835.0,160065.0,184479,5,516544
WIN$D,M15,1668601800,160070.0,160205.0,159570.0,159695.0,200248,5,560999
WIN$D,M15,1668602700,159695.0,159795.0,159415.0,159630.0,159192,5,446999
WIN$D,M15,1668603600,159625.0,159730.0,159330.0,159455.0,142308,5,397113
WIN$D,M15,1668604500,159455.0,159650.0,159325.0,159640.0,121097,5,347292
WIN$D,M15,1668605400,159640.0,159700.0,159330.0,159690.0,121394,5,356849
WIN$D,M15,1668606300,159695.0,159765.0,159420.0,159560.0,134448,5,381519
WIN$D,M15,1668607200,159560.0,159650.0,159215.0,159260.0,135133,5,397327
WIN$D,M15,1668608100,159265.0,159490.0,159170.0,159410.0,157211,5,447043
WIN$D,M15,1668609000,159410.0,159720.0,159360.0,159570.0,134016,5,394323
WIN$D,M15,1668609900,159570.0,159670.0,159400.0,159450.0,108797,5,316837
WIN$D,M15,1668610800,159455.0,159465.0,158905.0,158965.0,173117,5,538639
WIN$D,M15,1668611700,158965.0,159015.0,158640.0,158760.0,150754,5,489094
WIN$D,M15,1668612600,158760.0,158865.0,158455.0,158510.0,166141,5,557759
WIN$D,M15,1668613500,158510.0,158735.0,158220.0,158330.0,146984,5,502483
WIN$D,M15,1668614400,158325.0,158660.0,158325.0,158575.0,114296,5,386088
WIN$D,M15,1668615300,158580.0,158865.0,158410.0,158785.0,115330,5,383012
WIN$D,M15,1668616200,158790.0,159000.0,158595.0,158975.0,119471,5,394943
WIN$D,M15,1668617100,158975.0,159110.0,158625.0,159030.0,145838,5,514729
WIN$D,M15,1668618000,159030.0,159200.0,158625.0,158700.0,133609,5,466009
WIN$D,M15,1668618900,158700.0,158805.0,158465.0,158560.0,110655,5,376830
WIN$D,M15,1668619800,158560.0,159095.0,158545.0,158985.0,103829,5,362345
WIN$D,M15,1668620700,158985.0,159000.0,158805.0,158940.0,71738,5,237405
WIN$D,M15,1668621600,158935.0,159030.0,158710.0,158730.0,46126,5,147978
WIN$D,M15,1668622500,158725.0,158750.0,158380.0,158380.0,23832,5,89365
WIN$D,M15,1668675600,157035.0,157230.0,156040.0,156570.0,294304,5,658924
WIN$D,M15,1668676500,156570.0,157300.0,156390.0,156875.0,258833,5,611284
WIN$D,M15,1668677400,156875.0,157120.0,156520.0,156740.0,250202,5,572863
WIN$D,M15,1668678300,156735.0,157200.0,156695.0,157000.0,176302,5,408915
WIN$D,M15,1668679200,156995.0,157475.0,156530.0,156855.0,379995,5,896909
WIN$D,M15,1668680100,156850.0,156995.0,156180.0,156875.0,307489,5,743484
WIN$D,M15,1668681000,156875.0,157120.0,156450.0,156515.0,225492,5,536653
WIN$D,M15,1668681900,156515.0,156630.0,156225.0,156370.0,209111,5,530696
WIN$D,M15,1668682800,156370.0,156390.0,155985.0,156220.0,238445,5,602321
WIN$D,M15,1668683700,156220.0,156490.0,156070.0,156460.0,195425,5,496291
WIN$D,M15,1668684600,156460.0,156775.0,156280.0,156590.0,242503,5,656071
WIN$D,M15,1668685500,156590.0,157220.0,156495.0,156885.0,240722,5,657920
WIN$D,M15,1668686400,156885.0,157345.0,156855.0,157055.0,198363,5,583513
WIN$D,M15,1668687300,157055.0,157680.0,156975.0,157670.0,184985,5,541905
WIN$D,M15,1668688200,157670.0,157675.0,157245.0,157350.0,129326,5,430105
WIN$D,M15,1668689100,157355.0,157365.0,156805.0,156945.0,166994,5,490337
WIN$D,M15,1668690000,156950.0,157040.0,156420.0,156440.0,164944,5,484020
WIN$D,M15,1668690900,156445.0,156515.0,156110.0,156365.0,140880,5,390609
WIN$D,M15,1668691800,156365.0,156520.0,156160.0,156320.0,137347,5,366562
WIN$D,M15,1668692700,156320.0,156490.0,156060.0,156475.0,137147,5,405169
WIN$D,M15,1668693600,156470.0,156855.0,156410.0,156725.0,172798,5,525699
WIN$D,M15,1668694500,156720.0,156880.0,156380.0,156400.0,156694,5,488267
WIN$D,M15,1668695400,156400.0,156655.0,156215.0,156510.0,146666,5,422039
WIN$D,M15,1668696300,156505.0,156745.0,156395.0,156560.0,148116,5,452021
WIN$D,M15,1668697200,156560.0,156945.0,156550.0,156730.0,149611,5,425734
WIN$D,M15,1668698100,156730.0,157140.0,156635.0,156655.0,174589,5,513794
WIN$D,M15,1668699000,156655.0,156835.0,156390.0,156450.0,166056,5,483498
WIN$D,M15,1668699900,156455.0,156605.0,156330.0,156515.0,137241,5,397170
WIN$D,M15,1668700800,156520.0,156870.0,156510.0,156615.0,138941,5,418434
WIN$D,M15,1668701700,156615.0,156855.0,156515.0,156620.0,125217,5,380084
WIN$D,M15,1668702600,156620.0,156705.0,156480.0,156580.0,86724,5,270783
WIN$D,M15,1668703500,156575.0,157550.0,156415.0,157495.0,178624,5,570559
WIN$D,M15,1668704400,157490.0,158005.0,157320.0,157480.0,205108,5,580511
WIN$D,M15,1668705300,157480.0,157860.0,157180.0,157660.0,150600,5,411768
WIN$D,M15,1668706200,157660.0,158280.0,157585.0,158275.0,117091,5,327155
WIN$D,M15,1668707100,158280.0,158490.0,158080.0,158235.0,127159,5,347372
WIN$D,M15,1668708000,158230.0,158440.0,158030.0,158100.0,57661,5,177370
WIN$D,M15,1668708900,158095.0,158235.0,157830.0,157830.0,21255,5,72371
WIN$D,M15,1668762000,159290.0,159815.0,158790.0,159225.0,216964,5,463597
WIN$D,M15,1668762900,159225.0,160130.0,159220.0,159530.0,251752,5,643071
WIN$D,M15,1668763800,159535.0,159950.0,159365.0,159925.0,222990,5,525627
WIN$D,M15,1668764700,159925.0,160055.0,159500.0,159640.0,186803,5,434545
WIN$D,M15,1668765600,159640.0,159820.0,159420.0,159560.0,230242,5,572402
WIN$D,M15,1668766500,159560.0,159920.0,159460.0,159855.0,207344,5,516693
WIN$D,M15,1668767400,159855.0,160285.0,159750.0,160130.0,284909,5,753839
WIN$D,M15,1668768300,160130.0,160335.0,159820.0,160185.0,216834,5,582516
WIN$D,M15,1668769200,160180.0,160365.0,159515.0,159610.0,236456,5,651063
WIN$D,M15,1668770100,159610.0,159655.0,158935.0,159285.0,262001,5,755617
WIN$D,M15,1668771000,159280.0,159325.0,157985.0,158090.0,364837,5,1046198
WIN$D,M15,1668771900,158090.0,158800.0,158070.0,158500.0,210754,5,586634
WIN$D,M15,1668772800,158495.0,158605.0,158170.0,158415.0,210713,5,565633
WIN$D,M15,1668773700,158420.0,158660.0,158295.0,158460.0,141086,5,377574
WIN$D,M15,1668774600,158455.0,158610.0,158335.0,158360.0,127326,5,368196
WIN$D,M15,1668775500,158355.0,158905.0,158355.0,158795.0,166930,5,477000
WIN$D,M15,1668776400,158790.0,158855.0,158535.0,158630.0,116072,5,320734
WIN$D,M15,1668777300,158630.0,158740.0,158395.0,158430.0,112826,5,316619
WIN$D,M15,1668778200,158430.0,158575.0,158180.0,158240.0,140952,5,400040
WIN$D,M15,1668779100,158235.0,158305.0,157690.0,157765.0,167124,5,482650
WIN$D,M15,1668780000,157770.0,158030.0,157530.0,157575.0,141002,5,415531
WIN$D,M15,1668780900,157570.0,157600.0,157150.0,157400.0,169500,5,466590
WIN$D,M15,1668781800,157400.0,158180.0,157195.0,157750.0,183904,5,531561
WIN$D,M15,1668782700,157745.0,158015.0,157685.0,157985.0,132214,5,390050
WIN$D,M15,1668783600,157990.0,158095.0,157850.0,158095.0,105527,5,313845
WIN$D,M15,1668784500,158095.0,158130.0,157445.0,157950.0,193156,5,582999
WIN$D,M15,1668785400,157950.0,157975.0,157350.0,157390.0,141416,5,419058
WIN$D,M15,1668786300,157390.0,157580.0,157240.0,157410.0,130766,5,385053
WIN$D,M15,1668787200,157410.0,157830.0,157405.0,157705.0,109918,5,323941
WIN$D,M15,1668788100,157710.0,157910.0,157655.0,157755.0,102597,5,323914
WIN$D,M15,1668789000,157755.0,157860.0,157430.0,157755.0,125328,5,415462
WIN$D,M15,1668789900,157760.0,157875.0,157610.0,157750.0,91703,5,294678
WIN$D,M15,1668790800,157745.0,157995.0,157635.0,157745.0,91524,5,289809
WIN$D,M15,1668791700,157750.0,157940.0,157715.0,157800.0,67375,5,211570
WIN$D,M15,1668792600,157795.0,157865.0,157515.0,157715.0,77171,5,221289
WIN$D,M15,1668793500,157710.0,157740.0,157355.0,157440.0,73078,5,209122
WIN$D,M15,1668794400,157440.0,157575.0,157260.0,157300.0,56166,5,169125
WIN$D,M15,1668795300,157300.0,157470.0,157210.0,157470.0,25333,5,76614
WIN$D,M15,1669021200,157460.0,158155.0,157430.0,157895.0,207621,5,499779
WIN$D,M15,1669022100,157900.0,158525.0,157745.0,158520.0,251207,5,634494
WIN$D,M15,1669023000,158520.0,158650.0,158270.0,158295.0,180171,5,446259
WIN$D,M15,1669023900,158295.0,158545.0,158095.0,158355.0,190736,5,482112
WIN$D,M15,1669024800,158355.0,158805.0,158195.0,158415.0,275093,5,700863
WIN$D,M15,1669025700,158415.0,158570.0,158130.0,158375.0,227098,5,565712
WIN$D,M15,1669026600,158370.0,158810.0,158260.0,158790.0,248616,5,674871
WIN$D,M15,1669027500,158785.0,158990.0,158690.0,158825.0,201658,5,536920
WIN$D,M15,1669028400,158825.0,158895.0,158325.0,158460.0,193964,5,525028
WIN$D,M15,1669029300,158455.0,158615.0,158040.0,158190.0,216602,5,604320
WIN$D,M15,1669030200,158195.0,158240.0,157485.0,157745.0,274782,5,789004
WIN$D,M15,1669031100,157745.0,157945.0,157490.0,157580.0,205877,5,546350
WIN$D,M15,1669032000,157575.0,157815.0,157130.0,157200.0,195760,5,566171
WIN$D,M15,1669032900,157200.0,157250.0,156750.0,156865.0,191786,5,551792
WIN$D,M15,1669033800,156870.0,157050.0,156785.0,156940.0,104098,5,287028
WIN$D,M15,1669034700,156940.0,156950.0,156595.0,156825.0,135806,5,391907
WIN$D,M15,1669035600,156820.0,156915.0,156620.0,156885.0,119751,5,340085
WIN$D,M15,1669036500,156885.0,157310.0,156825.0,157240.0,134917,5,399684
WIN$D,M15,1669037400,157240.0,157500.0,157040.0,157315.0,151765,5,458885
WIN$D,M15,1669038300,157315.0,157890.0,157260.0,157790.0,189535,5,605720
WIN$D,M15,1669039200,157785.0,158330.0,157780.0,158195.0,195342,5,567975
WIN$D,M15,1669040100,158200.0,158235.0,157895.0,158055.0,130341,5,369830
WIN$D,M15,1669041000,158050.0,158450.0,158020.0,158195.0,151143,5,472730
WIN$D,M15,1669041900,158195.0,158225.0,157780.0,157955.0,150170,5,455860
WIN$D,M15,1669042800,157960.0,158320.0,157930.0,158315.0,158332,5,489260
WIN$D,M15,1669043700,158315.0,158590.0,158165.0,158550.0,143501,5,434887
WIN$D,M15,1669044600,158555.0,158855.0,158535.0,158535.0,149363,5,469517
WIN$D,M15,1669045500,158535.0,158585.0,158190.0,158195.0,148265,5,454039
WIN$D,M15,1669046400,158195.0,158340.0,158125.0,158210.0,97682,5,290880
WIN$D,M15,1669047300,158210.0,158375.0,158080.0,158140.0,102972,5,314982
WIN$D,M15,1669048200,158135.0,158230.0,157745.0,157895.0,119475,5,383518
WIN$D,M15,1669049100,157890.0,158260.0,157855.0,158210.0,110520,5,369701
WIN$D,M15,1669050000,158210.0,158555.0,158190.0,158450.0,105874,5,330602
WIN$D,M15,1669050900,158450.0,158670.0,158400.0,158615.0,102940,5,323591
WIN$D,M15,1669051800,158610.0,158745.0,158395.0,158650.0,95499,5,320038
WIN$D,M15,1669052700,158650.0,158720.0,158550.0,158700.0,69099,5,186807
WIN$D,M15,1669053600,158705.0,158780.0,158430.0,158495.0,67640,5,175678
WIN$D,M15,1669054500,158490.0,158760.0,158465.0,158760.0,26949,5,72243
WIN$D,M15,1669107600,158380.0,159215.0,158370.0,158820.0,247887,5,506486
WIN$D,M15,1669108500,158820.0,159010.0,158600.0,158940.0,205628,5,486537
WIN$D,M15,1669109400,158935.0,159305.0,158815.0,159290.0,189164,5,460267
WIN$D,M15,1669110300,159285.0,159285.0,158740.0,158930.0,228766,5,576898
WIN$D,M15,1669111200,158935.0,159000.0,158640.0,158735.0,265397,5,676413
WIN$D,M15,1669112100,158740.0,158845.0,158285.0,158570.0,298937,5,771618
WIN$D,M15,1669113000,158570.0,158680.0,158125.0,158490.0,264546,5,683566
WIN$D,M15,1669113900,158490.0,158680.0,158380.0,158595.0,200505,5,499747
WIN$D,M15,1669114800,158600.0,159025.0,158400.0,158495.0,252004,5,675724
WIN$D,M15,1669115700,158495.0,158625.0,158250.0,158530.0,199303,5,547821
WIN$D,M15,1669116600,158530.0,158565.0,157585.0,157715.0,334282,5,979972
WIN$D,M15,1669117500,157715.0,158180.0,157625.0,158140.0,181242,5,493492
WIN$D,M15,1669118400,158135.0,158440.0,158050.0,158320.0,192771,5,554227
WIN$D,M15,1669119300,158315.0,158410.0,158030.0,158395.0,138134,5,394116
WIN$D,M15,1669120200,158400.0,158505.0,157885.0,158110.0,191600,5,539176
WIN$D,M15,1669121100,158115.0,158205.0,157820.0,157830.0,135404,5,402400
WIN$D,M15,1669122000,157830.0,157880.0,157310.0,157335.0,176246,5,542328
WIN$D,M15,1669122900,157330.0,157420.0,157200.0,157250.0,115519,5,333145
WIN$D,M15,1669123800,157250.0,157285.0,157015.0,157100.0,139989,5,425109
WIN$D,M15,1669124700,157100.0,157340.0,157045.0,157325.0,112005,5,349493
WIN$D,M15,1669125600,157330.0,157765.0,157280.0,157580.0,189048,5,660868
WIN$D,M15,1669126500,157585.0,157675.0,157270.0,157505.0,122511,5,369284
WIN$D,M15,1669127400,157500.0,157665.0,157355.0,157630.0,118037,5,377092
WIN$D,M15,1669128300,157625.0,157725.0,157485.0,157660.0,104370,5,323588
WIN$D,M15,1669129200,157665.0,158160.0,157640.0,158015.0,166512,5,542120
WIN$D,M15,1669130100,158020.0,158270.0,157935.0,158200.0,124606,5,382797
WIN$D,M15,1669131000,158205.0,158250.0,157980.0,158005.0,100167,5,308434
WIN$D,M15,1669131900,158000.0,158045.0,157675.0,157775.0,118729,5,388000
WIN$D,M15,1669132800,157775.0,157795.0,157285.0,157410.0,138149,5,465270
WIN$D,M15,1669133700,157415.0,157695.0,157010.0,157040.0,190191,5,612563
WIN$D,M15,1669134600,157035.0,157110.0,156750.0,156830.0,183494,5,519408
WIN$D,M15,1669135500,156830.0,156840.0,156440.0,156515.0,146613,5,424351
WIN$D,M15,1669136400,156515.0,157090.0,156500.0,156875.0,131497,5,420429
WIN$D,M15,1669137300,156870.0,157090.0,156690.0,157035.0,83159,5,278013
WIN$D,M15,1669138200,157030.0,157435.0,157030.0,157245.0,114569,5,344068
WIN$D,M15,1669139100,157250.0,157425.0,157155.0,157380.0,66440,5,187955
WIN$D,M15,1669140000,157380.0,157480.0,157180.0,157410.0,71002,5,158826
WIN$D,M15,1669140900,157415.0,157455.0,157355.0,157450.0,14920,5,48059
WIN$D,M15,1669194000,157845.0,158055.0,157060.0,157070.0,191550,5,455767
WIN$D,M15,1669194900,157065.0,157315.0,156935.0,157255.0,171730,5,397845
WIN$D,M15,1669195800,157255.0,157330.0,156695.0,156735.0,225656,5,549480
WIN$D,M15,1669196700,156730.0,156885.0,156585.0,156795.0,143735,5,395037
WIN$D,M15,1669197600,156795.0,157055.0,156745.0,156930.0,182316,5,503047
WIN$D,M15,1669198500,156930.0,157415.0,156875.0,157030.0,234136,5,653935
WIN$D,M15,1669199400,157025.0,157380.0,156610.0,156705.0,288082,5,792488
WIN$D,M15,1669200300,156705.0,156975.0,156550.0,156915.0,218689,5,652116
WIN$D,M15,1669201200,156915.0,157205.0,156770.0,156930.0,195241,5,597583
WIN$D,M15,1669202100,156930.0,157295.0,156900.0,157080.0,189429,5,579336
WIN$D,M15,1669203000,157080.0,157335.0,156810.0,157010.0,232392,5,724988
WIN$D,M15,1669203900,157010.0,157415.0,156940.0,157140.0,220070,5,640567
WIN$D,M15,1669204800,157145.0,157615.0,157100.0,157255.0,212970,5,649067
WIN$D,M15,1669205700,157255.0,157730.0,157175.0,157650.0,175148,5,521208
WIN$D,M15,1669206600,157655.0,157885.0,157470.0,157880.0,156696,5,470834
WIN$D,M15,1669207500,157875.0,157900.0,157210.0,157265.0,165168,5,517289
WIN$D,M15,1669208400,157270.0,157345.0,156820.0,156845.0,149693,5,479594
WIN$D,M15,1669209300,156850.0,157270.0,156820.0,157220.0,120138,5,388121
WIN$D,M15,1669210200,157215.0,157275.0,156915.0,157035.0,131903,5,404979
WIN$D,M15,1669211100,157030.0,157065.0,156420.0,156625.0,166579,5,532781
WIN$D,M15,1669212000,156625.0,157015.0,156605.0,156885.0,136518,5,441442
WIN$D,M15,1669212900,156890.0,157205.0,156735.0,157025.0,144985,5,473445
WIN$D,M15,1669213800,157025.0,157085.0,156645.0,156730.0,142328,5,429927
WIN$D,M15,1669214700,156735.0,157025.0,156695.0,156940.0,134214,5,424203
WIN$D,M15,1669215600,156935.0,156945.0,156615.0,156640.0,110825,5,351401
WIN$D,M15,1669216500,156635.0,156990.0,156635.0,156815.0,120233,5,408202
WIN$D,M15,1669217400,156815.0,156855.0,156480.0,156710.0,122174,5,410731
WIN$D,M15,1669218300,156710.0,156820.0,156485.0,156640.0,121358,5,410993
WIN$D,M15,1669219200,156645.0,157210.0,156510.0,157050.0,230613,5,713439
WIN$D,M15,1669220100,157050.0,157475.0,156990.0,157055.0,162493,5,567856
WIN$D,M15,1669221000,157060.0,157200.0,156760.0,157120.0,134065,5,489658
WIN$D,M15,1669221900,157120.0,157585.0,157070.0,157410.0,131348,5,458151
WIN$D,M15,1669222800,157415.0,157505.0,157185.0,157225.0,107696,5,367287
WIN$D,M15,1669223700,157225.0,157390.0,157195.0,157320.0,89217,5,300102
WIN$D,M15,1669224600,157320.0,157500.0,157115.0,157375.0,85374,5,308298
WIN$D,M15,1669225500,157370.0,157460.0,157230.0,157340.0,66441,5,212763
WIN$D,M15,1669226400,157345.0,157520.0,157290.0,157395.0,46712,5,134733
WIN$D,M15,1669227300,157390.0,157550.0,157000.0,157000.0,27956,5,82186
WIN$D,M15,1669280400,158260.0,158440.0,157935.0,158295.0,181888,5,408626
WIN$D,M15,1669281300,158300.0,158525.0,158080.0,158255.0,184593,5,419856
WIN$D,M15,1669282200,158250.0,158350.0,158025.0,158170.0,150829,5,394890
WIN$D,M15,1669283100,158170.0,158490.0,157995.0,158315.0,183637,5,491777
WIN$D,M15,1669284000,158320.0,158470.0,158145.0,158170.0,215650,5,574323
WIN$D,M15,1669284900,158170.0,158380.0,158070.0,158185.0,198499,5,523061
WIN$D,M15,1669285800,158180.0,158750.0,158155.0,158615.0,223915,5,606544
WIN$D,M15,1669286700,158615.0,158965.0,158525.0,158835.0,199721,5,560103
WIN$D,M15,1669287600,158835.0,159165.0,158710.0,159030.0,190418,5,534441
WIN$D,M15,1669288500,159025.0,159320.0,158985.0,159245.0,180883,5,525448
WIN$D,M15,1669289400,159245.0,160470.0,159175.0,160330.0,356176,5,1111488
WIN$D,M15,1669290300,160325.0,160635.0,160170.0,160455.0,243501,5,738430
WIN$D,M15,1669291200,160450.0,161305.0,160435.0,160720.0,256035,5,779429
WIN$D,M15,1669292100,160720.0,160875.0,160470.0,160535.0,123979,5,386412
WIN$D,M15,1669293000,160535.0,160590.0,160260.0,160305.0,105191,5,330988
WIN$D,M15,1669293900,160300.0,160365.0,160005.0,160120.0,112926,5,373081
WIN$D,M15,1669294800,160125.0,160225.0,159980.0,160115.0,99704,5,339023
WIN$D,M15,1669295700,160120.0,160200.0,160050.0,160135.0,57372,5,210504
WIN$D,M15,1669296600,160135.0,160550.0,160125.0,160180.0,130156,5,457916
WIN$D,M15,1669297500,160180.0,160200.0,159780.0,159980.0,145299,5,472064
WIN$D,M15,1669298400,159980.0,160150.0,159940.0,160055.0,86674,5,301224
WIN$D,M15,1669299300,160055.0,160465.0,159975.0,160300.0,116050,5,372584
WIN$D,M15,1669300200,160295.0,160815.0,160265.0,160390.0,156976,5,502924
WIN$D,M15,1669301100,160390.0,160565.0,160250.0,160480.0,84335,5,255150
WIN$D,M15,1669302000,160485.0,160705.0,160390.0,160505.0,90535,5,245117
WIN$D,M15,1669302900,160505.0,160615.0,160480.0,160590.0,49320,5,130171
WIN$D,M15,1669303800,160590.0,160610.0,160340.0,160450.0,69067,5,190233
WIN$D,M15,1669304700,160455.0,160825.0,160395.0,160565.0,98628,5,279995
WIN$D,M15,1669305600,160560.0,160585.0,160400.0,160475.0,40798,5,117814
WIN$D,M15,1669306500,160475.0,160545.0,160435.0,160480.0,25847,5,73017
WIN$D,M15,1669307400,160475.0,160525.0,160415.0,160465.0,21518,5,60496
WIN$D,M15,1669308300,160460.0,160615.0,160440.0,160510.0,40908,5,106327
WIN$D,M15,1669309200,160510.0,160710.0,160510.0,160695.0,27194,5,70260
WIN$D,M15,1669310100,160695.0,160700.0,160530.0,160585.0,37799,5,93110
WIN$D,M15,1669311000,160590.0,160735.0,160480.0,160520.0,44859,5,101646
WIN$D,M15,1669311900,160515.0,160635.0,160435.0,160590.0,43545,5,95752
WIN$D,M15,1669312800,160595.0,160605.0,160385.0,160415.0,42105,5,99301
WIN$D,M15,1669313700,160420.0,160840.0,160405.0,160840.0,23395,5,76550
WIN$D,M15,1669366800,160160.0,160780.0,160090.0,160490.0,209911,5,445997
WIN$D,M15,1669367700,160490.0,160915.0,160340.0,160675.0,193268,5,514623
WIN$D,M15,1669368600,160675.0,160840.0,160550.0,160685.0,166162,5,424757
WIN$D,M15,1669369500,160690.0,160890.0,160385.0,160390.0,173091,5,465846
WIN$D,M15,1669370400,160390.0,160645.0,159940.0,159955.0,303589,5,824362
WIN$D,M15,1669371300,159950.0,160020.0,159495.0,159540.0,223998,5,613208
WIN$D,M15,1669372200,159540.0,159655.0,159345.0,159395.0,183027,5,531289
WIN$D,M15,1669373100,159390.0,159555.0,159235.0,159370.0,183396,5,544657
WIN$D,M15,1669374000,159370.0,159580.0,159065.0,159180.0,200561,5,598794
WIN$D,M15,1669374900,159180.0,159260.0,158810.0,159115.0,194675,5,578859
WIN$D,M15,1669375800,159120.0,159445.0,158975.0,159430.0,191477,5,558854
WIN$D,M15,1669376700,159430.0,159430.0,158930.0,158960.0,169808,5,540861
WIN$D,M15,1669377600,158965.0,158990.0,158715.0,158895.0,157970,5,530840
WIN$D,M15,1669378500,158895.0,159100.0,158750.0,159030.0,118555,5,377221
WIN$D,M15,1669379400,159035.0,159220.0,158915.0,159120.0,129143,5,416457
WIN$D,M15,1669380300,159120.0,159295.0,159065.0,159105.0,106662,5,341368
WIN$D,M15,1669381200,159105.0,159195.0,159020.0,159145.0,91545,5,295028
WIN$D,M15,1669382100,159145.0,159505.0,159115.0,159130.0,137606,5,468660
WIN$D,M15,1669383000,159135.0,159305.0,158905.0,158915.0,138586,5,441529
WIN$D,M15,1669383900,158915.0,158950.0,158335.0,158355.0,188793,5,621717
WIN$D,M15,1669384800,158355.0,158360.0,157880.0,157925.0,197663,5,632615
WIN$D,M15,1669385700,157925.0,158240.0,157520.0,158005.0,213993,5,717071
WIN$D,M15,1669386600,158010.0,158160.0,157810.0,158130.0,105407,5,334482
WIN$D,M15,1669387500,158130.0,158180.0,157925.0,158060.0,93943,5,290152
WIN$D,M15,1669388400,158050.0,158110.0,157165.0,157250.0,153379,5,473521
WIN$D,M15,1669389300,157250.0,157565.0,157050.0,157280.0,118157,5,336937
WIN$D,M15,1669390200,157280.0,157330.0,157015.0,157105.0,104551,5,292735
WIN$D,M15,1669391100,157105.0,157260.0,156990.0,157175.0,78080,5,222230
WIN$D,M15,1669392000,157175.0,157370.0,157100.0,157280.0,73517,5,216701
WIN$D,M15,1669392900,157280.0,157375.0,157115.0,157140.0,51829,5,160568
WIN$D,M15,1669393800,157140.0,157345.0,157130.0,157215.0,54682,5,174653
WIN$D,M15,1669394700,157210.0,157220.0,157045.0,157200.0,59867,5,181775
WIN$D,M15,1669395600,157210.0,157430.0,157145.0,157365.0,59858,5,183027
WIN$D,M15,1669396500,157360.0,157605.0,157295.0,157545.0,57275,5,171756
WIN$D,M15,1669397400,157550.0,157745.0,157430.0,157510.0,57731,5,181779
WIN$D,M15,1669398300,157510.0,157700.0,157435.0,157505.0,40903,5,132674
WIN$D,M15,1669399200,157515.0,157530.0,157295.0,157425.0,34659,5,119813
WIN$D,M15,1669400100,157415.0,157495.0,157200.0,157200.0,12276,5,46566
WIN$D,M15,1669626000,156430.0,157365.0,155795.0,157355.0,290798,5,671021
WIN$D,M15,1669626900,157350.0,157705.0,157275.0,157580.0,211439,5,506062
WIN$D,M15,1669627800,157575.0,157650.0,157365.0,157440.0,141031,5,358915
WIN$D,M15,1669628700,157440.0,157565.0,157205.0,157470.0,187628,5,502342
WIN$D,M15,1669629600,157475.0,157710.0,156900.0,156990.0,312113,5,806737
WIN$D,M15,1669630500,156985.0,157435.0,156795.0,157230.0,235570,5,611080
WIN$D,M15,1669631400,157230.0,157570.0,157015.0,157165.0,242793,5,656366
WIN$D,M15,1669632300,157165.0,157420.0,156960.0,157350.0,202852,5,563532
WIN$D,M15,1669633200,157350.0,157460.0,156995.0,157235.0,190502,5,541755
WIN$D,M15,1669634100,157240.0,157420.0,156985.0,157230.0,171536,5,512341
WIN$D,M15,1669635000,157235.0,157820.0,157190.0,157350.0,253121,5,769666
WIN$D,M15,1669635900,157345.0,157745.0,157255.0,157610.0,167633,5,512563
WIN$D,M15,1669636800,157610.0,157890.0,157540.0,157880.0,155325,5,492387
WIN$D,M15,1669637700,157875.0,157955.0,157620.0,157665.0,130601,5,416509
WIN$D,M15,1669638600,157660.0,157755.0,157520.0,157640.0,100483,5,307903
WIN$D,M15,1669639500,157645.0,157775.0,157405.0,157645.0,112067,5,343671
WIN$D,M15,1669640400,157645.0,157825.0,157485.0,157745.0,93845,5,294890
WIN$D,M15,1669641300,157750.0,157755.0,157525.0,157610.0,71129,5,225182
WIN$D,M15,1669642200,157610.0,157660.0,157480.0,157520.0,70444,5,228436
WIN$D,M15,1669643100,157520.0,157620.0,157475.0,157560.0,61222,5,199249
WIN$D,M15,1669644000,157560.0,157665.0,157285.0,157380.0,128058,5,402154
WIN$D,M15,1669644900,157380.0,157610.0,157365.0,157555.0,79511,5,253294
WIN$D,M15,1669645800,157555.0,157735.0,157510.0,157535.0,71339,5,234144
WIN$D,M15,1669646700,157540.0,157610.0,157310.0,157365.0,78707,5,269476
WIN$D,M15,1669647600,157370.0,157670.0,157360.0,157645.0,97773,5,331289
WIN$D,M15,1669648500,157645.0,157690.0,157435.0,157445.0,83530,5,284352
WIN$D,M15,1669649400,157450.0,157565.0,157355.0,157360.0,68191,5,236801
WIN$D,M15,1669650300,157360.0,157465.0,157200.0,157280.0,112878,5,387235
WIN$D,M15,1669651200,157285.0,157455.0,157250.0,157345.0,78857,5,262694
WIN$D,M15,1669652100,157340.0,157355.0,157145.0,157295.0,86315,5,289219
WIN$D,M15,1669653000,157295.0,157365.0,157175.0,157275.0,74242,5,257859
WIN$D,M15,1669653900,157275.0,157285.0,157095.0,157245.0,77310,5,269624
WIN$D,M15,1669654800,157245.0,157420.0,157210.0,157310.0,77083,5,273017
WIN$D,M15,1669655700,157310.0,157350.0,157150.0,157275.0,70277,5,262765
WIN$D,M15,1669656600,157275.0,157505.0,157200.0,157495.0,52604,5,201860
WIN$D,M15,1669657500,157490.0,157540.0,157400.0,157455.0,58688,5,224812
WIN$D,M15,1669658400,157455.0,157475.0,157165.0,157195.0,50610,5,186704
WIN$D,M15,1669659300,157195.0,157340.0,157185.0,157250.0,15581,5,58775
WIN$D,M15,1669712400,158030.0,158630.0,157915.0,158165.0,228423,5,554506
WIN$D,M15,1669713300,158170.0,158255.0,157960.0,158015.0,154127,5,398917
WIN$D,M15,1669714200,158015.0,158215.0,157970.0,158085.0,141948,5,378139
WIN$D,M15,1669715100,158085.0,158150.0,157770.0,157880.0,158690,5,423161
WIN$D,M15,1669716000,157875.0,158095.0,157740.0,157850.0,216567,5,567755
WIN$D,M15,1669716900,157855.0,158030.0,157635.0,158000.0,202618,5,541318
WIN$D,M15,1669717800,158000.0,158150.0,157845.0,157930.0,223116,5,611611
WIN$D,M15,1669718700,157930.0,158170.0,157740.0,158095.0,204045,5,585780
WIN$D,M15,1669719600,158095.0,158330.0,157955.0,158320.0,192359,5,558472
WIN$D,M15,1669720500,158325.0,159100.0,158280.0,158900.0,257673,5,787257
WIN$D,M15,1669721400,158900.0,159615.0,158895.0,159415.0,270968,5,811740
WIN$D,M15,1669722300,159410.0,159725.0,159325.0,159560.0,163991,5,469054
WIN$D,M15,1669723200,159565.0,159925.0,159390.0,159650.0,188366,5,591484
WIN$D,M15,1669724100,159650.0,159855.0,159580.0,159855.0,106360,5,331790
WIN$D,M15,1669725000,159850.0,160130.0,159710.0,159850.0,142698,5,452672
WIN$D,M15,1669725900,159850.0,160350.0,159830.0,160280.0,142045,5,446824
WIN$D,M15,1669726800,160280.0,160395.0,160085.0,160150.0,141085,5,466309
WIN$D,M15,1669727700,160145.0,160505.0,160055.0,160445.0,133668,5,437412
WIN$D,M15,1669728600,160450.0,160715.0,160335.0,160575.0,157830,5,515569
WIN$D,M15,1669729500,160570.0,160605.0,160330.0,160415.0,85590,5,283588
WIN$D,M15,1669730400,160415.0,160480.0,160250.0,160305.0,91246,5,278073
WIN$D,M15,1669731300,160310.0,160370.0,160125.0,160310.0,94751,5,302385
WIN$D,M15,1669732200,160310.0,160410.0,160135.0,160145.0,99605,5,329192
WIN$D,M15,1669733100,160140.0,160290.0,160100.0,160270.0,85891,5,293709
WIN$D,M15,1669734000,160270.0,160345.0,160100.0,160210.0,97988,5,326111
WIN$D,M15,1669734900,160210.0,160250.0,160080.0,160135.0,74896,5,239228
WIN$D,M15,1669735800,160135.0,160205.0,160075.0,160155.0,65169,5,220326
WIN$D,M15,1669736700,160155.0,160390.0,160145.0,160285.0,99102,5,353320
WIN$D,M15,1669737600,160280.0,160280.0,160030.0,160155.0,110621,5,404593
WIN$D,M15,1669738500,160150.0,160165.0,159745.0,159775.0,102695,5,356805
WIN$D,M15,1669739400,159780.0,159790.0,159485.0,159490.0,119146,5,417070
WIN$D,M15,1669740300,159485.0,159585.0,159405.0,159495.0,101705,5,358809
WIN$D,M15,1669741200,159495.0,159800.0,159470.0,159665.0,105700,5,390023
WIN$D,M15,1669742100,159665.0,159680.0,159440.0,159460.0,72434,5,253951
WIN$D,M15,1669743000,159465.0,159570.0,159205.0,159400.0,113491,5,421503
WIN$D,M15,1669743900,159395.0,159565.0,159380.0,159430.0,73140,5,239906
WIN$D,M15,1669744800,159435.0,159550.0,159345.0,159470.0,52166,5,146920
WIN$D,M15,1669745700,159475.0,159510.0,159365.0,159500.0,29498,5,80235
WIN$D,M15,1669798800,159880.0,160375.0,159720.0,159990.0,204457,5,464645
WIN$D,M15,1669799700,159990.0,160015.0,159580.0,159585.0,157490,5,400654
WIN$D,M15,1669800600,159585.0,159860.0,159465.0,159805.0,162760,5,425773
WIN$D,M15,1669801500,159805.0,159840.0,159370.0,159405.0,219151,5,585121
WIN$D,M15,1669802400,159400.0,159545.0,159200.0,159460.0,263094,5,681701
WIN$D,M15,1669803300,159465.0,160010.0,159460.0,159915.0,237240,5,564283
WIN$D,M15,1669804200,159915.0,160005.0,159520.0,159970.0,253912,5,701243
WIN$D,M15,1669805100,159965.0,160165.0,159800.0,159805.0,204308,5,597812
WIN$D,M15,1669806000,159805.0,159940.0,159725.0,159820.0,150164,5,446532
WIN$D,M15,1669806900,159820.0,160300.0,159795.0,160195.0,193810,5,577661
WIN$D,M15,1669807800,160195.0,160480.0,160135.0,160260.0,265134,5,779955
WIN$D,M15,1669808700,160265.0,160385.0,159885.0,160350.0,221312,5,648436
WIN$D,M15,1669809600,160355.0,160555.0,160100.0,160325.0,227389,5,686362
WIN$D,M15,1669810500,160320.0,160345.0,159980.0,160040.0,151848,5,441840
WIN$D,M15,1669811400,160045.0,160155.0,159815.0,160080.0,152353,5,429383
WIN$D,M15,1669812300,160080.0,160200.0,159900.0,159940.0,144610,5,434129
WIN$D,M15,1669813200,159945.0,160110.0,159865.0,160055.0,108768,5,329255
WIN$D,M15,1669814100,160055.0,160200.0,160020.0,160160.0,101993,5,311005
WIN$D,M15,1669815000,160160.0,160195.0,159845.0,159955.0,122529,5,369386
WIN$D,M15,1669815900,159950.0,160075.0,159725.0,159800.0,114571,5,341103
WIN$D,M15,1669816800,159800.0,159900.0,159345.0,159390.0,165704,5,524865
WIN$D,M15,1669817700,159390.0,159395.0,158935.0,159000.0,168308,5,509353
WIN$D,M15,1669818600,159000.0,159035.0,158480.0,158765.0,184634,5,592867
WIN$D,M15,1669819500,158770.0,158875.0,158660.0,158865.0,101057,5,311884
WIN$D,M15,1669820400,158865.0,159330.0,158830.0,159240.0,175717,5,578347
WIN$D,M15,1669821300,159235.0,159265.0,159005.0,159105.0,119111,5,354027
WIN$D,M15,1669822200,159110.0,159930.0,158990.0,159565.0,350689,5,938772
WIN$D,M15,1669823100,159565.0,159710.0,159135.0,159675.0,228759,5,629994
WIN$D,M15,1669824000,159670.0,159835.0,159540.0,159650.0,160264,5,433988
WIN$D,M15,1669824900,159655.0,159950.0,159605.0,159705.0,162276,5,452376
WIN$D,M15,1669825800,159710.0,159845.0,159475.0,159570.0,138220,5,400066
WIN$D,M15,1669826700,159570.0,159770.0,159450.0,159720.0,128584,5,394088
WIN$D,M15,1669827600,159720.0,160360.0,159675.0,160290.0,168010,5,521655
WIN$D,M15,1669828500,160290.0,160745.0,160235.0,160615.0,124997,5,393292
WIN$D,M15,1669829400,160610.0,160660.0,160390.0,160520.0,98001,5,295573
WIN$D,M15,1669830300,160525.0,160645.0,160395.0,160430.0,83391,5,259215
WIN$D,M15,1669831200,160430.0,160880.0,160415.0,160635.0,68845,5,220706
WIN$D,M15,1669832100,160635.0,160930.0,160620.0,160930.0,24589,5,81145
WIN$D,M15,1669885200,160380.0,160570.0,159900.0,159960.0,221690,5,501764
WIN$D,M15,1669886100,159960.0,159980.0,159700.0,159820.0,145073,5,367884
WIN$D,M15,1669887000,159815.0,160000.0,159780.0,159955.0,119914,5,322602
WIN$D,M15,1669887900,159960.0,160115.0,159890.0,159920.0,133914,5,361273
WIN$D,M15,1669888800,159920.0,160005.0,159520.0,159605.0,272915,5,772853
WIN$D,M15,1669889700,159605.0,159910.0,159550.0,159570.0,193216,5,487499
WIN$D,M15,1669890600,159565.0,160225.0,159460.0,159840.0,337039,5,812823
WIN$D,M15,1669891500,159840.0,159920.0,159550.0,159790.0,213949,5,586822
WIN$D,M15,1669892400,159790.0,160070.0,159710.0,159965.0,144008,5,394456
WIN$D,M15,1669893300,159970.0,160135.0,159765.0,159950.0,163573,5,463360
WIN$D,M15,1669894200,159955.0,160195.0,159680.0,159900.0,242692,5,699814
WIN$D,M15,1669895100,159900.0,160330.0,159840.0,160220.0,209087,5,638267
WIN$D,M15,1669896000,160215.0,160295.0,159690.0,159780.0,209897,5,605910
WIN$D,M15,1669896900,159785.0,159825.0,159145.0,159150.0,239320,5,727716
WIN$D,M15,1669897800,159155.0,159290.0,158900.0,159020.0,171457,5,497928
WIN$D,M15,1669898700,159020.0,159340.0,158955.0,159285.0,152898,5,442440
WIN$D,M15,1669899600,159280.0,159415.0,159175.0,159280.0,124111,5,379613
WIN$D,M15,1669900500,159275.0,159380.0,159135.0,159280.0,96284,5,296440
WIN$D,M15,1669901400,159275.0,159385.0,159170.0,159215.0,109403,5,349704
WIN$D,M15,1669902300,159210.0,159255.0,158965.0,159120.0,132205,5,412846
WIN$D,M15,1669903200,159125.0,159125.0,158785.0,158985.0,146918,5,460707
WIN$D,M15,1669904100,158980.0,159270.0,158975.0,159225.0,124392,5,403086
WIN$D,M15,1669905000,159225.0,159390.0,159125.0,159180.0,122144,5,375113
WIN$D,M15,1669905900,159175.0,159295.0,159065.0,159175.0,108493,5,333564
WIN$D,M15,1669906800,159165.0,159300.0,159125.0,159300.0,83107,5,255915
WIN$D,M15,1669907700,159300.0,159315.0,159020.0,159135.0,117921,5,385046
WIN$D,M15,1669908600,159130.0,159505.0,159125.0,159380.0,154057,5,507683
WIN$D,M15,1669909500,159375.0,159485.0,159300.0,159470.0,125817,5,417532
WIN$D,M15,1669910400,159465.0,159560.0,159330.0,159555.0,129769,5,421548
WIN$D,M15,1669911300,159555.0,159610.0,159345.0,159485.0,120994,5,391814
WIN$D,M15,1669912200,159480.0,159565.0,159345.0,159505.0,75873,5,244249
WIN$D,M15,1669913100,159500.0,159580.0,159270.0,159420.0,93458,5,303192
WIN$D,M15,1669914000,159425.0,159445.0,159225.0,159245.0,75017,5,248621
WIN$D,M15,1669914900,159250.0,159380.0,159200.0,159355.0,62892,5,193545
WIN$D,M15,1669915800,159350.0,159475.0,159330.0,159450.0,57725,5,178616
WIN$D,M15,1669916700,159450.0,159505.0,159345.0,159380.0,53111,5,174720
WIN$D,M15,1669917600,159380.0,159390.0,159120.0,159205.0,47535,5,153684
WIN$D,M15,1669918500,159205.0,159455.0,159180.0,159455.0,17703,5,75949
WIN$D,M15,1669971600,159380.0,159900.0,159380.0,159750.0,185989,5,444095
WIN$D,M15,1669972500,159750.0,159815.0,159520.0,159660.0,135598,5,327135
WIN$D,M15,1669973400,159660.0,159740.0,159560.0,159570.0,103598,5,252484
WIN$D,M15,1669974300,159570.0,159665.0,159435.0,159640.0,138218,5,355354
WIN$D,M15,1669975200,159640.0,159825.0,159365.0,159500.0,240505,5,634789
WIN$D,M15,1669976100,159505.0,159745.0,159250.0,159540.0,167795,5,419417
WIN$D,M15,1669977000,159535.0,159565.0,158105.0,158385.0,427766,5,991942
WIN$D,M15,1669977900,158385.0,159440.0,158325.0,159320.0,271442,5,763762
WIN$D,M15,1669978800,159330.0,160405.0,159290.0,160215.0,347747,5,1032274
WIN$D,M15,1669979700,160215.0,160845.0,160090.0,160590.0,235833,5,680148
WIN$D,M15,1669980600,160595.0,161590.0,160590.0,161385.0,325462,5,1003756
WIN$D,M15,1669981500,161385.0,162080.0,161295.0,161955.0,235878,5,748587
WIN$D,M15,1669982400,161960.0,161960.0,161180.0,161345.0,198148,5,635852
WIN$D,M15,1669983300,161345.0,161410.0,161115.0,161275.0,135567,5,434042
WIN$D,M15,1669984200,161275.0,161310.0,160785.0,160870.0,154105,5,519027
WIN$D,M15,1669985100,160870.0,160970.0,160435.0,160515.0,156291,5,508101
WIN$D,M15,1669986000,160510.0,160915.0,160360.0,160865.0,132860,5,412354
WIN$D,M15,1669986900,160860.0,160970.0,160730.0,160915.0,104966,5,338020
WIN$D,M15,1669987800,160910.0,161245.0,160865.0,161235.0,124316,5,410923
WIN$D,M15,1669988700,161235.0,161445.0,160985.0,161095.0,133972,5,432928
WIN$D,M15,1669989600,161090.0,161485.0,161080.0,161450.0,104407,5,336180
WIN$D,M15,1669990500,161445.0,161460.0,161305.0,161320.0,74732,5,224777
WIN$D,M15,1669991400,161315.0,161375.0,160815.0,160875.0,129084,5,454710
WIN$D,M15,1669992300,160875.0,161125.0,160830.0,161060.0,84027,5,277695
WIN$D,M15,1669993200,161065.0,161195.0,160755.0,160790.0,117807,5,401784
WIN$D,M15,1669994100,160790.0,160895.0,160640.0,160780.0,99485,5,341127
WIN$D,M15,1669995000,160780.0,160805.0,160505.0,160595.0,89053,5,325712
WIN$D,M15,1669995900,160590.0,160610.0,160300.0,160375.0,89866,5,283659
WIN$D,M15,1669996800,160375.0,160585.0,160310.0,160450.0,73521,5,216986
WIN$D,M15,1669997700,160445.0,160575.0,160420.0,160540.0,50796,5,147700
WIN$D,M15,1669998600,160535.0,160560.0,160325.0,160350.0,67540,5,224490
WIN$D,M15,1669999500,160350.0,160500.0,160245.0,160460.0,69898,5,228946
WIN$D,M15,1670000400,160465.0,160485.0,160210.0,160245.0,62097,5,207569
WIN$D,M15,1670001300,160240.0,160340.0,160200.0,160285.0,43917,5,150692
WIN$D,M15,1670002200,160285.0,160305.0,160065.0,160175.0,50388,5,172893
WIN$D,M15,1670003100,160170.0,160275.0,160130.0,160235.0,35600,5,117182
WIN$D,M15,1670004000,160235.0,160330.0,160105.0,160190.0,42378,5,136673
WIN$D,M15,1670004900,160190.0,160285.0,160115.0,160115.0,17002,5,43839
WIN$D,M15,1670230800,160695.0,160720.0,159670.0,159790.0,246766,5,596648
WIN$D,M15,1670231700,159790.0,159900.0,159610.0,159820.0,187833,5,485554
WIN$D,M15,1670232600,159815.0,159875.0,159555.0,159650.0,162966,5,408821
WIN$D,M15,1670233500,159650.0,159720.0,159560.0,159585.0,123221,5,322526
WIN$D,M15,1670234400,159590.0,159890.0,159450.0,159825.0,311649,5,820696
WIN$D,M15,1670235300,159820.0,160150.0,159735.0,160025.0,232076,5,621990
WIN$D,M15,1670236200,160030.0,160100.0,159560.0,159690.0,257848,5,684062
WIN$D,M15,1670237100,159685.0,159755.0,159215.0,159315.0,228000,5,629821
WIN$D,M15,1670238000,159315.0,159380.0,158945.0,158975.0,214148,5,634322
WIN$D,M15,1670238900,158980.0,159025.0,158620.0,158675.0,182865,5,570140
WIN$D,M15,1670239800,158675.0,159040.0,158595.0,158925.0,243419,5,731198
WIN$D,M15,1670240700,158935.0,158970.0,158445.0,158490.0,186961,5,540260
WIN$D,M15,1670241600,158495.0,158815.0,158215.0,158555.0,259185,5,799270
WIN$D,M15,1670242500,158555.0,158635.0,158355.0,158500.0,163372,5,529382
WIN$D,M15,1670243400,158505.0,158870.0,158470.0,158770.0,143005,5,441194
WIN$D,M15,1670244300,158775.0,158955.0,158670.0,158825.0,125930,5,370002
WIN$D,M15,1670245200,158820.0,158835.0,158560.0,158570.0,125191,5,395345
WIN$D,M15,1670246100,158575.0,158595.0,158290.0,158470.0,135864,5,433011
WIN$D,M15,1670247000,158470.0,158545.0,158395.0,158435.0,87962,5,260554
WIN$D,M15,1670247900,158435.0,158435.0,158150.0,158250.0,120154,5,386921
WIN$D,M15,1670248800,158250.0,158320.0,158085.0,158290.0,107808,5,346795
WIN$D,M15,1670249700,158285.0,158455.0,158225.0,158420.0,83344,5,260356
WIN$D,M15,1670250600,158420.0,158450.0,158200.0,158240.0,89591,5,285125
WIN$D,M15,1670251500,158240.0,158370.0,158155.0,158295.0,91117,5,283229
WIN$D,M15,1670252400,158295.0,158320.0,158025.0,158170.0,100550,5,321514
WIN$D,M15,1670253300,158170.0,158190.0,158065.0,158155.0,63042,5,213926
WIN$D,M15,1670254200,158155.0,158305.0,158145.0,158220.0,77544,5,253427
WIN$D,M15,1670255100,158225.0,158255.0,158090.0,158125.0,68150,5,233004
WIN$D,M15,1670256000,158125.0,158170.0,157820.0,158015.0,91612,5,314685
WIN$D,M15,1670256900,158015.0,158025.0,157810.0,157875.0,65073,5,209116
WIN$D,M15,1670257800,157875.0,157900.0,157645.0,157695.0,79597,5,268556
WIN$D,M15,1670258700,157690.0,157870.0,157605.0,157820.0,74955,5,242310
WIN$D,M15,1670259600,157820.0,157915.0,157740.0,157860.0,64438,5,227609
WIN$D,M15,1670260500,157860.0,157890.0,157395.0,157425.0,96128,5,359920
WIN$D,M15,1670261400,157420.0,157625.0,157415.0,157540.0,60675,5,203331
WIN$D,M15,1670262300,157540.0,157570.0,157410.0,157555.0,53146,5,175132
WIN$D,M15,1670263200,157555.0,157575.0,157435.0,157505.0,46051,5,142512
WIN$D,M15,1670264100,157505.0,157540.0,157360.0,157360.0,23052,5,71800
WIN$D,M15,1670317200,157650.0,157995.0,157560.0,157960.0,231209,5,521129
WIN$D,M15,1670318100,157960.0,158010.0,157695.0,157895.0,176267,5,465816
WIN$D,M15,1670319000,157890.0,158035.0,157800.0,157880.0,144049,5,397517
WIN$D,M15,1670319900,157880.0,158370.0,157800.0,158345.0,185499,5,518351
WIN$D,M15,1670320800,158345.0,158560.0,157745.0,157895.0,301594,5,821356
WIN$D,M15,1670321700,157900.0,158325.0,157555.0,158155.0,304539,5,849006
WIN$D,M15,1670322600,158155.0,158200.0,157795.0,157865.0,229872,5,631852
WIN$D,M15,1670323500,157865.0,158180.0,157660.0,158170.0,195960,5,527575
WIN$D,M15,1670324400,158170.0,158205.0,157880.0,158020.0,191924,5,557244
WIN$D,M15,1670325300,158020.0,158180.0,157885.0,158055.0,132296,5,395486
WIN$D,M15,1670326200,158055.0,158645.0,157955.0,158230.0,274567,5,868036
WIN$D,M15,1670327100,158235.0,158805.0,158100.0,158525.0,268034,5,811347
WIN$D,M15,1670328000,158530.0,158750.0,158260.0,158350.0,190689,5,581546
WIN$D,M15,1670328900,158350.0,158595.0,158230.0,158235.0,168397,5,503867
WIN$D,M15,1670329800,158235.0,158425.0,158025.0,158415.0,162426,5,484542
WIN$D,M15,1670330700,158415.0,158475.0,158250.0,158325.0,124002,5,363916
WIN$D,M15,1670331600,158330.0,158425.0,158195.0,158265.0,118113,5,365467
WIN$D,M15,1670332500,158270.0,158310.0,158000.0,158175.0,124106,5,389432
WIN$D,M15,1670333400,158175.0,158370.0,157880.0,158000.0,144585,5,454457
WIN$D,M15,1670334300,158000.0,158125.0,157830.0,157835.0,117941,5,369476
WIN$D,M15,1670335200,157835.0,158140.0,157765.0,158060.0,127784,5,398844
WIN$D,M15,1670336100,158060.0,158195.0,157905.0,158075.0,110464,5,336244
WIN$D,M15,1670337000,158075.0,158120.0,157905.0,158045.0,99742,5,299326
WIN$D,M15,1670337900,158045.0,158065.0,157860.0,157930.0,77139,5,230613
WIN$D,M15,1670338800,157935.0,157955.0,157345.0,157440.0,155334,5,526347
WIN$D,M15,1670339700,157435.0,157810.0,157430.0,157600.0,158416,5,549313
WIN$D,M15,1670340600,157605.0,157825.0,157285.0,157770.0,176187,5,592424
WIN$D,M15,1670341500,157765.0,157795.0,157585.0,157760.0,101892,5,330286
WIN$D,M15,1670342400,157760.0,157830.0,157565.0,157595.0,115923,5,378733
WIN$D,M15,1670343300,157595.0,157735.0,157510.0,157605.0,86095,5,266859
WIN$D,M15,1670344200,157605.0,157725.0,157390.0,157650.0,112566,5,363795
WIN$D,M15,1670345100,157650.0,157800.0,157595.0,157610.0,90991,5,293612
WIN$D,M15,1670346000,157615.0,157900.0,157565.0,157795.0,93033,5,313858
WIN$D,M15,1670346900,157800.0,157835.0,157635.0,157675.0,64967,5,205440
WIN$D,M15,1670347800,157680.0,158335.0,157595.0,158185.0,113187,5,392534
WIN$D,M15,1670348700,158190.0,158500.0,158170.0,158345.0,114528,5,394504
WIN$D,M15,1670349600,158345.0,158740.0,158245.0,158620.0,67702,5,205908
WIN$D,M15,1670350500,158625.0,158675.0,158420.0,158545.0,24901,5,69994
WIN$D,M15,1670403600,157650.0,157735.0,157115.0,157380.0,226728,5,559905
WIN$D,M15,1670404500,157385.0,157615.0,157210.0,157300.0,200639,5,541630
WIN$D,M15,1670405400,157300.0,157510.0,157270.0,157430.0,145782,5,395166
WIN$D,M15,1670406300,157425.0,157720.0,157380.0,157710.0,159647,5,436997
WIN$D,M15,1670407200,157710.0,157870.0,157520.0,157585.0,252059,5,671970
WIN$D,M15,1670408100,157585.0,157760.0,157280.0,157645.0,278228,5,767560
WIN$D,M15,1670409000,157650.0,157750.0,157460.0,157610.0,183330,5,525639
WIN$D,M15,1670409900,157615.0,158320.0,157565.0,158060.0,269377,5,815923
WIN$D,M15,1670410800,158065.0,158185.0,157825.0,158055.0,211592,5,614771
WIN$D,M15,1670411700,158060.0,158165.0,157790.0,157825.0,171525,5,493280
WIN$D,M15,1670412600,157825.0,157870.0,157380.0,157505.0,294980,5,886559
WIN$D,M15,1670413500,157505.0,158010.0,157485.0,157950.0,215374,5,652895
WIN$D,M15,1670414400,157955.0,158165.0,157660.0,157830.0,274277,5,813116
WIN$D,M15,1670415300,157830.0,158150.0,157785.0,158120.0,174881,5,515699
WIN$D,M15,1670416200,158120.0,158220.0,157730.0,157865.0,167812,5,495746
WIN$D,M15,1670417100,157860.0,157955.0,157670.0,157825.0,127703,5,374884
WIN$D,M15,1670418000,157820.0,157860.0,157530.0,157555.0,116303,5,357282
WIN$D,M15,1670418900,157555.0,157615.0,156770.0,156865.0,224580,5,739752
WIN$D,M15,1670419800,156865.0,156990.0,156640.0,156960.0,159981,5,521974
WIN$D,M15,1670420700,156965.0,157415.0,156920.0,157360.0,155457,5,533984
WIN$D,M15,1670421600,157355.0,157540.0,157280.0,157385.0,134465,5,444979
WIN$D,M15,1670422500,157385.0,157590.0,157335.0,157545.0,108256,5,358372
WIN$D,M15,1670423400,157540.0,157600.0,157410.0,157520.0,108926,5,360980
WIN$D,M15,1670424300,157515.0,157595.0,157410.0,157475.0,91435,5,315162
WIN$D,M15,1670425200,157475.0,157600.0,157345.0,157550.0,117131,5,415970
WIN$D,M15,1670426100,157545.0,157875.0,157505.0,157790.0,150527,5,499095
WIN$D,M15,1670427000,157790.0,157820.0,157510.0,157555.0,117138,5,395189
WIN$D,M15,1670427900,157560.0,157615.0,157085.0,157225.0,146005,5,495524
WIN$D,M15,1670428800,157225.0,157470.0,157090.0,157425.0,141163,5,493377
WIN$D,M15,1670429700,157420.0,157460.0,157190.0,157340.0,102002,5,336281
WIN$D,M15,1670430600,157340.0,157450.0,157250.0,157390.0,82518,5,272357
WIN$D,M15,1670431500,157395.0,157455.0,157250.0,157310.0,86337,5,286721
WIN$D,M15,1670432400,157315.0,157530.0,157280.0,157430.0,101970,5,352208
WIN$D,M15,1670433300,157430.0,157485.0,157275.0,157405.0,62989,5,207477
WIN$D,M15,1670434200,157405.0,157495.0,157095.0,157120.0,87396,5,320048
WIN$D,M15,1670435100,157120.0,157255.0,157010.0,157110.0,95642,5,325013
WIN$D,M15,1670436000,157110.0,157625.0,157070.0,157470.0,66993,5,184506
WIN$D,M15,1670436900,157465.0,157570.0,157285.0,157520.0,36702,5,85172
WIN$D,M15,1670490000,157320.0,157625.0,156730.0,156860.0,256477,5,618124
WIN$D,M15,1670490900,156855.0,156940.0,156390.0,156520.0,209082,5,533190
WIN$D,M15,1670491800,156525.0,156705.0,156295.0,156685.0,176264,5,481157
WIN$D,M15,1670492700,156690.0,156845.0,156645.0,156745.0,150073,5,404590
WIN$D,M15,1670493600,156745.0,156925.0,156470.0,156850.0,249258,5,669127
WIN$D,M15,1670494500,156840.0,157005.0,156675.0,156920.0,166024,5,451503
WIN$D,M15,1670495400,156925.0,157195.0,156795.0,157020.0,207657,5,602048
WIN$D,M15,1670496300,157020.0,157325.0,156935.0,157080.0,190069,5,566296
WIN$D,M15,1670497200,157080.0,157155.0,156750.0,156765.0,190936,5,593898
WIN$D,M15,1670498100,156770.0,157115.0,156715.0,157010.0,187930,5,565677
WIN$D,M15,1670499000,157010.0,157180.0,156610.0,156665.0,256945,5,783665
WIN$D,M15,1670499900,156665.0,157165.0,156625.0,157115.0,187429,5,574569
WIN$D,M15,1670500800,157110.0,157175.0,156770.0,156795.0,144439,5,428475
WIN$D,M15,1670501700,156800.0,156865.0,156475.0,156505.0,155876,5,467926
WIN$D,M15,1670502600,156500.0,156560.0,155920.0,156065.0,207414,5,657605
WIN$D,M15,1670503500,156065.0,156110.0,155615.0,155735.0,206481,5,647798
WIN$D,M15,1670504400,155735.0,155775.0,155135.0,155400.0,218651,5,705922
WIN$D,M15,1670505300,155400.0,155710.0,155345.0,155665.0,133258,5,447065
WIN$D,M15,1670506200,155665.0,155945.0,155610.0,155925.0,133931,5,441364
WIN$D,M15,1670507100,155920.0,156055.0,155840.0,155975.0,106786,5,354194
WIN$D,M15,1670508000,155975.0,155980.0,155705.0,155915.0,128007,5,394126
WIN$D,M15,1670508900,155910.0,155930.0,155665.0,155680.0,110533,5,356888
WIN$D,M15,1670509800,155680.0,155760.0,155475.0,155700.0,134889,5,436135
WIN$D,M15,1670510700,155700.0,155835.0,155640.0,155720.0,104550,5,358955
WIN$D,M15,1670511600,155720.0,155750.0,155550.0,155665.0,105767,5,369085
WIN$D,M15,1670512500,155670.0,155730.0,155495.0,155555.0,95299,5,329652
WIN$D,M15,1670513400,155560.0,155800.0,155545.0,155680.0,102454,5,369763
WIN$D,M15,1670514300,155680.0,155780.0,155515.0,155585.0,98157,5,347131
WIN$D,M15,1670515200,155585.0,155780.0,155560.0,155765.0,88392,5,296343
WIN$D,M15,1670516100,155760.0,155880.0,155635.0,155685.0,91924,5,320409
WIN$D,M15,1670517000,155680.0,155690.0,155510.0,155520.0,80310,5,281588
WIN$D,M15,1670517900,155515.0,155565.0,155240.0,155270.0,111649,5,408597
WIN$D,M15,1670518800,155270.0,155370.0,154860.0,154990.0,147054,5,540869
WIN$D,M15,1670519700,154990.0,155320.0,154980.0,155270.0,91163,5,315683
WIN$D,M15,1670520600,155275.0,155430.0,155185.0,155330.0,76259,5,279681
WIN$D,M15,1670521500,155325.0,155325.0,155045.0,155100.0,75997,5,248080
WIN$D,M15,1670522400,155095.0,155280.0,155085.0,155210.0,58216,5,171889
WIN$D,M15,1670523300,155210.0,155250.0,154970.0,155050.0,32930,5,110964
WIN$D,M15,1670576400,155760.0,156105.0,155550.0,155805.0,193066,5,494280
WIN$D,M15,1670577300,155810.0,156045.0,155660.0,155940.0,171065,5,462605
WIN$D,M15,1670578200,155940.0,156040.0,155750.0,155970.0,138320,5,379081
WIN$D,M15,1670579100,155970.0,156090.0,155865.0,156025.0,115437,5,339399
WIN$D,M15,1670580000,156025.0,156125.0,155690.0,155690.0,213550,5,633609
WIN$D,M15,1670580900,155695.0,155965.0,155465.0,155655.0,214950,5,612243
WIN$D,M15,1670581800,155660.0,155695.0,155065.0,155070.0,339991,5,904553
WIN$D,M15,1670582700,155065.0,155650.0,155015.0,155365.0,235861,5,649780
WIN$D,M15,1670583600,155360.0,155790.0,155345.0,155615.0,173166,5,513151
WIN$D,M15,1670584500,155620.0,155765.0,155470.0,155760.0,153597,5,438229
WIN$D,M15,1670585400,155760.0,156300.0,155590.0,156215.0,240582,5,726836
WIN$D,M15,1670586300,156210.0,156315.0,155890.0,155990.0,144869,5,412810
WIN$D,M15,1670587200,155990.0,156160.0,155710.0,155835.0,137419,5,371754
WIN$D,M15,1670588100,155835.0,156045.0,155685.0,156030.0,101947,5,287425
WIN$D,M15,1670589000,156030.0,156125.0,155790.0,155975.0,92611,5,261079
WIN$D,M15,1670589900,155975.0,156085.0,155910.0,156035.0,62179,5,178369
WIN$D,M15,1670590800,156035.0,156285.0,155965.0,156000.0,85081,5,253812
WIN$D,M15,1670591700,156000.0,156340.0,156000.0,156245.0,91857,5,264786
WIN$D,M15,1670592600,156245.0,156470.0,156190.0,156380.0,91535,5,262035
WIN$D,M15,1670593500,156380.0,156590.0,156335.0,156470.0,81240,5,248168
WIN$D,M15,1670594400,156470.0,156570.0,156405.0,156535.0,53966,5,159150
WIN$D,M15,1670595300,156530.0,156535.0,156305.0,156345.0,59584,5,175875
WIN$D,M15,1670596200,156345.0,156490.0,156140.0,156165.0,68629,5,215897
WIN$D,M15,1670597100,156165.0,156260.0,155790.0,155885.0,138422,5,425703
WIN$D,M15,1670598000,155885.0,156030.0,155845.0,155950.0,85090,5,241747
WIN$D,M15,1670598900,155950.0,156005.0,155730.0,155810.0,82114,5,244701
WIN$D,M15,1670599800,155815.0,156015.0,155770.0,155995.0,70619,5,220053
WIN$D,M15,1670600700,156000.0,156090.0,155890.0,156080.0,79268,5,261561
WIN$D,M15,1670601600,156085.0,156095.0,155820.0,156000.0,93865,5,303462
WIN$D,M15,1670602500,155995.0,156070.0,155885.0,156020.0,55539,5,178971
WIN$D,M15,1670603400,156020.0,156065.0,155860.0,155925.0,54091,5,185780
WIN$D,M15,1670604300,155925.0,156015.0,155745.0,155830.0,78273,5,271833
WIN$D,M15,1670605200,155835.0,155860.0,155535.0,155635.0,77324,5,262457
WIN$D,M15,1670606100,155630.0,155700.0,155570.0,155600.0,47416,5,142216
WIN$D,M15,1670607000,155595.0,155655.0,155515.0,155585.0,46801,5,157417
WIN$D,M15,1670607900,155590.0,155730.0,155400.0,155430.0,68102,5,225977
WIN$D,M15,1670608800,155430.0,155480.0,155335.0,155395.0,47679,5,132781
WIN$D,M15,1670609700,155395.0,155660.0,155345.0,155660.0,27939,5,71296
WIN$D,M15,1670835600,155775.0,155775.0,154935.0,155170.0,198453,5,452790
WIN$D,M15,1670836500,155170.0,155365.0,154870.0,155305.0,187165,5,490795
WIN$D,M15,1670837400,155305.0,155410.0,155015.0,155260.0,173084,5,443190
WIN$D,M15,1670838300,155260.0,155325.0,154995.0,155075.0,140946,5,379453
WIN$D,M15,1670839200,155075.0,155390.0,154800.0,155165.0,268316,5,740039
WIN$D,M15,1670840100,155170.0,155495.0,155130.0,155325.0,187818,5,499840
WIN$D,M15,1670841000,155325.0,155365.0,154440.0,154465.0,289297,5,872919
WIN$D,M15,1670841900,154465.0,154515.0,153325.0,153345.0,279484,5,947523
WIN$D,M15,1670842800,153350.0,153550.0,152860.0,152950.0,243352,5,768334
WIN$D,M15,1670843700,152950.0,153170.0,152690.0,153155.0,202682,5,600518
WIN$D,M15,1670844600,153150.0,153165.0,152230.0,152330.0,272463,5,848150
WIN$D,M15,1670845500,152330.0,152465.0,151645.0,152145.0,287686,5,889508
WIN$D,M15,1670846400,152145.0,152850.0,152115.0,152610.0,180595,5,556787
WIN$D,M15,1670847300,152615.0,152685.0,152250.0,152275.0,135480,5,411387
WIN$D,M15,1670848200,152275.0,152315.0,151990.0,152030.0,144082,5,444250
WIN$D,M15,1670849100,152025.0,152125.0,151820.0,152085.0,115765,5,424545
WIN$D,M15,1670850000,152085.0,152270.0,151850.0,152215.0,125316,5,426968
WIN$D,M15,1670850900,152210.0,152315.0,152120.0,152265.0,79526,5,274658
WIN$D,M15,1670851800,152265.0,152335.0,152185.0,152225.0,67474,5,255188
WIN$D,M15,1670852700,152225.0,152925.0,152225.0,152505.0,157198,5,609857
WIN$D,M15,1670853600,152500.0,152855.0,152500.0,152790.0,103574,5,361508
WIN$D,M15,1670854500,152790.0,152800.0,152530.0,152685.0,104005,5,357087
WIN$D,M15,1670855400,152690.0,152715.0,152510.0,152590.0,76447,5,258767
WIN$D,M15,1670856300,152590.0,152990.0,152585.0,152870.0,118756,5,418814
WIN$D,M15,1670857200,152875.0,152875.0,152655.0,152750.0,105450,5,364239
WIN$D,M15,1670858100,152750.0,152860.0,152655.0,152675.0,80267,5,275447
WIN$D,M15,1670859000,152675.0,152710.0,152425.0,152665.0,112763,5,387324
WIN$D,M15,1670859900,152670.0,152670.0,152520.0,152575.0,78490,5,278151
WIN$D,M15,1670860800,152575.0,152625.0,152410.0,152555.0,74707,5,243986
WIN$D,M15,1670861700,152550.0,152610.0,152425.0,152490.0,75119,5,261558
WIN$D,M15,1670862600,152495.0,152710.0,152475.0,152605.0,85022,5,282570
WIN$D,M15,1670863500,152605.0,152860.0,152545.0,152840.0,89228,5,294544
WIN$D,M15,1670864400,152840.0,153115.0,152830.0,152915.0,105892,5,380534
WIN$D,M15,1670865300,152920.0,153400.0,152850.0,153245.0,120123,5,426557
WIN$D,M15,1670866200,153245.0,153830.0,153170.0,153560.0,134600,5,496062
WIN$D,M15,1670867100,153560.0,153625.0,153315.0,153510.0,82098,5,257350
WIN$D,M15,1670868000,153510.0,153520.0,152810.0,152885.0,110625,5,302797
WIN$D,M15,1670868900,152885.0,152965.0,152635.0,152645.0,32861,5,79866
WIN$D,M15,1670922000,152860.0,153475.0,152690.0,153190.0,261642,5,577724
WIN$D,M15,1670922900,153190.0,153420.0,152910.0,153320.0,204524,5,506122
WIN$D,M15,1670923800,153315.0,153520.0,153230.0,153265.0,154346,5,375360
WIN$D,M15,1670924700,153265.0,153635.0,153215.0,153535.0,155128,5,381645
WIN$D,M15,1670925600,153535.0,153890.0,153485.0,153600.0,251924,5,673092
WIN$D,M15,1670926500,153600.0,153840.0,153260.0,153675.0,244502,5,596151
WIN$D,M15,1670927400,153675.0,154880.0,153655.0,154405.0,368618,5,878329
WIN$D,M15,1670928300,154400.0,154580.0,153695.0,153750.0,250114,5,643045
WIN$D,M15,1670929200,153750.0,154305.0,153555.0,154065.0,248070,5,660395
WIN$D,M15,1670930100,154060.0,154390.0,154025.0,154055.0,172020,5,484284
WIN$D,M15,1670931000,154055.0,154160.0,153110.0,153645.0,300444,5,875392
WIN$D,M15,1670931900,153650.0,154050.0,153575.0,153735.0,197495,5,567075
WIN$D,M15,1670932800,153730.0,154210.0,153645.0,154120.0,179776,5,512760
WIN$D,M15,1670933700,154120.0,154270.0,153825.0,153995.0,159926,5,444942
WIN$D,M15,1670934600,153995.0,154125.0,153695.0,153845.0,164649,5,475671
WIN$D,M15,1670935500,153845.0,153915.0,153530.0,153660.0,133497,5,391337
WIN$D,M15,1670936400,153660.0,153860.0,153630.0,153660.0,99301,5,304874
WIN$D,M15,1670937300,153660.0,153660.0,153230.0,153510.0,151092,5,467418
WIN$D,M15,1670938200,153505.0,153585.0,153300.0,153465.0,99494,5,305764
WIN$D,M15,1670939100,153470.0,153510.0,153065.0,153390.0,135949,5,433542
WIN$D,M15,1670940000,153390.0,153500.0,153170.0,153200.0,122755,5,380046
WIN$D,M15,1670940900,153200.0,153210.0,152660.0,152835.0,181712,5,583488
WIN$D,M15,1670941800,152835.0,153130.0,152695.0,153125.0,138905,5,443291
WIN$D,M15,1670942700,153125.0,153205.0,152995.0,153130.0,111936,5,352765
WIN$D,M15,1670943600,153130.0,153265.0,153045.0,153215.0,113078,5,361065
WIN$D,M15,1670944500,153220.0,153485.0,153135.0,153190.0,129275,5,426029
WIN$D,M15,1670945400,153185.0,153300.0,153105.0,153245.0,88564,5,293947
WIN$D,M15,1670946300,153250.0,153275.0,152660.0,152920.0,140821,5,449652
WIN$D,M15,1670947200,152925.0,153205.0,152075.0,152395.0,249911,5,848254
WIN$D,M15,1670948100,152395.0,152570.0,151355.0,151670.0,258620,5,747564
WIN$D,M15,1670949000,151660.0,151980.0,151205.0,151835.0,212311,5,526132
WIN$D,M15,1670949900,151835.0,152015.0,151685.0,151800.0,103510,5,285801
WIN$D,M15,1670950800,151795.0,151825.0,151400.0,151810.0,136590,5,363867
WIN$D,M15,1670951700,151820.0,151955.0,151710.0,151895.0,77860,5,241635
WIN$D,M15,1670952600,151895.0,151910.0,151415.0,151620.0,96999,5,315314
WIN$D,M15,1670953500,151620.0,151740.0,151005.0,151100.0,90148,5,259878
WIN$D,M15,1670954400,151100.0,151595.0,150975.0,151535.0,77514,5,203480
WIN$D,M15,1670955300,151540.0,151680.0,151435.0,151495.0,24608,5,58308
WIN$D,M15,1671008400,150700.0,151030.0,149725.0,149755.0,246874,5,520694
WIN$D,M15,1671009300,149755.0,150030.0,149625.0,150025.0,160945,5,411868
WIN$D,M15,1671010200,150020.0,150255.0,149995.0,150225.0,140850,5,369966
WIN$D,M15,1671011100,150225.0,150320.0,149965.0,150140.0,142305,5,358646
WIN$D,M15,1671012000,150135.0,150445.0,150090.0,150175.0,206324,5,542709
WIN$D,M15,1671012900,150180.0,150255.0,149945.0,150035.0,212204,5,562075
WIN$D,M15,1671013800,150040.0,150495.0,149840.0,150465.0,213975,5,572465
WIN$D,M15,1671014700,150470.0,150625.0,150365.0,150545.0,194411,5,557075
WIN$D,M15,1671015600,150545.0,150620.0,150000.0,150345.0,218088,5,633194
WIN$D,M15,1671016500,150340.0,150580.0,150150.0,150205.0,167753,5,488124
WIN$D,M15,1671017400,150205.0,150295.0,149800.0,149930.0,282604,5,830036
WIN$D,M15,1671018300,149935.0,150035.0,149465.0,149530.0,244581,5,734432
WIN$D,M15,1671019200,149530.0,149730.0,149230.0,149330.0,230675,5,697992
WIN$D,M15,1671020100,149330.0,149625.0,149195.0,149465.0,150509,5,462307
WIN$D,M15,1671021000,149460.0,149720.0,149370.0,149540.0,151709,5,456306
WIN$D,M15,1671021900,149540.0,149895.0,149395.0,149880.0,138904,5,419127
WIN$D,M15,1671022800,149885.0,149900.0,149600.0,149690.0,100117,5,292292
WIN$D,M15,1671023700,149690.0,149875.0,149530.0,149830.0,98818,5,284951
WIN$D,M15,1671024600,149830.0,149850.0,149465.0,149505.0,131310,5,384512
WIN$D,M15,1671025500,149505.0,149800.0,149450.0,149650.0,123450,5,382414
WIN$D,M15,1671026400,149650.0,150165.0,149650.0,149750.0,168068,5,539206
WIN$D,M15,1671027300,149750.0,149925.0,149655.0,149840.0,104983,5,332170
WIN$D,M15,1671028200,149840.0,149885.0,149615.0,149755.0,99057,5,321364
WIN$D,M15,1671029100,149755.0,150625.0,149625.0,150485.0,149158,5,505328
WIN$D,M15,1671030000,150490.0,150885.0,150350.0,150815.0,192269,5,642692
WIN$D,M15,1671030900,150810.0,151325.0,150775.0,151090.0,197971,5,620599
WIN$D,M15,1671031800,151090.0,151235.0,150570.0,150665.0,177204,5,552170
WIN$D,M15,1671032700,150660.0,151230.0,150615.0,151045.0,178259,5,473233
WIN$D,M15,1671033600,151040.0,151065.0,150480.0,150860.0,272726,5,561438
WIN$D,M15,1671034500,150860.0,151250.0,150675.0,151240.0,178695,5,477717
WIN$D,M15,1671035400,151240.0,151490.0,150730.0,151290.0,323774,5,799709
WIN$D,M15,1671036300,151285.0,151460.0,150960.0,151325.0,221654,5,557747
WIN$D,M15,1671037200,151330.0,152085.0,151305.0,151950.0,206292,5,597170
WIN$D,M15,1671038100,151950.0,151960.0,151425.0,151445.0,145225,5,411500
WIN$D,M15,1671039000,151445.0,151615.0,151290.0,151595.0,112995,5,299813
WIN$D,M15,1671039900,151590.0,151630.0,151040.0,151090.0,96185,5,262116
WIN$D,M15,1671040800,151090.0,151755.0,151025.0,151550.0,88508,5,234167
WIN$D,M15,1671041700,151550.0,151650.0,151220.0,151220.0,21008,5,55483
WIN$D,M15,1671094800,150590.0,150870.0,150260.0,150510.0,214455,5,476834
WIN$D,M15,1671095700,150515.0,150615.0,150390.0,150560.0,134180,5,340382
WIN$D,M15,1671096600,150560.0,150800.0,150540.0,150710.0,118980,5,314214
WIN$D,M15,1671097500,150705.0,150890.0,150595.0,150635.0,143727,5,389784
WIN$D,M15,1671098400,150640.0,150770.0,150410.0,150570.0,231632,5,590376
WIN$D,M15,1671099300,150565.0,150990.0,150450.0,150860.0,171943,5,416073
WIN$D,M15,1671100200,150855.0,152210.0,150845.0,152170.0,354540,5,861716
WIN$D,M15,1671101100,152165.0,152185.0,151505.0,151650.0,230240,5,615176
WIN$D,M15,1671102000,151650.0,151905.0,151440.0,151710.0,171075,5,487802
WIN$D,M15,1671102900,151705.0,152235.0,151615.0,152010.0,179958,5,536551
WIN$D,M15,1671103800,152010.0,152745.0,152010.0,152725.0,263345,5,792075
WIN$D,M15,1671104700,152725.0,153190.0,152495.0,152545.0,261823,5,814563
WIN$D,M15,1671105600,152550.0,152580.0,152015.0,152075.0,181450,5,559084
WIN$D,M15,1671106500,152075.0,152265.0,151485.0,151530.0,207246,5,645753
WIN$D,M15,1671107400,151535.0,151545.0,150985.0,151450.0,172650,5,555911
WIN$D,M15,1671108300,151445.0,151520.0,151070.0,151505.0,142192,5,436119
WIN$D,M15,1671109200,151505.0,151530.0,151160.0,151205.0,99556,5,289740
WIN$D,M15,1671110100,151205.0,151460.0,151140.0,151350.0,96843,5,296264
WIN$D,M15,1671111000,151355.0,151425.0,151240.0,151345.0,74383,5,232244
WIN$D,M15,1671111900,151345.0,151435.0,151210.0,151340.0,73453,5,229493
WIN$D,M15,1671112800,151335.0,151635.0,151315.0,151590.0,107957,5,344406
WIN$D,M15,1671113700,151595.0,152510.0,151585.0,152460.0,256869,5,816800
WIN$D,M15,1671114600,152460.0,152780.0,152000.0,152070.0,180625,5,554718
WIN$D,M15,1671115500,152075.0,152090.0,151845.0,152035.0,131570,5,424263
WIN$D,M15,1671116400,152035.0,152150.0,151905.0,152035.0,111749,5,362639
WIN$D,M15,1671117300,152040.0,152090.0,151840.0,151900.0,103551,5,348504
WIN$D,M15,1671118200,151905.0,151985.0,151250.0,151300.0,163782,5,532319
WIN$D,M15,1671119100,151305.0,151825.0,151300.0,151715.0,128485,5,406424
WIN$D,M15,1671120000,151715.0,151755.0,151545.0,151710.0,88098,5,293778
WIN$D,M15,1671120900,151705.0,151860.0,151520.0,151790.0,109734,5,341164
WIN$D,M15,1671121800,151785.0,151910.0,151605.0,151845.0,120122,5,399139
WIN$D,M15,1671122700,151850.0,151910.0,151645.0,151880.0,92064,5,305834
WIN$D,M15,1671123600,151880.0,152055.0,151815.0,151890.0,92958,5,303350
WIN$D,M15,1671124500,151890.0,151935.0,151220.0,151565.0,124982,5,403406
WIN$D,M15,1671125400,151565.0,151605.0,150930.0,151070.0,98513,5,319244
WIN$D,M15,1671126300,151075.0,151225.0,151055.0,151085.0,60566,5,174346
WIN$D,M15,1671127200,151090.0,151405.0,151050.0,151265.0,58054,5,161416
WIN$D,M15,1671128100,151265.0,151410.0,151190.0,151410.0,18701,5,49296
WIN$D,M15,1671181200,150680.0,150860.0,150410.0,150695.0,175063,5,378848
WIN$D,M15,1671182100,150695.0,150875.0,150480.0,150735.0,133788,5,337604
WIN$D,M15,1671183000,150735.0,151090.0,150695.0,151065.0,151187,5,402700
WIN$D,M15,1671183900,151070.0,151105.0,150820.0,151090.0,155871,5,429236
WIN$D,M15,1671184800,151085.0,151570.0,151075.0,151380.0,224688,5,613643
WIN$D,M15,1671185700,151385.0,151445.0,150825.0,150825.0,208138,5,570095
WIN$D,M15,1671186600,150825.0,151165.0,150655.0,150800.0,259728,5,711686
WIN$D,M15,1671187500,150800.0,151015.0,150695.0,150935.0,146939,5,421472
WIN$D,M15,1671188400,150935.0,151080.0,150560.0,150575.0,201535,5,553768
WIN$D,M15,1671189300,150570.0,150655.0,150060.0,150400.0,282453,5,830213
WIN$D,M15,1671190200,150400.0,150900.0,150325.0,150590.0,274951,5,768329
WIN$D,M15,1671191100,150590.0,150915.0,150540.0,150760.0,197256,5,536908
WIN$D,M15,1671192000,150765.0,150785.0,150220.0,150305.0,185461,5,529419
WIN$D,M15,1671192900,150305.0,150450.0,149975.0,149995.0,187876,5,523762
WIN$D,M15,1671193800,149995.0,150230.0,149685.0,149975.0,177081,5,509556
WIN$D,M15,1671194700,149970.0,150115.0,149865.0,150085.0,114992,5,341823
WIN$D,M15,1671195600,150090.0,150250.0,149935.0,150220.0,106308,5,303394
WIN$D,M15,1671196500,150225.0,150305.0,150055.0,150185.0,112302,5,338086
WIN$D,M15,1671197400,150185.0,150340.0,149975.0,150040.0,116929,5,342059
WIN$D,M15,1671198300,150040.0,150170.0,149905.0,149945.0,108311,5,313811
WIN$D,M15,1671199200,149945.0,150090.0,149670.0,149740.0,132347,5,409865
WIN$D,M15,1671200100,149745.0,150060.0,149710.0,150000.0,128814,5,392168
WIN$D,M15,1671201000,150000.0,150125.0,149925.0,149930.0,113529,5,340461
WIN$D,M15,1671201900,149930.0,150085.0,149790.0,149975.0,107882,5,331610
WIN$D,M15,1671202800,149975.0,150095.0,149875.0,149990.0,96313,5,321265
WIN$D,M15,1671203700,149985.0,150060.0,149845.0,149960.0,84442,5,276472
WIN$D,M15,1671204600,149955.0,150100.0,149895.0,150085.0,67627,5,212260
WIN$D,M15,1671205500,150085.0,150110.0,149840.0,149910.0,108342,5,360230
WIN$D,M15,1671206400,149910.0,150020.0,149800.0,149885.0,90279,5,293893
WIN$D,M15,1671207300,149890.0,149990.0,149840.0,149980.0,58748,5,180194
WIN$D,M15,1671208200,149980.0,150055.0,149905.0,150030.0,75543,5,241340
WIN$D,M15,1671209100,150025.0,150250.0,149940.0,150125.0,94756,5,308928
WIN$D,M15,1671210000,150125.0,150160.0,149930.0,150115.0,82852,5,272338
WIN$D,M15,1671210900,150120.0,150385.0,150110.0,150190.0,95126,5,324071
WIN$D,M15,1671211800,150190.0,150640.0,150180.0,150445.0,107202,5,356377
WIN$D,M15,1671212700,150450.0,150540.0,149995.0,150000.0,94437,5,295841
WIN$D,M15,1671213600,150010.0,150340.0,149910.0,150035.0,76623,5,201362
WIN$D,M15,1671214500,150035.0,150330.0,150025.0,150270.0,29454,5,75786
WIN$D,M15,1671440400,150560.0,150680.0,149755.0,150355.0,235643,5,545976
WIN$D,M15,1671441300,150355.0,150405.0,150100.0,150270.0,143021,5,371455
WIN$D,M15,1671442200,150265.0,150460.0,150155.0,150335.0,132434,5,350352
WIN$D,M15,1671443100,150335.0,150580.0,150280.0,150530.0,141526,5,381403
WIN$D,M15,1671444000,150530.0,150600.0,150240.0,150385.0,209614,5,574266
WIN$D,M15,1671444900,150385.0,151075.0,150290.0,151030.0,247349,5,701696
WIN$D,M15,1671445800,151030.0,151290.0,150860.0,151090.0,228256,5,655886
WIN$D,M15,1671446700,151095.0,151345.0,150790.0,150790.0,190301,5,542943
WIN$D,M15,1671447600,150795.0,151095.0,150570.0,150605.0,181236,5,510541
WIN$D,M15,1671448500,150605.0,150955.0,150420.0,150945.0,197367,5,570681
WIN$D,M15,1671449400,150950.0,151480.0,150625.0,150935.0,282098,5,805903
WIN$D,M15,1671450300,150940.0,151055.0,150565.0,150905.0,204108,5,563473
WIN$D,M15,1671451200,150905.0,151415.0,150885.0,151390.0,223594,5,636680
WIN$D,M15,1671452100,151395.0,152110.0,151330.0,152095.0,213936,5,639387
WIN$D,M15,1671453000,152090.0,152095.0,151575.0,151750.0,156679,5,465101
WIN$D,M15,1671453900,151755.0,151845.0,151625.0,151690.0,95218,5,274852
WIN$D,M15,1671454800,151690.0,151720.0,151450.0,151570.0,119270,5,379920
WIN$D,M15,1671455700,151565.0,151830.0,151535.0,151805.0,98244,5,293550
WIN$D,M15,1671456600,151805.0,151965.0,151695.0,151865.0,120387,5,359215
WIN$D,M15,1671457500,151860.0,152170.0,151825.0,151965.0,118494,5,345808
WIN$D,M15,1671458400,151965.0,152230.0,151950.0,151985.0,115427,5,350576
WIN$D,M15,1671459300,151985.0,152060.0,151740.0,151810.0,108611,5,318283
WIN$D,M15,1671460200,151810.0,151985.0,151795.0,151860.0,100097,5,313567
WIN$D,M15,1671461100,151855.0,152100.0,151820.0,152095.0,90507,5,279638
WIN$D,M15,1671462000,152095.0,152605.0,151965.0,152505.0,190405,5,598610
WIN$D,M15,1671462900,152500.0,152590.0,152270.0,152280.0,106593,5,338033
WIN$D,M15,1671463800,152280.0,152335.0,152120.0,152170.0,98922,5,297458
WIN$D,M15,1671464700,152165.0,152305.0,152095.0,152265.0,94464,5,289146
WIN$D,M15,1671465600,152270.0,152285.0,151845.0,151945.0,149974,5,507095
WIN$D,M15,1671466500,151945.0,152025.0,151860.0,151880.0,76402,5,241140
WIN$D,M15,1671467400,151885.0,151960.0,151685.0,151775.0,92679,5,303482
WIN$D,M15,1671468300,151775.0,151830.0,151520.0,151660.0,103341,5,316303
WIN$D,M15,1671469200,151660.0,151910.0,151565.0,151835.0,98954,5,309826
WIN$D,M15,1671470100,151830.0,151975.0,151790.0,151930.0,63479,5,198988
WIN$D,M15,1671471000,151925.0,152185.0,151900.0,152060.0,84829,5,275146
WIN$D,M15,1671471900,152055.0,152280.0,151870.0,152190.0,96794,5,306649
WIN$D,M15,1671472800,152190.0,152325.0,152120.0,152250.0,55996,5,169917
WIN$D,M15,1671473700,152245.0,152425.0,152230.0,152345.0,27678,5,78633
WIN$D,M15,1671526800,152265.0,152370.0,151930.0,152215.0,198071,5,468085
WIN$D,M15,1671527700,152215.0,152290.0,151965.0,152010.0,140495,5,376162
WIN$D,M15,1671528600,152015.0,152025.0,151720.0,151745.0,163176,5,449435
WIN$D,M15,1671529500,151745.0,151990.0,151735.0,151860.0,145712,5,414890
WIN$D,M15,1671530400,151860.0,152500.0,151785.0,152470.0,280795,5,807912
WIN$D,M15,1671531300,152465.0,153450.0,152430.0,153265.0,393856,5,1170407
WIN$D,M15,1671532200,153265.0,154345.0,153255.0,153830.0,362735,5,1104030
WIN$D,M15,1671533100,153830.0,154040.0,153655.0,154015.0,211354,5,606264
WIN$D,M15,1671534000,154015.0,154370.0,153965.0,154305.0,223433,5,665960
WIN$D,M15,1671534900,154305.0,154535.0,154070.0,154465.0,249401,5,745940
WIN$D,M15,1671535800,154470.0,155080.0,154410.0,154430.0,336501,5,1008044
WIN$D,M15,1671536700,154425.0,154835.0,154325.0,154825.0,203112,5,602420
WIN$D,M15,1671537600,154825.0,154940.0,154620.0,154670.0,148444,5,442426
WIN$D,M15,1671538500,154670.0,154685.0,154380.0,154510.0,127898,5,395271
WIN$D,M15,1671539400,154515.0,154790.0,154440.0,154700.0,120806,5,384004
WIN$D,M15,1671540300,154700.0,155345.0,154665.0,155010.0,217578,5,689688
WIN$D,M15,1671541200,155015.0,155055.0,154580.0,154815.0,159632,5,504517
WIN$D,M15,1671542100,154815.0,154835.0,154445.0,154520.0,144922,5,441152
WIN$D,M15,1671543000,154520.0,154645.0,154355.0,154530.0,118949,5,373632
WIN$D,M15,1671543900,154530.0,154585.0,154355.0,154475.0,102662,5,364250
WIN$D,M15,1671544800,154475.0,154645.0,154400.0,154540.0,123175,5,397729
WIN$D,M15,1671545700,154540.0,154645.0,154450.0,154505.0,93649,5,301740
WIN$D,M15,1671546600,154510.0,154605.0,154330.0,154370.0,106910,5,355804
WIN$D,M15,1671547500,154370.0,154390.0,154065.0,154225.0,181908,5,605748
WIN$D,M15,1671548400,154225.0,154785.0,154175.0,154720.0,182389,5,603239
WIN$D,M15,1671549300,154725.0,154930.0,154685.0,154755.0,130817,5,423728
WIN$D,M15,1671550200,154760.0,154845.0,154570.0,154680.0,110633,5,363007
WIN$D,M15,1671551100,154675.0,154960.0,154630.0,154710.0,120320,5,411868
WIN$D,M15,1671552000,154705.0,154800.0,154645.0,154750.0,75042,5,243869
WIN$D,M15,1671552900,154750.0,154785.0,154335.0,154405.0,131201,5,405620
WIN$D,M15,1671553800,154405.0,154500.0,154280.0,154360.0,107040,5,342115
WIN$D,M15,1671554700,154360.0,154485.0,154245.0,154350.0,93256,5,308779
WIN$D,M15,1671555600,154350.0,154370.0,154135.0,154295.0,94631,5,324551
WIN$D,M15,1671556500,154295.0,154445.0,154290.0,154435.0,72254,5,245157
WIN$D,M15,1671557400,154430.0,154495.0,154115.0,154210.0,88711,5,308913
WIN$D,M15,1671558300,154205.0,154550.0,154160.0,154450.0,86153,5,281982
WIN$D,M15,1671559200,154455.0,154650.0,154390.0,154590.0,43278,5,137993
WIN$D,M15,1671560100,154590.0,154905.0,154570.0,154890.0,37291,5,106219
WIN$D,M15,1671613200,155270.0,155370.0,154655.0,154680.0,250642,5,583026
WIN$D,M15,1671614100,154675.0,154770.0,154535.0,154665.0,144090,5,368031
WIN$D,M15,1671615000,154660.0,154690.0,154440.0,154485.0,168363,5,446684
WIN$D,M15,1671615900,154485.0,155085.0,154425.0,154770.0,272474,5,714596
WIN$D,M15,1671616800,154765.0,155305.0,154705.0,155245.0,322679,5,827858
WIN$D,M15,1671617700,155240.0,155340.0,154620.0,154830.0,301791,5,793977
WIN$D,M15,1671618600,154830.0,155170.0,154705.0,154795.0,231733,5,619521
WIN$D,M15,1671619500,154790.0,154835.0,153735.0,153835.0,306569,5,862679
WIN$D,M15,1671620400,153830.0,154020.0,153320.0,153950.0,280961,5,790511
WIN$D,M15,1671621300,153955.0,154555.0,153905.0,154490.0,198039,5,575905
WIN$D,M15,1671622200,154490.0,154590.0,153840.0,154250.0,290208,5,789730
WIN$D,M15,1671623100,154255.0,154490.0,154000.0,154230.0,198730,5,541989
WIN$D,M15,1671624000,154235.0,154385.0,154020.0,154230.0,176763,5,497165
WIN$D,M15,1671624900,154230.0,154730.0,154165.0,154290.0,183696,5,536165
WIN$D,M15,1671625800,154295.0,154700.0,154290.0,154565.0,154879,5,451618
WIN$D,M15,1671626700,154565.0,154760.0,154400.0,154495.0,134673,5,410415
WIN$D,M15,1671627600,154495.0,154590.0,154260.0,154460.0,134960,5,404734
WIN$D,M15,1671628500,154460.0,154700.0,154335.0,154610.0,123989,5,387042
WIN$D,M15,1671629400,154615.0,155125.0,154525.0,154530.0,184329,5,572846
WIN$D,M15,1671630300,154535.0,154605.0,154145.0,154175.0,162508,5,500767
WIN$D,M15,1671631200,154175.0,154520.0,154145.0,154465.0,124016,5,385464
WIN$D,M15,1671632100,154465.0,154720.0,154435.0,154535.0,133434,5,408284
WIN$D,M15,1671633000,154535.0,154670.0,154380.0,154525.0,112701,5,341495
WIN$D,M15,1671633900,154525.0,154625.0,154405.0,154555.0,99590,5,323508
WIN$D,M15,1671634800,154550.0,154585.0,154255.0,154535.0,93474,5,302140
WIN$D,M15,1671635700,154530.0,154645.0,154395.0,154550.0,109895,5,353399
WIN$D,M15,1671636600,154555.0,154810.0,154515.0,154625.0,117609,5,371929
WIN$D,M15,1671637500,154625.0,154875.0,154575.0,154775.0,108718,5,346972
WIN$D,M15,1671638400,154780.0,155005.0,154685.0,154700.0,137648,5,444243
WIN$D,M15,1671639300,154705.0,154865.0,154660.0,154785.0,90369,5,293908
WIN$D,M15,1671640200,154790.0,154860.0,154695.0,154815.0,67487,5,219087
WIN$D,M15,1671641100,154815.0,154875.0,154685.0,154755.0,60523,5,206739
WIN$D,M15,1671642000,154750.0,154825.0,154490.0,154680.0,90832,5,313752
WIN$D,M15,1671642900,154685.0,154745.0,154590.0,154635.0,62097,5,205011
WIN$D,M15,1671643800,154635.0,154870.0,154615.0,154850.0,62180,5,213604
WIN$D,M15,1671644700,154850.0,154960.0,154750.0,154905.0,82491,5,263655
WIN$D,M15,1671645600,154905.0,154925.0,154760.0,154775.0,46089,5,128498
WIN$D,M15,1671646500,154780.0,154960.0,154760.0,154910.0,25574,5,71404
WIN$D,M15,1671699600,154560.0,155120.0,154555.0,154700.0,214355,5,483182
WIN$D,M15,1671700500,154695.0,154985.0,154645.0,154860.0,163205,5,418450
WIN$D,M15,1671701400,154865.0,155000.0,154715.0,154905.0,127939,5,342669
WIN$D,M15,1671702300,154905.0,155115.0,154835.0,155110.0,163680,5,422126
WIN$D,M15,1671703200,155115.0,155255.0,154890.0,155040.0,230571,5,617872
WIN$D,M15,1671704100,155040.0,155435.0,155020.0,155315.0,235600,5,616089
WIN$D,M15,1671705000,155315.0,155345.0,154785.0,155045.0,258328,5,656401
WIN$D,M15,1671705900,155045.0,155165.0,154670.0,154740.0,227816,5,618191
WIN$D,M15,1671706800,154740.0,154815.0,154365.0,154730.0,238050,5,659023
WIN$D,M15,1671707700,154725.0,155195.0,154725.0,155135.0,243647,5,681938
WIN$D,M15,1671708600,155135.0,155780.0,155015.0,155130.0,340302,5,936223
WIN$D,M15,1671709500,155130.0,155160.0,154625.0,154635.0,205360,5,555989
WIN$D,M15,1671710400,154630.0,154910.0,154335.0,154775.0,229235,5,638897
WIN$D,M15,1671711300,154780.0,154830.0,154515.0,154550.0,132452,5,367468
WIN$D,M15,1671712200,154550.0,154790.0,154365.0,154685.0,150442,5,431846
WIN$D,M15,1671713100,154685.0,154695.0,154425.0,154455.0,107137,5,316242
WIN$D,M15,1671714000,154450.0,155005.0,154385.0,154990.0,140393,5,424690
WIN$D,M15,1671714900,154990.0,155205.0,154870.0,154935.0,121177,5,358628
WIN$D,M15,1671715800,154935.0,154990.0,154730.0,154890.0,97542,5,284043
WIN$D,M15,1671716700,154885.0,154995.0,154750.0,154930.0,99284,5,296265
WIN$D,M15,1671717600,154930.0,154985.0,154800.0,154835.0,76882,5,217510
WIN$D,M15,1671718500,154835.0,155020.0,154775.0,154870.0,93532,5,266011
WIN$D,M15,1671719400,154870.0,154930.0,154590.0,154625.0,104087,5,323102
WIN$D,M15,1671720300,154625.0,154720.0,154295.0,154345.0,153034,5,463739
WIN$D,M15,1671721200,154340.0,154480.0,153865.0,154455.0,198339,5,605034
WIN$D,M15,1671722100,154455.0,154545.0,154025.0,154095.0,142231,5,423699
WIN$D,M15,1671723000,154095.0,154120.0,153750.0,153980.0,149609,5,461541
WIN$D,M15,1671723900,153975.0,154045.0,153795.0,153875.0,99485,5,301209
WIN$D,M15,1671724800,153870.0,154335.0,153855.0,154290.0,123061,5,363759
WIN$D,M15,1671725700,154290.0,154305.0,154020.0,154175.0,116038,5,344667
WIN$D,M15,1671726600,154170.0,154295.0,154100.0,154290.0,99482,5,299418
WIN$D,M15,1671727500,154290.0,154440.0,154240.0,154390.0,98134,5,293680
WIN$D,M15,1671728400,154385.0,154525.0,154330.0,154465.0,88094,5,285277
WIN$D,M15,1671729300,154460.0,154810.0,154455.0,154740.0,99581,5,315306
WIN$D,M15,1671730200,154740.0,154755.0,154480.0,154700.0,84956,5,260839
WIN$D,M15,1671731100,154700.0,155035.0,154670.0,154960.0,88866,5,267327
WIN$D,M15,1671732000,154960.0,155000.0,154675.0,154735.0,54063,5,145978
WIN$D,M15,1671732900,154735.0,155200.0,154730.0,154950.0,37991,5,100871
WIN$D,M15,1671786000,155120.0,155285.0,154845.0,154925.0,135845,5,326001
WIN$D,M15,1671786900,154925.0,155390.0,154920.0,155355.0,167947,5,434265
WIN$D,M15,1671787800,155355.0,155605.0,155130.0,155390.0,187800,5,482777
WIN$D,M15,1671788700,155390.0,155600.0,155255.0,155410.0,168802,5,427472
WIN$D,M15,1671789600,155410.0,155720.0,155315.0,155430.0,221411,5,566268
WIN$D,M15,1671790500,155430.0,155665.0,155265.0,155405.0,192269,5,464654
WIN$D,M15,1671791400,155410.0,156430.0,155245.0,156365.0,404073,5,1014171
WIN$D,M15,1671792300,156360.0,156700.0,156125.0,156235.0,301768,5,736776
WIN$D,M15,1671793200,156230.0,156625.0,156125.0,156595.0,189389,5,466367
WIN$D,M15,1671794100,156600.0,156845.0,156280.0,156590.0,241915,5,602787
WIN$D,M15,1671795000,156590.0,157010.0,156555.0,156710.0,238378,5,640427
WIN$D,M15,1671795900,156715.0,156780.0,156355.0,156650.0,162231,5,430332
WIN$D,M15,1671796800,156650.0,156735.0,156410.0,156470.0,144370,5,399469
WIN$D,M15,1671797700,156475.0,157010.0,156410.0,156940.0,163150,5,476000
WIN$D,M15,1671798600,156940.0,157385.0,156895.0,157045.0,160375,5,488470
WIN$D,M15,1671799500,157045.0,157155.0,156860.0,156860.0,90166,5,266949
WIN$D,M15,1671800400,156860.0,157070.0,156800.0,157025.0,99094,5,292638
WIN$D,M15,1671801300,157030.0,157125.0,156945.0,156975.0,89104,5,261254
WIN$D,M15,1671802200,156975.0,157040.0,156765.0,156800.0,83664,5,244905
WIN$D,M15,1671803100,156805.0,157000.0,156720.0,156945.0,81726,5,253854
WIN$D,M15,1671804000,156940.0,156960.0,156750.0,156845.0,76103,5,238119
WIN$D,M15,1671804900,156845.0,157080.0,156835.0,156980.0,79026,5,250123
WIN$D,M15,1671805800,156985.0,157085.0,156895.0,156985.0,70273,5,215921
WIN$D,M15,1671806700,156980.0,157045.0,156835.0,156880.0,73314,5,226110
WIN$D,M15,1671807600,156885.0,156985.0,156805.0,156900.0,66617,5,210691
WIN$D,M15,1671808500,156905.0,157110.0,156835.0,156840.0,90042,5,283704
WIN$D,M15,1671809400,156840.0,156975.0,156815.0,156855.0,69652,5,215892
WIN$D,M15,1671810300,156850.0,156900.0,156665.0,156785.0,91513,5,297894
WIN$D,M15,1671811200,156790.0,156895.0,156685.0,156840.0,69889,5,224961
WIN$D,M15,1671812100,156840.0,156935.0,156550.0,156625.0,88540,5,302353
WIN$D,M15,1671813000,156625.0,156670.0,156490.0,156500.0,87804,5,285263
WIN$D,M15,1671813900,156505.0,156750.0,156475.0,156720.0,67518,5,214947
WIN$D,M15,1671814800,156715.0,156895.0,156680.0,156840.0,60552,5,200859
WIN$D,M15,1671815700,156840.0,156960.0,156820.0,156850.0,59590,5,201236
WIN$D,M15,1671816600,156850.0,157085.0,156800.0,157050.0,65328,5,219074
WIN$D,M15,1671817500,157045.0,157140.0,156990.0,157050.0,63174,5,205668
WIN$D,M15,1671818400,157055.0,157205.0,156790.0,156945.0,67485,5,218927
WIN$D,M15,1671819300,156930.0,157080.0,156875.0,156990.0,20122,5,70651
WIN$D,M15,1672045200,156800.0,157260.0,156745.0,157050.0,116280,5,283936
WIN$D,M15,1672046100,157055.0,157335.0,157010.0,157235.0,97767,5,225704
WIN$D,M15,1672047000,157240.0,157285.0,157045.0,157150.0,114860,5,259014
WIN$D,M15,1672047900,157150.0,157255.0,156705.0,156785.0,213620,5,496533
WIN$D,M15,1672048800,156785.0,156960.0,156305.0,156490.0,231482,5,554613
WIN$D,M15,1672049700,156485.0,156710.0,156020.0,156260.0,229259,5,561210
WIN$D,M15,1672050600,156260.0,156550.0,155710.0,155730.0,220545,5,563651
WIN$D,M15,1672051500,155735.0,156050.0,155635.0,155905.0,174343,5,424757
WIN$D,M15,1672052400,155905.0,156275.0,155850.0,156120.0,143731,5,354884
WIN$D,M15,1672053300,156120.0,156150.0,155670.0,156050.0,142847,5,346402
WIN$D,M15,1672054200,156050.0,156055.0,155500.0,155910.0,188825,5,455161
WIN$D,M15,1672055100,155915.0,156210.0,155805.0,156025.0,110671,5,266068
WIN$D,M15,1672056000,156025.0,156365.0,155925.0,156220.0,121027,5,296508
WIN$D,M15,1672056900,156215.0,156445.0,155965.0,156080.0,118706,5,300810
WIN$D,M15,1672057800,156080.0,156120.0,155760.0,155780.0,82627,5,202727
WIN$D,M15,1672058700,155780.0,155980.0,155770.0,155875.0,72061,5,171464
WIN$D,M15,1672059600,155875.0,155945.0,155795.0,155875.0,46121,5,110165
WIN$D,M15,1672060500,155870.0,156255.0,155840.0,156095.0,96287,5,242670
WIN$D,M15,1672061400,156095.0,156205.0,155845.0,155955.0,82052,5,204845
WIN$D,M15,1672062300,155955.0,155975.0,155850.0,155930.0,48725,5,121774
WIN$D,M15,1672063200,155935.0,156060.0,155780.0,155805.0,70759,5,181661
WIN$D,M15,1672064100,155810.0,155875.0,155600.0,155805.0,81233,5,196105
WIN$D,M15,1672065000,155800.0,155950.0,155690.0,155800.0,65171,5,155950
WIN$D,M15,1672065900,155800.0,156140.0,155715.0,156055.0,69059,5,169466
WIN$D,M15,1672066800,156055.0,156120.0,155910.0,155955.0,65946,5,167496
WIN$D,M15,1672067700,155955.0,156045.0,155915.0,155980.0,43994,5,109264
WIN$D,M15,1672068600,155980.0,155990.0,155760.0,155840.0,58867,5,151299
WIN$D,M15,1672069500,155840.0,156020.0,155825.0,155955.0,58839,5,155880
WIN$D,M15,1672070400,155955.0,155985.0,155865.0,155925.0,39088,5,100541
WIN$D,M15,1672071300,155925.0,156245.0,155870.0,156115.0,58841,5,150472
WIN$D,M15,1672072200,156110.0,156220.0,155980.0,156140.0,63139,5,164136
WIN$D,M15,1672073100,156145.0,156185.0,156000.0,156025.0,46649,5,117023
WIN$D,M15,1672074000,156020.0,156180.0,155910.0,156135.0,52276,5,143703
WIN$D,M15,1672074900,156140.0,156190.0,156020.0,156105.0,38426,5,100179
WIN$D,M15,1672075800,156110.0,156240.0,155985.0,156040.0,47568,5,124128
WIN$D,M15,1672076700,156035.0,156355.0,156010.0,156130.0,58648,5,162720
WIN$D,M15,1672077600,156125.0,156180.0,155960.0,156095.0,49492,5,142660
WIN$D,M15,1672078500,156095.0,156225.0,156075.0,156080.0,18878,5,56692
WIN$D,M15,1672131600,156735.0,156930.0,156360.0,156520.0,167147,5,352228
WIN$D,M15,1672132500,156520.0,156610.0,156395.0,156530.0,106020,5,258620
WIN$D,M15,1672133400,156535.0,156700.0,156465.0,156675.0,127247,5,327240
WIN$D,M15,1672134300,156675.0,156780.0,156440.0,156445.0,141901,5,358748
WIN$D,M15,1672135200,156445.0,156655.0,156090.0,156140.0,245544,5,639096
WIN$D,M15,1672136100,156145.0,156355.0,155950.0,156050.0,197102,5,511057
WIN$D,M15,1672137000,156055.0,156125.0,155315.0,155340.0,279065,5,803566
WIN$D,M15,1672137900,155340.0,155460.0,154505.0,154755.0,283380,5,886327
WIN$D,M15,1672138800,154755.0,155035.0,154555.0,154965.0,179852,5,514163
WIN$D,M15,1672139700,154965.0,155225.0,154915.0,155025.0,135425,5,391375
WIN$D,M15,1672140600,155025.0,155300.0,154715.0,155240.0,197972,5,565572
WIN$D,M15,1672141500,155245.0,155305.0,154995.0,155080.0,147273,5,425787
WIN$D,M15,1672142400,155080.0,155515.0,155080.0,155500.0,138079,5,411795
WIN$D,M15,1672143300,155500.0,155850.0,155350.0,155820.0,167140,5,531028
WIN$D,M15,1672144200,155825.0,156270.0,155805.0,156000.0,156868,5,520440
WIN$D,M15,1672145100,156005.0,156025.0,155630.0,155670.0,105142,5,335297
WIN$D,M15,1672146000,155670.0,155750.0,155480.0,155550.0,113004,5,347000
WIN$D,M15,1672146900,155550.0,155750.0,155340.0,155715.0,134020,5,413096
WIN$D,M15,1672147800,155715.0,155780.0,155620.0,155675.0,77281,5,237914
WIN$D,M15,1672148700,155675.0,155690.0,155410.0,155675.0,98697,5,309054
WIN$D,M15,1672149600,155680.0,155735.0,155515.0,155565.0,91636,5,300360
WIN$D,M15,1672150500,155565.0,155575.0,155250.0,155370.0,104212,5,347906
WIN$D,M15,1672151400,155370.0,155430.0,154915.0,155000.0,130363,5,428993
WIN$D,M15,1672152300,155000.0,155285.0,154965.0,155195.0,98676,5,320385
WIN$D,M15,1672153200,155200.0,155420.0,155125.0,155345.0,91697,5,306732
WIN$D,M15,1672154100,155350.0,155500.0,155300.0,155395.0,105552,5,338045
WIN$D,M15,1672155000,155390.0,155550.0,155315.0,155480.0,84815,5,265307
WIN$D,M15,1672155900,155475.0,155560.0,155325.0,155425.0,90634,5,298681
WIN$D,M15,1672156800,155430.0,155545.0,155375.0,155500.0,84617,5,279240
WIN$D,M15,1672157700,155500.0,155515.0,155230.0,155260.0,84044,5,281001
WIN$D,M15,1672158600,155260.0,155335.0,155110.0,155225.0,76178,5,251184
WIN$D,M15,1672159500,155225.0,155420.0,155215.0,155385.0,70064,5,226542
WIN$D,M15,1672160400,155390.0,155520.0,155290.0,155420.0,73242,5,260787
WIN$D,M15,1672161300,155420.0,155505.0,155405.0,155435.0,40401,5,136275
WIN$D,M15,1672162200,155440.0,155815.0,155435.0,155750.0,75844,5,274206
WIN$D,M15,1672163100,155745.0,155925.0,155665.0,155695.0,69949,5,238551
WIN$D,M15,1672164000,155695.0,155765.0,155650.0,155720.0,39784,5,114046
WIN$D,M15,1672164900,155715.0,155960.0,155650.0,155650.0,25814,5,79381
WIN$D,M15,1672218000,155940.0,156205.0,155760.0,155955.0,165945,5,342766
WIN$D,M15,1672218900,155955.0,156325.0,155925.0,156325.0,112561,5,274689
WIN$D,M15,1672219800,156325.0,156385.0,156070.0,156155.0,142544,5,346023
WIN$D,M15,1672220700,156155.0,156370.0,156080.0,156305.0,125123,5,306399
WIN$D,M15,1672221600,156305.0,156460.0,156040.0,156065.0,260032,5,673417
WIN$D,M15,1672222500,156065.0,156600.0,155885.0,156360.0,256064,5,668247
WIN$D,M15,1672223400,156365.0,156385.0,156010.0,156275.0,204510,5,552236
WIN$D,M15,1672224300,156270.0,157180.0,156095.0,157070.0,247739,5,744678
WIN$D,M15,1672225200,157075.0,157485.0,156780.0,156845.0,247273,5,734014
WIN$D,M15,1672226100,156845.0,157285.0,156825.0,157075.0,192050,5,579457
WIN$D,M15,1672227000,157080.0,157545.0,156975.0,157150.0,235100,5,685283
WIN$D,M15,1672227900,157155.0,157380.0,156990.0,157060.0,165066,5,491185
WIN$D,M15,1672228800,157060.0,157170.0,156765.0,156825.0,168828,5,485527
WIN$D,M15,1672229700,156825.0,156870.0,156510.0,156620.0,168538,5,500787
WIN$D,M15,1672230600,156620.0,156845.0,156470.0,156715.0,153922,5,454198
WIN$D,M15,1672231500,156715.0,156850.0,156650.0,156765.0,97152,5,280296
WIN$D,M15,1672232400,156770.0,157045.0,156715.0,156980.0,108532,5,315709
WIN$D,M15,1672233300,156975.0,157025.0,156840.0,156985.0,87465,5,261121
WIN$D,M15,1672234200,156990.0,157205.0,156790.0,156920.0,124851,5,376991
WIN$D,M15,1672235100,156915.0,157045.0,156820.0,157040.0,83957,5,267021
WIN$D,M15,1672236000,157045.0,157255.0,156925.0,156965.0,133020,5,413615
WIN$D,M15,1672236900,156965.0,157190.0,156845.0,157160.0,105040,5,326254
WIN$D,M15,1672237800,157160.0,157250.0,157040.0,157135.0,92383,5,268863
WIN$D,M15,1672238700,157135.0,157585.0,157090.0,157480.0,139014,5,438470
WIN$D,M15,1672239600,157480.0,157670.0,157385.0,157585.0,143218,5,440867
WIN$D,M15,1672240500,157585.0,157720.0,157390.0,157630.0,119481,5,369836
WIN$D,M15,1672241400,157625.0,157630.0,157305.0,157350.0,97916,5,319846
WIN$D,M15,1672242300,157345.0,157510.0,157290.0,157385.0,92831,5,299118
WIN$D,M15,1672243200,157385.0,157575.0,157335.0,157460.0,93649,5,311743
WIN$D,M15,1672244100,157460.0,157660.0,157410.0,157575.0,95246,5,298972
WIN$D,M15,1672245000,157575.0,157745.0,157510.0,157615.0,89028,5,273276
WIN$D,M15,1672245900,157620.0,157665.0,157470.0,157500.0,51234,5,155853
WIN$D,M15,1672246800,157500.0,157545.0,157390.0,157470.0,57918,5,175460
WIN$D,M15,1672247700,157470.0,157585.0,157405.0,157550.0,65341,5,206226
WIN$D,M15,1672248600,157545.0,157635.0,157445.0,157545.0,65174,5,209504
WIN$D,M15,1672249500,157540.0,157660.0,157510.0,157560.0,49518,5,158302
WIN$D,M15,1672250400,157560.0,157805.0,157525.0,157780.0,54647,5,158240
WIN$D,M15,1672251300,157780.0,157850.0,157660.0,157795.0,31950,5,78231
WIN$D,M15,1672304400,157640.0,158290.0,157535.0,158030.0,217273,5,467525
WIN$D,M15,1672305300,158030.0,158280.0,157925.0,158250.0,141920,5,350385
WIN$D,M15,1672306200,158245.0,158410.0,158035.0,158190.0,168780,5,424027
WIN$D,M15,1672307100,158185.0,158315.0,157980.0,158225.0,176089,5,448534
WIN$D,M15,1672308000,158225.0,158260.0,157820.0,157910.0,203793,5,539441
WIN$D,M15,1672308900,157910.0,158275.0,157870.0,158145.0,195590,5,487234
WIN$D,M15,1672309800,158145.0,158370.0,158040.0,158150.0,179046,5,446787
WIN$D,M15,1672310700,158150.0,158215.0,157790.0,158000.0,180686,5,478085
WIN$D,M15,1672311600,158005.0,158100.0,157520.0,157660.0,224477,5,586071
WIN$D,M15,1672312500,157660.0,158040.0,157615.0,158020.0,170912,5,445492
WIN$D,M15,1672313400,158020.0,158180.0,157520.0,157550.0,220808,5,576946
WIN$D,M15,1672314300,157550.0,157730.0,157320.0,157555.0,254784,5,652706
WIN$D,M15,1672315200,157555.0,157815.0,157435.0,157615.0,174452,5,470797
WIN$D,M15,1672316100,157615.0,157760.0,157435.0,157445.0,130278,5,342843
WIN$D,M15,1672317000,157450.0,157560.0,157165.0,157340.0,164884,5,449344
WIN$D,M15,1672317900,157340.0,157505.0,157145.0,157275.0,131296,5,349080
WIN$D,M15,1672318800,157275.0,157475.0,157135.0,157365.0,126649,5,344161
WIN$D,M15,1672319700,157365.0,157600.0,157235.0,157420.0,115397,5,312919
WIN$D,M15,1672320600,157420.0,157675.0,157415.0,157485.0,89698,5,247323
WIN$D,M15,1672321500,157485.0,157605.0,157330.0,157400.0,115930,5,325502
WIN$D,M15,1672322400,157400.0,157550.0,156955.0,156965.0,120860,5,340648
WIN$D,M15,1672323300,156970.0,157285.0,156715.0,156790.0,173636,5,510385
WIN$D,M15,1672324200,156795.0,156935.0,156595.0,156915.0,143223,5,421690
WIN$D,M15,1672325100,156920.0,157030.0,156865.0,157010.0,84164,5,252813
WIN$D,M15,1672326000,157010.0,157285.0,156975.0,157185.0,103166,5,305402
WIN$D,M15,1672326900,157180.0,157230.0,156845.0,157010.0,109992,5,312168
WIN$D,M15,1672327800,157005.0,157080.0,156900.0,157040.0,71031,5,198615
WIN$D,M15,1672328700,157040.0,157080.0,156810.0,157020.0,78649,5,213626
WIN$D,M15,1672329600,157015.0,157210.0,156935.0,157155.0,82312,5,227186
WIN$D,M15,1672330500,157155.0,157210.0,156940.0,156995.0,69241,5,193945
WIN$D,M15,1672331400,157000.0,157090.0,156910.0,157025.0,75203,5,219356
WIN$D,M15,1672332300,157030.0,157105.0,156895.0,157065.0,57839,5,164419
WIN$D,M15,1672333200,157060.0,157165.0,156970.0,157040.0,65029,5,186216
WIN$D,M15,1672334100,157040.0,157175.0,156975.0,157100.0,48875,5,141679
WIN$D,M15,1672335000,157100.0,157240.0,157030.0,157200.0,47339,5,147910
WIN$D,M15,1672335900,157200.0,157225.0,156935.0,156980.0,57796,5,194644
WIN$D,M15,1672336800,156980.0,156980.0,156440.0,156640.0,94312,5,275249
WIN$D,M15,1672337700,156640.0,156795.0,156595.0,156595.0,20103,5,61166
WIN$D,M15,1672650000,155960.0,156145.0,155040.0,155225.0,166365,5,359607
WIN$D,M15,1672650900,155220.0,155305.0,154935.0,155225.0,135365,5,305267
WIN$D,M15,1672651800,155230.0,155240.0,154910.0,155065.0,95787,5,232862
WIN$D,M15,1672652700,155065.0,155200.0,155000.0,155025.0,82565,5,206228
WIN$D,M15,1672653600,155025.0,155155.0,154495.0,154550.0,181230,5,449609
WIN$D,M15,1672654500,154550.0,154900.0,154035.0,154305.0,258243,5,681081
WIN$D,M15,1672655400,154300.0,154355.0,153590.0,153800.0,183142,5,476296
WIN$D,M15,1672656300,153800.0,153865.0,153350.0,153560.0,161614,5,428433
WIN$D,M15,1672657200,153560.0,153690.0,152955.0,153180.0,197944,5,542897
WIN$D,M15,1672658100,153180.0,153465.0,152825.0,153430.0,146725,5,397136
WIN$D,M15,1672659000,153425.0,153445.0,152925.0,153310.0,154498,5,379668
WIN$D,M15,1672659900,153310.0,153425.0,153235.0,153330.0,84462,5,213106
WIN$D,M15,1672660800,153330.0,153340.0,153055.0,153290.0,92901,5,239182
WIN$D,M15,1672661700,153295.0,153350.0,153130.0,153305.0,67826,5,183194
WIN$D,M15,1672662600,153305.0,153360.0,153220.0,153335.0,48522,5,133397
WIN$D,M15,1672663500,153335.0,153590.0,153315.0,153560.0,71143,5,197255
WIN$D,M15,1672664400,153565.0,153785.0,153395.0,153450.0,124292,5,330672
WIN$D,M15,1672665300,153445.0,153535.0,153380.0,153485.0,67124,5,172051
WIN$D,M15,1672666200,153485.0,153505.0,153205.0,153320.0,87316,5,231778
WIN$D,M15,1672667100,153315.0,153345.0,153240.0,153270.0,40624,5,114500
WIN$D,M15,1672668000,153265.0,153295.0,153000.0,153175.0,92411,5,245793
WIN$D,M15,1672668900,153180.0,153520.0,153090.0,153450.0,81480,5,219733
WIN$D,M15,1672669800,153450.0,153490.0,153225.0,153305.0,87384,5,237965
WIN$D,M15,1672670700,153305.0,153320.0,153075.0,153145.0,76459,5,213740
WIN$D,M15,1672671600,153150.0,153165.0,152880.0,153065.0,96419,5,266876
WIN$D,M15,1672672500,153065.0,153295.0,153055.0,153285.0,81030,5,220620
WIN$D,M15,1672673400,153280.0,153325.0,153100.0,153220.0,69175,5,188526
WIN$D,M15,1672674300,153220.0,153270.0,152995.0,153115.0,72426,5,195488
WIN$D,M15,1672675200,153110.0,153130.0,152970.0,153070.0,55908,5,159843
WIN$D,M15,1672676100,153070.0,153420.0,153040.0,153300.0,80184,5,208362
WIN$D,M15,1672677000,153300.0,153460.0,153195.0,153330.0,92721,5,244602
WIN$D,M15,1672677900,153325.0,153480.0,153265.0,153340.0,68963,5,188186
WIN$D,M15,1672678800,153345.0,153345.0,153060.0,153095.0,70643,5,197536
WIN$D,M15,1672679700,153100.0,153285.0,153075.0,153225.0,66518,5,187553
WIN$D,M15,1672680600,153225.0,153265.0,153120.0,153245.0,50274,5,150674
WIN$D,M15,1672681500,153245.0,153340.0,153180.0,153275.0,56895,5,164133
WIN$D,M15,1672682400,153270.0,153330.0,153200.0,153285.0,30557,5,116087
WIN$D,M15,1672683300,153285.0,153310.0,152960.0,152960.0,16644,5,64790
WIN$D,M15,1672736400,153510.0,153605.0,152785.0,153080.0,273384,5,631040
WIN$D,M15,1672737300,153085.0,153105.0,152565.0,152910.0,259417,5,682352
WIN$D,M15,1672738200,152905.0,153250.0,152885.0,153125.0,193649,5,526691
WIN$D,M15,1672739100,153125.0,153305.0,152860.0,153115.0,226916,5,636606
WIN$D,M15,1672740000,153115.0,153450.0,152790.0,152845.0,310952,5,841448
WIN$D,M15,1672740900,152845.0,152980.0,152415.0,152495.0,301460,5,790082
WIN$D,M15,1672741800,152495.0,152660.0,152065.0,152540.0,320349,5,859935
WIN$D,M15,1672742700,152535.0,152750.0,152280.0,152585.0,216438,5,583136
WIN$D,M15,1672743600,152590.0,152695.0,152040.0,152200.0,232766,5,646940
WIN$D,M15,1672744500,152195.0,152825.0,152170.0,152665.0,171638,5,492586
WIN$D,M15,1672745400,152670.0,153340.0,152590.0,153165.0,295597,5,850948
WIN$D,M15,1672746300,153165.0,153305.0,152865.0,152865.0,197970,5,577674
WIN$D,M15,1672747200,152865.0,153025.0,152520.0,152530.0,172176,5,508137
WIN$D,M15,1672748100,152530.0,152635.0,152270.0,152485.0,171028,5,505782
WIN$D,M15,1672749000,152480.0,152815.0,152290.0,152745.0,137058,5,403565
WIN$D,M15,1672749900,152745.0,152980.0,152620.0,152955.0,133079,5,405475
WIN$D,M15,1672750800,152950.0,153085.0,152565.0,152640.0,149352,5,438701
WIN$D,M15,1672751700,152635.0,152650.0,152360.0,152465.0,117011,5,355375
WIN$D,M15,1672752600,152460.0,152475.0,151980.0,152285.0,156987,5,490388
WIN$D,M15,1672753500,152280.0,152395.0,152070.0,152155.0,126887,5,387961
WIN$D,M15,1672754400,152160.0,152305.0,152085.0,152125.0,103176,5,320392
WIN$D,M15,1672755300,152125.0,152585.0,152020.0,152540.0,139058,5,453529
WIN$D,M15,1672756200,152540.0,152705.0,152135.0,152160.0,141247,5,448435
WIN$D,M15,1672757100,152160.0,152170.0,151845.0,152140.0,152089,5,502244
WIN$D,M15,1672758000,152135.0,152290.0,152035.0,152235.0,98619,5,317096
WIN$D,M15,1672758900,152235.0,152340.0,152180.0,152270.0,82264,5,276295
WIN$D,M15,1672759800,152275.0,152425.0,152170.0,152295.0,99365,5,325970
WIN$D,M15,1672760700,152295.0,152325.0,152125.0,152190.0,93882,5,303363
WIN$D,M15,1672761600,152185.0,152240.0,152005.0,152120.0,91216,5,297349
WIN$D,M15,1672762500,152120.0,152160.0,151710.0,151895.0,121663,5,410985
WIN$D,M15,1672763400,151900.0,151915.0,151395.0,151585.0,134341,5,451667
WIN$D,M15,1672764300,151580.0,151740.0,151320.0,151340.0,119008,5,416413
WIN$D,M15,1672765200,151340.0,151445.0,151005.0,151100.0,129715,5,485194
WIN$D,M15,1672766100,151095.0,151180.0,150735.0,150875.0,102346,5,363882
WIN$D,M15,1672767000,150875.0,151280.0,150860.0,151215.0,85868,5,316105
WIN$D,M15,1672767900,151220.0,151230.0,150700.0,150880.0,102159,5,357041
WIN$D,M15,1672768800,150880.0,151040.0,150530.0,150640.0,74873,5,225918
WIN$D,M15,1672769700,150635.0,150700.0,150530.0,150560.0,30196,5,89663
WIN$D,M15,1672822800,151110.0,151485.0,150985.0,151225.0,227969,5,541794
WIN$D,M15,1672823700,151225.0,151410.0,151020.0,151200.0,178562,5,441543
WIN$D,M15,1672824600,151200.0,151335.0,151065.0,151305.0,133628,5,344913
WIN$D,M15,1672825500,151300.0,151440.0,151190.0,151340.0,135349,5,350677
WIN$D,M15,1672826400,151335.0,151580.0,151140.0,151200.0,252242,5,669867
WIN$D,M15,1672827300,151205.0,151760.0,151015.0,151655.0,346671,5,933387
WIN$D,M15,1672828200,151650.0,151860.0,151440.0,151625.0,253932,5,685109
WIN$D,M15,1672829100,151625.0,151750.0,151280.0,151395.0,220684,5,578471
WIN$D,M15,1672830000,151400.0,151405.0,150905.0,151015.0,259986,5,737951
WIN$D,M15,1672830900,151015.0,151265.0,150825.0,151145.0,238371,5,649354
WIN$D,M15,1672831800,151145.0,151400.0,151010.0,151265.0,220352,5,665041
WIN$D,M15,1672832700,151270.0,151535.0,151210.0,151295.0,168443,5,494875
WIN$D,M15,1672833600,151290.0,151495.0,150710.0,150915.0,264079,5,794354
WIN$D,M15,1672834500,150910.0,151410.0,150840.0,151405.0,193416,5,564384
WIN$D,M15,1672835400,151405.0,151685.0,151315.0,151495.0,166228,5,492844
WIN$D,M15,1672836300,151500.0,151735.0,151210.0,151730.0,170754,5,536928
WIN$D,M15,1672837200,151730.0,152630.0,151720.0,152490.0,313612,5,961907
WIN$D,M15,1672838100,152490.0,152555.0,151905.0,152140.0,182227,5,540375
WIN$D,M15,1672839000,152145.0,152230.0,151880.0,151920.0,120559,5,346545
WIN$D,M15,1672839900,151925.0,152080.0,151820.0,152035.0,114853,5,378486
WIN$D,M15,1672840800,152035.0,152370.0,152010.0,152165.0,143519,5,478055
WIN$D,M15,1672841700,152160.0,152455.0,152055.0,152220.0,130645,5,407047
WIN$D,M15,1672842600,152215.0,152570.0,152065.0,152540.0,126793,5,401868
WIN$D,M15,1672843500,152545.0,152580.0,152235.0,152465.0,134387,5,408495
WIN$D,M15,1672844400,152465.0,152465.0,152205.0,152310.0,106493,5,338474
WIN$D,M15,1672845300,152310.0,152400.0,152170.0,152255.0,98685,5,304626
WIN$D,M15,1672846200,152255.0,152375.0,152170.0,152190.0,78232,5,239681
WIN$D,M15,1672847100,152190.0,152610.0,152180.0,152405.0,119821,5,359690
WIN$D,M15,1672848000,152400.0,152530.0,152070.0,152115.0,179187,5,514277
WIN$D,M15,1672848900,152115.0,152330.0,151715.0,151735.0,164182,5,530898
WIN$D,M15,1672849800,151735.0,152125.0,151685.0,152030.0,116779,5,390021
WIN$D,M15,1672850700,152030.0,152495.0,152000.0,152385.0,122314,5,396763
WIN$D,M15,1672851600,152385.0,152395.0,152115.0,152260.0,107108,5,355666
WIN$D,M15,1672852500,152255.0,152400.0,152060.0,152285.0,101465,5,338871
WIN$D,M15,1672853400,152285.0,152285.0,152035.0,152075.0,77013,5,248674
WIN$D,M15,1672854300,152070.0,152390.0,152055.0,152315.0,67176,5,225262
WIN$D,M15,1672855200,152320.0,152435.0,152220.0,152355.0,47337,5,141167
WIN$D,M15,1672856100,152355.0,152440.0,152330.0,152430.0,16573,5,50518
WIN$D,M15,1672909200,152840.0,153010.0,152540.0,152865.0,191515,5,489797
WIN$D,M15,1672910100,152865.0,152955.0,152615.0,152755.0,143950,5,398892
WIN$D,M15,1672911000,152755.0,152945.0,152665.0,152785.0,117775,5,333761
WIN$D,M15,1672911900,152780.0,153065.0,152660.0,152990.0,152522,5,437428
WIN$D,M15,1672912800,152990.0,153205.0,152735.0,153135.0,211825,5,605720
WIN$D,M15,1672913700,153135.0,153235.0,152735.0,152785.0,215523,5,576146
WIN$D,M15,1672914600,152790.0,152855.0,152210.0,152700.0,295425,5,833662
WIN$D,M15,1672915500,152695.0,152800.0,152300.0,152535.0,212772,5,618155
WIN$D,M15,1672916400,152535.0,153005.0,152435.0,152980.0,192721,5,570524
WIN$D,M15,1672917300,152985.0,153085.0,152755.0,152800.0,155749,5,448309
WIN$D,M15,1672918200,152800.0,153375.0,152775.0,152930.0,279575,5,842547
WIN$D,M15,1672919100,152930.0,153195.0,152700.0,153135.0,199395,5,600481
WIN$D,M15,1672920000,153140.0,153480.0,152785.0,153390.0,209260,5,670592
WIN$D,M15,1672920900,153395.0,153605.0,153160.0,153545.0,171950,5,543597
WIN$D,M15,1672921800,153540.0,154000.0,153465.0,153950.0,194460,5,626982
WIN$D,M15,1672922700,153950.0,154095.0,153800.0,153980.0,140443,5,457929
WIN$D,M15,1672923600,153980.0,154210.0,153880.0,154140.0,122162,5,398853
WIN$D,M15,1672924500,154140.0,154230.0,153950.0,153980.0,101514,5,334936
WIN$D,M15,1672925400,153985.0,154135.0,153935.0,153940.0,88441,5,287300
WIN$D,M15,1672926300,153940.0,154025.0,153845.0,153870.0,69487,5,226079
WIN$D,M15,1672927200,153865.0,153970.0,153830.0,153865.0,77817,5,262375
WIN$D,M15,1672928100,153860.0,153935.0,153745.0,153775.0,93265,5,323679
WIN$D,M15,1672929000,153770.0,153920.0,153730.0,153865.0,80913,5,271122
WIN$D,M15,1672929900,153860.0,154370.0,153845.0,154280.0,140829,5,493333
WIN$D,M15,1672930800,154280.0,154405.0,154165.0,154330.0,104379,5,345861
WIN$D,M15,1672931700,154325.0,154700.0,154255.0,154620.0,149721,5,517624
WIN$D,M15,1672932600,154615.0,154665.0,154395.0,154455.0,87887,5,306909
WIN$D,M15,1672933500,154455.0,154470.0,154350.0,154370.0,72697,5,252559
WIN$D,M15,1672934400,154370.0,154490.0,154315.0,154400.0,75822,5,268787
WIN$D,M15,1672935300,154395.0,154615.0,154385.0,154425.0,89531,5,313025
WIN$D,M15,1672936200,154425.0,154605.0,154400.0,154495.0,74268,5,262656
WIN$D,M15,1672937100,154495.0,154625.0,154430.0,154535.0,67050,5,245502
WIN$D,M15,1672938000,154540.0,154585.0,154465.0,154535.0,48673,5,176592
WIN$D,M15,1672938900,154530.0,154620.0,154485.0,154545.0,48770,5,176725
WIN$D,M15,1672939800,154540.0,154550.0,154410.0,154480.0,45756,5,168975
WIN$D,M15,1672940700,154480.0,154615.0,154465.0,154555.0,50054,5,198149
WIN$D,M15,1672941600,154555.0,154650.0,154500.0,154635.0,34390,5,133826
WIN$D,M15,1672942500,154635.0,154830.0,154625.0,154760.0,25492,5,98856
WIN$D,M15,1672995600,154610.0,154725.0,154405.0,154575.0,166788,5,404411
WIN$D,M15,1672996500,154575.0,154880.0,154545.0,154855.0,162440,5,393139
WIN$D,M15,1672997400,154855.0,154930.0,154600.0,154625.0,129919,5,345545
WIN$D,M15,1672998300,154620.0,154770.0,154535.0,154720.0,116416,5,318357
WIN$D,M15,1672999200,154725.0,155045.0,154635.0,154700.0,235391,5,671059
WIN$D,M15,1673000100,154700.0,155065.0,154630.0,154890.0,182230,5,489586
WIN$D,M15,1673001000,154885.0,156140.0,154825.0,155950.0,428528,5,1091119
WIN$D,M15,1673001900,155945.0,156375.0,155910.0,156035.0,266446,5,787091
WIN$D,M15,1673002800,156035.0,156080.0,155790.0,155890.0,168701,5,479743
WIN$D,M15,1673003700,155895.0,156110.0,155720.0,155770.0,158510,5,456184
WIN$D,M15,1673004600,155770.0,155820.0,155105.0,155145.0,246222,5,773979
WIN$D,M15,1673005500,155150.0,155230.0,154820.0,154910.0,209067,5,652386
WIN$D,M15,1673006400,154910.0,155405.0,154685.0,155260.0,254854,5,760002
WIN$D,M15,1673007300,155260.0,155505.0,155260.0,155365.0,138307,5,414247
WIN$D,M15,1673008200,155365.0,155705.0,155325.0,155610.0,121232,5,380907
WIN$D,M15,1673009100,155610.0,155805.0,155515.0,155705.0,122581,5,380281
WIN$D,M15,1673010000,155705.0,155740.0,155460.0,155510.0,111170,5,352545
WIN$D,M15,1673010900,155510.0,155565.0,155380.0,155425.0,97013,5,296867
WIN$D,M15,1673011800,155425.0,155735.0,155420.0,155615.0,103432,5,338160
WIN$D,M15,1673012700,155615.0,155770.0,155570.0,155655.0,83599,5,260984
WIN$D,M15,1673013600,155660.0,155770.0,155490.0,155605.0,106285,5,335825
WIN$D,M15,1673014500,155610.0,155710.0,155520.0,155680.0,72778,5,225310
WIN$D,M15,1673015400,155680.0,155895.0,155530.0,155650.0,114352,5,359782
WIN$D,M15,1673016300,155650.0,155695.0,155520.0,155665.0,77246,5,245159
WIN$D,M15,1673017200,155665.0,155735.0,155545.0,155570.0,73847,5,246005
WIN$D,M15,1673018100,155575.0,155625.0,155425.0,155525.0,87780,5,284813
WIN$D,M15,1673019000,155525.0,155545.0,155320.0,155385.0,92432,5,296883
WIN$D,M15,1673019900,155390.0,155565.0,155330.0,155465.0,81520,5,268884
WIN$D,M15,1673020800,155470.0,155490.0,155225.0,155380.0,100924,5,350869
WIN$D,M15,1673021700,155380.0,155510.0,155345.0,155450.0,72653,5,257971
WIN$D,M15,1673022600,155445.0,155625.0,155415.0,155590.0,69128,5,239687
WIN$D,M15,1673023500,155590.0,155650.0,155495.0,155620.0,60091,5,215446
WIN$D,M15,1673024400,155625.0,155810.0,155610.0,155660.0,65014,5,231361
WIN$D,M15,1673025300,155660.0,155780.0,155620.0,155755.0,53795,5,194432
WIN$D,M15,1673026200,155755.0,155880.0,155745.0,155870.0,48616,5,189880
WIN$D,M15,1673027100,155870.0,155950.0,155785.0,155910.0,54613,5,218152
WIN$D,M15,1673028000,155910.0,156200.0,155835.0,156130.0,42656,5,156831
WIN$D,M15,1673028900,156135.0,156210.0,156065.0,156160.0,22135,5,78065
WIN$D,M15,1673254800,154895.0,155380.0,154360.0,155145.0,272976,5,648741
WIN$D,M15,1673255700,155150.0,155640.0,155125.0,155555.0,160433,5,409504
WIN$D,M15,1673256600,155555.0,155620.0,155380.0,155475.0,117925,5,319286
WIN$D,M15,1673257500,155480.0,155560.0,155400.0,155475.0,75991,5,226266
WIN$D,M15,1673258400,155480.0,155545.0,155065.0,155155.0,226922,5,630219
WIN$D,M15,1673259300,155150.0,155925.0,155150.0,155665.0,290539,5,802433
WIN$D,M15,1673260200,155660.0,156075.0,155610.0,155730.0,228352,5,616648
WIN$D,M15,1673261100,155735.0,155970.0,155335.0,155355.0,225884,5,624663
WIN$D,M15,1673262000,155360.0,155460.0,155120.0,155400.0,207414,5,609469
WIN$D,M15,1673262900,155400.0,155550.0,155135.0,155425.0,189824,5,542608
WIN$D,M15,1673263800,155425.0,155820.0,155165.0,155660.0,216974,5,656077
WIN$D,M15,1673264700,155665.0,155805.0,155345.0,155430.0,177199,5,544189
WIN$D,M15,1673265600,155425.0,155560.0,155160.0,155385.0,171698,5,521233
WIN$D,M15,1673266500,155380.0,155550.0,155300.0,155340.0,104442,5,311872
WIN$D,M15,1673267400,155340.0,155550.0,155295.0,155390.0,112306,5,341324
WIN$D,M15,1673268300,155395.0,156375.0,155350.0,156035.0,220509,5,709722
WIN$D,M15,1673269200,156040.0,156080.0,155750.0,155845.0,135556,5,405401
WIN$D,M15,1673270100,155840.0,156225.0,155800.0,156050.0,132245,5,397304
WIN$D,M15,1673271000,156050.0,156250.0,155875.0,156170.0,127812,5,388637
WIN$D,M15,1673271900,156170.0,156845.0,156115.0,156515.0,228323,5,701926
WIN$D,M15,1673272800,156515.0,156695.0,156265.0,156290.0,136101,5,415119
WIN$D,M15,1673273700,156290.0,156635.0,156270.0,156570.0,106088,5,322963
WIN$D,M15,1673274600,156575.0,156575.0,156310.0,156365.0,114326,5,347153
WIN$D,M15,1673275500,156370.0,156545.0,156320.0,156505.0,100958,5,319207
WIN$D,M15,1673276400,156510.0,156550.0,156385.0,156470.0,71919,5,223319
WIN$D,M15,1673277300,156475.0,156740.0,156435.0,156595.0,118117,5,372472
WIN$D,M15,1673278200,156595.0,156855.0,156350.0,156415.0,145550,5,455350
WIN$D,M15,1673279100,156420.0,156650.0,156370.0,156475.0,115782,5,375109
WIN$D,M15,1673280000,156475.0,156590.0,156285.0,156355.0,103537,5,330893
WIN$D,M15,1673280900,156360.0,156540.0,156320.0,156430.0,75461,5,221841
WIN$D,M15,1673281800,156430.0,156480.0,156305.0,156345.0,71301,5,217557
WIN$D,M15,1673282700,156350.0,156445.0,156125.0,156135.0,91241,5,280324
WIN$D,M15,1673283600,156130.0,156260.0,155975.0,156070.0,107940,5,339317
WIN$D,M15,1673284500,156070.0,156225.0,156040.0,156155.0,71949,5,227019
WIN$D,M15,1673285400,156155.0,156205.0,155895.0,155920.0,90300,5,295735
WIN$D,M15,1673286300,155925.0,155980.0,155490.0,155625.0,117790,5,391245
WIN$D,M15,1673287200,155620.0,155935.0,155605.0,155875.0,62939,5,180933
WIN$D,M15,1673288100,155875.0,155925.0,155755.0,155770.0,22694,5,67596
WIN$D,M15,1673341200,155310.0,155385.0,154975.0,155210.0,199903,5,502594
WIN$D,M15,1673342100,155210.0,155455.0,155170.0,155390.0,159378,5,429912
WIN$D,M15,1673343000,155390.0,155520.0,155270.0,155335.0,142605,5,387597
WIN$D,M15,1673343900,155335.0,155390.0,155060.0,155250.0,183716,5,501170
WIN$D,M15,1673344800,155250.0,155350.0,154935.0,155310.0,257648,5,706325
WIN$D,M15,1673345700,155310.0,155580.0,155295.0,155555.0,221446,5,617127
WIN$D,M15,1673346600,155550.0,155640.0,155410.0,155535.0,195027,5,559255
WIN$D,M15,1673347500,155530.0,155730.0,155440.0,155540.0,160065,5,462397
WIN$D,M15,1673348400,155545.0,156370.0,155525.0,155810.0,320734,5,978896
WIN$D,M15,1673349300,155810.0,156140.0,155795.0,156110.0,201831,5,622612
WIN$D,M15,1673350200,156110.0,156500.0,155985.0,156050.0,277382,5,828682
WIN$D,M15,1673351100,156055.0,156265.0,155930.0,156175.0,186395,5,548088
WIN$D,M15,1673352000,156180.0,156195.0,155935.0,156015.0,143431,5,442116
WIN$D,M15,1673352900,156015.0,156065.0,155740.0,155920.0,169319,5,516316
WIN$D,M15,1673353800,155915.0,156150.0,155755.0,156055.0,157193,5,489063
WIN$D,M15,1673354700,156055.0,156325.0,155985.0,156265.0,143523,5,441124
WIN$D,M15,1673355600,156265.0,156410.0,156195.0,156280.0,119853,5,358259
WIN$D,M15,1673356500,156285.0,156575.0,156280.0,156530.0,131005,5,392967
WIN$D,M15,1673357400,156530.0,156700.0,156470.0,156495.0,128714,5,410996
WIN$D,M15,1673358300,156500.0,156600.0,156420.0,156570.0,91925,5,277607
WIN$D,M15,1673359200,156570.0,156715.0,156450.0,156635.0,108769,5,343310
WIN$D,M15,1673360100,156630.0,156780.0,156570.0,156685.0,99943,5,324169
WIN$D,M15,1673361000,156685.0,156835.0,156685.0,156715.0,87481,5,289128
WIN$D,M15,1673361900,156710.0,156825.0,156690.0,156795.0,51511,5,166865
WIN$D,M15,1673362800,156800.0,156980.0,156730.0,156955.0,100544,5,335011
WIN$D,M15,1673363700,156950.0,157230.0,156930.0,157195.0,138853,5,482239
WIN$D,M15,1673364600,157195.0,157445.0,157155.0,157385.0,132019,5,474088
WIN$D,M15,1673365500,157390.0,157710.0,157345.0,157655.0,130777,5,481962
WIN$D,M15,1673366400,157660.0,158025.0,157630.0,157990.0,140518,5,513899
WIN$D,M15,1673367300,157985.0,158055.0,157815.0,157855.0,106192,5,369896
WIN$D,M15,1673368200,157850.0,157935.0,157710.0,157760.0,95555,5,331709
WIN$D,M15,1673369100,157760.0,157790.0,157675.0,157760.0,68029,5,240854
WIN$D,M15,1673370000,157760.0,157915.0,157710.0,157860.0,78190,5,294969
WIN$D,M15,1673370900,157855.0,157895.0,157735.0,157775.0,55605,5,207126
WIN$D,M15,1673371800,157775.0,157775.0,157675.0,157700.0,52959,5,203279
WIN$D,M15,1673372700,157705.0,157710.0,157520.0,157565.0,77050,5,309870
WIN$D,M15,1673373600,157565.0,157710.0,157545.0,157695.0,43067,5,141282
WIN$D,M15,1673374500,157695.0,157800.0,157450.0,157450.0,31307,5,116138
WIN$D,M15,1673427600,157510.0,157740.0,157320.0,157340.0,200390,5,518447
WIN$D,M15,1673428500,157340.0,157585.0,157335.0,157510.0,139541,5,385697
WIN$D,M15,1673429400,157510.0,157770.0,157450.0,157590.0,152108,5,432775
WIN$D,M15,1673430300,157595.0,157620.0,157370.0,157405.0,142587,5,414846
WIN$D,M15,1673431200,157405.0,157905.0,157315.0,157750.0,315255,5,918093
WIN$D,M15,1673432100,157750.0,158600.0,157720.0,158190.0,326716,5,994263
WIN$D,M15,1673433000,158190.0,158280.0,157905.0,158170.0,211377,5,645675
WIN$D,M15,1673433900,158170.0,158425.0,157700.0,157785.0,255653,5,768976
WIN$D,M15,1673434800,157780.0,157800.0,157520.0,157650.0,191616,5,584504
WIN$D,M15,1673435700,157650.0,158225.0,157585.0,158035.0,232706,5,721508
WIN$D,M15,1673436600,158035.0,158295.0,157725.0,158220.0,247655,5,749069
WIN$D,M15,1673437500,158215.0,158280.0,157895.0,158160.0,180154,5,551554
WIN$D,M15,1673438400,158155.0,158195.0,157915.0,157945.0,133276,5,398461
WIN$D,M15,1673439300,157940.0,157995.0,157805.0,157960.0,111289,5,336836
WIN$D,M15,1673440200,157960.0,157965.0,157615.0,157680.0,131627,5,405373
WIN$D,M15,1673441100,157680.0,157910.0,157590.0,157830.0,109020,5,325854
WIN$D,M15,1673442000,157835.0,158050.0,157805.0,157970.0,103813,5,313040
WIN$D,M15,1673442900,157970.0,158065.0,157780.0,157845.0,112264,5,350658
WIN$D,M15,1673443800,157840.0,158005.0,157835.0,157885.0,77467,5,241675
WIN$D,M15,1673444700,157880.0,158045.0,157795.0,158000.0,92316,5,278557
WIN$D,M15,1673445600,157995.0,158060.0,157865.0,157925.0,71584,5,224114
WIN$D,M15,1673446500,157920.0,158300.0,157890.0,158205.0,128102,5,443262
WIN$D,M15,1673447400,158205.0,158410.0,158125.0,158345.0,103083,5,320601
WIN$D,M15,1673448300,158345.0,158465.0,158215.0,158260.0,102716,5,340172
WIN$D,M15,1673449200,158265.0,158270.0,157915.0,158210.0,140283,5,482632
WIN$D,M15,1673450100,158215.0,158225.0,157865.0,157955.0,104402,5,346637
WIN$D,M15,1673451000,157955.0,158110.0,157890.0,158050.0,100152,5,344252
WIN$D,M15,1673451900,158050.0,158160.0,158000.0,158125.0,63699,5,206007
WIN$D,M15,1673452800,158130.0,158170.0,158030.0,158095.0,56492,5,179392
WIN$D,M15,1673453700,158090.0,158260.0,158055.0,158135.0,83811,5,290977
WIN$D,M15,1673454600,158135.0,158410.0,158120.0,158405.0,75387,5,257956
WIN$D,M15,1673455500,158405.0,158460.0,158250.0,158340.0,90523,5,302061
WIN$D,M15,1673456400,158340.0,158620.0,158325.0,158440.0,97739,5,349357
WIN$D,M15,1673457300,158440.0,158675.0,158435.0,158560.0,78167,5,293816
WIN$D,M15,1673458200,158560.0,159485.0,158550.0,159160.0,147430,5,562687
WIN$D,M15,1673459100,159160.0,159475.0,159060.0,159360.0,94786,5,288775
WIN$D,M15,1673460000,159360.0,159700.0,159315.0,159575.0,77158,5,226907
WIN$D,M15,1673460900,159570.0,159750.0,159495.0,159550.0,37516,5,113595
WIN$D,M15,1673514000,158760.0,158990.0,158490.0,158580.0,223501,5,512236
WIN$D,M15,1673514900,158580.0,159075.0,158525.0,158985.0,144337,5,393287
WIN$D,M15,1673515800,158985.0,159200.0,158905.0,158990.0,171974,5,472421
WIN$D,M15,1673516700,158995.0,159010.0,158765.0,158770.0,124078,5,330734
WIN$D,M15,1673517600,158775.0,159075.0,158670.0,158790.0,250931,5,667369
WIN$D,M15,1673518500,158790.0,158840.0,158025.0,158255.0,334246,5,852159
WIN$D,M15,1673519400,158260.0,158740.0,157975.0,158415.0,407568,5,971072
WIN$D,M15,1673520300,158410.0,158760.0,157860.0,158445.0,348689,5,940813
WIN$D,M15,1673521200,158440.0,158570.0,158075.0,158095.0,179511,5,474923
WIN$D,M15,1673522100,158100.0,158310.0,157690.0,158255.0,251848,5,726427
WIN$D,M15,1673523000,158260.0,158415.0,157845.0,157845.0,250681,5,713157
WIN$D,M15,1673523900,157850.0,158030.0,157500.0,157690.0,241430,5,666737
WIN$D,M15,1673524800,157690.0,157735.0,157255.0,157385.0,249829,5,737264
WIN$D,M15,1673525700,157380.0,157855.0,157345.0,157815.0,145118,5,417765
WIN$D,M15,1673526600,157810.0,158270.0,157735.0,158125.0,165613,5,495007
WIN$D,M15,1673527500,158125.0,158750.0,158060.0,158630.0,169676,5,498805
WIN$D,M15,1673528400,158630.0,159425.0,158545.0,159315.0,229647,5,688742
WIN$D,M15,1673529300,159315.0,159385.0,159130.0,159365.0,121130,5,357301
WIN$D,M15,1673530200,159370.0,159555.0,159195.0,159380.0,133517,5,390108
WIN$D,M15,1673531100,159380.0,159450.0,159100.0,159420.0,119077,5,343937
WIN$D,M15,1673532000,159415.0,159630.0,159275.0,159345.0,143390,5,437020
WIN$D,M15,1673532900,159350.0,159405.0,159200.0,159210.0,102905,5,303949
WIN$D,M15,1673533800,159215.0,159385.0,158990.0,159110.0,123658,5,378902
WIN$D,M15,1673534700,159115.0,159495.0,159060.0,159340.0,116736,5,352469
WIN$D,M15,1673535600,159340.0,159385.0,159175.0,159210.0,102893,5,303753
WIN$D,M15,1673536500,159215.0,159275.0,158880.0,158920.0,107279,5,322233
WIN$D,M15,1673537400,158915.0,159285.0,158890.0,159235.0,116224,5,342091
WIN$D,M15,1673538300,159230.0,159305.0,159130.0,159250.0,80789,5,230167
WIN$D,M15,1673539200,159250.0,159340.0,159020.0,159210.0,121133,5,360069
WIN$D,M15,1673540100,159210.0,159220.0,158715.0,158725.0,140056,5,415797
WIN$D,M15,1673541000,158725.0,158815.0,158495.0,158700.0,167380,5,520486
WIN$D,M15,1673541900,158705.0,158925.0,158695.0,158860.0,98724,5,307401
WIN$D,M15,1673542800,158860.0,158865.0,158200.0,158305.0,151307,5,476893
WIN$D,M15,1673543700,158305.0,158615.0,158215.0,158545.0,99144,5,312017
WIN$D,M15,1673544600,158550.0,158710.0,158425.0,158500.0,86172,5,290554
WIN$D,M15,1673545500,158495.0,158745.0,158445.0,158660.0,76277,5,236576
WIN$D,M15,1673546400,158660.0,158735.0,158460.0,158535.0,57298,5,193129
WIN$D,M15,1673547300,158535.0,158695.0,158520.0,158550.0,18069,5,58541
WIN$D,M15,1673600400,158190.0,158455.0,158130.0,158340.0,146030,5,346962
WIN$D,M15,1673601300,158335.0,158435.0,157915.0,158015.0,194544,5,559056
WIN$D,M15,1673602200,158015.0,158080.0,157540.0,157565.0,186404,5,523915
WIN$D,M15,1673603100,157565.0,157625.0,157295.0,157410.0,185297,5,548041
WIN$D,M15,1673604000,157410.0,157480.0,156980.0,157100.0,253125,5,747298
WIN$D,M15,1673604900,157095.0,157520.0,156965.0,157335.0,224716,5,642220
WIN$D,M15,1673605800,157335.0,157720.0,157150.0,157715.0,250987,5,717051
WIN$D,M15,1673606700,157710.0,157775.0,157370.0,157525.0,220204,5,627739
WIN$D,M15,1673607600,157525.0,157545.0,157075.0,157170.0,223193,5,648074
WIN$D,M15,1673608500,157175.0,157440.0,157080.0,157265.0,152543,5,426703
WIN$D,M15,1673609400,157265.0,157800.0,157260.0,157775.0,205230,5,600735
WIN$D,M15,1673610300,157775.0,158020.0,157670.0,157720.0,196206,5,589076
WIN$D,M15,1673611200,157720.0,157750.0,157390.0,157540.0,214738,5,624411
WIN$D,M15,1673612100,157535.0,157750.0,157475.0,157750.0,116194,5,332707
WIN$D,M15,1673613000,157750.0,157775.0,157550.0,157580.0,94272,5,289175
WIN$D,M15,1673613900,157585.0,157740.0,157570.0,157680.0,83554,5,256793
WIN$D,M15,1673614800,157675.0,157710.0,157335.0,157440.0,113491,5,364712
WIN$D,M15,1673615700,157440.0,157620.0,157275.0,157585.0,112839,5,353674
WIN$D,M15,1673616600,157580.0,157670.0,157435.0,157655.0,116358,5,371053
WIN$D,M15,1673617500,157655.0,157850.0,157605.0,157790.0,98612,5,307524
WIN$D,M15,1673618400,157790.0,157925.0,157675.0,157700.0,101183,5,332111
WIN$D,M15,1673619300,157705.0,157815.0,157565.0,157615.0,98442,5,322871
WIN$D,M15,1673620200,157610.0,157665.0,157505.0,157605.0,85278,5,284092
WIN$D,M15,1673621100,157610.0,157730.0,157580.0,157670.0,67379,5,225289
WIN$D,M15,1673622000,157670.0,157680.0,157530.0,157615.0,64709,5,212891
WIN$D,M15,1673622900,157620.0,157670.0,157505.0,157605.0,66433,5,232539
WIN$D,M15,1673623800,157600.0,157890.0,157590.0,157840.0,76893,5,250190
WIN$D,M15,1673624700,157840.0,157910.0,157625.0,157655.0,93330,5,309676
WIN$D,M15,1673625600,157655.0,157735.0,157585.0,157685.0,74333,5,234105
WIN$D,M15,1673626500,157685.0,157770.0,157620.0,157670.0,69965,5,225299
WIN$D,M15,1673627400,157665.0,157695.0,157515.0,157620.0,73110,5,241731
WIN$D,M15,1673628300,157615.0,157620.0,157385.0,157440.0,77561,5,264213
WIN$D,M15,1673629200,157435.0,157535.0,157285.0,157375.0,79270,5,270496
WIN$D,M15,1673630100,157375.0,157720.0,157370.0,157710.0,76643,5,255113
WIN$D,M15,1673631000,157715.0,157840.0,157625.0,157770.0,72098,5,231861
WIN$D,M15,1673631900,157770.0,157775.0,157535.0,157555.0,58291,5,189386
WIN$D,M15,1673632800,157550.0,157780.0,157535.0,157650.0,49355,5,162335
WIN$D,M15,1673633700,157655.0,157660.0,157515.0,157550.0,20831,5,62288
WIN$D,M15,1673859600,156660.0,157060.0,156490.0,156975.0,150564,5,360030
WIN$D,M15,1673860500,156975.0,157200.0,156800.0,156885.0,161124,5,422500
WIN$D,M15,1673861400,156890.0,156940.0,156685.0,156750.0,139445,5,380430
WIN$D,M15,1673862300,156755.0,156855.0,156615.0,156625.0,133117,5,356529
WIN$D,M15,1673863200,156630.0,156995.0,156490.0,156530.0,235691,5,655964
WIN$D,M15,1673864100,156530.0,156640.0,156260.0,156550.0,262020,5,717748
WIN$D,M15,1673865000,156545.0,156655.0,156330.0,156635.0,165322,5,468868
WIN$D,M15,1673865900,156635.0,156795.0,156440.0,156550.0,198584,5,560834
WIN$D,M15,1673866800,156550.0,156600.0,155830.0,155850.0,239169,5,730545
WIN$D,M15,1673867700,155845.0,155950.0,155535.0,155790.0,254808,5,781968
WIN$D,M15,1673868600,155790.0,155880.0,155630.0,155780.0,138601,5,402479
WIN$D,M15,1673869500,155775.0,156040.0,155695.0,156025.0,160755,5,478836
WIN$D,M15,1673870400,156025.0,156035.0,155760.0,155880.0,111928,5,341046
WIN$D,M15,1673871300,155880.0,155945.0,155500.0,155525.0,114702,5,340766
WIN$D,M15,1673872200,155525.0,155760.0,155415.0,155755.0,134210,5,395735
WIN$D,M15,1673873100,155755.0,155970.0,155745.0,155965.0,102832,5,291953
WIN$D,M15,1673874000,155965.0,155985.0,155750.0,155835.0,93809,5,266966
WIN$D,M15,1673874900,155830.0,156010.0,155780.0,155965.0,77316,5,220396
WIN$D,M15,1673875800,155965.0,156030.0,155855.0,155915.0,76905,5,228058
WIN$D,M15,1673876700,155915.0,155990.0,155870.0,155980.0,49550,5,146652
WIN$D,M15,1673877600,155980.0,156145.0,155885.0,155945.0,104944,5,319450
WIN$D,M15,1673878500,155945.0,155990.0,155895.0,155930.0,40374,5,122350
WIN$D,M15,1673879400,155935.0,155970.0,155690.0,155775.0,91279,5,292214
WIN$D,M15,1673880300,155775.0,156020.0,155770.0,155960.0,71275,5,206704
WIN$D,M15,1673881200,155960.0,155960.0,155630.0,155640.0,92551,5,268940
WIN$D,M15,1673882100,155640.0,155655.0,155265.0,155410.0,155541,5,463209
WIN$D,M15,1673883000,155415.0,155600.0,155355.0,155560.0,88696,5,261544
WIN$D,M15,1673883900,155565.0,155625.0,155450.0,155485.0,63308,5,188954
WIN$D,M15,1673884800,155485.0,155570.0,155385.0,155550.0,68612,5,203474
WIN$D,M15,1673885700,155550.0,155605.0,155465.0,155505.0,46007,5,131445
WIN$D,M15,1673886600,155505.0,155660.0,155425.0,155615.0,66331,5,200232
WIN$D,M15,1673887500,155615.0,155750.0,155565.0,155580.0,79075,5,242370
WIN$D,M15,1673888400,155585.0,155705.0,155455.0,155530.0,78688,5,245375
WIN$D,M15,1673889300,155525.0,155610.0,155515.0,155555.0,31697,5,92001
WIN$D,M15,1673890200,155555.0,155705.0,155545.0,155680.0,41761,5,129620
WIN$D,M15,1673891100,155680.0,155730.0,155520.0,155580.0,42401,5,138714
WIN$D,M15,1673892000,155575.0,155715.0,155535.0,155685.0,32572,5,119480
WIN$D,M15,1673892900,155695.0,155725.0,155515.0,155515.0,14349,5,57894
WIN$D,M15,1673946000,155560.0,155995.0,155500.0,155725.0,201103,5,510615
WIN$D,M15,1673946900,155725.0,155940.0,155650.0,155885.0,147464,5,393718
WIN$D,M15,1673947800,155890.0,156110.0,155870.0,156100.0,145676,5,388394
WIN$D,M15,1673948700,156095.0,156120.0,155825.0,156050.0,166235,5,464347
WIN$D,M15,1673949600,156050.0,156740.0,156015.0,156720.0,310701,5,878791
WIN$D,M15,1673950500,156720.0,156930.0,156595.0,156910.0,196540,5,556766
WIN$D,M15,1673951400,156915.0,157270.0,156795.0,156815.0,232400,5,713048
WIN$D,M15,1673952300,156815.0,156875.0,156660.0,156800.0,166864,5,472976
WIN$D,M15,1673953200,156795.0,156950.0,156625.0,156935.0,173386,5,501056
WIN$D,M15,1673954100,156940.0,157070.0,156725.0,157025.0,160488,5,469197
WIN$D,M15,1673955000,157025.0,157360.0,156870.0,157015.0,249280,5,777366
WIN$D,M15,1673955900,157015.0,157400.0,156955.0,157250.0,209939,5,636248
WIN$D,M15,1673956800,157245.0,157425.0,157110.0,157330.0,161739,5,507361
WIN$D,M15,1673957700,157325.0,157405.0,157130.0,157180.0,129238,5,402651
WIN$D,M15,1673958600,157180.0,157410.0,157145.0,157270.0,119410,5,374538
WIN$D,M15,1673959500,157265.0,157375.0,157235.0,157340.0,77737,5,259234
WIN$D,M15,1673960400,157335.0,157695.0,157275.0,157575.0,141102,5,463717
WIN$D,M15,1673961300,157570.0,157875.0,157505.0,157835.0,108472,5,355402
WIN$D,M15,1673962200,157840.0,157945.0,157715.0,157740.0,93709,5,321293
WIN$D,M15,1673963100,157735.0,157920.0,157705.0,157820.0,80178,5,258749
WIN$D,M15,1673964000,157825.0,157850.0,157645.0,157695.0,64072,5,211573
WIN$D,M15,1673964900,157695.0,157740.0,157555.0,157615.0,80749,5,265794
WIN$D,M15,1673965800,157615.0,157680.0,157575.0,157645.0,49867,5,166665
WIN$D,M15,1673966700,157645.0,157735.0,157600.0,157710.0,52564,5,190884
WIN$D,M15,1673967600,157705.0,157750.0,157640.0,157670.0,48519,5,158781
WIN$D,M15,1673968500,157670.0,157720.0,157590.0,157655.0,51761,5,171135
WIN$D,M15,1673969400,157655.0,157655.0,157380.0,157395.0,89755,5,296641
WIN$D,M15,1673970300,157400.0,157450.0,157340.0,157410.0,73603,5,240687
WIN$D,M15,1673971200,157410.0,157535.0,157320.0,157515.0,90388,5,298747
WIN$D,M15,1673972100,157515.0,157700.0,157445.0,157690.0,98689,5,340693
WIN$D,M15,1673973000,157685.0,157950.0,157680.0,157815.0,124853,5,439090
WIN$D,M15,1673973900,157820.0,157835.0,157735.0,157800.0,61701,5,203972
WIN$D,M15,1673974800,157805.0,158050.0,157795.0,158020.0,82756,5,287622
WIN$D,M15,1673975700,158020.0,158085.0,157935.0,158025.0,61826,5,225945
WIN$D,M15,1673976600,158030.0,158220.0,157975.0,158125.0,64591,5,236961
WIN$D,M15,1673977500,158125.0,158190.0,158045.0,158065.0,52405,5,193483
WIN$D,M15,1673978400,158060.0,158095.0,157935.0,158045.0,49277,5,159368
WIN$D,M15,1673979300,158045.0,158175.0,158010.0,158080.0,27008,5,89468
WIN$D,M15,1674032400,158480.0,159175.0,158390.0,158880.0,262802,5,695673
WIN$D,M15,1674033300,158875.0,158990.0,158735.0,158805.0,135639,5,371210
WIN$D,M15,1674034200,158805.0,159330.0,158800.0,159275.0,183783,5,510549
WIN$D,M15,1674035100,159280.0,159355.0,159150.0,159235.0,137923,5,380467
WIN$D,M15,1674036000,159235.0,159410.0,158925.0,158935.0,227628,5,652949
WIN$D,M15,1674036900,158935.0,159260.0,158845.0,159105.0,226422,5,617652
WIN$D,M15,1674037800,159105.0,159520.0,159070.0,159270.0,349148,5,938376
WIN$D,M15,1674038700,159275.0,159575.0,159215.0,159270.0,211124,5,617461
WIN$D,M15,1674039600,159270.0,159530.0,159230.0,159445.0,150268,5,436010
WIN$D,M15,1674040500,159445.0,159680.0,159420.0,159540.0,199568,5,578562
WIN$D,M15,1674041400,159535.0,159675.0,159110.0,159195.0,240616,5,740492
WIN$D,M15,1674042300,159195.0,159510.0,159060.0,159230.0,217446,5,640298
WIN$D,M15,1674043200,159235.0,159535.0,159105.0,159525.0,158196,5,466402
WIN$D,M15,1674044100,159530.0,159760.0,159405.0,159565.0,216450,5,662227
WIN$D,M15,1674045000,159560.0,159820.0,159430.0,159810.0,162769,5,511654
WIN$D,M15,1674045900,159810.0,159900.0,159345.0,159495.0,168078,5,529222
WIN$D,M15,1674046800,159495.0,159605.0,159400.0,159465.0,129972,5,421503
WIN$D,M15,1674047700,159465.0,159600.0,159270.0,159455.0,131410,5,426079
WIN$D,M15,1674048600,159460.0,159470.0,159020.0,159070.0,170764,5,536173
WIN$D,M15,1674049500,159070.0,159435.0,159010.0,159390.0,146793,5,472096
WIN$D,M15,1674050400,159395.0,159460.0,159200.0,159240.0,139180,5,436268
WIN$D,M15,1674051300,159235.0,159240.0,158660.0,158930.0,204164,5,665946
WIN$D,M15,1674052200,158930.0,159080.0,158860.0,158995.0,91597,5,290500
WIN$D,M15,1674053100,158995.0,159110.0,158830.0,158840.0,103212,5,329182
WIN$D,M15,1674054000,158845.0,158970.0,158715.0,158950.0,114119,5,345928
WIN$D,M15,1674054900,158955.0,159195.0,158840.0,159160.0,120227,5,389434
WIN$D,M15,1674055800,159160.0,159380.0,159085.0,159270.0,132589,5,430217
WIN$D,M15,1674056700,159270.0,159490.0,159210.0,159225.0,125500,5,415959
WIN$D,M15,1674057600,159225.0,159335.0,159120.0,159165.0,96783,5,292846
WIN$D,M15,1674058500,159170.0,159320.0,159125.0,159315.0,70676,5,218121
WIN$D,M15,1674059400,159320.0,159385.0,159130.0,159240.0,81779,5,273344
WIN$D,M15,1674060300,159240.0,159245.0,159005.0,159170.0,77824,5,251053
WIN$D,M15,1674061200,159175.0,159180.0,158905.0,158960.0,92149,5,291879
WIN$D,M15,1674062100,158960.0,159125.0,158945.0,159070.0,60595,5,193550
WIN$D,M15,1674063000,159065.0,159070.0,158830.0,158860.0,70530,5,223448
WIN$D,M15,1674063900,158860.0,158930.0,158700.0,158750.0,67732,5,236576
WIN$D,M15,1674064800,158745.0,158840.0,158500.0,158515.0,65520,5,236957
WIN$D,M15,1674065700,158520.0,158610.0,158385.0,158560.0,27313,5,87639
WIN$D,M15,1674118800,157310.0,157485.0,157065.0,157320.0,195360,5,472606
WIN$D,M15,1674119700,157325.0,157470.0,157250.0,157470.0,113653,5,289333
WIN$D,M15,1674120600,157470.0,157560.0,157160.0,157335.0,154586,5,398434
WIN$D,M15,1674121500,157330.0,157495.0,157185.0,157360.0,129231,5,353711
WIN$D,M15,1674122400,157355.0,158060.0,157335.0,157930.0,285402,5,803803
WIN$D,M15,1674123300,157925.0,158265.0,157875.0,158170.0,214842,5,596531
WIN$D,M15,1674124200,158175.0,158815.0,158075.0,158725.0,348804,5,981440
WIN$D,M15,1674125100,158725.0,158855.0,158510.0,158715.0,206800,5,580966
WIN$D,M15,1674126000,158715.0,158785.0,158410.0,158465.0,161048,5,450845
WIN$D,M15,1674126900,158460.0,158675.0,158350.0,158665.0,144268,5,407506
WIN$D,M15,1674127800,158670.0,159105.0,158590.0,158640.0,259040,5,795306
WIN$D,M15,1674128700,158640.0,158800.0,158445.0,158470.0,170253,5,506063
WIN$D,M15,1674129600,158475.0,158725.0,158255.0,158460.0,208910,5,658187
WIN$D,M15,1674130500,158465.0,158615.0,158425.0,158590.0,106186,5,317395
WIN$D,M15,1674131400,158595.0,158770.0,158515.0,158550.0,127331,5,368531
WIN$D,M15,1674132300,158545.0,158625.0,158390.0,158435.0,115916,5,325263
WIN$D,M15,1674133200,158440.0,158475.0,158200.0,158395.0,150137,5,441340
WIN$D,M15,1674134100,158395.0,158470.0,157955.0,158005.0,155996,5,467857
WIN$D,M15,1674135000,158005.0,158160.0,157950.0,158010.0,104298,5,303855
WIN$D,M15,1674135900,158015.0,158365.0,158010.0,158255.0,101054,5,302877
WIN$D,M15,1674136800,158250.0,158525.0,158250.0,158470.0,111790,5,323391
WIN$D,M15,1674137700,158470.0,158650.0,158470.0,158585.0,100094,5,304788
WIN$D,M15,1674138600,158585.0,158625.0,158440.0,158465.0,83108,5,249217
WIN$D,M15,1674139500,158465.0,158535.0,158400.0,158490.0,79222,5,238572
WIN$D,M15,1674140400,158495.0,158940.0,158325.0,158845.0,177101,5,558077
WIN$D,M15,1674141300,158850.0,158935.0,158700.0,158805.0,120778,5,349696
WIN$D,M15,1674142200,158805.0,159300.0,158775.0,159025.0,190345,5,592670
WIN$D,M15,1674143100,159025.0,159230.0,158975.0,159195.0,98353,5,289842
WIN$D,M15,1674144000,159190.0,159220.0,158950.0,159085.0,101859,5,315024
WIN$D,M15,1674144900,159080.0,159400.0,159055.0,159280.0,113477,5,355860
WIN$D,M15,1674145800,159280.0,159510.0,159245.0,159485.0,97748,5,303973
WIN$D,M15,1674146700,159485.0,159690.0,159445.0,159495.0,100674,5,319622
WIN$D,M15,1674147600,159500.0,159650.0,159435.0,159460.0,75262,5,232614
WIN$D,M15,1674148500,159460.0,159730.0,159455.0,159625.0,66844,5,217611
WIN$D,M15,1674149400,159625.0,159640.0,159370.0,159425.0,69517,5,217916
WIN$D,M15,1674150300,159420.0,159480.0,159275.0,159335.0,61958,5,194252
WIN$D,M15,1674151200,159330.0,159465.0,159190.0,159240.0,65807,5,199208
WIN$D,M15,1674152100,159235.0,159295.0,159075.0,159075.0,21546,5,76513
WIN$D,M15,1674205200,159440.0,159570.0,159205.0,159350.0,185131,5,461221
WIN$D,M15,1674206100,159355.0,159450.0,158950.0,159000.0,173298,5,461560
WIN$D,M15,1674207000,159000.0,159280.0,158945.0,159180.0,157786,5,439011
WIN$D,M15,1674207900,159185.0,159310.0,159000.0,159085.0,183882,5,514852
WIN$D,M15,1674208800,159085.0,159295.0,158875.0,158935.0,285582,5,804849
WIN$D,M15,1674209700,158935.0,159010.0,158420.0,158480.0,268472,5,768689
WIN$D,M15,1674210600,158480.0,158575.0,158195.0,158415.0,245037,5,716857
WIN$D,M15,1674211500,158420.0,158540.0,158240.0,158310.0,222233,5,627087
WIN$D,M15,1674212400,158315.0,158470.0,158105.0,158385.0,188310,5,548832
WIN$D,M15,1674213300,158385.0,158500.0,158345.0,158425.0,107974,5,313098
WIN$D,M15,1674214200,158430.0,158520.0,158140.0,158500.0,214684,5,618676
WIN$D,M15,1674215100,158500.0,158725.0,158475.0,158510.0,163735,5,476966
WIN$D,M15,1674216000,158515.0,158770.0,158405.0,158585.0,169362,5,508909
WIN$D,M15,1674216900,158580.0,158795.0,158570.0,158620.0,124121,5,362490
WIN$D,M15,1674217800,158620.0,158775.0,158500.0,158515.0,103266,5,311205
WIN$D,M15,1674218700,158510.0,158850.0,158500.0,158790.0,108375,5,336271
WIN$D,M15,1674219600,158790.0,158930.0,158765.0,158795.0,98502,5,315139
WIN$D,M15,1674220500,158790.0,158820.0,158525.0,158665.0,114030,5,395337
WIN$D,M15,1674221400,158665.0,158680.0,158540.0,158625.0,83959,5,290114
WIN$D,M15,1674222300,158630.0,158650.0,158265.0,158375.0,116583,5,385611
WIN$D,M15,1674223200,158370.0,158480.0,158200.0,158410.0,113331,5,387281
WIN$D,M15,1674224100,158415.0,158580.0,158395.0,158525.0,84592,5,294588
WIN$D,M15,1674225000,158525.0,158575.0,158415.0,158545.0,68249,5,223865
WIN$D,M15,1674225900,158540.0,158635.0,158485.0,158575.0,73646,5,247757
WIN$D,M15,1674226800,158570.0,158655.0,158350.0,158515.0,123983,5,419503
WIN$D,M15,1674227700,158510.0,158535.0,158285.0,158370.0,93595,5,305380
WIN$D,M15,1674228600,158370.0,158605.0,158305.0,158385.0,113261,5,382671
WIN$D,M15,1674229500,158390.0,158655.0,158295.0,158540.0,115255,5,394289
WIN$D,M15,1674230400,158535.0,158575.0,158450.0,158505.0,73171,5,233137
WIN$D,M15,1674231300,158510.0,158595.0,158460.0,158545.0,64984,5,206617
WIN$D,M15,1674232200,158540.0,158685.0,158470.0,158645.0,67724,5,231826
WIN$D,M15,1674233100,158645.0,158720.0,158580.0,158640.0,71064,5,241977
WIN$D,M15,1674234000,158645.0,158740.0,158585.0,158620.0,63255,5,226728
WIN$D,M15,1674234900,158615.0,158690.0,158545.0,158660.0,52189,5,177793
WIN$D,M15,1674235800,158660.0,158745.0,158590.0,158645.0,47357,5,170672
WIN$D,M15,1674236700,158640.0,158695.0,158555.0,158590.0,47545,5,158869
WIN$D,M15,1674237600,158590.0,158595.0,158350.0,158425.0,63340,5,188345
WIN$D,M15,1674238500,158425.0,158620.0,158380.0,158620.0,22403,5,61605
WIN$D,M15,1674464400,158760.0,158915.0,158410.0,158535.0,204218,5,465598
WIN$D,M15,1674465300,158535.0,158605.0,158215.0,158290.0,151712,5,384860
WIN$D,M15,1674466200,158290.0,158440.0,158260.0,158285.0,146053,5,365651
WIN$D,M15,1674467100,158280.0,158610.0,158270.0,158465.0,206288,5,546168
WIN$D,M15,1674468000,158465.0,159335.0,158420.0,159185.0,314949,5,889340
WIN$D,M15,1674468900,159185.0,159390.0,158985.0,159315.0,273765,5,727251
WIN$D,M15,1674469800,159315.0,159440.0,159130.0,159320.0,236222,5,632622
WIN$D,M15,1674470700,159325.0,159365.0,158945.0,159045.0,192319,5,511877
WIN$D,M15,1674471600,159050.0,159100.0,158670.0,158845.0,203843,5,571918
WIN$D,M15,1674472500,158850.0,158935.0,158465.0,158500.0,180549,5,495680
WIN$D,M15,1674473400,158495.0,158580.0,158175.0,158540.0,255369,5,777284
WIN$D,M15,1674474300,158535.0,158985.0,158470.0,158875.0,198252,5,601164
WIN$D,M15,1674475200,158875.0,159015.0,158730.0,158965.0,173312,5,524288
WIN$D,M15,1674476100,158970.0,159075.0,158885.0,159055.0,112989,5,337609
WIN$D,M15,1674477000,159050.0,159150.0,158755.0,158785.0,167616,5,521238
WIN$D,M15,1674477900,158790.0,159195.0,158715.0,159115.0,147320,5,461506
WIN$D,M15,1674478800,159110.0,159325.0,159090.0,159155.0,117057,5,365611
WIN$D,M15,1674479700,159155.0,159220.0,159115.0,159215.0,68252,5,193542
WIN$D,M15,1674480600,159215.0,159240.0,158850.0,158880.0,139748,5,459533
WIN$D,M15,1674481500,158875.0,158935.0,158650.0,158785.0,144674,5,448931
WIN$D,M15,1674482400,158790.0,158850.0,158630.0,158765.0,108003,5,323957
WIN$D,M15,1674483300,158770.0,158880.0,158670.0,158675.0,86168,5,263192
WIN$D,M15,1674484200,158670.0,159030.0,158620.0,158985.0,123489,5,393647
WIN$D,M15,1674485100,158980.0,158985.0,158820.0,158820.0,78810,5,241342
WIN$D,M15,1674486000,158825.0,158850.0,158725.0,158780.0,71112,5,223219
WIN$D,M15,1674486900,158780.0,158805.0,158455.0,158655.0,130485,5,425653
WIN$D,M15,1674487800,158655.0,158730.0,158535.0,158710.0,90449,5,289276
WIN$D,M15,1674488700,158705.0,158775.0,158540.0,158690.0,102969,5,333463
WIN$D,M15,1674489600,158690.0,158750.0,158540.0,158740.0,77237,5,258175
WIN$D,M15,1674490500,158740.0,158770.0,158520.0,158550.0,73749,5,243701
WIN$D,M15,1674491400,158550.0,158685.0,158495.0,158585.0,81126,5,277262
WIN$D,M15,1674492300,158585.0,158605.0,158110.0,158285.0,168324,5,576028
WIN$D,M15,1674493200,158285.0,158445.0,158095.0,158320.0,122531,5,404698
WIN$D,M15,1674494100,158325.0,158410.0,157935.0,158000.0,114914,5,362039
WIN$D,M15,1674495000,158000.0,158280.0,157980.0,158235.0,80527,5,266664
WIN$D,M15,1674495900,158235.0,158335.0,158180.0,158230.0,55768,5,179968
WIN$D,M15,1674496800,158230.0,158240.0,157910.0,157940.0,60349,5,182919
WIN$D,M15,1674497700,157945.0,158100.0,157835.0,157920.0,37456,5,113275
WIN$D,M15,1674550800,157625.0,157660.0,157430.0,157615.0,67396,5,186236
WIN$D,M15,1674551700,157615.0,157820.0,157510.0,157815.0,147685,5,408176
WIN$D,M15,1674552600,157820.0,158165.0,157810.0,158145.0,168286,5,475517
WIN$D,M15,1674553500,158145.0,158480.0,158040.0,158355.0,214763,5,592029
WIN$D,M15,1674554400,158355.0,158960.0,158315.0,158775.0,271802,5,801086
WIN$D,M15,1674555300,158775.0,158825.0,158465.0,158515.0,196125,5,570027
WIN$D,M15,1674556200,158515.0,158585.0,158075.0,158090.0,192007,5,589413
WIN$D,M15,1674557100,158085.0,158450.0,158015.0,158425.0,214166,5,662442
WIN$D,M15,1674558000,158430.0,158980.0,158415.0,158745.0,238591,5,746302
WIN$D,M15,1674558900,158745.0,159165.0,158695.0,158975.0,177933,5,537322
WIN$D,M15,1674559800,158975.0,159010.0,158610.0,158690.0,179188,5,567071
WIN$D,M15,1674560700,158680.0,158940.0,158265.0,158285.0,236410,5,754971
WIN$D,M15,1674561600,158285.0,158580.0,158195.0,158545.0,168250,5,535549
WIN$D,M15,1674562500,158550.0,158700.0,158380.0,158495.0,159323,5,487001
WIN$D,M15,1674563400,158495.0,158745.0,158395.0,158685.0,111026,5,343989
WIN$D,M15,1674564300,158690.0,158860.0,158615.0,158665.0,111083,5,346945
WIN$D,M15,1674565200,158665.0,158740.0,158460.0,158475.0,93648,5,289675
WIN$D,M15,1674566100,158480.0,158675.0,158405.0,158675.0,92256,5,284700
WIN$D,M15,1674567000,158675.0,158710.0,158425.0,158610.0,99627,5,311344
WIN$D,M15,1674567900,158605.0,158930.0,158550.0,158750.0,130219,5,395468
WIN$D,M15,1674568800,158750.0,158795.0,158670.0,158750.0,71303,5,225844
WIN$D,M15,1674569700,158755.0,158815.0,158640.0,158760.0,65200,5,223091
WIN$D,M15,1674570600,158755.0,158760.0,158600.0,158675.0,60892,5,205596
WIN$D,M15,1674571500,158670.0,158685.0,158505.0,158615.0,74032,5,245456
WIN$D,M15,1674572400,158615.0,158675.0,158515.0,158570.0,77041,5,248369
WIN$D,M15,1674573300,158570.0,158700.0,158515.0,158680.0,60063,5,203739
WIN$D,M15,1674574200,158680.0,158735.0,158605.0,158680.0,62990,5,220086
WIN$D,M15,1674575100,158685.0,158745.0,158585.0,158590.0,75560,5,273894
WIN$D,M15,1674576000,158590.0,158655.0,158435.0,158620.0,90507,5,297413
WIN$D,M15,1674576900,158615.0,158795.0,158605.0,158745.0,78955,5,265503
WIN$D,M15,1674577800,158750.0,159035.0,158745.0,159025.0,107883,5,368467
WIN$D,M15,1674578700,159020.0,159360.0,158965.0,159275.0,143294,5,498645
WIN$D,M15,1674579600,159275.0,159430.0,159240.0,159275.0,95170,5,354086
WIN$D,M15,1674580500,159270.0,159410.0,159245.0,159350.0,70706,5,251556
WIN$D,M15,1674581400,159355.0,159360.0,159085.0,159200.0,87880,5,327473
WIN$D,M15,1674582300,159195.0,159355.0,159115.0,159320.0,60164,5,221022
WIN$D,M15,1674583200,159315.0,159560.0,159310.0,159475.0,80952,5,268557
WIN$D,M15,1674584100,159470.0,159540.0,159360.0,159460.0,25599,5,79276
WIN$D,M15,1674637200,159035.0,159625.0,158760.0,159345.0,220578,5,537599
WIN$D,M15,1674638100,159350.0,159395.0,159125.0,159210.0,183121,5,472859
WIN$D,M15,1674639000,159210.0,159390.0,159160.0,159205.0,118488,5,300346
WIN$D,M15,1674639900,159200.0,159290.0,159140.0,159195.0,94675,5,259042
WIN$D,M15,1674640800,159190.0,159435.0,158995.0,159030.0,247669,5,690233
WIN$D,M15,1674641700,159030.0,159100.0,158700.0,158730.0,251941,5,701253
WIN$D,M15,1674642600,158730.0,158730.0,158245.0,158540.0,247542,5,740788
WIN$D,M15,1674643500,158540.0,158835.0,158515.0,158730.0,178531,5,537687
WIN$D,M15,1674644400,158730.0,158900.0,158420.0,158715.0,214117,5,625057
WIN$D,M15,1674645300,158710.0,158760.0,158445.0,158570.0,149361,5,427362
WIN$D,M15,1674646200,158575.0,158790.0,158400.0,158765.0,206733,5,609892
WIN$D,M15,1674647100,158760.0,158860.0,158230.0,158480.0,218886,5,648350
WIN$D,M15,1674648000,158485.0,158775.0,158145.0,158730.0,214337,5,635896
WIN$D,M15,1674648900,158730.0,158885.0,158645.0,158800.0,138414,5,398359
WIN$D,M15,1674649800,158800.0,159495.0,158800.0,159455.0,214991,5,645536
WIN$D,M15,1674650700,159450.0,160225.0,159395.0,160160.0,247141,5,781860
WIN$D,M15,1674651600,160155.0,160465.0,160040.0,160305.0,167077,5,529616
WIN$D,M15,1674652500,160310.0,160385.0,160115.0,160125.0,122597,5,373907
WIN$D,M15,1674653400,160120.0,160160.0,159890.0,159950.0,126097,5,395491
WIN$D,M15,1674654300,159950.0,160000.0,159835.0,159875.0,91050,5,286336
WIN$D,M15,1674655200,159875.0,160165.0,159865.0,160070.0,93849,5,292702
WIN$D,M15,1674656100,160065.0,160155.0,160000.0,160040.0,61202,5,194379
WIN$D,M15,1674657000,160040.0,160240.0,160010.0,160140.0,76936,5,246317
WIN$D,M15,1674657900,160140.0,160145.0,159845.0,159940.0,90679,5,278932
WIN$D,M15,1674658800,159940.0,160095.0,159835.0,159935.0,100004,5,323643
WIN$D,M15,1674659700,159935.0,160180.0,159920.0,160150.0,81795,5,256976
WIN$D,M15,1674660600,160150.0,160170.0,160045.0,160170.0,65987,5,211368
WIN$D,M15,1674661500,160165.0,160345.0,160120.0,160175.0,105303,5,350007
WIN$D,M15,1674662400,160175.0,160520.0,160095.0,160505.0,105452,5,359395
WIN$D,M15,1674663300,160510.0,160615.0,160305.0,160450.0,120852,5,399159
WIN$D,M15,1674664200,160445.0,160655.0,160370.0,160605.0,96648,5,312638
WIN$D,M15,1674665100,160610.0,160705.0,160530.0,160605.0,81281,5,264732
WIN$D,M15,1674666000,160605.0,160730.0,160590.0,160690.0,60124,5,189546
WIN$D,M15,1674666900,160695.0,160705.0,160505.0,160550.0,53971,5,178630
WIN$D,M15,1674667800,160550.0,160655.0,160480.0,160625.0,52979,5,186230
WIN$D,M15,1674668700,160630.0,160730.0,160560.0,160615.0,50979,5,178206
WIN$D,M15,1674669600,160620.0,160715.0,160605.0,160695.0,36187,5,121709
WIN$D,M15,1674670500,160700.0,160855.0,160630.0,160855.0,25710,5,94012
WIN$D,M15,1674723600,160605.0,161090.0,160515.0,160785.0,234538,5,602418
WIN$D,M15,1674724500,160780.0,160905.0,160630.0,160835.0,161397,5,434205
WIN$D,M15,1674725400,160835.0,160855.0,160675.0,160765.0,100197,5,267555
WIN$D,M15,1674726300,160760.0,160995.0,160735.0,160840.0,192763,5,517065
WIN$D,M15,1674727200,160840.0,161145.0,160605.0,160825.0,266067,5,713500
WIN$D,M15,1674728100,160820.0,160980.0,160580.0,160680.0,186237,5,491976
WIN$D,M15,1674729000,160675.0,160845.0,160350.0,160505.0,309733,5,832717
WIN$D,M15,1674729900,160505.0,160610.0,160240.0,160575.0,237810,5,688283
WIN$D,M15,1674730800,160575.0,160945.0,160475.0,160750.0,258540,5,769321
WIN$D,M15,1674731700,160750.0,161030.0,160575.0,160685.0,197092,5,586025
WIN$D,M15,1674732600,160685.0,160810.0,160125.0,160155.0,247948,5,770854
WIN$D,M15,1674733500,160155.0,160305.0,159980.0,160235.0,194311,5,586566
WIN$D,M15,1674734400,160235.0,160275.0,159960.0,160155.0,177286,5,547101
WIN$D,M15,1674735300,160155.0,160550.0,160075.0,160320.0,167041,5,533217
WIN$D,M15,1674736200,160320.0,160380.0,160180.0,160190.0,101047,5,312953
WIN$D,M15,1674737100,160190.0,160330.0,159970.0,160020.0,130726,5,427816
WIN$D,M15,1674738000,160020.0,160290.0,159935.0,160200.0,125658,5,401444
WIN$D,M15,1674738900,160195.0,160215.0,159995.0,160145.0,85252,5,265199
WIN$D,M15,1674739800,160145.0,160220.0,159960.0,160045.0,93807,5,294578
WIN$D,M15,1674740700,160045.0,160160.0,160020.0,160080.0,61148,5,200553
WIN$D,M15,1674741600,160085.0,160125.0,159950.0,160040.0,63198,5,211073
WIN$D,M15,1674742500,160040.0,160105.0,159830.0,160085.0,116880,5,383540
WIN$D,M15,1674743400,160090.0,160190.0,160000.0,160145.0,72585,5,231385
WIN$D,M15,1674744300,160145.0,160335.0,160090.0,160155.0,89142,5,296057
WIN$D,M15,1674745200,160155.0,160230.0,160110.0,160155.0,63290,5,200076
WIN$D,M15,1674746100,160150.0,160450.0,160080.0,160415.0,99280,5,328753
WIN$D,M15,1674747000,160420.0,160635.0,160270.0,160330.0,140940,5,482830
WIN$D,M15,1674747900,160330.0,160380.0,160195.0,160305.0,100029,5,330557
WIN$D,M15,1674748800,160305.0,160440.0,160245.0,160375.0,82745,5,295752
WIN$D,M15,1674749700,160380.0,160455.0,160320.0,160390.0,57460,5,202254
WIN$D,M15,1674750600,160395.0,160535.0,160325.0,160490.0,67150,5,245133
WIN$D,M15,1674751500,160485.0,160510.0,160250.0,160420.0,84955,5,298741
WIN$D,M15,1674752400,160415.0,160430.0,160295.0,160380.0,54424,5,210906
WIN$D,M15,1674753300,160385.0,160430.0,160320.0,160415.0,35455,5,123398
WIN$D,M15,1674754200,160410.0,160650.0,160385.0,160500.0,68979,5,249385
WIN$D,M15,1674755100,160505.0,160685.0,160495.0,160620.0,55669,5,193817
WIN$D,M15,1674756000,160625.0,160665.0,160350.0,160420.0,49837,5,157787
WIN$D,M15,1674756900,160415.0,160455.0,160195.0,160195.0,17618,5,62203
WIN$D,M15,1674810000,160390.0,160630.0,160370.0,160430.0,121568,5,311001
WIN$D,M15,1674810900,160435.0,160595.0,160270.0,160275.0,136078,5,365147
WIN$D,M15,1674811800,160270.0,160310.0,160035.0,160135.0,139966,5,412363
WIN$D,M15,1674812700,160130.0,160220.0,159990.0,160120.0,150853,5,440641
WIN$D,M15,1674813600,160115.0,160315.0,160015.0,160140.0,208479,5,641568
WIN$D,M15,1674814500,160140.0,160225.0,159850.0,159945.0,185081,5,553097
WIN$D,M15,1674815400,159950.0,160130.0,159680.0,159760.0,266137,5,793670
WIN$D,M15,1674816300,159760.0,160080.0,159695.0,159785.0,195319,5,575269
WIN$D,M15,1674817200,159790.0,159835.0,159130.0,159220.0,264251,5,798433
WIN$D,M15,1674818100,159220.0,159305.0,159065.0,159165.0,150131,5,443759
WIN$D,M15,1674819000,159165.0,159280.0,158735.0,158755.0,218823,5,693087
WIN$D,M15,1674819900,158755.0,158940.0,158655.0,158915.0,145043,5,456412
WIN$D,M15,1674820800,158920.0,159135.0,158835.0,159040.0,138148,5,434860
WIN$D,M15,1674821700,159040.0,159045.0,158620.0,158820.0,143624,5,446482
WIN$D,M15,1674822600,158820.0,158870.0,158285.0,158360.0,163350,5,515175
WIN$D,M15,1674823500,158355.0,158400.0,158185.0,158340.0,118850,5,367820
WIN$D,M15,1674824400,158345.0,158400.0,158215.0,158285.0,84056,5,265221
WIN$D,M15,1674825300,158285.0,158520.0,158235.0,158460.0,78180,5,243239
WIN$D,M15,1674826200,158465.0,158605.0,158435.0,158490.0,75446,5,223134
WIN$D,M15,1674827100,158495.0,158620.0,158415.0,158555.0,74835,5,218880
WIN$D,M15,1674828000,158555.0,158670.0,158500.0,158645.0,80993,5,235557
WIN$D,M15,1674828900,158645.0,158705.0,158515.0,158545.0,79448,5,252048
WIN$D,M15,1674829800,158540.0,158785.0,158535.0,158755.0,76251,5,229249
WIN$D,M15,1674830700,158760.0,158875.0,158645.0,158795.0,90769,5,284062
WIN$D,M15,1674831600,158795.0,158815.0,158610.0,158810.0,89330,5,276399
WIN$D,M15,1674832500,158810.0,158860.0,158695.0,158730.0,70825,5,211608
WIN$D,M15,1674833400,158730.0,158970.0,158730.0,158825.0,94694,5,291877
WIN$D,M15,1674834300,158825.0,158870.0,158690.0,158740.0,63930,5,191992
WIN$D,M15,1674835200,158735.0,158830.0,158590.0,158675.0,98089,5,316124
WIN$D,M15,1674836100,158675.0,158770.0,158490.0,158575.0,90138,5,286275
WIN$D,M15,1674837000,158575.0,158640.0,158490.0,158535.0,69478,5,202443
WIN$D,M15,1674837900,158535.0,158620.0,158510.0,158600.0,41854,5,114721
WIN$D,M15,1674838800,158600.0,158870.0,158550.0,158750.0,75826,5,233097
WIN$D,M15,1674839700,158745.0,158775.0,158635.0,158680.0,47047,5,157965
WIN$D,M15,1674840600,158680.0,158885.0,158660.0,158785.0,60712,5,190139
WIN$D,M15,1674841500,158790.0,158805.0,158615.0,158675.0,57346,5,184635
WIN$D,M15,1674842400,158670.0,158725.0,158400.0,158475.0,63808,5,192236
WIN$D,M15,1674843300,158480.0,158505.0,158385.0,158420.0,20833,5,59366
WIN$D,M15,1675069200,158170.0,158470.0,157960.0,158425.0,201631,5,501258
WIN$D,M15,1675070100,158430.0,158730.0,158395.0,158700.0,153131,5,415535
WIN$D,M15,1675071000,158700.0,158740.0,158580.0,158700.0,116654,5,310638
WIN$D,M15,1675071900,158705.0,159005.0,158660.0,158960.0,140815,5,406542
WIN$D,M15,1675072800,158960.0,159185.0,158900.0,159020.0,224031,5,621185
WIN$D,M15,1675073700,159020.0,159055.0,158380.0,158640.0,274311,5,790371
WIN$D,M15,1675074600,158635.0,158730.0,158175.0,158540.0,283509,5,761590
WIN$D,M15,1675075500,158540.0,158805.0,158410.0,158760.0,214847,5,612873
WIN$D,M15,1675076400,158755.0,158860.0,158380.0,158500.0,196750,5,555778
WIN$D,M15,1675077300,158500.0,158690.0,158355.0,158635.0,173416,5,501355
WIN$D,M15,1675078200,158630.0,158830.0,158275.0,158365.0,244183,5,709047
WIN$D,M15,1675079100,158370.0,158645.0,158250.0,158275.0,172669,5,527507
WIN$D,M15,1675080000,158280.0,158780.0,158230.0,158610.0,177528,5,544178
WIN$D,M15,1675080900,158610.0,158715.0,158470.0,158570.0,115678,5,338420
WIN$D,M15,1675081800,158575.0,158720.0,158190.0,158235.0,149567,5,466500
WIN$D,M15,1675082700,158235.0,158485.0,158170.0,158430.0,130347,5,404378
WIN$D,M15,1675083600,158430.0,158555.0,158340.0,158450.0,88981,5,271222
WIN$D,M15,1675084500,158445.0,158490.0,158290.0,158470.0,87222,5,264573
WIN$D,M15,1675085400,158465.0,158520.0,158245.0,158305.0,83724,5,272736
WIN$D,M15,1675086300,158305.0,158435.0,158225.0,158385.0,89311,5,272247
WIN$D,M15,1675087200,158385.0,158440.0,158315.0,158355.0,65296,5,195852
WIN$D,M15,1675088100,158355.0,158490.0,158230.0,158435.0,114333,5,364499
WIN$D,M15,1675089000,158435.0,158515.0,158315.0,158495.0,91660,5,287553
WIN$D,M15,1675089900,158500.0,158530.0,158320.0,158425.0,93074,5,289920
WIN$D,M15,1675090800,158430.0,158575.0,158365.0,158495.0,79649,5,253131
WIN$D,M15,1675091700,158490.0,158755.0,158470.0,158490.0,138216,5,441611
WIN$D,M15,1675092600,158490.0,158490.0,158220.0,158375.0,126741,5,414459
WIN$D,M15,1675093500,158375.0,158435.0,158320.0,158395.0,63997,5,196952
WIN$D,M15,1675094400,158400.0,158510.0,158360.0,158450.0,69616,5,221615
WIN$D,M15,1675095300,158455.0,158510.0,158340.0,158380.0,63912,5,203562
WIN$D,M15,1675096200,158380.0,158405.0,158200.0,158220.0,70647,5,238814
WIN$D,M15,1675097100,158220.0,158235.0,157935.0,158100.0,121868,5,412351
WIN$D,M15,1675098000,158105.0,158145.0,158040.0,158065.0,53211,5,165076
WIN$D,M15,1675098900,158065.0,158120.0,157975.0,158045.0,50755,5,165947
WIN$D,M15,1675099800,158050.0,158290.0,158035.0,158205.0,77271,5,266428
WIN$D,M15,1675100700,158200.0,158325.0,158095.0,158285.0,79138,5,264008
WIN$D,M15,1675101600,158285.0,158505.0,158285.0,158500.0,57652,5,177273
WIN$D,M15,1675102500,158500.0,158650.0,158490.0,158625.0,26347,5,82421
WIN$D,M15,1675155600,158215.0,158365.0,158050.0,158285.0,145316,5,388493
WIN$D,M15,1675156500,158290.0,158475.0,158220.0,158470.0,115775,5,315886
WIN$D,M15,1675157400,158470.0,158495.0,158370.0,158440.0,89330,5,240618
WIN$D,M15,1675158300,158440.0,158555.0,158335.0,158375.0,124299,5,335599
WIN$D,M15,1675159200,158380.0,158955.0,158285.0,158905.0,313803,5,878955
WIN$D,M15,1675160100,158900.0,158970.0,158505.0,158605.0,250133,5,681274
WIN$D,M15,1675161000,158605.0,159065.0,158570.0,158885.0,315933,5,927328
WIN$D,M15,1675161900,158885.0,159000.0,158690.0,158985.0,165342,5,465738
WIN$D,M15,1675162800,158980.0,159570.0,158980.0,159480.0,271944,5,849236
WIN$D,M15,1675163700,159485.0,159655.0,159410.0,159505.0,147863,5,418958
WIN$D,M15,1675164600,159510.0,159585.0,159270.0,159385.0,178050,5,530945
WIN$D,M15,1675165500,159380.0,159540.0,159235.0,159395.0,145242,5,430333
WIN$D,M15,1675166400,159400.0,159405.0,159130.0,159300.0,131628,5,383890
WIN$D,M15,1675167300,159300.0,159405.0,159160.0,159245.0,106133,5,308738
WIN$D,M15,1675168200,159245.0,159535.0,159200.0,159500.0,112901,5,332474
WIN$D,M15,1675169100,159505.0,159610.0,159405.0,159475.0,103244,5,304339
WIN$D,M15,1675170000,159480.0,159525.0,159360.0,159365.0,76991,5,226531
WIN$D,M15,1675170900,159365.0,159455.0,159315.0,159420.0,79709,5,234597
WIN$D,M15,1675171800,159415.0,159480.0,159325.0,159325.0,70804,5,209486
WIN$D,M15,1675172700,159325.0,159360.0,159095.0,159305.0,114066,5,359164
WIN$D,M15,1675173600,159305.0,159385.0,159285.0,159340.0,65504,5,202413
WIN$D,M15,1675174500,159340.0,159420.0,159285.0,159385.0,67109,5,213811
WIN$D,M15,1675175400,159385.0,159500.0,159350.0,159375.0,67873,5,209812
WIN$D,M15,1675176300,159375.0,159470.0,159300.0,159320.0,80133,5,242202
WIN$D,M15,1675177200,159325.0,159445.0,159265.0,159430.0,77307,5,229313
WIN$D,M15,1675178100,159435.0,159480.0,159360.0,159460.0,61265,5,185366
WIN$D,M15,1675179000,159460.0,159530.0,159410.0,159500.0,54176,5,163288
WIN$D,M15,1675179900,159495.0,159575.0,159380.0,159430.0,88890,5,285011
WIN$D,M15,1675180800,159435.0,159540.0,159410.0,159540.0,77505,5,230080
WIN$D,M15,1675181700,159540.0,159640.0,159435.0,159480.0,85581,5,261577
WIN$D,M15,1675182600,159485.0,159575.0,159475.0,159540.0,51094,5,153158
WIN$D,M15,1675183500,159535.0,159730.0,159520.0,159595.0,89675,5,301138
WIN$D,M15,1675184400,159600.0,159730.0,159565.0,159640.0,65731,5,205176
WIN$D,M15,1675185300,159635.0,159695.0,159620.0,159645.0,36524,5,117845
WIN$D,M15,1675186200,159645.0,159825.0,159635.0,159770.0,66797,5,229373
WIN$D,M15,1675187100,159765.0,159820.0,159725.0,159800.0,47206,5,160879
WIN$D,M15,1675188000,159800.0,159820.0,159610.0,159650.0,59299,5,178363
WIN$D,M15,1675188900,159650.0,159715.0,159480.0,159540.0,25653,5,78246
WIN$D,M15,1675242000,159420.0,159640.0,159315.0,159325.0,157278,5,398882
WIN$D,M15,1675242900,159325.0,159385.0,159230.0,159300.0,115845,5,315857
WIN$D,M15,1675243800,159305.0,159465.0,159235.0,159320.0,140093,5,382630
WIN$D,M15,1675244700,159315.0,159445.0,159200.0,159335.0,118583,5,330540
WIN$D,M15,1675245600,159335.0,159595.0,159210.0,159440.0,223880,5,622895
WIN$D,M15,1675246500,159435.0,159670.0,159125.0,159210.0,273558,5,734083
WIN$D,M15,1675247400,159210.0,159210.0,158560.0,158750.0,323158,5,975506
WIN$D,M15,1675248300,158745.0,158865.0,158580.0,158610.0,187311,5,516442
WIN$D,M15,1675249200,158615.0,158710.0,158410.0,158685.0,207462,5,602595
WIN$D,M15,1675250100,158685.0,158730.0,158245.0,158305.0,192312,5,547447
WIN$D,M15,1675251000,158310.0,158555.0,158290.0,158370.0,166453,5,474905
WIN$D,M15,1675251900,158370.0,158470.0,158035.0,158115.0,185293,5,549471
WIN$D,M15,1675252800,158120.0,158140.0,157805.0,157925.0,226254,5,661408
WIN$D,M15,1675253700,157925.0,158030.0,157860.0,157890.0,98121,5,273853
WIN$D,M15,1675254600,157895.0,157925.0,157610.0,157685.0,150614,5,472345
WIN$D,M15,1675255500,157685.0,157840.0,157635.0,157750.0,88454,5,274845
WIN$D,M15,1675256400,157745.0,157815.0,157660.0,157795.0,80649,5,243562
WIN$D,M15,1675257300,157795.0,158025.0,157775.0,158015.0,82366,5,274197
WIN$D,M15,1675258200,158015.0,158020.0,157830.0,157850.0,72445,5,232142
WIN$D,M15,1675259100,157845.0,157850.0,157625.0,157675.0,100704,5,318308
WIN$D,M15,1675260000,157670.0,157785.0,157370.0,157435.0,140220,5,478058
WIN$D,M15,1675260900,157430.0,157440.0,157110.0,157170.0,152223,5,504944
WIN$D,M15,1675261800,157170.0,157200.0,156715.0,156855.0,184902,5,615582
WIN$D,M15,1675262700,156855.0,157040.0,156850.0,157010.0,80194,5,251985
WIN$D,M15,1675263600,157015.0,157145.0,156925.0,157135.0,78036,5,252185
WIN$D,M15,1675264500,157135.0,157260.0,157100.0,157260.0,78949,5,263146
WIN$D,M15,1675265400,157260.0,157460.0,157025.0,157090.0,140813,5,478519
WIN$D,M15,1675266300,157090.0,157385.0,157000.0,157350.0,98299,5,312771
WIN$D,M15,1675267200,157350.0,157510.0,157025.0,157375.0,198616,5,551919
WIN$D,M15,1675268100,157380.0,157410.0,157160.0,157275.0,97155,5,284753
WIN$D,M15,1675269000,157270.0,157880.0,156975.0,157835.0,310611,5,912650
WIN$D,M15,1675269900,157835.0,158105.0,157575.0,157840.0,254145,5,760727
WIN$D,M15,1675270800,157840.0,158600.0,157835.0,158255.0,229698,5,729599
WIN$D,M15,1675271700,158260.0,158320.0,158085.0,158225.0,103206,5,300601
WIN$D,M15,1675272600,158225.0,158555.0,158225.0,158310.0,126050,5,426947
WIN$D,M15,1675273500,158305.0,158305.0,157800.0,158040.0,115417,5,349981
WIN$D,M15,1675274400,158040.0,158360.0,157835.0,158200.0,89073,5,259665
WIN$D,M15,1675275300,158200.0,158310.0,157950.0,158290.0,34282,5,107397
WIN$D,M15,1675328400,157660.0,157720.0,156555.0,157055.0,263714,5,588905
WIN$D,M15,1675329300,157050.0,157285.0,156770.0,157250.0,164550,5,446875
WIN$D,M15,1675330200,157245.0,157300.0,156780.0,157015.0,168502,5,465492
WIN$D,M15,1675331100,157015.0,157260.0,156925.0,157100.0,135646,5,368826
WIN$D,M15,1675332000,157105.0,157965.0,157070.0,157880.0,247503,5,681703
WIN$D,M15,1675332900,157880.0,158165.0,157680.0,158090.0,260535,5,695492
WIN$D,M15,1675333800,158090.0,159005.0,158065.0,158705.0,347551,5,953363
WIN$D,M15,1675334700,158710.0,158805.0,158385.0,158535.0,229605,5,670009
WIN$D,M15,1675335600,158540.0,158680.0,158410.0,158490.0,167018,5,478760
WIN$D,M15,1675336500,158485.0,158570.0,158240.0,158330.0,172504,5,530857
WIN$D,M15,1675337400,158325.0,158415.0,157845.0,157935.0,238307,5,742136
WIN$D,M15,1675338300,157930.0,157945.0,157235.0,157385.0,260232,5,760412
WIN$D,M15,1675339200,157385.0,157470.0,156425.0,156680.0,302377,5,962942
WIN$D,M15,1675340100,156680.0,156950.0,156455.0,156510.0,193729,5,595434
WIN$D,M15,1675341000,156510.0,156900.0,156490.0,156845.0,134264,5,406626
WIN$D,M15,1675341900,156845.0,157290.0,156840.0,157180.0,148005,5,469550
WIN$D,M15,1675342800,157180.0,157315.0,157025.0,157140.0,104859,5,323983
WIN$D,M15,1675343700,157140.0,157160.0,156845.0,157070.0,118078,5,369654
WIN$D,M15,1675344600,157065.0,157255.0,156985.0,157210.0,95651,5,294054
WIN$D,M15,1675345500,157210.0,157245.0,157020.0,157235.0,102474,5,314308
WIN$D,M15,1675346400,157235.0,157435.0,157190.0,157255.0,128084,5,435707
WIN$D,M15,1675347300,157255.0,157310.0,157115.0,157170.0,91018,5,294912
WIN$D,M15,1675348200,157165.0,157390.0,157120.0,157325.0,92141,5,309675
WIN$D,M15,1675349100,157325.0,157375.0,157195.0,157310.0,68410,5,226875
WIN$D,M15,1675350000,157310.0,157385.0,157210.0,157235.0,67651,5,215477
WIN$D,M15,1675350900,157235.0,157350.0,157170.0,157230.0,72063,5,233392
WIN$D,M15,1675351800,157225.0,157335.0,157175.0,157205.0,66907,5,218320
WIN$D,M15,1675352700,157210.0,157235.0,156755.0,156835.0,150775,5,495987
WIN$D,M15,1675353600,156835.0,157110.0,156670.0,156690.0,127247,5,416246
WIN$D,M15,1675354500,156690.0,156735.0,155995.0,156200.0,204414,5,681747
WIN$D,M15,1675355400,156205.0,156365.0,156065.0,156255.0,131683,5,398751
WIN$D,M15,1675356300,156250.0,156325.0,155925.0,156075.0,122830,5,393550
WIN$D,M15,1675357200,156080.0,156120.0,155825.0,156015.0,121919,5,392417
WIN$D,M15,1675358100,156015.0,156025.0,155660.0,155850.0,122788,5,414042
WIN$D,M15,1675359000,155850.0,156065.0,155845.0,155970.0,84200,5,267545
WIN$D,M15,1675359900,155970.0,156115.0,155915.0,156015.0,63213,5,186777
WIN$D,M15,1675360800,156015.0,156135.0,155810.0,155870.0,62890,5,192300
WIN$D,M15,1675361700,155870.0,155990.0,155780.0,155925.0,24395,5,86004
WIN$D,M15,1675414800,155410.0,155475.0,154965.0,155415.0,204693,5,539111
WIN$D,M15,1675415700,155415.0,155695.0,155280.0,155515.0,194623,5,528280
WIN$D,M15,1675416600,155510.0,155710.0,155200.0,155535.0,180644,5,491147
WIN$D,M15,1675417500,155535.0,155705.0,155455.0,155530.0,119898,5,339953
WIN$D,M15,1675418400,155535.0,155935.0,155375.0,155730.0,223533,5,621009
WIN$D,M15,1675419300,155730.0,155955.0,155560.0,155760.0,194809,5,518526
WIN$D,M15,1675420200,155755.0,155980.0,155215.0,155410.0,376976,5,907683
WIN$D,M15,1675421100,155410.0,155670.0,154935.0,155655.0,299359,5,807706
WIN$D,M15,1675422000,155655.0,156345.0,155600.0,156245.0,279119,5,831422
WIN$D,M15,1675422900,156250.0,156315.0,155825.0,155885.0,201257,5,598434
WIN$D,M15,1675423800,155885.0,156385.0,155870.0,156195.0,204317,5,592616
WIN$D,M15,1675424700,156195.0,156525.0,156065.0,156080.0,179812,5,540019
WIN$D,M15,1675425600,156070.0,156095.0,155505.0,155990.0,262895,5,771538
WIN$D,M15,1675426500,155990.0,156180.0,155895.0,156070.0,159209,5,470500
WIN$D,M15,1675427400,156070.0,156330.0,155955.0,156100.0,138010,5,403548
WIN$D,M15,1675428300,156100.0,156150.0,155670.0,155720.0,128911,5,386791
WIN$D,M15,1675429200,155720.0,155810.0,155535.0,155740.0,125942,5,370629
WIN$D,M15,1675430100,155735.0,155880.0,155640.0,155695.0,93648,5,269186
WIN$D,M15,1675431000,155695.0,155770.0,155395.0,155575.0,131858,5,399694
WIN$D,M15,1675431900,155570.0,155700.0,155415.0,155450.0,99229,5,298121
WIN$D,M15,1675432800,155445.0,155570.0,155300.0,155490.0,116477,5,366928
WIN$D,M15,1675433700,155490.0,155740.0,155460.0,155570.0,88020,5,272315
WIN$D,M15,1675434600,155575.0,155605.0,155435.0,155540.0,76135,5,230905
WIN$D,M15,1675435500,155540.0,155650.0,155290.0,155380.0,108578,5,339636
WIN$D,M15,1675436400,155385.0,155400.0,154775.0,154945.0,170736,5,518192
WIN$D,M15,1675437300,154945.0,155110.0,154825.0,154830.0,121481,5,360586
WIN$D,M15,1675438200,154830.0,155145.0,154730.0,154915.0,135885,5,422866
WIN$D,M15,1675439100,154915.0,155070.0,154760.0,155015.0,94859,5,300059
WIN$D,M15,1675440000,155020.0,155085.0,154775.0,154905.0,105142,5,321590
WIN$D,M15,1675440900,154900.0,154950.0,154550.0,154640.0,103302,5,331058
WIN$D,M15,1675441800,154645.0,154650.0,154340.0,154470.0,119982,5,377324
WIN$D,M15,1675442700,154470.0,154490.0,154185.0,154275.0,109783,5,360783
WIN$D,M15,1675443600,154275.0,154350.0,154025.0,154255.0,110608,5,363506
WIN$D,M15,1675444500,154250.0,154405.0,154160.0,154320.0,69155,5,229655
WIN$D,M15,1675445400,154325.0,154640.0,154310.0,154565.0,79131,5,273875
WIN$D,M15,1675446300,154565.0,154620.0,154420.0,154480.0,60544,5,202809
WIN$D,M15,1675447200,154480.0,154535.0,154295.0,154345.0,52554,5,178891
WIN$D,M15,1675448100,154345.0,154535.0,154265.0,154390.0,25109,5,78276
WIN$D,M15,1675674000,153910.0,154110.0,153675.0,153835.0,205139,5,483821
WIN$D,M15,1675674900,153840.0,153960.0,153745.0,153905.0,119032,5,299997
WIN$D,M15,1675675800,153900.0,154085.0,153800.0,153940.0,131240,5,345223
WIN$D,M15,1675676700,153940.0,153995.0,153810.0,153955.0,120806,5,330084
WIN$D,M15,1675677600,153955.0,154400.0,153785.0,153795.0,300644,5,854233
WIN$D,M15,1675678500,153800.0,154105.0,153555.0,153900.0,279068,5,782516
WIN$D,M15,1675679400,153900.0,154250.0,153815.0,154225.0,221423,5,616338
WIN$D,M15,1675680300,154225.0,154270.0,153650.0,153850.0,256834,5,745084
WIN$D,M15,1675681200,153845.0,153985.0,153470.0,153565.0,241126,5,714455
WIN$D,M15,1675682100,153565.0,153700.0,153355.0,153575.0,220838,5,668896
WIN$D,M15,1675683000,153570.0,153970.0,153540.0,153745.0,241638,5,720337
WIN$D,M15,1675683900,153740.0,154135.0,153585.0,153665.0,255775,5,743069
WIN$D,M15,1675684800,153665.0,153770.0,153355.0,153455.0,210195,5,631203
WIN$D,M15,1675685700,153460.0,153670.0,153260.0,153375.0,200860,5,614888
WIN$D,M15,1675686600,153380.0,153695.0,153295.0,153675.0,135521,5,397826
WIN$D,M15,1675687500,153675.0,153830.0,153575.0,153785.0,114868,5,359174
WIN$D,M15,1675688400,153785.0,154070.0,153720.0,153845.0,142143,5,449841
WIN$D,M15,1675689300,153845.0,154185.0,153780.0,153900.0,141505,5,436104
WIN$D,M15,1675690200,153895.0,153960.0,153690.0,153765.0,117420,5,357259
WIN$D,M15,1675691100,153760.0,153920.0,153700.0,153860.0,108036,5,327965
WIN$D,M15,1675692000,153855.0,154015.0,153755.0,153980.0,112524,5,345767
WIN$D,M15,1675692900,153980.0,154040.0,153785.0,153810.0,105821,5,327656
WIN$D,M15,1675693800,153810.0,153955.0,153765.0,153820.0,92683,5,281668
WIN$D,M15,1675694700,153825.0,154035.0,153820.0,153860.0,97587,5,306780
WIN$D,M15,1675695600,153860.0,153930.0,153665.0,153890.0,125463,5,389653
WIN$D,M15,1675696500,153885.0,154250.0,153820.0,154090.0,164085,5,531881
WIN$D,M15,1675697400,154095.0,154325.0,154030.0,154090.0,136268,5,428412
WIN$D,M15,1675698300,154095.0,154275.0,153915.0,154265.0,128517,5,435546
WIN$D,M15,1675699200,154265.0,154445.0,154190.0,154295.0,130194,5,430095
WIN$D,M15,1675700100,154295.0,154540.0,154290.0,154515.0,109266,5,354967
WIN$D,M15,1675701000,154515.0,154575.0,154435.0,154460.0,85270,5,284541
WIN$D,M15,1675701900,154455.0,154515.0,154295.0,154385.0,92297,5,325960
WIN$D,M15,1675702800,154380.0,154485.0,154135.0,154245.0,125997,5,427743
WIN$D,M15,1675703700,154250.0,154330.0,154115.0,154320.0,86216,5,279690
WIN$D,M15,1675704600,154315.0,154635.0,154245.0,154565.0,104822,5,342648
WIN$D,M15,1675705500,154565.0,154700.0,154460.0,154520.0,83237,5,268554
WIN$D,M15,1675706400,154520.0,154745.0,154390.0,154725.0,74346,5,231329
WIN$D,M15,1675707300,154725.0,154820.0,154560.0,154560.0,22070,5,75072
WIN$D,M15,1675760400,154915.0,155255.0,154830.0,154985.0,200897,5,501087
WIN$D,M15,1675761300,154985.0,155085.0,154835.0,155030.0,156912,5,405229
WIN$D,M15,1675762200,155030.0,155035.0,154835.0,154855.0,146304,5,395941
WIN$D,M15,1675763100,154860.0,154960.0,154635.0,154705.0,185813,5,508317
WIN$D,M15,1675764000,154705.0,154820.0,153920.0,154230.0,443047,5,1220980
WIN$D,M15,1675764900,154235.0,154375.0,153840.0,154340.0,306991,5,806745
WIN$D,M15,1675765800,154335.0,154410.0,154015.0,154325.0,241913,5,678304
WIN$D,M15,1675766700,154325.0,154530.0,154175.0,154460.0,204618,5,595300
WIN$D,M15,1675767600,154455.0,154560.0,154110.0,154385.0,216008,5,616768
WIN$D,M15,1675768500,154380.0,154515.0,154195.0,154335.0,183004,5,532980
WIN$D,M15,1675769400,154340.0,154665.0,154290.0,154355.0,237587,5,688490
WIN$D,M15,1675770300,154350.0,154360.0,153780.0,154145.0,251101,5,755892
WIN$D,M15,1675771200,154145.0,154175.0,153555.0,153600.0,214991,5,666413
WIN$D,M15,1675772100,153605.0,153860.0,153480.0,153695.0,163668,5,496467
WIN$D,M15,1675773000,153690.0,153770.0,153570.0,153625.0,110889,5,323861
WIN$D,M15,1675773900,153620.0,153700.0,153410.0,153655.0,126085,5,391236
WIN$D,M15,1675774800,153650.0,153860.0,153600.0,153810.0,121233,5,389764
WIN$D,M15,1675775700,153805.0,153840.0,153645.0,153645.0,76994,5,233436
WIN$D,M15,1675776600,153650.0,153805.0,153565.0,153645.0,109570,5,335510
WIN$D,M15,1675777500,153640.0,153685.0,153515.0,153600.0,94477,5,284847
WIN$D,M15,1675778400,153595.0,153805.0,153575.0,153805.0,70616,5,219958
WIN$D,M15,1675779300,153800.0,153940.0,153490.0,153505.0,133405,5,435138
WIN$D,M15,1675780200,153505.0,153755.0,153285.0,153685.0,183829,5,560902
WIN$D,M15,1675781100,153680.0,154315.0,153675.0,154135.0,295943,5,768593
WIN$D,M15,1675782000,154135.0,154200.0,153680.0,153690.0,237155,5,612961
WIN$D,M15,1675782900,153695.0,153820.0,153225.0,153245.0,245648,5,679573
WIN$D,M15,1675783800,153250.0,153385.0,152995.0,153290.0,235250,5,657756
WIN$D,M15,1675784700,153290.0,153510.0,153160.0,153405.0,144300,5,417541
WIN$D,M15,1675785600,153400.0,154000.0,153385.0,153795.0,188162,5,564366
WIN$D,M15,1675786500,153795.0,153885.0,153600.0,153720.0,108064,5,309916
WIN$D,M15,1675787400,153720.0,153970.0,153680.0,153755.0,121093,5,340518
WIN$D,M15,1675788300,153755.0,153815.0,153615.0,153635.0,73376,5,214303
WIN$D,M15,1675789200,153635.0,153785.0,153530.0,153750.0,106108,5,314428
WIN$D,M15,1675790100,153750.0,153905.0,153725.0,153875.0,75617,5,223272
WIN$D,M15,1675791000,153875.0,153885.0,153540.0,153610.0,89155,5,268708
WIN$D,M15,1675791900,153610.0,153890.0,153590.0,153715.0,79907,5,219131
WIN$D,M15,1675792800,153710.0,153725.0,153395.0,153510.0,70215,5,184552
WIN$D,M15,1675793700,153510.0,153660.0,153415.0,153660.0,25823,5,66911
WIN$D,M15,1675846800,154060.0,154440.0,154010.0,154375.0,212476,5,538483
WIN$D,M15,1675847700,154380.0,154615.0,154335.0,154580.0,156228,5,423696
WIN$D,M15,1675848600,154580.0,154835.0,154540.0,154680.0,175300,5,493129
WIN$D,M15,1675849500,154675.0,154690.0,154420.0,154520.0,120485,5,352541
WIN$D,M15,1675850400,154515.0,154715.0,154275.0,154625.0,278306,5,825133
WIN$D,M15,1675851300,154625.0,154635.0,154220.0,154475.0,263769,5,780872
WIN$D,M15,1675852200,154480.0,154515.0,154175.0,154350.0,212238,5,628408
WIN$D,M15,1675853100,154355.0,154580.0,154340.0,154445.0,191484,5,570639
WIN$D,M15,1675854000,154450.0,154490.0,154090.0,154180.0,224257,5,684760
WIN$D,M15,1675854900,154175.0,154460.0,154130.0,154430.0,157851,5,478640
WIN$D,M15,1675855800,154435.0,154800.0,154195.0,154775.0,252378,5,748356
WIN$D,M15,1675856700,154775.0,155115.0,154610.0,154835.0,321634,5,1028610
WIN$D,M15,1675857600,154835.0,155070.0,154775.0,154855.0,179336,5,531996
WIN$D,M15,1675858500,154860.0,154920.0,154680.0,154830.0,149137,5,446034
WIN$D,M15,1675859400,154825.0,154860.0,154470.0,154485.0,157045,5,453897
WIN$D,M15,1675860300,154485.0,154680.0,154380.0,154650.0,141071,5,416819
WIN$D,M15,1675861200,154650.0,154690.0,154505.0,154625.0,104023,5,305412
WIN$D,M15,1675862100,154630.0,154685.0,154225.0,154325.0,140167,5,422369
WIN$D,M15,1675863000,154325.0,154520.0,154210.0,154500.0,127814,5,387815
WIN$D,M15,1675863900,154500.0,155040.0,154495.0,154720.0,215325,5,688629
WIN$D,M15,1675864800,154725.0,154865.0,154630.0,154760.0,107514,5,319060
WIN$D,M15,1675865700,154760.0,154925.0,154710.0,154780.0,91441,5,272198
WIN$D,M15,1675866600,154775.0,154825.0,154425.0,154475.0,122594,5,371542
WIN$D,M15,1675867500,154475.0,154755.0,154460.0,154740.0,93872,5,283763
WIN$D,M15,1675868400,154740.0,155010.0,154725.0,154925.0,134598,5,418039
WIN$D,M15,1675869300,154925.0,155340.0,154915.0,155235.0,150965,5,483569
WIN$D,M15,1675870200,155235.0,155535.0,155060.0,155520.0,204664,5,666275
WIN$D,M15,1675871100,155525.0,155595.0,155360.0,155395.0,129808,5,407442
WIN$D,M15,1675872000,155390.0,155605.0,155315.0,155595.0,100350,5,317057
WIN$D,M15,1675872900,155595.0,156045.0,155555.0,155785.0,172804,5,592641
WIN$D,M15,1675873800,155790.0,156000.0,155780.0,155800.0,91680,5,279535
WIN$D,M15,1675874700,155795.0,155885.0,155625.0,155825.0,103590,5,329060
WIN$D,M15,1675875600,155825.0,155835.0,155635.0,155815.0,79452,5,259158
WIN$D,M15,1675876500,155815.0,155855.0,155655.0,155665.0,60773,5,190049
WIN$D,M15,1675877400,155665.0,155700.0,155540.0,155565.0,69825,5,228794
WIN$D,M15,1675878300,155565.0,155610.0,155440.0,155590.0,78439,5,261561
WIN$D,M15,1675879200,155590.0,155795.0,155560.0,155685.0,65767,5,215744
WIN$D,M15,1675880100,155685.0,156000.0,155680.0,156000.0,24451,5,93424
WIN$D,M15,1675933200,156405.0,156430.0,155965.0,156225.0,185657,5,487538
WIN$D,M15,1675934100,156220.0,156285.0,155690.0,155760.0,173714,5,458622
WIN$D,M15,1675935000,155755.0,155865.0,155600.0,155665.0,148240,5,397334
WIN$D,M15,1675935900,155665.0,155765.0,155640.0,155725.0,94834,5,260626
WIN$D,M15,1675936800,155730.0,155730.0,155395.0,155610.0,240158,5,684232
WIN$D,M15,1675937700,155610.0,155730.0,155295.0,155360.0,224540,5,629002
WIN$D,M15,1675938600,155360.0,155530.0,155115.0,155270.0,226642,5,636255
WIN$D,M15,1675939500,155270.0,155735.0,155270.0,155720.0,188889,5,532013
WIN$D,M15,1675940400,155715.0,155775.0,155300.0,155320.0,203708,5,571215
WIN$D,M15,1675941300,155325.0,155440.0,154600.0,155035.0,329948,5,997349
WIN$D,M15,1675942200,155035.0,155265.0,154685.0,154790.0,252598,5,696313
WIN$D,M15,1675943100,154790.0,154795.0,154280.0,154315.0,242548,5,730046
WIN$D,M15,1675944000,154315.0,154710.0,154225.0,154575.0,195872,5,628545
WIN$D,M15,1675944900,154580.0,154745.0,154390.0,154390.0,137487,5,386010
WIN$D,M15,1675945800,154390.0,154695.0,154390.0,154465.0,110622,5,313797
WIN$D,M15,1675946700,154470.0,154580.0,154375.0,154560.0,109254,5,330125
WIN$D,M15,1675947600,154560.0,154585.0,154100.0,154305.0,149844,5,468856
WIN$D,M15,1675948500,154305.0,154405.0,154235.0,154285.0,98175,5,304743
WIN$D,M15,1675949400,154285.0,154670.0,154200.0,154670.0,127246,5,405459
WIN$D,M15,1675950300,154670.0,154675.0,154410.0,154430.0,90721,5,280195
WIN$D,M15,1675951200,154430.0,154760.0,154385.0,154740.0,112208,5,369562
WIN$D,M15,1675952100,154735.0,155015.0,154655.0,154895.0,127378,5,401728
WIN$D,M15,1675953000,154895.0,154960.0,154505.0,154590.0,135401,5,441948
WIN$D,M15,1675953900,154585.0,154650.0,154400.0,154620.0,104550,5,332080
WIN$D,M15,1675954800,154620.0,154635.0,154310.0,154340.0,120767,5,376552
WIN$D,M15,1675955700,154345.0,154385.0,154075.0,154230.0,136829,5,426511
WIN$D,M15,1675956600,154235.0,154410.0,154095.0,154190.0,138917,5,442818
WIN$D,M15,1675957500,154190.0,154195.0,153920.0,154105.0,149963,5,506379
WIN$D,M15,1675958400,154105.0,154215.0,153895.0,154085.0,135845,5,441651
WIN$D,M15,1675959300,154085.0,154110.0,153875.0,154020.0,128935,5,411202
WIN$D,M15,1675960200,154020.0,154100.0,153845.0,154040.0,124213,5,404158
WIN$D,M15,1675961100,154040.0,154060.0,153810.0,153885.0,92408,5,307318
WIN$D,M15,1675962000,153890.0,153945.0,153670.0,153705.0,118922,5,417121
WIN$D,M15,1675962900,153705.0,153780.0,153535.0,153545.0,102274,5,338315
WIN$D,M15,1675963800,153545.0,153885.0,153480.0,153750.0,111083,5,394067
WIN$D,M15,1675964700,153750.0,153965.0,153710.0,153900.0,75158,5,248611
WIN$D,M15,1675965600,153900.0,154020.0,153600.0,153630.0,67579,5,207705
WIN$D,M15,1675966500,153625.0,153715.0,153535.0,153655.0,30979,5,92312
WIN$D,M15,1676019600,153210.0,153330.0,152680.0,152800.0,200845,5,543740
WIN$D,M15,1676020500,152795.0,153120.0,152740.0,153115.0,141426,5,385672
WIN$D,M15,1676021400,153115.0,153225.0,152980.0,153060.0,163899,5,453420
WIN$D,M15,1676022300,153055.0,153095.0,152785.0,152985.0,165368,5,443777
WIN$D,M15,1676023200,152985.0,153810.0,152940.0,153795.0,304156,5,876615
WIN$D,M15,1676024100,153795.0,153995.0,153690.0,153795.0,270056,5,782569
WIN$D,M15,1676025000,153800.0,154240.0,153715.0,154145.0,246657,5,760839
WIN$D,M15,1676025900,154145.0,154360.0,154050.0,154135.0,193936,5,608645
WIN$D,M15,1676026800,154135.0,154235.0,153950.0,153965.0,157202,5,489220
WIN$D,M15,1676027700,153960.0,154015.0,153695.0,153695.0,137964,5,419560
WIN$D,M15,1676028600,153695.0,153995.0,153455.0,153740.0,262730,5,833011
WIN$D,M15,1676029500,153745.0,153895.0,153560.0,153680.0,179659,5,565790
WIN$D,M15,1676030400,153675.0,153860.0,153510.0,153615.0,184821,5,577167
WIN$D,M15,1676031300,153615.0,153795.0,153525.0,153555.0,127918,5,403853
WIN$D,M15,1676032200,153555.0,153725.0,153385.0,153595.0,153971,5,490487
WIN$D,M15,1676033100,153590.0,153685.0,153375.0,153475.0,107637,5,339920
WIN$D,M15,1676034000,153475.0,153690.0,153450.0,153625.0,90941,5,287636
WIN$D,M15,1676034900,153625.0,153675.0,153485.0,153610.0,76540,5,237072
WIN$D,M15,1676035800,153610.0,153635.0,153350.0,153415.0,97758,5,297978
WIN$D,M15,1676036700,153415.0,153485.0,153280.0,153450.0,97385,5,310516
WIN$D,M15,1676037600,153450.0,153520.0,153330.0,153410.0,88620,5,282853
WIN$D,M15,1676038500,153405.0,153475.0,153360.0,153445.0,59621,5,186750
WIN$D,M15,1676039400,153445.0,153620.0,153355.0,153450.0,115918,5,385609
WIN$D,M15,1676040300,153445.0,153595.0,153395.0,153555.0,88071,5,301657
WIN$D,M15,1676041200,153550.0,153680.0,153410.0,153670.0,86600,5,311258
WIN$D,M15,1676042100,153675.0,153795.0,153565.0,153705.0,131183,5,437430
WIN$D,M15,1676043000,153700.0,153820.0,153540.0,153605.0,113892,5,385428
WIN$D,M15,1676043900,153610.0,153655.0,153510.0,153545.0,73714,5,234034
WIN$D,M15,1676044800,153545.0,153645.0,153510.0,153640.0,55919,5,185499
WIN$D,M15,1676045700,153635.0,153820.0,153470.0,153555.0,100933,5,349725
WIN$D,M15,1676046600,153560.0,153735.0,153540.0,153675.0,61509,5,199408
WIN$D,M15,1676047500,153675.0,153845.0,153645.0,153835.0,64490,5,238069
WIN$D,M15,1676048400,153830.0,154010.0,153820.0,153890.0,82466,5,283256
WIN$D,M15,1676049300,153890.0,153900.0,153685.0,153730.0,55042,5,191340
WIN$D,M15,1676050200,153725.0,154060.0,153715.0,153885.0,82110,5,308118
WIN$D,M15,1676051100,153880.0,154025.0,153730.0,153760.0,62675,5,204496
WIN$D,M15,1676052000,153760.0,153905.0,153670.0,153730.0,43082,5,134356
WIN$D,M15,1676052900,153725.0,153900.0,153615.0,153615.0,19682,5,69874
WIN$D,M15,1676278800,153735.0,153745.0,153305.0,153415.0,149823,5,373956
WIN$D,M15,1676279700,153420.0,153730.0,153380.0,153680.0,134303,5,370661
WIN$D,M15,1676280600,153675.0,153765.0,153540.0,153550.0,109041,5,298936
WIN$D,M15,1676281500,153550.0,153615.0,153290.0,153475.0,148806,5,414615
WIN$D,M15,1676282400,153475.0,153610.0,153170.0,153375.0,265785,5,743842
WIN$D,M15,1676283300,153375.0,153395.0,153085.0,153185.0,203583,5,589506
WIN$D,M15,1676284200,153180.0,153440.0,153030.0,153170.0,225111,5,656252
WIN$D,M15,1676285100,153170.0,153350.0,153040.0,153285.0,172708,5,513741
WIN$D,M15,1676286000,153290.0,153495.0,153165.0,153170.0,210193,5,638075
WIN$D,M15,1676286900,153170.0,153745.0,153070.0,153670.0,243272,5,776723
WIN$D,M15,1676287800,153675.0,154170.0,153595.0,154160.0,273486,5,885302
WIN$D,M15,1676288700,154165.0,154810.0,154105.0,154740.0,252388,5,858519
WIN$D,M15,1676289600,154740.0,154850.0,154565.0,154580.0,177542,5,586102
WIN$D,M15,1676290500,154580.0,154635.0,154430.0,154600.0,113868,5,355333
WIN$D,M15,1676291400,154600.0,154615.0,154445.0,154495.0,83824,5,256766
WIN$D,M15,1676292300,154490.0,154590.0,154420.0,154455.0,89904,5,292816
WIN$D,M15,1676293200,154460.0,154505.0,154405.0,154440.0,54236,5,169249
WIN$D,M15,1676294100,154440.0,154560.0,154435.0,154455.0,63111,5,193690
WIN$D,M15,1676295000,154455.0,154510.0,154310.0,154505.0,84532,5,265880
WIN$D,M15,1676295900,154505.0,154695.0,154445.0,154680.0,85891,5,282029
WIN$D,M15,1676296800,154680.0,154740.0,154615.0,154705.0,79741,5,261387
WIN$D,M15,1676297700,154710.0,154815.0,154665.0,154755.0,78623,5,253177
WIN$D,M15,1676298600,154755.0,154910.0,154640.0,154810.0,110713,5,386705
WIN$D,M15,1676299500,154810.0,154815.0,154500.0,154555.0,98194,5,336793
WIN$D,M15,1676300400,154560.0,154630.0,154340.0,154460.0,117006,5,395732
WIN$D,M15,1676301300,154455.0,154550.0,154445.0,154530.0,62670,5,203340
WIN$D,M15,1676302200,154530.0,154575.0,154435.0,154515.0,60990,5,200969
WIN$D,M15,1676303100,154515.0,154655.0,154485.0,154530.0,81640,5,299976
WIN$D,M15,1676304000,154535.0,154635.0,154500.0,154540.0,57645,5,188901
WIN$D,M15,1676304900,154540.0,154585.0,154490.0,154520.0,47692,5,158918
WIN$D,M15,1676305800,154520.0,154630.0,154445.0,154475.0,80327,5,281103
WIN$D,M15,1676306700,154475.0,154510.0,154255.0,154400.0,92619,5,325967
WIN$D,M15,1676307600,154400.0,154460.0,154315.0,154415.0,59824,5,201127
WIN$D,M15,1676308500,154410.0,154490.0,154305.0,154465.0,60450,5,212704
WIN$D,M15,1676309400,154470.0,154555.0,154400.0,154435.0,60430,5,222059
WIN$D,M15,1676310300,154435.0,154525.0,154415.0,154480.0,37979,5,134394
WIN$D,M15,1676311200,154475.0,154665.0,154465.0,154590.0,47988,5,178759
WIN$D,M15,1676312100,154590.0,154710.0,154505.0,154710.0,22496,5,87605
WIN$D,M15,1676365200,154910.0,155305.0,154820.0,155100.0,199838,5,533513
WIN$D,M15,1676366100,155100.0,155215.0,155015.0,155210.0,131120,5,340995
WIN$D,M15,1676367000,155210.0,155290.0,154990.0,155015.0,113164,5,315405
WIN$D,M15,1676367900,155020.0,155095.0,154895.0,154970.0,113412,5,314474
WIN$D,M15,1676368800,154965.0,155110.0,154725.0,154780.0,252716,5,746054
WIN$D,M15,1676369700,154780.0,154785.0,154385.0,154630.0,214444,5,620455
WIN$D,M15,1676370600,154630.0,155260.0,154110.0,154430.0,489283,5,1376769
WIN$D,M15,1676371500,154435.0,155055.0,154315.0,154505.0,287811,5,837169
WIN$D,M15,1676372400,154510.0,154650.0,154015.0,154095.0,254199,5,780636
WIN$D,M15,1676373300,154095.0,154545.0,154065.0,154370.0,182895,5,555773
WIN$D,M15,1676374200,154370.0,154735.0,154095.0,154670.0,260811,5,812504
WIN$D,M15,1676375100,154670.0,154855.0,154590.0,154835.0,196816,5,612312
WIN$D,M15,1676376000,154830.0,154905.0,154620.0,154670.0,151137,5,501612
WIN$D,M15,1676376900,154670.0,154755.0,154215.0,154245.0,161615,5,522957
WIN$D,M15,1676377800,154250.0,154275.0,153775.0,153905.0,191290,5,635131
WIN$D,M15,1676378700,153900.0,153930.0,153615.0,153695.0,155407,5,526528
WIN$D,M15,1676379600,153695.0,153860.0,153650.0,153755.0,102190,5,305884
WIN$D,M15,1676380500,153750.0,153890.0,153575.0,153600.0,111884,5,356711
WIN$D,M15,1676381400,153595.0,153695.0,153445.0,153630.0,133808,5,431832
WIN$D,M15,1676382300,153625.0,153740.0,153475.0,153710.0,108507,5,336727
WIN$D,M15,1676383200,153705.0,153755.0,153565.0,153725.0,96921,5,308094
WIN$D,M15,1676384100,153725.0,153775.0,153650.0,153695.0,67458,5,220468
WIN$D,M15,1676385000,153690.0,153745.0,153345.0,153445.0,134780,5,457474
WIN$D,M15,1676385900,153440.0,153610.0,153290.0,153495.0,130375,5,435486
WIN$D,M15,1676386800,153495.0,153810.0,153435.0,153620.0,150749,5,512449
WIN$D,M15,1676387700,153615.0,153745.0,153495.0,153540.0,105138,5,354301
WIN$D,M15,1676388600,153545.0,153655.0,153485.0,153510.0,84566,5,296885
WIN$D,M15,1676389500,153510.0,153610.0,153420.0,153425.0,81790,5,291759
WIN$D,M15,1676390400,153430.0,153580.0,153220.0,153245.0,132124,5,482023
WIN$D,M15,1676391300,153240.0,153490.0,153235.0,153350.0,91517,5,324815
WIN$D,M15,1676392200,153355.0,153390.0,153250.0,153310.0,72221,5,249097
WIN$D,M15,1676393100,153310.0,153360.0,153120.0,153225.0,83500,5,295217
WIN$D,M15,1676394000,153230.0,153250.0,153110.0,153160.0,63668,5,225644
WIN$D,M15,1676394900,153160.0,153285.0,153135.0,153230.0,54610,5,190241
WIN$D,M15,1676395800,153235.0,153690.0,153185.0,153525.0,115542,5,453869
WIN$D,M15,1676396700,153525.0,153605.0,153370.0,153435.0,75582,5,242164
WIN$D,M15,1676397600,153435.0,153475.0,153240.0,153330.0,63949,5,184751
WIN$D,M15,1676398500,153325.0,153455.0,153265.0,153330.0,20030,5,58907
WIN$D,M15,1676451600,153675.0,153795.0,153430.0,153600.0,125123,5,331660
WIN$D,M15,1676452500,153600.0,153695.0,153335.0,153440.0,108690,5,303675
WIN$D,M15,1676453400,153435.0,153505.0,153180.0,153235.0,126642,5,408287
WIN$D,M15,1676454300,153235.0,153260.0,153020.0,153100.0,99571,5,299320
WIN$D,M15,1676455200,153100.0,153305.0,153085.0,153300.0,150182,5,461667
WIN$D,M15,1676456100,153295.0,153390.0,152950.0,153175.0,184081,5,563041
WIN$D,M15,1676457000,153180.0,154240.0,152880.0,154105.0,287364,5,910484
WIN$D,M15,1676457900,154105.0,154240.0,153530.0,153585.0,266432,5,894840
WIN$D,M15,1676458800,153590.0,154380.0,153520.0,154250.0,180208,5,570042
WIN$D,M15,1676459700,154255.0,154685.0,154200.0,154405.0,175001,5,547788
WIN$D,M15,1676460600,154405.0,154680.0,154365.0,154600.0,159520,5,504761
WIN$D,M15,1676461500,154600.0,154725.0,154230.0,154355.0,151175,5,483076
WIN$D,M15,1676462400,154360.0,154715.0,154245.0,154640.0,115581,5,374656
WIN$D,M15,1676463300,154640.0,154835.0,154495.0,154740.0,131967,5,424710
WIN$D,M15,1676464200,154740.0,154855.0,154600.0,154655.0,104131,5,326490
WIN$D,M15,1676465100,154655.0,154765.0,154550.0,154730.0,89026,5,274335
WIN$D,M15,1676466000,154730.0,154750.0,154585.0,154670.0,66601,5,206151
WIN$D,M15,1676466900,154675.0,154790.0,154565.0,154750.0,68581,5,224979
WIN$D,M15,1676467800,154745.0,154785.0,154445.0,154565.0,94192,5,334274
WIN$D,M15,1676468700,154565.0,154720.0,154550.0,154600.0,67978,5,241311
WIN$D,M15,1676469600,154600.0,154685.0,154495.0,154675.0,66441,5,221126
WIN$D,M15,1676470500,154675.0,154800.0,154595.0,154610.0,70157,5,225535
WIN$D,M15,1676471400,154605.0,155065.0,154510.0,155050.0,113848,5,409744
WIN$D,M15,1676472300,155045.0,155305.0,154870.0,155295.0,154323,5,554114
WIN$D,M15,1676473200,155295.0,155610.0,155210.0,155580.0,154935,5,559805
WIN$D,M15,1676474100,155585.0,155860.0,155565.0,155835.0,127067,5,472890
WIN$D,M15,1676475000,155835.0,155925.0,155605.0,155760.0,117022,5,429212
WIN$D,M15,1676475900,155760.0,155835.0,155630.0,155730.0,74997,5,264697
WIN$D,M15,1676476800,155735.0,155885.0,155675.0,155875.0,60337,5,223220
WIN$D,M15,1676477700,155870.0,155975.0,155705.0,155715.0,95649,5,347379
WIN$D,M15,1676478600,155710.0,155755.0,155500.0,155530.0,85195,5,327794
WIN$D,M15,1676479500,155530.0,155545.0,155340.0,155365.0,74962,5,292439
WIN$D,M15,1676480400,155365.0,155410.0,155175.0,155360.0,88442,5,344302
WIN$D,M15,1676481300,155355.0,155360.0,155130.0,155155.0,69264,5,261066
WIN$D,M15,1676482200,155150.0,155155.0,154935.0,155085.0,76086,5,291266
WIN$D,M15,1676483100,155085.0,155340.0,155060.0,155325.0,62874,5,226561
WIN$D,M15,1676484000,155330.0,155475.0,155280.0,155385.0,47829,5,158897
WIN$D,M15,1676484900,155385.0,155520.0,155340.0,155340.0,19093,5,85741
WIN$D,M15,1676538000,155415.0,155660.0,155050.0,155095.0,190414,5,477400
WIN$D,M15,1676538900,155100.0,155125.0,154715.0,154740.0,158119,5,442719
WIN$D,M15,1676539800,154740.0,154810.0,154655.0,154675.0,104458,5,311154
WIN$D,M15,1676540700,154675.0,154735.0,154545.0,154635.0,122030,5,351645
WIN$D,M15,1676541600,154635.0,154840.0,154535.0,154775.0,188355,5,576844
WIN$D,M15,1676542500,154775.0,154855.0,154545.0,154790.0,192202,5,544558
WIN$D,M15,1676543400,154785.0,154795.0,154330.0,154570.0,295039,5,802551
WIN$D,M15,1676544300,154575.0,154870.0,154285.0,154860.0,245475,5,746375
WIN$D,M15,1676545200,154860.0,155055.0,154600.0,154645.0,184702,5,572419
WIN$D,M15,1676546100,154650.0,154905.0,154460.0,154640.0,155947,5,523614
WIN$D,M15,1676547000,154640.0,154775.0,154110.0,154135.0,233609,5,768322
WIN$D,M15,1676547900,154140.0,154290.0,153950.0,154175.0,174019,5,564916
WIN$D,M15,1676548800,154175.0,154315.0,153950.0,154260.0,178182,5,579633
WIN$D,M15,1676549700,154255.0,154530.0,154205.0,154415.0,128568,5,430348
WIN$D,M15,1676550600,154415.0,154575.0,154305.0,154345.0,124602,5,407867
WIN$D,M15,1676551500,154350.0,154575.0,154285.0,154370.0,113889,5,369218
WIN$D,M15,1676552400,154375.0,154445.0,154255.0,154375.0,89455,5,298035
WIN$D,M15,1676553300,154375.0,154405.0,154230.0,154380.0,94605,5,306618
WIN$D,M15,1676554200,154380.0,154515.0,154280.0,154485.0,96430,5,312137
WIN$D,M15,1676555100,154480.0,154710.0,154415.0,154460.0,112411,5,384375
WIN$D,M15,1676556000,154460.0,154630.0,154425.0,154485.0,92285,5,317783
WIN$D,M15,1676556900,154480.0,154665.0,154335.0,154595.0,104924,5,356460
WIN$D,M15,1676557800,154595.0,154625.0,154475.0,154575.0,80079,5,274635
WIN$D,M15,1676558700,154575.0,154770.0,154530.0,154700.0,125168,5,451147
WIN$D,M15,1676559600,154705.0,155200.0,154700.0,154970.0,203617,5,772998
WIN$D,M15,1676560500,154970.0,155160.0,154900.0,155110.0,109847,5,394771
WIN$D,M15,1676561400,155110.0,155405.0,155015.0,155290.0,154088,5,569152
WIN$D,M15,1676562300,155290.0,155465.0,155265.0,155285.0,99370,5,349458
WIN$D,M15,1676563200,155290.0,155410.0,155070.0,155275.0,132630,5,484330
WIN$D,M15,1676564100,155275.0,155825.0,155255.0,155760.0,177603,5,662625
WIN$D,M15,1676565000,155755.0,156110.0,155680.0,156090.0,135077,5,504234
WIN$D,M15,1676565900,156090.0,156130.0,155905.0,155965.0,103864,5,376373
WIN$D,M15,1676566800,155960.0,156010.0,155615.0,155645.0,139326,5,520524
WIN$D,M15,1676567700,155650.0,155695.0,155485.0,155640.0,86530,5,339992
WIN$D,M15,1676568600,155645.0,155860.0,155355.0,155825.0,110185,5,437409
WIN$D,M15,1676569500,155820.0,155855.0,155635.0,155645.0,66700,5,256437
WIN$D,M15,1676570400,155645.0,155915.0,155475.0,155775.0,58600,5,247202
WIN$D,M15,1676571300,155775.0,156075.0,155755.0,156060.0,28652,5,115134
WIN$D,M15,1676624400,155120.0,155170.0,154815.0,155030.0,151601,5,403562
WIN$D,M15,1676625300,155030.0,155195.0,154905.0,155160.0,135495,5,403925
WIN$D,M15,1676626200,155155.0,155170.0,154995.0,155090.0,110107,5,322268
WIN$D,M15,1676627100,155085.0,155145.0,154960.0,155095.0,93217,5,273802
WIN$D,M15,1676628000,155095.0,155245.0,154735.0,154820.0,273622,5,795506
WIN$D,M15,1676628900,154815.0,154985.0,154565.0,154760.0,221476,5,613902
WIN$D,M15,1676629800,154755.0,155105.0,154655.0,155015.0,187974,5,554317
WIN$D,M15,1676630700,155015.0,155245.0,154915.0,155160.0,174171,5,513907
WIN$D,M15,1676631600,155160.0,155285.0,154915.0,154955.0,189710,5,580666
WIN$D,M15,1676632500,154955.0,155215.0,154775.0,154830.0,173402,5,536280
WIN$D,M15,1676633400,154830.0,155315.0,154745.0,155035.0,249081,5,772498
WIN$D,M15,1676634300,155030.0,155045.0,154550.0,154880.0,214090,5,700539
WIN$D,M15,1676635200,154885.0,155475.0,154855.0,155285.0,264450,5,837826
WIN$D,M15,1676636100,155280.0,155510.0,155080.0,155130.0,187930,5,583741
WIN$D,M15,1676637000,155135.0,155350.0,155020.0,155045.0,127665,5,394923
WIN$D,M15,1676637900,155040.0,155160.0,154865.0,154925.0,114011,5,363521
WIN$D,M15,1676638800,154925.0,155150.0,154895.0,154985.0,94221,5,299258
WIN$D,M15,1676639700,154985.0,155040.0,154815.0,154905.0,81072,5,271466
WIN$D,M15,1676640600,154900.0,155145.0,154805.0,154945.0,116993,5,385729
WIN$D,M15,1676641500,154945.0,155135.0,154925.0,155110.0,83038,5,272051
WIN$D,M15,1676642400,155105.0,155400.0,155105.0,155255.0,126902,5,430373
WIN$D,M15,1676643300,155250.0,155400.0,155140.0,155320.0,105822,5,352038
WIN$D,M15,1676644200,155320.0,155365.0,155195.0,155265.0,64991,5,209858
WIN$D,M15,1676645100,155260.0,155285.0,155050.0,155130.0,80384,5,269350
WIN$D,M15,1676646000,155135.0,155175.0,155005.0,155140.0,80110,5,271548
WIN$D,M15,1676646900,155140.0,155250.0,154975.0,155025.0,96726,5,326535
WIN$D,M15,1676647800,155025.0,155075.0,154915.0,154990.0,73858,5,247065
WIN$D,M15,1676648700,154995.0,155115.0,154930.0,155040.0,68905,5,232944
WIN$D,M15,1676649600,155040.0,155145.0,154960.0,154985.0,69260,5,249528
WIN$D,M15,1676650500,154980.0,155190.0,154975.0,155075.0,80039,5,284664
WIN$D,M15,1676651400,155075.0,155115.0,155010.0,155080.0,49097,5,170280
WIN$D,M15,1676652300,155080.0,155205.0,155020.0,155205.0,52478,5,183916
WIN$D,M15,1676653200,155200.0,155260.0,155105.0,155135.0,56131,5,205539
WIN$D,M15,1676654100,155130.0,155155.0,154850.0,154930.0,68660,5,262155
WIN$D,M15,1676655000,154935.0,155060.0,154835.0,154935.0,63283,5,234966
WIN$D,M15,1676655900,154940.0,154960.0,154730.0,154740.0,57532,5,205161
WIN$D,M15,1676656800,154735.0,154820.0,154680.0,154710.0,37524,5,131020
WIN$D,M15,1676657700,154710.0,154870.0,154570.0,154570.0,19836,5,79016
WIN$D,M15,1677070800,153760.0,153790.0,152255.0,152345.0,293872,5,839917
WIN$D,M15,1677071700,152350.0,152455.0,152150.0,152335.0,170588,5,533511
WIN$D,M15,1677072600,152335.0,152535.0,152275.0,152430.0,132386,5,438486
WIN$D,M15,1677073500,152435.0,152670.0,152410.0,152610.0,119110,5,396453
WIN$D,M15,1677074400,152610.0,152685.0,152435.0,152560.0,136858,5,452957
WIN$D,M15,1677075300,152560.0,152860.0,152555.0,152715.0,130093,5,440929
WIN$D,M15,1677076200,152720.0,152955.0,152700.0,152800.0,125439,5,412702
WIN$D,M15,1677077100,152800.0,153010.0,152695.0,152745.0,130058,5,440155
WIN$D,M15,1677078000,152740.0,152915.0,152680.0,152760.0,104789,5,350710
WIN$D,M15,1677078900,152765.0,152835.0,152645.0,152665.0,89281,5,313558
WIN$D,M15,1677079800,152665.0,152750.0,152560.0,152720.0,105421,5,352434
WIN$D,M15,1677080700,152715.0,152735.0,152520.0,152615.0,91308,5,301093
WIN$D,M15,1677081600,152610.0,152795.0,152380.0,152455.0,215382,5,689453
WIN$D,M15,1677082500,152460.0,152665.0,152315.0,152570.0,140270,5,452362
WIN$D,M15,1677083400,152565.0,152595.0,152165.0,152235.0,152404,5,535787
WIN$D,M15,1677084300,152235.0,152420.0,152195.0,152295.0,96330,5,336548
WIN$D,M15,1677085200,152295.0,152455.0,152265.0,152370.0,77833,5,262877
WIN$D,M15,1677086100,152365.0,152555.0,152345.0,152480.0,72214,5,247542
WIN$D,M15,1677087000,152475.0,152635.0,152430.0,152505.0,80918,5,285651
WIN$D,M15,1677087900,152505.0,152670.0,152490.0,152645.0,65067,5,227845
WIN$D,M15,1677088800,152650.0,152705.0,152575.0,152610.0,45250,5,145183
WIN$D,M15,1677089700,152610.0,152625.0,152370.0,152370.0,20475,5,84492
WIN$D,M15,1677142800,152985.0,153070.0,152830.0,152995.0,133664,5,334375
WIN$D,M15,1677143700,152995.0,153145.0,152855.0,153005.0,132314,5,354868
WIN$D,M15,1677144600,153000.0,153095.0,152780.0,152880.0,140898,5,404388
WIN$D,M15,1677145500,152880.0,152905.0,152600.0,152620.0,122288,5,360268
WIN$D,M15,1677146400,152620.0,152925.0,152545.0,152760.0,227859,5,696333
WIN$D,M15,1677147300,152760.0,152845.0,152555.0,152640.0,177081,5,502839
WIN$D,M15,1677148200,152640.0,153195.0,152530.0,153170.0,242681,5,737496
WIN$D,M15,1677149100,153170.0,153555.0,152880.0,153395.0,258368,5,843336
WIN$D,M15,1677150000,153395.0,154075.0,153365.0,154040.0,218293,5,740240
WIN$D,M15,1677150900,154045.0,154095.0,153865.0,154050.0,136486,5,450716
WIN$D,M15,1677151800,154050.0,154155.0,153825.0,153935.0,168809,5,577714
WIN$D,M15,1677152700,153930.0,154240.0,153885.0,154045.0,151692,5,539086
WIN$D,M15,1677153600,154040.0,154080.0,153675.0,153770.0,135801,5,504020
WIN$D,M15,1677154500,153770.0,153915.0,153675.0,153880.0,96934,5,349524
WIN$D,M15,1677155400,153885.0,153900.0,153435.0,153440.0,117729,5,420603
WIN$D,M15,1677156300,153445.0,153455.0,152975.0,153135.0,163483,5,588709
WIN$D,M15,1677157200,153130.0,153240.0,152685.0,152780.0,160712,5,565031
WIN$D,M15,1677158100,152785.0,152910.0,152715.0,152790.0,110701,5,383305
WIN$D,M15,1677159000,152795.0,152885.0,152330.0,152395.0,151790,5,563994
WIN$D,M15,1677159900,152390.0,152480.0,152205.0,152335.0,120900,5,427713
WIN$D,M15,1677160800,152340.0,152530.0,152250.0,152320.0,105680,5,364110
WIN$D,M15,1677161700,152315.0,152440.0,152085.0,152310.0,130292,5,464906
WIN$D,M15,1677162600,152310.0,152505.0,152280.0,152495.0,78275,5,263845
WIN$D,M15,1677163500,152495.0,152525.0,152415.0,152470.0,61919,5,212597
WIN$D,M15,1677164400,152465.0,152515.0,152290.0,152305.0,73192,5,258397
WIN$D,M15,1677165300,152305.0,152460.0,152245.0,152420.0,73365,5,270766
WIN$D,M15,1677166200,152425.0,152535.0,152320.0,152465.0,71983,5,299255
WIN$D,M15,1677167100,152460.0,152575.0,152440.0,152540.0,76699,5,302470
WIN$D,M15,1677168000,152540.0,152685.0,152505.0,152645.0,70938,5,266314
WIN$D,M15,1677168900,152640.0,152945.0,152635.0,152920.0,107079,5,432519
WIN$D,M15,1677169800,152920.0,153095.0,152865.0,152925.0,98094,5,401087
WIN$D,M15,1677170700,152925.0,153095.0,152875.0,152935.0,80808,5,321093
WIN$D,M15,1677171600,152935.0,153140.0,152935.0,153095.0,67594,5,258608
WIN$D,M15,1677172500,153095.0,153210.0,153045.0,153180.0,52480,5,204938
WIN$D,M15,1677173400,153180.0,153335.0,153140.0,153280.0,64308,5,268572
WIN$D,M15,1677174300,153285.0,153285.0,153035.0,153105.0,58595,5,232933
WIN$D,M15,1677175200,153105.0,153190.0,153060.0,153175.0,25984,5,100965
WIN$D,M15,1677176100,153175.0,153215.0,153050.0,153050.0,15910,5,65524
WIN$D,M15,1677229200,152475.0,152775.0,152365.0,152660.0,149445,5,415441
WIN$D,M15,1677230100,152660.0,152785.0,152615.0,152740.0,98217,5,280273
WIN$D,M15,1677231000,152745.0,152955.0,152725.0,152890.0,123736,5,374211
WIN$D,M15,1677231900,152895.0,152900.0,152710.0,152735.0,83532,5,265370
WIN$D,M15,1677232800,152740.0,152975.0,152615.0,152630.0,205604,5,664804
WIN$D,M15,1677233700,152630.0,152965.0,152560.0,152830.0,173037,5,534387
WIN$D,M15,1677234600,152830.0,152925.0,152395.0,152640.0,291960,5,940056
WIN$D,M15,1677235500,152640.0,152825.0,152555.0,152635.0,180538,5,578747
WIN$D,M15,1677236400,152635.0,152745.0,152275.0,152325.0,167663,5,565984
WIN$D,M15,1677237300,152325.0,152325.0,151895.0,152060.0,165569,5,580491
WIN$D,M15,1677238200,152060.0,152225.0,151880.0,151945.0,213145,5,708522
WIN$D,M15,1677239100,151955.0,151960.0,151640.0,151795.0,157904,5,556936
WIN$D,M15,1677240000,151795.0,151915.0,151625.0,151630.0,153356,5,517984
WIN$D,M15,1677240900,151630.0,151675.0,151335.0,151380.0,135972,5,485531
WIN$D,M15,1677241800,151380.0,151400.0,151180.0,151345.0,130542,5,469646
WIN$D,M15,1677242700,151340.0,151385.0,151150.0,151225.0,92122,5,339244
WIN$D,M15,1677243600,151220.0,151330.0,151185.0,151300.0,60660,5,212448
WIN$D,M15,1677244500,151300.0,151565.0,151275.0,151480.0,95103,5,366304
WIN$D,M15,1677245400,151485.0,151585.0,151410.0,151490.0,79579,5,300378
WIN$D,M15,1677246300,151490.0,151575.0,151445.0,151520.0,61270,5,228009
WIN$D,M15,1677247200,151520.0,151540.0,151355.0,151400.0,64016,5,238107
WIN$D,M15,1677248100,151405.0,151445.0,151310.0,151405.0,68571,5,238995
WIN$D,M15,1677249000,151400.0,151470.0,151320.0,151330.0,61000,5,224209
WIN$D,M15,1677249900,151330.0,151340.0,150920.0,151000.0,134856,5,512961
WIN$D,M15,1677250800,151005.0,151045.0,150680.0,150790.0,155810,5,601361
WIN$D,M15,1677251700,150785.0,150925.0,150705.0,150870.0,81972,5,302688
WIN$D,M15,1677252600,150875.0,150935.0,150810.0,150905.0,53182,5,203133
WIN$D,M15,1677253500,150900.0,150965.0,150855.0,150905.0,45058,5,169546
WIN$D,M15,1677254400,150905.0,151020.0,150840.0,150965.0,60720,5,230087
WIN$D,M15,1677255300,150960.0,151130.0,150930.0,151040.0,73910,5,290482
WIN$D,M15,1677256200,151040.0,151065.0,150985.0,151000.0,45861,5,175766
WIN$D,M15,1677257100,151005.0,151305.0,150985.0,151275.0,77229,5,302856
WIN$D,M15,1677258000,151270.0,151300.0,151180.0,151235.0,54917,5,209366
WIN$D,M15,1677258900,151235.0,151315.0,151175.0,151260.0,47610,5,177147
WIN$D,M15,1677259800,151260.0,151280.0,151110.0,151190.0,60027,5,239010
WIN$D,M15,1677260700,151195.0,151315.0,151175.0,151295.0,51923,5,195809
WIN$D,M15,1677261600,151295.0,151305.0,151155.0,151210.0,40608,5,143117
WIN$D,M15,1677262500,151210.0,151365.0,151080.0,151365.0,23087,5,89080
WIN$D,M15,1677488400,151830.0,151920.0,151495.0,151640.0,155164,5,387496
WIN$D,M15,1677489300,151635.0,151710.0,151470.0,151565.0,102997,5,285321
WIN$D,M15,1677490200,151565.0,151720.0,151475.0,151675.0,110232,5,308539
WIN$D,M15,1677491100,151680.0,151765.0,151385.0,151455.0,158818,5,449031
WIN$D,M15,1677492000,151450.0,151655.0,151305.0,151305.0,227132,5,662253
WIN$D,M15,1677492900,151305.0,151315.0,151040.0,151070.0,220514,5,628156
WIN$D,M15,1677493800,151070.0,151465.0,150925.0,151450.0,272404,5,803942
WIN$D,M15,1677494700,151450.0,151585.0,151115.0,151140.0,213976,5,685128
WIN$D,M15,1677495600,151140.0,151285.0,150795.0,150860.0,204572,5,658131
WIN$D,M15,1677496500,150860.0,151170.0,150755.0,151115.0,150945,5,479214
WIN$D,M15,1677497400,151110.0,151220.0,150795.0,151065.0,223990,5,690560
WIN$D,M15,1677498300,151065.0,151225.0,151010.0,151205.0,134544,5,404260
WIN$D,M15,1677499200,151205.0,151460.0,151080.0,151455.0,140467,5,460237
WIN$D,M15,1677500100,151450.0,151695.0,151105.0,151200.0,181814,5,614326
WIN$D,M15,1677501000,151205.0,151250.0,150535.0,150700.0,200401,5,659726
WIN$D,M15,1677501900,150695.0,150825.0,150590.0,150820.0,110963,5,354655
WIN$D,M15,1677502800,150825.0,151215.0,150820.0,150975.0,136612,5,463306
WIN$D,M15,1677503700,150970.0,151115.0,150925.0,150935.0,90513,5,300336
WIN$D,M15,1677504600,150930.0,151085.0,150785.0,151065.0,101845,5,325742
WIN$D,M15,1677505500,151065.0,151330.0,151050.0,151265.0,99521,5,346029
WIN$D,M15,1677506400,151270.0,151385.0,151115.0,151155.0,146721,5,512534
WIN$D,M15,1677507300,151155.0,151285.0,151100.0,151170.0,84170,5,284328
WIN$D,M15,1677508200,151175.0,151420.0,151170.0,151270.0,94371,5,324642
WIN$D,M15,1677509100,151270.0,151355.0,151155.0,151155.0,79651,5,269734
WIN$D,M15,1677510000,151160.0,151260.0,151105.0,151205.0,86480,5,291307
WIN$D,M15,1677510900,151210.0,151410.0,151135.0,151375.0,137870,5,479811
WIN$D,M15,1677511800,151375.0,151825.0,151350.0,151465.0,194978,5,674373
WIN$D,M15,1677512700,151465.0,151540.0,151355.0,151480.0,98500,5,311941
WIN$D,M15,1677513600,151475.0,151555.0,151295.0,151355.0,84352,5,272632
WIN$D,M15,1677514500,151350.0,151355.0,151010.0,151115.0,118202,5,382929
WIN$D,M15,1677515400,151120.0,151160.0,150980.0,151155.0,78524,5,245785
WIN$D,M15,1677516300,151155.0,151345.0,151110.0,151285.0,79034,5,255588
WIN$D,M15,1677517200,151285.0,151410.0,151240.0,151400.0,73408,5,245651
WIN$D,M15,1677518100,151400.0,151520.0,151375.0,151485.0,74028,5,243188
WIN$D,M15,1677519000,151490.0,151505.0,151040.0,151165.0,107137,5,387600
WIN$D,M15,1677519900,151165.0,151220.0,150915.0,151025.0,104362,5,351812
WIN$D,M15,1677520800,151025.0,151100.0,150915.0,150955.0,66678,5,237040
WIN$D,M15,1677521700,150955.0,151055.0,150800.0,150800.0,36957,5,182846
WIN$D,M15,1677574800,150975.0,151255.0,150830.0,150890.0,147613,5,371376
WIN$D,M15,1677575700,150890.0,151150.0,150755.0,150890.0,153394,5,411905
WIN$D,M15,1677576600,150895.0,151135.0,150880.0,150975.0,126510,5,332629
WIN$D,M15,1677577500,150975.0,151175.0,150935.0,151070.0,109846,5,296666
WIN$D,M15,1677578400,151070.0,151195.0,150880.0,151135.0,203953,5,570756
WIN$D,M15,1677579300,151135.0,151965.0,151115.0,151650.0,318745,5,934704
WIN$D,M15,1677580200,151655.0,152140.0,151600.0,152010.0,295114,5,846405
WIN$D,M15,1677581100,152010.0,152090.0,151845.0,151940.0,151198,5,439728
WIN$D,M15,1677582000,151935.0,152065.0,151555.0,151575.0,175972,5,557916
WIN$D,M15,1677582900,151575.0,151840.0,151355.0,151365.0,214217,5,655529
WIN$D,M15,1677583800,151360.0,151390.0,150785.0,151045.0,277937,5,851499
WIN$D,M15,1677584700,151045.0,151305.0,150950.0,150975.0,188176,5,571116
WIN$D,M15,1677585600,150975.0,151135.0,150655.0,150875.0,222135,5,711904
WIN$D,M15,1677586500,150875.0,151165.0,150790.0,151145.0,128048,5,400705
WIN$D,M15,1677587400,151145.0,151235.0,150810.0,150845.0,122222,5,373609
WIN$D,M15,1677588300,150845.0,150965.0,150565.0,150590.0,137878,5,449575
WIN$D,M15,1677589200,150590.0,151030.0,150280.0,150400.0,213117,5,705783
WIN$D,M15,1677590100,150400.0,150890.0,150390.0,150630.0,175309,5,548088
WIN$D,M15,1677591000,150625.0,150700.0,150380.0,150475.0,115869,5,349413
WIN$D,M15,1677591900,150470.0,150805.0,150355.0,150755.0,117131,5,383336
WIN$D,M15,1677592800,150760.0,151205.0,150760.0,151025.0,146144,5,482655
WIN$D,M15,1677593700,151030.0,151045.0,150755.0,150875.0,91501,5,287267
WIN$D,M15,1677594600,150875.0,151325.0,150775.0,151265.0,115368,5,410361
WIN$D,M15,1677595500,151270.0,151360.0,151065.0,151245.0,124951,5,412295
WIN$D,M15,1677596400,151250.0,151285.0,150965.0,151045.0,100119,5,330266
WIN$D,M15,1677597300,151040.0,151095.0,150945.0,151025.0,77080,5,270245
WIN$D,M15,1677598200,151025.0,151055.0,150810.0,150960.0,105726,5,353889
WIN$D,M15,1677599100,150965.0,151045.0,150895.0,151020.0,75884,5,250840
WIN$D,M15,1677600000,151025.0,151300.0,151000.0,151235.0,96801,5,316265
WIN$D,M15,1677600900,151235.0,151375.0,151115.0,151205.0,87705,5,296834
WIN$D,M15,1677601800,151205.0,151235.0,150880.0,150975.0,96284,5,320695
WIN$D,M15,1677602700,150980.0,151035.0,150795.0,150805.0,83441,5,302496
WIN$D,M15,1677603600,150800.0,150870.0,150640.0,150770.0,107465,5,372850
WIN$D,M15,1677604500,150775.0,150875.0,150665.0,150770.0,73739,5,248272
WIN$D,M15,1677605400,150770.0,150795.0,150555.0,150790.0,79976,5,296400
WIN$D,M15,1677606300,150785.0,150970.0,150130.0,150130.0,139702,5,505137
WIN$D,M15,1677607200,150135.0,150225.0,149855.0,149880.0,82572,5,288790
WIN$D,M15,1677608100,149885.0,149940.0,149595.0,149620.0,35343,5,152215
WIN$D,M15,1677661200,150235.0,150540.0,150150.0,150385.0,164496,5,445855
WIN$D,M15,1677662100,150390.0,150560.0,150290.0,150360.0,118435,5,360480
WIN$D,M15,1677663000,150355.0,150375.0,150110.0,150190.0,153742,5,451117
WIN$D,M15,1677663900,150190.0,150360.0,150150.0,150190.0,114190,5,329139
WIN$D,M15,1677664800,150185.0,150570.0,149990.0,150235.0,286577,5,893014
WIN$D,M15,1677665700,150240.0,150525.0,149715.0,149760.0,276711,5,843273
WIN$D,M15,1677666600,149755.0,149995.0,149340.0,149780.0,317107,5,991588
WIN$D,M15,1677667500,149775.0,149925.0,149625.0,149830.0,188581,5,579239
WIN$D,M15,1677668400,149825.0,150105.0,149580.0,149710.0,222529,5,714850
WIN$D,M15,1677669300,149715.0,149820.0,149520.0,149655.0,181073,5,577697
WIN$D,M15,1677670200,149660.0,149795.0,149035.0,149065.0,304578,5,961455
WIN$D,M15,1677671100,149060.0,149240.0,148925.0,149030.0,203224,5,679127
WIN$D,M15,1677672000,149035.0,149110.0,148675.0,148920.0,227089,5,774780
WIN$D,M15,1677672900,148920.0,149040.0,148730.0,148765.0,140584,5,451400
WIN$D,M15,1677673800,148765.0,149180.0,148675.0,149040.0,159185,5,544498
WIN$D,M15,1677674700,149045.0,149095.0,148690.0,148820.0,130127,5,420830
WIN$D,M15,1677675600,148815.0,148835.0,148345.0,148425.0,159827,5,537178
WIN$D,M15,1677676500,148425.0,148565.0,148250.0,148530.0,123452,5,403994
WIN$D,M15,1677677400,148535.0,148820.0,148440.0,148690.0,123291,5,428333
WIN$D,M15,1677678300,148685.0,148955.0,148500.0,148575.0,134869,5,480441
WIN$D,M15,1677679200,148575.0,148865.0,148370.0,148820.0,151696,5,524219
WIN$D,M15,1677680100,148820.0,148910.0,148735.0,148755.0,105422,5,345777
WIN$D,M15,1677681000,148755.0,148775.0,148615.0,148715.0,102477,5,331471
WIN$D,M15,1677681900,148715.0,148810.0,148540.0,148670.0,137995,5,462131
WIN$D,M15,1677682800,148675.0,149000.0,148580.0,149000.0,123985,5,417391
WIN$D,M15,1677683700,149000.0,149005.0,148745.0,148830.0,102756,5,324309
WIN$D,M15,1677684600,148835.0,148870.0,148710.0,148730.0,76549,5,249093
WIN$D,M15,1677685500,148730.0,148820.0,148655.0,148680.0,92798,5,308007
WIN$D,M15,1677686400,148680.0,148855.0,148625.0,148815.0,86831,5,285102
WIN$D,M15,1677687300,148815.0,148950.0,148665.0,148925.0,94650,5,331810
WIN$D,M15,1677688200,148925.0,149210.0,148870.0,149120.0,124440,5,465364
WIN$D,M15,1677689100,149120.0,149395.0,149050.0,149365.0,98472,5,353775
WIN$D,M15,1677690000,149360.0,149410.0,149030.0,149075.0,102960,5,364213
WIN$D,M15,1677690900,149075.0,149200.0,149040.0,149155.0,68156,5,234951
WIN$D,M15,1677691800,149155.0,149640.0,149145.0,149585.0,113367,5,412932
WIN$D,M15,1677692700,149590.0,149730.0,149460.0,149640.0,95595,5,346225
WIN$D,M15,1677693600,149640.0,149825.0,149515.0,149795.0,52789,5,181233
WIN$D,M15,1677694500,149790.0,149860.0,149675.0,149675.0,19842,5,85943
WIN$D,M15,1677747600,149985.0,150020.0,149610.0,149840.0,142179,5,387497
WIN$D,M15,1677748500,149835.0,149875.0,149380.0,149420.0,163404,5,481303
WIN$D,M15,1677749400,149425.0,149505.0,149285.0,149300.0,115900,5,349630
WIN$D,M15,1677750300,149300.0,149510.0,149230.0,149485.0,116923,5,350834
WIN$D,M15,1677751200,149485.0,149645.0,149275.0,149635.0,256399,5,781820
WIN$D,M15,1677752100,149635.0,150135.0,149510.0,149935.0,306579,5,928899
WIN$D,M15,1677753000,149930.0,150045.0,149565.0,149965.0,279999,5,847776
WIN$D,M15,1677753900,149970.0,150060.0,149760.0,149935.0,181358,5,566917
WIN$D,M15,1677754800,149935.0,150135.0,149600.0,149660.0,198253,5,644621
WIN$D,M15,1677755700,149655.0,149800.0,149375.0,149495.0,205176,5,667443
WIN$D,M15,1677756600,149495.0,149560.0,148985.0,148990.0,310140,5,1023539
WIN$D,M15,1677757500,148990.0,149385.0,148885.0,149325.0,220115,5,699485
WIN$D,M15,1677758400,149325.0,149530.0,149275.0,149335.0,159217,5,521512
WIN$D,M15,1677759300,149335.0,149375.0,148940.0,149150.0,173292,5,567896
WIN$D,M15,1677760200,149145.0,149345.0,149120.0,149275.0,109198,5,352133
WIN$D,M15,1677761100,149275.0,149555.0,149220.0,149500.0,115228,5,381163
WIN$D,M15,1677762000,149500.0,149590.0,149300.0,149485.0,139462,5,461701
WIN$D,M15,1677762900,149485.0,149640.0,149415.0,149475.0,131489,5,445733
WIN$D,M15,1677763800,149475.0,149550.0,149240.0,149475.0,118673,5,382233
WIN$D,M15,1677764700,149480.0,149520.0,149275.0,149285.0,82982,5,281182
WIN$D,M15,1677765600,149280.0,149390.0,149185.0,149200.0,91422,5,301588
WIN$D,M15,1677766500,149210.0,149260.0,149085.0,149175.0,88725,5,286042
WIN$D,M15,1677767400,149170.0,149440.0,149160.0,149430.0,93838,5,313906
WIN$D,M15,1677768300,149425.0,149585.0,149395.0,149505.0,90444,5,326353
WIN$D,M15,1677769200,149505.0,149605.0,149420.0,149500.0,87380,5,307354
WIN$D,M15,1677770100,149500.0,149510.0,149185.0,149270.0,94961,5,349635
WIN$D,M15,1677771000,149270.0,149670.0,149245.0,149320.0,154416,5,535260
WIN$D,M15,1677771900,149320.0,149375.0,149230.0,149335.0,83036,5,287963
WIN$D,M15,1677772800,149330.0,149470.0,149095.0,149170.0,141728,5,520461
WIN$D,M15,1677773700,149170.0,149310.0,149075.0,149295.0,88900,5,281222
WIN$D,M15,1677774600,149290.0,149320.0,148910.0,149005.0,117982,5,402323
WIN$D,M15,1677775500,149005.0,149310.0,148985.0,149270.0,97863,5,346511
WIN$D,M15,1677776400,149275.0,149315.0,149095.0,149180.0,87230,5,299120
WIN$D,M15,1677777300,149180.0,149260.0,148990.0,149000.0,74677,5,243749
WIN$D,M15,1677778200,149005.0,149170.0,148855.0,148855.0,106087,5,370646
WIN$D,M15,1677779100,148855.0,148860.0,148375.0,148410.0,123996,5,449138
WIN$D,M15,1677780000,148410.0,148575.0,148340.0,148490.0,70850,5,239498
WIN$D,M15,1677780900,148490.0,148490.0,148305.0,148375.0,26401,5,88378
WIN$D,M15,1677834000,148695.0,148900.0,148430.0,148565.0,166089,5,462428
WIN$D,M15,1677834900,148560.0,148715.0,148435.0,148635.0,126858,5,379526
WIN$D,M15,1677835800,148640.0,148745.0,148585.0,148715.0,107478,5,335717
WIN$D,M15,1677836700,148715.0,148900.0,148690.0,148835.0,98280,5,290911
WIN$D,M15,1677837600,148840.0,149005.0,148705.0,148740.0,236258,5,724498
WIN$D,M15,1677838500,148735.0,149060.0,148685.0,148910.0,228787,5,722785
WIN$D,M15,1677839400,148910.0,149110.0,148765.0,149050.0,181397,5,594621
WIN$D,M15,1677840300,149050.0,149165.0,148725.0,148890.0,224575,5,765330
WIN$D,M15,1677841200,148895.0,149255.0,148840.0,148915.0,221142,5,739974
WIN$D,M15,1677842100,148915.0,149000.0,148685.0,148885.0,187208,5,610151
WIN$D,M15,1677843000,148885.0,149525.0,148820.0,149385.0,260438,5,907018
WIN$D,M15,1677843900,149390.0,149515.0,149210.0,149470.0,182599,5,647616
WIN$D,M15,1677844800,149475.0,149480.0,149055.0,149300.0,193978,5,652679
WIN$D,M15,1677845700,149295.0,149650.0,149180.0,149595.0,160401,5,562703
WIN$D,M15,1677846600,149595.0,149600.0,149260.0,149365.0,116226,5,397378
WIN$D,M15,1677847500,149365.0,149405.0,149230.0,149320.0,80305,5,274318
WIN$D,M15,1677848400,149325.0,149435.0,149270.0,149285.0,71507,5,243266
WIN$D,M15,1677849300,149285.0,149465.0,149265.0,149460.0,73652,5,255878
WIN$D,M15,1677850200,149460.0,149525.0,149350.0,149375.0,79851,5,281763
WIN$D,M15,1677851100,149375.0,149440.0,149230.0,149270.0,99100,5,379060
WIN$D,M15,1677852000,149270.0,149345.0,149160.0,149170.0,84678,5,309186
WIN$D,M15,1677852900,149175.0,149285.0,149100.0,149225.0,89715,5,341413
WIN$D,M15,1677853800,149220.0,149280.0,149090.0,149245.0,86789,5,340666
WIN$D,M15,1677854700,149250.0,149355.0,149220.0,149345.0,74440,5,268786
WIN$D,M15,1677855600,149345.0,149400.0,149235.0,149255.0,71899,5,275243
WIN$D,M15,1677856500,149250.0,149255.0,149005.0,149030.0,90357,5,325745
WIN$D,M15,1677857400,149030.0,149050.0,148745.0,148910.0,111370,5,389656
WIN$D,M15,1677858300,148905.0,148950.0,148765.0,148815.0,82335,5,296307
WIN$D,M15,1677859200,148815.0,149020.0,148730.0,148975.0,90832,5,334151
WIN$D,M15,1677860100,148975.0,149055.0,148900.0,148960.0,67073,5,242541
WIN$D,M15,1677861000,148965.0,149170.0,148950.0,149160.0,74498,5,285063
WIN$D,M15,1677861900,149160.0,149190.0,149035.0,149060.0,65199,5,251747
WIN$D,M15,1677862800,149060.0,149085.0,148920.0,148995.0,62782,5,230326
WIN$D,M15,1677863700,148995.0,149145.0,148965.0,149125.0,52922,5,193097
WIN$D,M15,1677864600,149130.0,149135.0,148790.0,148820.0,82816,5,333708
WIN$D,M15,1677865500,148825.0,148920.0,148705.0,148855.0,69402,5,257322
WIN$D,M15,1677866400,148855.0,148970.0,148790.0,148850.0,40529,5,138346
WIN$D,M15,1677867300,148850.0,148965.0,148810.0,148815.0,20037,5,65052
WIN$D,M15,1678093200,148675.0,149215.0,148645.0,149130.0,156515,5,411789
WIN$D,M15,1678094100,149135.0,149395.0,149125.0,149305.0,126338,5,369559
WIN$D,M15,1678095000,149300.0,149365.0,149230.0,149285.0,90125,5,284917
WIN$D,M15,1678095900,149285.0,149290.0,149155.0,149195.0,74590,5,233043
WIN$D,M15,1678096800,149195.0,149285.0,148930.0,149090.0,199518,5,619030
WIN$D,M15,1678097700,149090.0,149155.0,148850.0,149005.0,231573,5,703593
WIN$D,M15,1678098600,149005.0,149010.0,148455.0,148660.0,290485,5,919258
WIN$D,M15,1678099500,148660.0,148705.0,148395.0,148430.0,211310,5,664613
WIN$D,M15,1678100400,148435.0,148485.0,148185.0,148480.0,185706,5,568733
WIN$D,M15,1678101300,148480.0,148600.0,148355.0,148415.0,148397,5,483569
WIN$D,M15,1678102200,148415.0,148650.0,148235.0,148615.0,212575,5,675577
WIN$D,M15,1678103100,148615.0,148845.0,148515.0,148675.0,194073,5,613385
WIN$D,M15,1678104000,148685.0,148930.0,148500.0,148925.0,187076,5,614854
WIN$D,M15,1678104900,148920.0,149795.0,148850.0,149715.0,276081,5,950256
WIN$D,M15,1678105800,149720.0,150325.0,149690.0,150215.0,219195,5,778007
WIN$D,M15,1678106700,150215.0,150220.0,149970.0,150015.0,123524,5,424544
WIN$D,M15,1678107600,150020.0,150050.0,149915.0,149985.0,82212,5,305335
WIN$D,M15,1678108500,149990.0,150100.0,149935.0,150055.0,82146,5,327361
WIN$D,M15,1678109400,150055.0,150095.0,149915.0,149950.0,72440,5,270135
WIN$D,M15,1678110300,149950.0,150050.0,149930.0,150005.0,57497,5,229659
WIN$D,M15,1678111200,150010.0,150085.0,149980.0,150020.0,55668,5,222742
WIN$D,M15,1678112100,150015.0,150085.0,149940.0,149955.0,51146,5,218234
WIN$D,M15,1678113000,149950.0,150010.0,149785.0,149965.0,110682,5,404628
WIN$D,M15,1678113900,149970.0,150025.0,149855.0,149880.0,72376,5,267819
WIN$D,M15,1678114800,149880.0,149970.0,149760.0,149840.0,87885,5,310333
WIN$D,M15,1678115700,149840.0,149840.0,149650.0,149705.0,93304,5,339002
WIN$D,M15,1678116600,149710.0,149800.0,149605.0,149730.0,106713,5,410109
WIN$D,M15,1678117500,149735.0,149820.0,149675.0,149800.0,78418,5,314639
WIN$D,M15,1678118400,149805.0,150170.0,149735.0,149950.0,151713,5,552793
WIN$D,M15,1678119300,149945.0,149975.0,149820.0,149835.0,69503,5,250648
WIN$D,M15,1678120200,149835.0,149950.0,149800.0,149945.0,62974,5,235156
WIN$D,M15,1678121100,149945.0,149980.0,149840.0,149860.0,65091,5,235587
WIN$D,M15,1678122000,149865.0,150115.0,149850.0,150050.0,88744,5,325575
WIN$D,M15,1678122900,150050.0,150125.0,150005.0,150070.0,55567,5,197073
WIN$D,M15,1678123800,150070.0,150120.0,149990.0,150100.0,52632,5,193882
WIN$D,M15,1678124700,150095.0,150145.0,149940.0,150015.0,59281,5,215967
WIN$D,M15,1678125600,150015.0,150040.0,149790.0,149935.0,60806,5,203485
WIN$D,M15,1678126500,149940.0,149960.0,149735.0,149855.0,23917,5,87181
WIN$D,M15,1678179600,149930.0,150050.0,149650.0,149840.0,150358,5,415744
WIN$D,M15,1678180500,149840.0,149860.0,149500.0,149540.0,137328,5,406242
WIN$D,M15,1678181400,149540.0,149640.0,149470.0,149565.0,100161,5,302710
WIN$D,M15,1678182300,149570.0,149725.0,149545.0,149680.0,89309,5,284991
WIN$D,M15,1678183200,149680.0,149800.0,149405.0,149415.0,265267,5,852052
WIN$D,M15,1678184100,149420.0,149630.0,149235.0,149295.0,234420,5,724367
WIN$D,M15,1678185000,149300.0,150075.0,149275.0,150065.0,286833,5,899451
WIN$D,M15,1678185900,150065.0,150225.0,149885.0,149885.0,218462,5,679361
WIN$D,M15,1678186800,149885.0,149970.0,149650.0,149835.0,189170,5,608637
WIN$D,M15,1678187700,149840.0,149915.0,149615.0,149670.0,137564,5,436112
WIN$D,M15,1678188600,149670.0,149865.0,149525.0,149575.0,231138,5,741816
WIN$D,M15,1678189500,149575.0,149755.0,149450.0,149480.0,125344,5,421929
WIN$D,M15,1678190400,149480.0,149505.0,148940.0,149160.0,311828,5,1026806
WIN$D,M15,1678191300,149155.0,149480.0,149050.0,149315.0,190812,5,614737
WIN$D,M15,1678192200,149315.0,149470.0,148955.0,148975.0,179813,5,600948
WIN$D,M15,1678193100,148975.0,149090.0,148630.0,148655.0,217708,5,720515
WIN$D,M15,1678194000,148655.0,148960.0,148595.0,148890.0,115806,5,368482
WIN$D,M15,1678194900,148890.0,149025.0,148845.0,148970.0,91066,5,296105
WIN$D,M15,1678195800,148970.0,149055.0,148905.0,148980.0,71976,5,244112
WIN$D,M15,1678196700,148975.0,149030.0,148800.0,148820.0,72151,5,229538
WIN$D,M15,1678197600,148820.0,148890.0,148755.0,148845.0,79512,5,247494
WIN$D,M15,1678198500,148845.0,149160.0,148820.0,148940.0,126685,5,408489
WIN$D,M15,1678199400,148940.0,148965.0,148830.0,148850.0,71753,5,232948
WIN$D,M15,1678200300,148850.0,148905.0,148690.0,148735.0,88516,5,276056
WIN$D,M15,1678201200,148735.0,148775.0,148555.0,148705.0,106891,5,361840
WIN$D,M15,1678202100,148700.0,148785.0,148635.0,148745.0,77324,5,255014
WIN$D,M15,1678203000,148750.0,148825.0,148590.0,148610.0,91772,5,305820
WIN$D,M15,1678203900,148610.0,148765.0,148490.0,148710.0,110863,5,375223
WIN$D,M15,1678204800,148705.0,149030.0,148675.0,148990.0,107446,5,357626
WIN$D,M15,1678205700,148990.0,149125.0,148910.0,149005.0,113750,5,407685
WIN$D,M15,1678206600,149000.0,149070.0,148905.0,148955.0,57606,5,200760
WIN$D,M15,1678207500,148950.0,149040.0,148890.0,148920.0,67098,5,226029
WIN$D,M15,1678208400,148920.0,149275.0,148920.0,149180.0,98934,5,346291
WIN$D,M15,1678209300,149175.0,149290.0,149090.0,149115.0,69157,5,244945
WIN$D,M15,1678210200,149115.0,149440.0,149105.0,149300.0,91905,5,330159
WIN$D,M15,1678211100,149305.0,149340.0,149130.0,149270.0,64271,5,227880
WIN$D,M15,1678212000,149265.0,149350.0,149205.0,149235.0,36268,5,116029
WIN$D,M15,1678212900,149235.0,149470.0,149225.0,149470.0,16409,5,63720
WIN$D,M15,1678266000,149615.0,149710.0,149415.0,149675.0,133906,5,374318
WIN$D,M15,1678266900,149670.0,149685.0,149340.0,149460.0,129758,5,392280
WIN$D,M15,1678267800,149455.0,149565.0,149300.0,149305.0,122252,5,355782
WIN$D,M15,1678268700,149305.0,149495.0,149300.0,149495.0,103792,5,304650
WIN$D,M15,1678269600,149490.0,149810.0,149470.0,149600.0,213175,5,651644
WIN$D,M15,1678270500,149600.0,149870.0,149495.0,149795.0,233528,5,657208
WIN$D,M15,1678271400,149795.0,150605.0,149790.0,150405.0,340065,5,1038214
WIN$D,M15,1678272300,150410.0,150665.0,150305.0,150335.0,208310,5,662343
WIN$D,M15,1678273200,150335.0,150525.0,150215.0,150270.0,161428,5,480104
WIN$D,M15,1678274100,150270.0,150695.0,150265.0,150675.0,157050,5,486944
WIN$D,M15,1678275000,150675.0,151045.0,150610.0,150745.0,234022,5,787415
WIN$D,M15,1678275900,150745.0,151255.0,150735.0,151110.0,201386,5,676448
WIN$D,M15,1678276800,151115.0,151430.0,150920.0,151320.0,235548,5,767090
WIN$D,M15,1678277700,151315.0,151620.0,151215.0,151495.0,183468,5,610376
WIN$D,M15,1678278600,151490.0,151835.0,151450.0,151490.0,165676,5,588638
WIN$D,M15,1678279500,151495.0,151505.0,151370.0,151460.0,86538,5,302739
WIN$D,M15,1678280400,151460.0,151540.0,151370.0,151500.0,71921,5,255820
WIN$D,M15,1678281300,151505.0,151540.0,151385.0,151395.0,69113,5,255924
WIN$D,M15,1678282200,151400.0,151415.0,151210.0,151260.0,89682,5,322401
WIN$D,M15,1678283100,151260.0,151460.0,151255.0,151345.0,76708,5,277407
WIN$D,M15,1678284000,151345.0,151410.0,151185.0,151240.0,76739,5,282427
WIN$D,M15,1678284900,151235.0,151325.0,151180.0,151260.0,52503,5,196976
WIN$D,M15,1678285800,151260.0,151400.0,151180.0,151360.0,71309,5,269988
WIN$D,M15,1678286700,151360.0,151365.0,151040.0,151075.0,97796,5,377878
WIN$D,M15,1678287600,151075.0,151195.0,151000.0,151165.0,96864,5,364696
WIN$D,M15,1678288500,151165.0,151185.0,151040.0,151065.0,61341,5,224567
WIN$D,M15,1678289400,151060.0,151130.0,151035.0,151105.0,57109,5,236884
WIN$D,M15,1678290300,151110.0,151130.0,150915.0,151040.0,78104,5,312080
WIN$D,M15,1678291200,151040.0,151255.0,151010.0,151220.0,92447,5,372335
WIN$D,M15,1678292100,151220.0,151245.0,151110.0,151240.0,66885,5,271771
WIN$D,M15,1678293000,151235.0,151245.0,151140.0,151195.0,48986,5,206275
WIN$D,M15,1678293900,151200.0,151315.0,151120.0,151265.0,57788,5,248974
WIN$D,M15,1678294800,151265.0,151620.0,151230.0,151600.0,91310,5,399741
WIN$D,M15,1678295700,151600.0,151610.0,151285.0,151345.0,74138,5,313169
WIN$D,M15,1678296600,151345.0,151470.0,151325.0,151460.0,64911,5,298480
WIN$D,M15,1678297500,151455.0,151645.0,151430.0,151595.0,68005,5,296018
WIN$D,M15,1678298400,151595.0,151825.0,151585.0,151770.0,58667,5,211868
WIN$D,M15,1678299300,151775.0,151875.0,151720.0,151875.0,29127,5,130034
WIN$D,M15,1678352400,151525.0,151845.0,151445.0,151610.0,179996,5,473634
WIN$D,M15,1678353300,151615.0,151695.0,151445.0,151480.0,101022,5,295488
WIN$D,M15,1678354200,151475.0,151495.0,151240.0,151265.0,111109,5,347906
WIN$D,M15,1678355100,151265.0,151285.0,151135.0,151150.0,83285,5,262525
WIN$D,M15,1678356000,151155.0,151405.0,151085.0,151385.0,223900,5,711667
WIN$D,M15,1678356900,151385.0,151420.0,150985.0,151090.0,225303,5,678762
WIN$D,M15,1678357800,151085.0,151390.0,150945.0,150975.0,274035,5,860375
WIN$D,M15,1678358700,150975.0,151415.0,150930.0,151380.0,197538,5,635847
WIN$D,M15,1678359600,151380.0,151570.0,151285.0,151475.0,221428,5,713679
WIN$D,M15,1678360500,151475.0,151645.0,151340.0,151485.0,174293,5,568989
WIN$D,M15,1678361400,151485.0,151490.0,151165.0,151435.0,223969,5,731709
WIN$D,M15,1678362300,151435.0,151705.0,151095.0,151100.0,222394,5,756448
WIN$D,M15,1678363200,151105.0,151440.0,150925.0,150955.0,214923,5,757492
WIN$D,M15,1678364100,150955.0,151025.0,150635.0,151010.0,181645,5,652589
WIN$D,M15,1678365000,151010.0,151260.0,150950.0,151170.0,130560,5,468850
WIN$D,M15,1678365900,151170.0,151325.0,151135.0,151190.0,114558,5,420618
WIN$D,M15,1678366800,151190.0,151235.0,150985.0,151025.0,88064,5,310619
WIN$D,M15,1678367700,151030.0,151195.0,150960.0,150990.0,109009,5,410006
WIN$D,M15,1678368600,150985.0,151365.0,150955.0,151315.0,114629,5,417398
WIN$D,M15,1678369500,151320.0,151345.0,151055.0,151070.0,88065,5,320758
WIN$D,M15,1678370400,151070.0,151115.0,150955.0,151015.0,89822,5,329721
WIN$D,M15,1678371300,151015.0,151085.0,150850.0,150975.0,104497,5,383346
WIN$D,M15,1678372200,150975.0,151000.0,150785.0,150855.0,105335,5,369234
WIN$D,M15,1678373100,150855.0,150990.0,150845.0,150925.0,81054,5,294787
WIN$D,M15,1678374000,150920.0,151055.0,150785.0,150970.0,116419,5,420721
WIN$D,M15,1678374900,150970.0,151005.0,150710.0,150805.0,106957,5,371348
WIN$D,M15,1678375800,150805.0,151030.0,150760.0,150970.0,109222,5,402266
WIN$D,M15,1678376700,150970.0,151240.0,150865.0,151215.0,123593,5,461206
WIN$D,M15,1678377600,151215.0,151390.0,151060.0,151335.0,134355,5,467872
WIN$D,M15,1678378500,151335.0,151690.0,151305.0,151445.0,159518,5,572300
WIN$D,M15,1678379400,151445.0,151450.0,151275.0,151380.0,93002,5,356269
WIN$D,M15,1678380300,151380.0,151430.0,151095.0,151105.0,91433,5,336899
WIN$D,M15,1678381200,151110.0,151140.0,150595.0,150645.0,141608,5,530931
WIN$D,M15,1678382100,150645.0,150670.0,150110.0,150195.0,165915,5,624372
WIN$D,M15,1678383000,150200.0,150425.0,150195.0,150310.0,80843,5,297090
WIN$D,M15,1678383900,150315.0,150315.0,150045.0,150245.0,104461,5,361632
WIN$D,M15,1678384800,150245.0,150265.0,149740.0,149820.0,85168,5,284707
WIN$D,M15,1678385700,149820.0,149920.0,149725.0,149780.0,27129,5,104352
WIN$D,M15,1678438800,149900.0,150025.0,149540.0,149595.0,166818,5,447423
WIN$D,M15,1678439700,149595.0,149850.0,149480.0,149805.0,133453,5,378113
WIN$D,M15,1678440600,149805.0,149895.0,149605.0,149730.0,141953,5,420105
WIN$D,M15,1678441500,149730.0,149810.0,149515.0,149515.0,137656,5,416267
WIN$D,M15,1678442400,149520.0,149540.0,149115.0,149355.0,241413,5,725294
WIN$D,M15,1678443300,149350.0,149425.0,148900.0,149355.0,205393,5,580674
WIN$D,M15,1678444200,149355.0,149910.0,148975.0,149665.0,400132,5,1044963
WIN$D,M15,1678445100,149670.0,149800.0,148910.0,148930.0,277993,5,829394
WIN$D,M15,1678446000,148930.0,149200.0,148730.0,148745.0,278374,5,870827
WIN$D,M15,1678446900,148745.0,148960.0,148565.0,148890.0,220556,5,678435
WIN$D,M15,1678447800,148885.0,149105.0,148705.0,148825.0,235036,5,719337
WIN$D,M15,1678448700,148825.0,149305.0,148505.0,149205.0,261632,5,839537
WIN$D,M15,1678449600,149205.0,149595.0,149185.0,149285.0,233027,5,737590
WIN$D,M15,1678450500,149285.0,149375.0,149110.0,149280.0,168816,5,543245
WIN$D,M15,1678451400,149275.0,149490.0,149095.0,149130.0,163760,5,522005
WIN$D,M15,1678452300,149130.0,149490.0,149025.0,149465.0,152573,5,477383
WIN$D,M15,1678453200,149465.0,149505.0,149255.0,149270.0,122701,5,390791
WIN$D,M15,1678454100,149265.0,149635.0,149210.0,149560.0,141263,5,464323
WIN$D,M15,1678455000,149560.0,149890.0,149365.0,149380.0,174904,5,584897
WIN$D,M15,1678455900,149380.0,149425.0,148815.0,148885.0,192162,5,639074
WIN$D,M15,1678456800,148890.0,149055.0,148760.0,148980.0,145612,5,496420
WIN$D,M15,1678457700,148985.0,149095.0,148910.0,149090.0,89919,5,289457
WIN$D,M15,1678458600,149090.0,149145.0,148850.0,149000.0,115120,5,366270
WIN$D,M15,1678459500,149000.0,149100.0,148845.0,148905.0,85680,5,292081
WIN$D,M15,1678460400,148905.0,149040.0,148875.0,148885.0,76362,5,261353
WIN$D,M15,1678461300,148880.0,148885.0,148150.0,148160.0,199155,5,773721
WIN$D,M15,1678462200,148155.0,148265.0,148050.0,148165.0,121929,5,424610
WIN$D,M15,1678463100,148160.0,148285.0,148030.0,148265.0,109752,5,398607
WIN$D,M15,1678464000,148260.0,148410.0,148205.0,148265.0,119189,5,408836
WIN$D,M15,1678464900,148265.0,148340.0,148225.0,148260.0,67692,5,234518
WIN$D,M15,1678465800,148260.0,148535.0,148255.0,148440.0,103965,5,368350
WIN$D,M15,1678466700,148445.0,148705.0,148435.0,148620.0,116257,5,428681
WIN$D,M15,1678467600,148620.0,148675.0,148445.0,148590.0,93204,5,342436
WIN$D,M15,1678468500,148590.0,148630.0,148440.0,148580.0,73319,5,290038
WIN$D,M15,1678469400,148585.0,148640.0,148305.0,148325.0,78382,5,328949
WIN$D,M15,1678470300,148330.0,148455.0,148295.0,148330.0,56911,5,218844
WIN$D,M15,1678471200,148330.0,148610.0,148300.0,148405.0,58868,5,202007
WIN$D,M15,1678472100,148410.0,148625.0,148395.0,148625.0,24696,5,77880
WIN$D,M15,1678698000,148425.0,148765.0,148135.0,148135.0,279506,5,782427
WIN$D,M15,1678698900,148135.0,148145.0,147375.0,147530.0,290985,5,831045
WIN$D,M15,1678699800,147535.0,147655.0,147080.0,147245.0,248884,5,750380
WIN$D,M15,1678700700,147240.0,147500.0,147075.0,147390.0,194188,5,581247
WIN$D,M15,1678701600,147390.0,147645.0,147325.0,147405.0,230826,5,690636
WIN$D,M15,1678702500,147410.0,147590.0,147110.0,147315.0,266816,5,776131
WIN$D,M15,1678703400,147310.0,147575.0,147010.0,147480.0,331715,5,968909
WIN$D,M15,1678704300,147485.0,147960.0,147425.0,147775.0,343969,5,1050676
WIN$D,M15,1678705200,147780.0,148505.0,147595.0,148205.0,379032,5,1156841
WIN$D,M15,1678706100,148205.0,148315.0,147860.0,147960.0,248181,5,737237
WIN$D,M15,1678707000,147960.0,148440.0,147960.0,148390.0,254709,5,749327
WIN$D,M15,1678707900,148395.0,148710.0,148120.0,148685.0,265221,5,791639
WIN$D,M15,1678708800,148690.0,148725.0,148335.0,148405.0,219248,5,676805
WIN$D,M15,1678709700,148405.0,148710.0,148385.0,148655.0,169712,5,508412
WIN$D,M15,1678710600,148650.0,148665.0,148175.0,148385.0,176264,5,533467
WIN$D,M15,1678711500,148390.0,148415.0,148100.0,148270.0,169346,5,521674
WIN$D,M15,1678712400,148265.0,148595.0,148250.0,148475.0,171122,5,533795
WIN$D,M15,1678713300,148475.0,148595.0,148145.0,148320.0,133717,5,422588
WIN$D,M15,1678714200,148320.0,148485.0,148250.0,148340.0,109845,5,347972
WIN$D,M15,1678715100,148335.0,148415.0,147985.0,148250.0,164072,5,534037
WIN$D,M15,1678716000,148250.0,148405.0,148120.0,148365.0,109046,5,362314
WIN$D,M15,1678716900,148370.0,148510.0,148080.0,148145.0,141474,5,457548
WIN$D,M15,1678717800,148145.0,148725.0,147995.0,148355.0,202723,5,695230
WIN$D,M15,1678718700,148350.0,148800.0,148335.0,148660.0,150573,5,510365
WIN$D,M15,1678719600,148665.0,148685.0,148385.0,148495.0,131069,5,431360
WIN$D,M15,1678720500,148495.0,148635.0,148300.0,148360.0,151085,5,483169
WIN$D,M15,1678721400,148365.0,148490.0,148190.0,148235.0,125801,5,393863
WIN$D,M15,1678722300,148240.0,148275.0,148050.0,148210.0,119676,5,375422
WIN$D,M15,1678723200,148210.0,148295.0,147900.0,147950.0,157666,5,496135
WIN$D,M15,1678724100,147955.0,148110.0,147680.0,147800.0,140093,5,467528
WIN$D,M15,1678725000,147805.0,148115.0,147765.0,148060.0,113348,5,387942
WIN$D,M15,1678725900,148060.0,148075.0,147720.0,147785.0,101255,5,342284
WIN$D,M15,1678726800,147785.0,148100.0,147775.0,147910.0,99688,5,318567
WIN$D,M15,1678727700,147905.0,148045.0,147825.0,147910.0,53184,5,161661
WIN$D,M15,1678728600,147915.0,148085.0,147730.0,147855.0,74766,5,225851
WIN$D,M15,1678729500,147860.0,148105.0,147840.0,148105.0,23635,5,80058
WIN$D,M15,1678784400,148525.0,148645.0,148065.0,148180.0,163896,5,466555
WIN$D,M15,1678785300,148180.0,148335.0,147990.0,148215.0,143394,5,440123
WIN$D,M15,1678786200,148220.0,148605.0,147625.0,147930.0,390519,5,1051598
WIN$D,M15,1678787100,147930.0,148190.0,147685.0,148010.0,235282,5,736175
WIN$D,M15,1678788000,148010.0,148335.0,147875.0,148160.0,255435,5,810169
WIN$D,M15,1678788900,148155.0,148425.0,148035.0,148415.0,210295,5,654763
WIN$D,M15,1678789800,148420.0,148475.0,147925.0,148010.0,283712,5,852612
WIN$D,M15,1678790700,148015.0,148575.0,147990.0,148515.0,251165,5,740898
WIN$D,M15,1678791600,148515.0,149020.0,148390.0,148845.0,300052,5,994181
WIN$D,M15,1678792500,148845.0,148885.0,148545.0,148695.0,177473,5,587553
WIN$D,M15,1678793400,148690.0,148850.0,148425.0,148510.0,184524,5,589070
WIN$D,M15,1678794300,148505.0,148640.0,148160.0,148180.0,156441,5,514380
WIN$D,M15,1678795200,148180.0,148380.0,148135.0,148380.0,130757,5,427384
WIN$D,M15,1678796100,148380.0,148505.0,148280.0,148460.0,124152,5,404350
WIN$D,M15,1678797000,148460.0,148600.0,148240.0,148285.0,120939,5,385313
WIN$D,M15,1678797900,148290.0,148415.0,148160.0,148195.0,103966,5,330809
WIN$D,M15,1678798800,148200.0,148400.0,148170.0,148305.0,84381,5,291520
WIN$D,M15,1678799700,148310.0,148330.0,148020.0,148160.0,117357,5,407174
WIN$D,M15,1678800600,148160.0,148430.0,148125.0,148305.0,111091,5,379068
WIN$D,M15,1678801500,148310.0,148360.0,148200.0,148245.0,83433,5,290583
WIN$D,M15,1678802400,148245.0,148360.0,147985.0,147995.0,114501,5,393996
WIN$D,M15,1678803300,147995.0,148025.0,147735.0,147915.0,175955,5,609437
WIN$D,M15,1678804200,147915.0,148120.0,147805.0,147860.0,138826,5,455094
WIN$D,M15,1678805100,147860.0,148120.0,147835.0,147955.0,120955,5,401052
WIN$D,M15,1678806000,147955.0,147995.0,147575.0,147885.0,165995,5,546725
WIN$D,M15,1678806900,147880.0,148055.0,147735.0,147990.0,118322,5,363818
WIN$D,M15,1678807800,147995.0,148080.0,147780.0,147865.0,108167,5,348034
WIN$D,M15,1678808700,147865.0,147990.0,147690.0,147770.0,103585,5,339258
WIN$D,M15,1678809600,147765.0,147825.0,147320.0,147400.0,158705,5,552994
WIN$D,M15,1678810500,147405.0,147510.0,147260.0,147395.0,140538,5,495638
WIN$D,M15,1678811400,147395.0,147695.0,147355.0,147490.0,116165,5,396251
WIN$D,M15,1678812300,147490.0,147785.0,147450.0,147695.0,101957,5,354828
WIN$D,M15,1678813200,147695.0,147820.0,147590.0,147715.0,81624,5,259108
WIN$D,M15,1678814100,147715.0,147800.0,147655.0,147765.0,36995,5,112049
WIN$D,M15,1678815000,147770.0,147905.0,147725.0,147860.0,35141,5,106508
WIN$D,M15,1678815900,147865.0,147955.0,147810.0,147815.0,25774,5,91889
WIN$D,M15,1678870800,146575.0,146695.0,146290.0,146525.0,218268,5,595150
WIN$D,M15,1678871700,146525.0,146775.0,146320.0,146480.0,169091,5,495287
WIN$D,M15,1678872600,146470.0,146640.0,146000.0,146050.0,216480,5,637103
WIN$D,M15,1678873500,146045.0,146350.0,145940.0,146235.0,175323,5,493452
WIN$D,M15,1678874400,146240.0,146250.0,145805.0,146060.0,270346,5,775634
WIN$D,M15,1678875300,146055.0,146225.0,145890.0,145895.0,234281,5,698328
WIN$D,M15,1678876200,145895.0,146445.0,145745.0,146445.0,362362,5,1042945
WIN$D,M15,1678877100,146445.0,146470.0,145675.0,145810.0,283428,5,815243
WIN$D,M15,1678878000,145815.0,146175.0,145605.0,145720.0,301127,5,906369
WIN$D,M15,1678878900,145720.0,145870.0,145485.0,145645.0,262773,5,812698
WIN$D,M15,1678879800,145640.0,145805.0,145360.0,145495.0,224955,5,667536
WIN$D,M15,1678880700,145495.0,145765.0,145390.0,145740.0,147980,5,444040
WIN$D,M15,1678881600,145745.0,145930.0,145635.0,145915.0,150267,5,454968
WIN$D,M15,1678882500,145915.0,145985.0,145740.0,145890.0,133369,5,441340
WIN$D,M15,1678883400,145890.0,146095.0,145885.0,145960.0,139698,5,447449
WIN$D,M15,1678884300,145960.0,146385.0,145945.0,146145.0,176281,5,569865
WIN$D,M15,1678885200,146150.0,146335.0,146005.0,146130.0,131903,5,426930
WIN$D,M15,1678886100,146135.0,146185.0,145860.0,146050.0,127432,5,400832
WIN$D,M15,1678887000,146055.0,146245.0,145930.0,146105.0,133212,5,419507
WIN$D,M15,1678887900,146110.0,146305.0,145980.0,146275.0,115559,5,378086
WIN$D,M15,1678888800,146280.0,146860.0,146270.0,146825.0,234101,5,762099
WIN$D,M15,1678889700,146830.0,147090.0,146775.0,147035.0,176834,5,551735
WIN$D,M15,1678890600,147035.0,147115.0,146690.0,146815.0,163660,5,525794
WIN$D,M15,1678891500,146820.0,147140.0,146750.0,147120.0,132653,5,431776
WIN$D,M15,1678892400,147120.0,147210.0,146905.0,146920.0,113523,5,349700
WIN$D,M15,1678893300,146920.0,147810.0,146845.0,147640.0,246989,5,844235
WIN$D,M15,1678894200,147645.0,147760.0,147530.0,147680.0,172652,5,549239
WIN$D,M15,1678895100,147685.0,147690.0,147380.0,147520.0,152488,5,494838
WIN$D,M15,1678896000,147520.0,147610.0,147240.0,147395.0,138945,5,446006
WIN$D,M15,1678896900,147395.0,147645.0,147360.0,147595.0,129912,5,417055
WIN$D,M15,1678897800,147600.0,147630.0,147095.0,147235.0,123735,5,411165
WIN$D,M15,1678898700,147240.0,147495.0,147145.0,147480.0,114561,5,377847
WIN$D,M15,1678899600,147485.0,147515.0,147365.0,147465.0,51760,5,160952
WIN$D,M15,1678900500,147465.0,147555.0,147400.0,147520.0,45113,5,148268
WIN$D,M15,1678901400,147520.0,147765.0,147515.0,147755.0,41642,5,130860
WIN$D,M15,1678902300,147755.0,147765.0,147415.0,147525.0,25848,5,107721
WIN$D,M15,1678957200,147465.0,147745.0,147415.0,147595.0,160578,5,443909
WIN$D,M15,1678958100,147595.0,147645.0,147305.0,147305.0,122736,5,351303
WIN$D,M15,1678959000,147305.0,147595.0,147295.0,147345.0,175488,5,499595
WIN$D,M15,1678959900,147345.0,147615.0,147325.0,147510.0,129071,5,370497
WIN$D,M15,1678960800,147510.0,147805.0,147210.0,147575.0,253585,5,739202
WIN$D,M15,1678961700,147580.0,147690.0,147160.0,147550.0,298082,5,783697
WIN$D,M15,1678962600,147550.0,148095.0,147405.0,147875.0,340562,5,985450
WIN$D,M15,1678963500,147870.0,148150.0,147665.0,148065.0,253093,5,736131
WIN$D,M15,1678964400,148065.0,148175.0,147575.0,147670.0,220018,5,653617
WIN$D,M15,1678965300,147670.0,147685.0,147210.0,147325.0,209047,5,647958
WIN$D,M15,1678966200,147325.0,147425.0,147095.0,147240.0,217852,5,675550
WIN$D,M15,1678967100,147240.0,147925.0,147155.0,147795.0,219124,5,710354
WIN$D,M15,1678968000,147795.0,147940.0,147490.0,147800.0,177488,5,560100
WIN$D,M15,1678968900,147795.0,147935.0,147540.0,147705.0,151717,5,485929
WIN$D,M15,1678969800,147710.0,147740.0,147440.0,147615.0,132042,5,438025
WIN$D,M15,1678970700,147615.0,148040.0,147515.0,147960.0,122308,5,410074
WIN$D,M15,1678971600,147955.0,148065.0,147580.0,147665.0,120632,5,402966
WIN$D,M15,1678972500,147670.0,147850.0,147605.0,147835.0,84997,5,276267
WIN$D,M15,1678973400,147830.0,147910.0,147695.0,147765.0,73663,5,236082
WIN$D,M15,1678974300,147770.0,148120.0,147740.0,147965.0,128049,5,417844
WIN$D,M15,1678975200,147970.0,148425.0,147970.0,148370.0,132884,5,452209
WIN$D,M15,1678976100,148370.0,148470.0,148260.0,148295.0,97809,5,329918
WIN$D,M15,1678977000,148295.0,148380.0,148155.0,148335.0,90574,5,295227
WIN$D,M15,1678977900,148335.0,148610.0,148310.0,148530.0,127934,5,424995
WIN$D,M15,1678978800,148530.0,148595.0,148375.0,148415.0,84220,5,275251
WIN$D,M15,1678979700,148415.0,148650.0,148385.0,148500.0,90105,5,307894
WIN$D,M15,1678980600,148500.0,148505.0,148210.0,148335.0,110203,5,373700
WIN$D,M15,1678981500,148330.0,148415.0,148235.0,148350.0,73097,5,255037
WIN$D,M15,1678982400,148345.0,148385.0,148230.0,148230.0,59691,5,204090
WIN$D,M15,1678983300,148230.0,148410.0,148110.0,148395.0,88955,5,325464
WIN$D,M15,1678984200,148390.0,148405.0,148080.0,148315.0,99501,5,369871
WIN$D,M15,1678985100,148315.0,148370.0,148120.0,148180.0,83606,5,291444
WIN$D,M15,1678986000,148180.0,148215.0,148040.0,148085.0,60706,5,205919
WIN$D,M15,1678986900,148085.0,148430.0,148080.0,148390.0,78866,5,267616
WIN$D,M15,1678987800,148390.0,148465.0,148275.0,148440.0,52188,5,167975
WIN$D,M15,1678988700,148440.0,148460.0,148205.0,148255.0,18581,5,64070
WIN$D,M15,1679043600,148150.0,148210.0,147795.0,147805.0,127356,5,356393
WIN$D,M15,1679044500,147805.0,147870.0,147550.0,147640.0,113997,5,342448
WIN$D,M15,1679045400,147640.0,147695.0,147500.0,147650.0,125318,5,381259
WIN$D,M15,1679046300,147650.0,147655.0,147475.0,147560.0,95990,5,316635
WIN$D,M15,1679047200,147565.0,147585.0,147080.0,147160.0,212799,5,679863
WIN$D,M15,1679048100,147165.0,147370.0,147110.0,147165.0,145757,5,444353
WIN$D,M15,1679049000,147165.0,147210.0,146745.0,146840.0,258903,5,826322
WIN$D,M15,1679049900,146840.0,146875.0,146650.0,146820.0,134128,5,427127
WIN$D,M15,1679050800,146815.0,146960.0,146685.0,146755.0,137666,5,419205
WIN$D,M15,1679051700,146755.0,146805.0,146210.0,146400.0,215396,5,745261
WIN$D,M15,1679052600,146400.0,146605.0,146335.0,146470.0,128797,5,421830
WIN$D,M15,1679053500,146475.0,146605.0,146430.0,146495.0,94320,5,324793
WIN$D,M15,1679054400,146490.0,146585.0,146345.0,146485.0,114080,5,387425
WIN$D,M15,1679055300,146490.0,146620.0,146445.0,146495.0,77278,5,267678
WIN$D,M15,1679056200,146500.0,146560.0,146415.0,146465.0,66420,5,246029
WIN$D,M15,1679057100,146465.0,146865.0,146460.0,146785.0,126802,5,438076
WIN$D,M15,1679058000,146790.0,147005.0,146765.0,146875.0,108136,5,402255
WIN$D,M15,1679058900,146880.0,146960.0,146750.0,146930.0,89236,5,326624
WIN$D,M15,1679059800,146930.0,147165.0,146845.0,146905.0,125945,5,435978
WIN$D,M15,1679060700,146905.0,146910.0,146730.0,146865.0,77575,5,273262
WIN$D,M15,1679061600,146870.0,146930.0,146790.0,146805.0,63425,5,244004
WIN$D,M15,1679062500,146800.0,146815.0,146610.0,146685.0,103165,5,371137
WIN$D,M15,1679063400,146685.0,146835.0,146675.0,146810.0,75975,5,290871
WIN$D,M15,1679064300,146815.0,146910.0,146785.0,146860.0,70414,5,274779
WIN$D,M15,1679065200,146865.0,146940.0,146700.0,146775.0,87336,5,318367
WIN$D,M15,1679066100,146775.0,146865.0,146605.0,146655.0,99034,5,365631
WIN$D,M15,1679067000,146660.0,146770.0,146650.0,146730.0,56306,5,212151
WIN$D,M15,1679067900,146735.0,147065.0,146695.0,146980.0,123023,5,446429
WIN$D,M15,1679068800,146975.0,147015.0,146800.0,146895.0,83003,5,287997
WIN$D,M15,1679069700,146900.0,146965.0,146780.0,146885.0,69098,5,235888
WIN$D,M15,1679070600,146885.0,147030.0,146790.0,146945.0,94254,5,356709
WIN$D,M15,1679071500,146940.0,147010.0,146835.0,146890.0,77958,5,297343
WIN$D,M15,1679072400,146890.0,146990.0,146695.0,146765.0,70999,5,260728
WIN$D,M15,1679073300,146770.0,146965.0,146755.0,146795.0,53989,5,196719
WIN$D,M15,1679074200,146790.0,146840.0,146730.0,146755.0,35542,5,126178
WIN$D,M15,1679075100,146760.0,146785.0,146505.0,146505.0,33919,5,130095
WIN$D,M15,1679302800,146635.0,146955.0,146555.0,146830.0,148382,5,427631
WIN$D,M15,1679303700,146830.0,146840.0,146540.0,146635.0,148751,5,430373
WIN$D,M15,1679304600,146635.0,146720.0,146510.0,146545.0,131480,5,382812
WIN$D,M15,1679305500,146540.0,146755.0,146480.0,146610.0,130484,5,401856
WIN$D,M15,1679306400,146610.0,146890.0,146490.0,146875.0,257340,5,828006
WIN$D,M15,1679307300,146875.0,146945.0,146400.0,146435.0,223398,5,698818
WIN$D,M15,1679308200,146435.0,146470.0,145830.0,145990.0,300700,5,958004
WIN$D,M15,1679309100,145990.0,146250.0,145755.0,146120.0,233485,5,751485
WIN$D,M15,1679310000,146120.0,146305.0,145605.0,145985.0,243675,5,774034
WIN$D,M15,1679310900,145990.0,146440.0,145815.0,146335.0,195734,5,627772
WIN$D,M15,1679311800,146340.0,146410.0,146150.0,146225.0,140330,5,434528
WIN$D,M15,1679312700,146220.0,146450.0,146155.0,146290.0,120824,5,380826
WIN$D,M15,1679313600,146290.0,146350.0,145950.0,146065.0,138196,5,462958
WIN$D,M15,1679314500,146070.0,146155.0,145890.0,146135.0,102636,5,342175
WIN$D,M15,1679315400,146140.0,146255.0,145550.0,145640.0,141135,5,496995
WIN$D,M15,1679316300,145635.0,145835.0,145390.0,145420.0,141298,5,502966
WIN$D,M15,1679317200,145420.0,145570.0,145235.0,145350.0,121397,5,460774
WIN$D,M15,1679318100,145345.0,145515.0,145295.0,145480.0,72071,5,278302
WIN$D,M15,1679319000,145480.0,145505.0,145395.0,145440.0,43445,5,161241
WIN$D,M15,1679319900,145445.0,145595.0,145385.0,145570.0,56330,5,208045
WIN$D,M15,1679320800,145565.0,145610.0,145360.0,145570.0,79433,5,301701
WIN$D,M15,1679321700,145575.0,145650.0,145505.0,145510.0,58201,5,202919
WIN$D,M15,1679322600,145510.0,145530.0,145190.0,145310.0,109434,5,391650
WIN$D,M15,1679323500,145305.0,145445.0,145285.0,145420.0,69314,5,249705
WIN$D,M15,1679324400,145415.0,145515.0,145375.0,145495.0,60442,5,229369
WIN$D,M15,1679325300,145495.0,145520.0,145430.0,145480.0,58497,5,246745
WIN$D,M15,1679326200,145475.0,145710.0,145320.0,145680.0,122800,5,511060
WIN$D,M15,1679327100,145680.0,145795.0,145605.0,145730.0,90217,5,330042
WIN$D,M15,1679328000,145725.0,145915.0,145665.0,145690.0,104267,5,400400
WIN$D,M15,1679328900,145690.0,145770.0,145645.0,145675.0,53397,5,189996
WIN$D,M15,1679329800,145670.0,145905.0,145660.0,145685.0,90788,5,338621
WIN$D,M15,1679330700,145685.0,145690.0,145510.0,145570.0,81751,5,315437
WIN$D,M15,1679331600,145575.0,145615.0,145470.0,145590.0,60559,5,223315
WIN$D,M15,1679332500,145590.0,145760.0,145530.0,145710.0,49143,5,171066
WIN$D,M15,1679333400,145710.0,145750.0,145660.0,145710.0,25590,5,86517
WIN$D,M15,1679334300,145710.0,145715.0,145515.0,145515.0,22690,5,95158
WIN$D,M15,1679389200,146305.0,146375.0,146110.0,146150.0,138256,5,435327
WIN$D,M15,1679390100,146145.0,146180.0,145795.0,145815.0,146329,5,455770
WIN$D,M15,1679391000,145815.0,145955.0,145675.0,145800.0,152984,5,489403
WIN$D,M15,1679391900,145800.0,145825.0,145685.0,145715.0,79297,5,242559
WIN$D,M15,1679392800,145720.0,146010.0,145605.0,145980.0,215756,5,666960
WIN$D,M15,1679393700,145980.0,146125.0,145835.0,146090.0,201053,5,626977
WIN$D,M15,1679394600,146085.0,146220.0,145745.0,145955.0,236429,5,732862
WIN$D,M15,1679395500,145960.0,146185.0,145880.0,146040.0,188573,5,600513
WIN$D,M15,1679396400,146050.0,146105.0,145765.0,145770.0,191554,5,588843
WIN$D,M15,1679397300,145770.0,145800.0,145500.0,145700.0,193603,5,620558
WIN$D,M15,1679398200,145700.0,145785.0,145410.0,145770.0,196767,5,636607
WIN$D,M15,1679399100,145765.0,145920.0,145625.0,145895.0,135807,5,473007
WIN$D,M15,1679400000,145895.0,145925.0,145710.0,145885.0,102736,5,340048
WIN$D,M15,1679400900,145880.0,146025.0,145840.0,145875.0,85305,5,277556
WIN$D,M15,1679401800,145875.0,145960.0,145640.0,145645.0,104802,5,338035
WIN$D,M15,1679402700,145645.0,145755.0,145580.0,145680.0,75572,5,244583
WIN$D,M15,1679403600,145680.0,145795.0,145635.0,145790.0,53879,5,180558
WIN$D,M15,1679404500,145795.0,145830.0,145720.0,145795.0,45340,5,158373
WIN$D,M15,1679405400,145800.0,145850.0,145740.0,145775.0,48494,5,180880
WIN$D,M15,1679406300,145775.0,145865.0,145730.0,145815.0,51915,5,193883
WIN$D,M15,1679407200,145815.0,145855.0,145750.0,145770.0,44360,5,162579
WIN$D,M15,1679408100,145770.0,145815.0,145645.0,145785.0,68191,5,250177
WIN$D,M15,1679409000,145790.0,145885.0,145725.0,145810.0,71849,5,250112
WIN$D,M15,1679409900,145810.0,145915.0,145755.0,145765.0,64196,5,221940
WIN$D,M15,1679410800,145770.0,145785.0,145565.0,145635.0,86364,5,305669
WIN$D,M15,1679411700,145635.0,145700.0,145610.0,145665.0,50038,5,187318
WIN$D,M15,1679412600,145670.0,145695.0,145550.0,145690.0,79705,5,317274
WIN$D,M15,1679413500,145690.0,145810.0,145645.0,145770.0,81233,5,299972
WIN$D,M15,1679414400,145770.0,145860.0,145715.0,145715.0,63499,5,250958
WIN$D,M15,1679415300,145720.0,145735.0,145505.0,145560.0,83493,5,320050
WIN$D,M15,1679416200,145560.0,145775.0,145540.0,145670.0,89188,5,361203
WIN$D,M15,1679417100,145675.0,145700.0,145515.0,145635.0,74542,5,290143
WIN$D,M15,1679418000,145635.0,145720.0,145585.0,145655.0,57597,5,202051
WIN$D,M15,1679418900,145655.0,145880.0,145655.0,145775.0,56821,5,215359
WIN$D,M15,1679419800,145775.0,145810.0,145685.0,145790.0,28321,5,96972
WIN$D,M15,1679420700,145795.0,145830.0,145715.0,145715.0,15029,5,60074
WIN$D,M15,1679475600,145625.0,145765.0,145325.0,145340.0,165674,5,487932
WIN$D,M15,1679476500,145345.0,145540.0,145335.0,145460.0,113493,5,373193
WIN$D,M15,1679477400,145455.0,145585.0,145425.0,145500.0,103429,5,333268
WIN$D,M15,1679478300,145500.0,145555.0,145425.0,145460.0,65971,5,207967
WIN$D,M15,1679479200,145460.0,145515.0,145220.0,145390.0,197961,5,618137
WIN$D,M15,1679480100,145390.0,145430.0,145165.0,145185.0,163738,5,513832
WIN$D,M15,1679481000,145180.0,145190.0,144825.0,144995.0,253455,5,826093
WIN$D,M15,1679481900,144990.0,145115.0,144825.0,145095.0,168530,5,545420
WIN$D,M15,1679482800,145095.0,145270.0,145045.0,145205.0,141895,5,438636
WIN$D,M15,1679483700,145205.0,145355.0,145160.0,145185.0,138837,5,441707
WIN$D,M15,1679484600,145185.0,145420.0,145120.0,145340.0,153069,5,501289
WIN$D,M15,1679485500,145340.0,145415.0,145285.0,145370.0,97632,5,320378
WIN$D,M15,1679486400,145375.0,145500.0,145290.0,145450.0,101807,5,326388
WIN$D,M15,1679487300,145445.0,145675.0,145435.0,145520.0,130640,5,442850
WIN$D,M15,1679488200,145515.0,145610.0,145470.0,145530.0,73129,5,254317
WIN$D,M15,1679489100,145530.0,145625.0,145510.0,145580.0,57764,5,199287
WIN$D,M15,1679490000,145580.0,145640.0,145365.0,145370.0,76289,5,268245
WIN$D,M15,1679490900,145370.0,145475.0,145350.0,145445.0,55646,5,191154
WIN$D,M15,1679491800,145445.0,145450.0,145355.0,145390.0,46109,5,153486
WIN$D,M15,1679492700,145395.0,145420.0,145280.0,145285.0,57287,5,208254
WIN$D,M15,1679493600,145285.0,145320.0,145100.0,145135.0,95730,5,344097
WIN$D,M15,1679494500,145130.0,145235.0,145045.0,145230.0,84254,5,302015
WIN$D,M15,1679495400,145230.0,145270.0,145075.0,145120.0,67238,5,230636
WIN$D,M15,1679496300,145125.0,145265.0,145075.0,145205.0,55506,5,175189
WIN$D,M15,1679497200,145210.0,145715.0,144925.0,145245.0,301869,5,914664
WIN$D,M15,1679498100,145240.0,145515.0,145200.0,145485.0,136844,5,422319
WIN$D,M15,1679499000,145480.0,146125.0,145165.0,145970.0,322226,5,988612
WIN$D,M15,1679499900,145970.0,146525.0,145800.0,145800.0,260342,5,848867
WIN$D,M15,1679500800,145805.0,145830.0,144695.0,145150.0,298175,5,1003644
WIN$D,M15,1679501700,145155.0,145400.0,145110.0,145280.0,150447,5,466492
WIN$D,M15,1679502600,145275.0,145340.0,144905.0,145035.0,140521,5,472519
WIN$D,M15,1679503500,145030.0,145035.0,144550.0,144620.0,151956,5,557336
WIN$D,M15,1679504400,144615.0,144820.0,144570.0,144775.0,78984,5,268896
WIN$D,M15,1679505300,144775.0,144860.0,144605.0,144750.0,56506,5,194328
WIN$D,M15,1679506200,144745.0,144800.0,144670.0,144700.0,34167,5,115392
WIN$D,M15,1679507100,144695.0,144730.0,144550.0,144550.0,19675,5,73771
WIN$D,M15,1679562000,144630.0,145010.0,144415.0,144940.0,182284,5,531921
WIN$D,M15,1679562900,144940.0,144965.0,144680.0,144895.0,137129,5,427490
WIN$D,M15,1679563800,144895.0,145110.0,144845.0,145045.0,143190,5,408723
WIN$D,M15,1679564700,145050.0,145165.0,144940.0,145120.0,127341,5,396127
WIN$D,M15,1679565600,145115.0,145355.0,144910.0,145295.0,223836,5,725545
WIN$D,M15,1679566500,145295.0,145555.0,145140.0,145490.0,175759,5,550976
WIN$D,M15,1679567400,145490.0,145655.0,145095.0,145110.0,247081,5,775874
WIN$D,M15,1679568300,145105.0,145290.0,144870.0,145015.0,218584,5,684051
WIN$D,M15,1679569200,145015.0,145060.0,144715.0,144720.0,192814,5,594777
WIN$D,M15,1679570100,144715.0,144770.0,144160.0,144285.0,242418,5,783689
WIN$D,M15,1679571000,144285.0,144395.0,143940.0,144000.0,179290,5,586195
WIN$D,M15,1679571900,144000.0,144360.0,143980.0,144270.0,128670,5,434960
WIN$D,M15,1679572800,144275.0,144385.0,144140.0,144235.0,97690,5,311801
WIN$D,M15,1679573700,144235.0,144305.0,144120.0,144220.0,79709,5,270205
WIN$D,M15,1679574600,144225.0,144280.0,144025.0,144035.0,62696,5,214271
WIN$D,M15,1679575500,144035.0,144220.0,143925.0,144150.0,99569,5,338048
WIN$D,M15,1679576400,144155.0,144155.0,143935.0,144005.0,83759,5,285307
WIN$D,M15,1679577300,144005.0,144110.0,143925.0,143960.0,98632,5,347386
WIN$D,M15,1679578200,143955.0,144055.0,143925.0,143945.0,65189,5,230364
WIN$D,M15,1679579100,143945.0,143975.0,143615.0,143655.0,148073,5,525459
WIN$D,M15,1679580000,143655.0,143665.0,143100.0,143230.0,196429,5,721748
WIN$D,M15,1679580900,143235.0,143270.0,142950.0,143035.0,134900,5,458520
WIN$D,M15,1679581800,143035.0,143130.0,142875.0,143120.0,108621,5,363493
WIN$D,M15,1679582700,143125.0,143125.0,142600.0,142630.0,155296,5,558533
WIN$D,M15,1679583600,142630.0,142855.0,142465.0,142615.0,158699,5,529334
WIN$D,M15,1679584500,142615.0,142725.0,142350.0,142515.0,134673,5,465590
WIN$D,M15,1679585400,142515.0,142560.0,141940.0,141965.0,174656,5,598964
WIN$D,M15,1679586300,141970.0,142135.0,141315.0,141750.0,247130,5,817501
WIN$D,M15,1679587200,141745.0,142125.0,141675.0,141765.0,204058,5,648067
WIN$D,M15,1679588100,141765.0,141845.0,141475.0,141770.0,135129,5,453486
WIN$D,M15,1679589000,141770.0,142245.0,141755.0,142225.0,145389,5,505856
WIN$D,M15,1679589900,142220.0,142355.0,142140.0,142270.0,112865,5,398634
WIN$D,M15,1679590800,142275.0,142385.0,142050.0,142150.0,83026,5,290965
WIN$D,M15,1679591700,142150.0,142165.0,142000.0,142070.0,46297,5,166762
WIN$D,M15,1679592600,142070.0,142120.0,141835.0,141880.0,48598,5,166213
WIN$D,M15,1679593500,141880.0,141885.0,141430.0,141430.0,32891,5,125788
WIN$D,M15,1679648400,141225.0,142120.0,141125.0,142030.0,224198,5,605443
WIN$D,M15,1679649300,142030.0,142115.0,141855.0,142065.0,136002,5,403485
WIN$D,M15,1679650200,142070.0,142100.0,141775.0,142000.0,143622,5,421261
WIN$D,M15,1679651100,142000.0,142495.0,141875.0,142485.0,204301,5,644070
WIN$D,M15,1679652000,142485.0,142770.0,142215.0,142265.0,276538,5,842011
WIN$D,M15,1679652900,142265.0,142875.0,142150.0,142830.0,239685,5,752409
WIN$D,M15,1679653800,142825.0,142875.0,142310.0,142520.0,238417,5,747345
WIN$D,M15,1679654700,142525.0,142645.0,142275.0,142590.0,234542,5,752799
WIN$D,M15,1679655600,142595.0,142765.0,142335.0,142545.0,183939,5,611357
WIN$D,M15,1679656500,142545.0,142650.0,142090.0,142570.0,205919,5,693585
WIN$D,M15,1679657400,142570.0,142900.0,142540.0,142725.0,182542,5,632227
WIN$D,M15,1679658300,142725.0,142840.0,142515.0,142620.0,135286,5,455666
WIN$D,M15,1679659200,142625.0,142635.0,142260.0,142350.0,142026,5,511680
WIN$D,M15,1679660100,142350.0,142810.0,142305.0,142790.0,117653,5,432554
WIN$D,M15,1679661000,142785.0,143155.0,142710.0,143110.0,149687,5,544636
WIN$D,M15,1679661900,143110.0,143580.0,143095.0,143460.0,157052,5,593922
WIN$D,M15,1679662800,143460.0,143525.0,143195.0,143320.0,103726,5,384074
WIN$D,M15,1679663700,143325.0,143340.0,143140.0,143225.0,75852,5,284046
WIN$D,M15,1679664600,143225.0,143315.0,143165.0,143215.0,76274,5,301291
WIN$D,M15,1679665500,143215.0,143405.0,143185.0,143200.0,89814,5,349474
WIN$D,M15,1679666400,143200.0,143455.0,143195.0,143325.0,91012,5,365636
WIN$D,M15,1679667300,143325.0,143555.0,143320.0,143490.0,93518,5,344868
WIN$D,M15,1679668200,143490.0,143745.0,143480.0,143580.0,115376,5,428068
WIN$D,M15,1679669100,143580.0,143595.0,143275.0,143295.0,87886,5,341044
WIN$D,M15,1679670000,143295.0,143495.0,143250.0,143410.0,85867,5,326611
WIN$D,M15,1679670900,143405.0,143535.0,143190.0,143190.0,94035,5,344748
WIN$D,M15,1679671800,143195.0,143365.0,143175.0,143310.0,77581,5,296642
WIN$D,M15,1679672700,143315.0,143375.0,143110.0,143135.0,79748,5,303526
WIN$D,M15,1679673600,143135.0,143270.0,143120.0,143180.0,64520,5,264551
WIN$D,M15,1679674500,143180.0,143495.0,143175.0,143445.0,90365,5,348012
WIN$D,M15,1679675400,143440.0,143465.0,143155.0,143235.0,92174,5,362730
WIN$D,M15,1679676300,143230.0,143355.0,143155.0,143340.0,71080,5,272726
WIN$D,M15,1679677200,143340.0,143460.0,143285.0,143335.0,75985,5,276427
WIN$D,M15,1679678100,143335.0,143550.0,143305.0,143485.0,65553,5,240901
WIN$D,M15,1679679000,143490.0,143520.0,143425.0,143510.0,29286,5,90208
WIN$D,M15,1679679900,143510.0,143585.0,143335.0,143415.0,23308,5,80112
WIN$D,M15,1679907600,143830.0,143895.0,143455.0,143485.0,147023,5,407453
WIN$D,M15,1679908500,143485.0,143805.0,143445.0,143735.0,116705,5,318702
WIN$D,M15,1679909400,143740.0,144195.0,143715.0,144155.0,169772,5,496147
WIN$D,M15,1679910300,144160.0,144270.0,144100.0,144155.0,117242,5,353335
WIN$D,M15,1679911200,144150.0,144225.0,143990.0,143995.0,137395,5,430944
WIN$D,M15,1679912100,143995.0,144050.0,143775.0,143875.0,178641,5,502328
WIN$D,M15,1679913000,143880.0,143900.0,143400.0,143720.0,334634,5,1056905
WIN$D,M15,1679913900,143720.0,143895.0,143545.0,143635.0,208053,5,668219
WIN$D,M15,1679914800,143635.0,144325.0,143620.0,144175.0,287227,5,929853
WIN$D,M15,1679915700,144180.0,144400.0,144050.0,144095.0,161132,5,507653
WIN$D,M15,1679916600,144100.0,144110.0,143845.0,143975.0,156385,5,478238
WIN$D,M15,1679917500,143970.0,144070.0,143850.0,143850.0,92196,5,293878
WIN$D,M15,1679918400,143850.0,143950.0,143740.0,143880.0,122610,5,391664
WIN$D,M15,1679919300,143880.0,143885.0,143585.0,143810.0,104131,5,342794
WIN$D,M15,1679920200,143805.0,143970.0,143740.0,143800.0,87801,5,296925
WIN$D,M15,1679921100,143800.0,143935.0,143680.0,143825.0,96328,5,333806
WIN$D,M15,1679922000,143830.0,144170.0,143805.0,144030.0,124947,5,445386
WIN$D,M15,1679922900,144025.0,144195.0,143970.0,143975.0,87233,5,292406
WIN$D,M15,1679923800,143975.0,144015.0,143775.0,143815.0,88362,5,293437
WIN$D,M15,1679924700,143810.0,144115.0,143805.0,143975.0,125330,5,450462
WIN$D,M15,1679925600,143980.0,144075.0,143830.0,143835.0,81433,5,279523
WIN$D,M15,1679926500,143835.0,144005.0,143820.0,143960.0,56786,5,180522
WIN$D,M15,1679927400,143965.0,144095.0,143950.0,144080.0,57373,5,186303
WIN$D,M15,1679928300,144085.0,144085.0,143945.0,143945.0,46840,5,157673
WIN$D,M15,1679929200,143950.0,144135.0,143935.0,144135.0,68148,5,233544
WIN$D,M15,1679930100,144135.0,144385.0,144090.0,144295.0,102444,5,359080
WIN$D,M15,1679931000,144295.0,144400.0,144235.0,144295.0,95758,5,330076
WIN$D,M15,1679931900,144295.0,144305.0,144155.0,144175.0,79003,5,285213
WIN$D,M15,1679932800,144180.0,144225.0,144085.0,144145.0,67782,5,220344
WIN$D,M15,1679933700,144145.0,144215.0,144060.0,144105.0,58454,5,190357
WIN$D,M15,1679934600,144105.0,144195.0,144075.0,144095.0,57765,5,198270
WIN$D,M15,1679935500,144095.0,144115.0,143970.0,143980.0,78662,5,272189
WIN$D,M15,1679936400,143985.0,144110.0,143955.0,144110.0,52316,5,183016
WIN$D,M15,1679937300,144110.0,144180.0,144025.0,144155.0,54016,5,184802
WIN$D,M15,1679938200,144150.0,144310.0,144100.0,144250.0,44394,5,141533
WIN$D,M15,1679939100,144260.0,144300.0,144135.0,144275.0,21387,5,75813
WIN$D,M15,1679994000,143975.0,144220.0,143905.0,144220.0,134168,5,373019
WIN$D,M15,1679994900,144220.0,144330.0,143890.0,143950.0,154243,5,477522
WIN$D,M15,1679995800,143955.0,144040.0,143900.0,144000.0,95924,5,294875
WIN$D,M15,1679996700,144000.0,144025.0,143800.0,143805.0,88211,5,294794
WIN$D,M15,1679997600,143815.0,143955.0,143645.0,143655.0,218693,5,686821
WIN$D,M15,1679998500,143655.0,144495.0,143650.0,144475.0,267348,5,855803
WIN$D,M15,1679999400,144480.0,145140.0,144465.0,144955.0,318912,5,1085559
WIN$D,M15,1680000300,144955.0,145155.0,144750.0,144845.0,159607,5,502160
WIN$D,M15,1680001200,144845.0,145450.0,144835.0,145255.0,254702,5,872018
WIN$D,M15,1680002100,145255.0,145415.0,145250.0,145405.0,98735,5,365746
WIN$D,M15,1680003000,145405.0,145615.0,145320.0,145510.0,154435,5,550582
WIN$D,M15,1680003900,145510.0,145550.0,145205.0,145320.0,126457,5,430332
WIN$D,M15,1680004800,145325.0,145605.0,145315.0,145510.0,117134,5,405751
WIN$D,M15,1680005700,145510.0,145665.0,145440.0,145455.0,97239,5,345195
WIN$D,M15,1680006600,145455.0,145795.0,145435.0,145520.0,107538,5,382563
WIN$D,M15,1680007500,145520.0,145585.0,145490.0,145505.0,42026,5,155935
WIN$D,M15,1680008400,145500.0,145560.0,145495.0,145545.0,31002,5,112006
WIN$D,M15,1680009300,145540.0,145660.0,145500.0,145585.0,59587,5,226398
WIN$D,M15,1680010200,145590.0,145760.0,145510.0,145730.0,76202,5,277911
WIN$D,M15,1680011100,145735.0,145940.0,145695.0,145905.0,110796,5,412787
WIN$D,M15,1680012000,145910.0,145930.0,145690.0,145735.0,72502,5,262659
WIN$D,M15,1680012900,145740.0,145760.0,145615.0,145650.0,44196,5,166059
WIN$D,M15,1680013800,145650.0,145725.0,145605.0,145645.0,60771,5,233035
WIN$D,M15,1680014700,145645.0,145650.0,145485.0,145510.0,62449,5,238161
WIN$D,M15,1680015600,145510.0,145535.0,145435.0,145480.0,59412,5,223612
WIN$D,M15,1680016500,145475.0,145575.0,145465.0,145485.0,53873,5,213341
WIN$D,M15,1680017400,145490.0,145555.0,145385.0,145530.0,74571,5,258528
WIN$D,M15,1680018300,145530.0,145610.0,145500.0,145540.0,71141,5,271729
WIN$D,M15,1680019200,145540.0,145635.0,145535.0,145555.0,51589,5,186974
WIN$D,M15,1680020100,145560.0,145600.0,145530.0,145545.0,39148,5,145154
WIN$D,M15,1680021000,145545.0,145555.0,145355.0,145405.0,80810,5,316321
WIN$D,M15,1680021900,145410.0,145515.0,145370.0,145450.0,59457,5,236172
WIN$D,M15,1680022800,145450.0,145680.0,145425.0,145660.0,67568,5,281173
WIN$D,M15,1680023700,145665.0,145770.0,145645.0,145690.0,45388,5,172221
WIN$D,M15,1680024600,145690.0,145860.0,145675.0,145835.0,43795,5,168608
WIN$D,M15,1680025500,145835.0,145895.0,145775.0,145775.0,19047,5,87404
WIN$D,M15,1680080400,146125.0,146325.0,145945.0,146080.0,174098,5,493785
WIN$D,M15,1680081300,146085.0,146240.0,146010.0,146110.0,126309,5,366968
WIN$D,M15,1680082200,146110.0,146125.0,145925.0,146010.0,108016,5,317521
WIN$D,M15,1680083100,146010.0,146220.0,145935.0,146170.0,146668,5,435592
WIN$D,M15,1680084000,146170.0,146260.0,145600.0,145680.0,261565,5,828453
WIN$D,M15,1680084900,145675.0,145830.0,145335.0,145545.0,273626,5,846881
WIN$D,M15,1680085800,145550.0,145625.0,145110.0,145515.0,273519,5,862655
WIN$D,M15,1680086700,145515.0,145680.0,145355.0,145590.0,205439,5,646844
WIN$D,M15,1680087600,145595.0,145875.0,145590.0,145735.0,170930,5,537088
WIN$D,M15,1680088500,145735.0,145985.0,145625.0,145695.0,172610,5,551419
WIN$D,M15,1680089400,145695.0,145845.0,145635.0,145645.0,121030,5,390690
WIN$D,M15,1680090300,145645.0,145755.0,145415.0,145645.0,156211,5,507005
WIN$D,M15,1680091200,145645.0,145935.0,145580.0,145810.0,114450,5,391317
WIN$D,M15,1680092100,145810.0,146000.0,145720.0,145760.0,112784,5,390616
WIN$D,M15,1680093000,145760.0,145870.0,145690.0,145845.0,73303,5,255344
WIN$D,M15,1680093900,145850.0,145935.0,145640.0,145665.0,82383,5,286901
WIN$D,M15,1680094800,145665.0,145730.0,145480.0,145680.0,98347,5,344784
WIN$D,M15,1680095700,145685.0,145715.0,145575.0,145585.0,53288,5,190856
WIN$D,M15,1680096600,145585.0,145600.0,145325.0,145415.0,101506,5,365523
WIN$D,M15,1680097500,145415.0,145425.0,145155.0,145235.0,95624,5,332184
WIN$D,M15,1680098400,145240.0,145325.0,145040.0,145115.0,112510,5,396749
WIN$D,M15,1680099300,145110.0,145160.0,144865.0,145065.0,112754,5,416040
WIN$D,M15,1680100200,145060.0,145220.0,145045.0,145150.0,78980,5,299790
WIN$D,M15,1680101100,145155.0,145375.0,145145.0,145310.0,69765,5,254841
WIN$D,M15,1680102000,145315.0,145360.0,144435.0,144925.0,231476,5,867437
WIN$D,M15,1680102900,144920.0,145025.0,144745.0,144945.0,130385,5,433767
WIN$D,M15,1680103800,144950.0,145150.0,144935.0,144985.0,89750,5,338442
WIN$D,M15,1680104700,144985.0,145160.0,144935.0,145095.0,88285,5,327594
WIN$D,M15,1680105600,145095.0,145410.0,144975.0,145355.0,106782,5,402722
WIN$D,M15,1680106500,145355.0,145475.0,145325.0,145425.0,89425,5,333287
WIN$D,M15,1680107400,145420.0,146075.0,145360.0,146045.0,165761,5,646823
WIN$D,M15,1680108300,146050.0,146550.0,145985.0,146030.0,169176,5,683278
WIN$D,M15,1680109200,146030.0,146225.0,146005.0,146210.0,68560,5,249845
WIN$D,M15,1680110100,146210.0,146355.0,146180.0,146320.0,59034,5,208690
WIN$D,M15,1680111000,146320.0,146495.0,146300.0,146460.0,54892,5,170841
WIN$D,M15,1680111900,146465.0,146480.0,146230.0,146260.0,22632,5,74698
WIN$D,M15,1680166800,147555.0,147905.0,147445.0,147610.0,174753,5,477340
WIN$D,M15,1680167700,147610.0,147825.0,147435.0,147675.0,155697,5,404698
WIN$D,M15,1680168600,147670.0,148075.0,147620.0,147860.0,217650,5,617125
WIN$D,M15,1680169500,147865.0,147910.0,147540.0,147580.0,120209,5,340050
WIN$D,M15,1680170400,147580.0,147775.0,147330.0,147775.0,201694,5,587941
WIN$D,M15,1680171300,147775.0,148255.0,147745.0,148240.0,257469,5,793833
WIN$D,M15,1680172200,148245.0,148410.0,147955.0,148030.0,252433,5,771635
WIN$D,M15,1680173100,148030.0,148175.0,147890.0,147945.0,173676,5,560843
WIN$D,M15,1680174000,147945.0,148000.0,146905.0,146925.0,383703,5,1312696
WIN$D,M15,1680174900,146925.0,147540.0,146915.0,147530.0,228855,5,709002
WIN$D,M15,1680175800,147525.0,147790.0,147115.0,147740.0,216261,5,701112
WIN$D,M15,1680176700,147745.0,147815.0,147440.0,147465.0,130140,5,412841
WIN$D,M15,1680177600,147465.0,147730.0,147440.0,147530.0,125694,5,399643
WIN$D,M15,1680178500,147530.0,147775.0,147410.0,147720.0,116260,5,386158
WIN$D,M15,1680179400,147720.0,147840.0,147590.0,147765.0,89223,5,295413
WIN$D,M15,1680180300,147765.0,147770.0,147450.0,147570.0,87776,5,290009
WIN$D,M15,1680181200,147570.0,147875.0,147545.0,147780.0,82140,5,264061
WIN$D,M15,1680182100,147780.0,147875.0,147730.0,147785.0,70900,5,223991
WIN$D,M15,1680183000,147790.0,147850.0,147620.0,147650.0,86382,5,271142
WIN$D,M15,1680183900,147655.0,147660.0,147465.0,147560.0,74175,5,251527
WIN$D,M15,1680184800,147555.0,147760.0,147530.0,147680.0,72095,5,234230
WIN$D,M15,1680185700,147680.0,147735.0,147610.0,147700.0,57815,5,195733
WIN$D,M15,1680186600,147695.0,147715.0,147175.0,147225.0,132236,5,442993
WIN$D,M15,1680187500,147225.0,147515.0,147195.0,147500.0,87894,5,313760
WIN$D,M15,1680188400,147495.0,147575.0,147385.0,147525.0,68113,5,234048
WIN$D,M15,1680189300,147525.0,147560.0,147420.0,147545.0,65369,5,224882
WIN$D,M15,1680190200,147545.0,147610.0,147425.0,147505.0,76159,5,255412
WIN$D,M15,1680191100,147505.0,147605.0,147430.0,147545.0,73540,5,261266
WIN$D,M15,1680192000,147545.0,147745.0,147520.0,147725.0,88846,5,331164
WIN$D,M15,1680192900,147730.0,147800.0,147565.0,147765.0,90751,5,312069
WIN$D,M15,1680193800,147765.0,147965.0,147735.0,147880.0,93352,5,311696
WIN$D,M15,1680194700,147885.0,148075.0,147820.0,147995.0,108208,5,350389
WIN$D,M15,1680195600,147995.0,148150.0,147925.0,148125.0,68424,5,236147
WIN$D,M15,1680196500,148130.0,148270.0,148115.0,148225.0,73192,5,222018
WIN$D,M15,1680197400,148225.0,148350.0,148130.0,148320.0,51881,5,163950
WIN$D,M15,1680198300,148320.0,148340.0,148235.0,148325.0,22034,5,68835
WIN$D,M15,1680253200,147875.0,148550.0,147860.0,148430.0,202839,5,558348
WIN$D,M15,1680254100,148430.0,148540.0,147970.0,148005.0,175637,5,510506
WIN$D,M15,1680255000,148005.0,148255.0,147775.0,147810.0,207064,5,576765
WIN$D,M15,1680255900,147815.0,148105.0,147795.0,147995.0,121432,5,375479
WIN$D,M15,1680256800,148000.0,148125.0,147825.0,147980.0,204011,5,609404
WIN$D,M15,1680257700,147980.0,148340.0,147925.0,147930.0,283913,5,828853
WIN$D,M15,1680258600,147935.0,148195.0,147780.0,147825.0,231036,5,681036
WIN$D,M15,1680259500,147830.0,147970.0,147595.0,147710.0,252002,5,788508
WIN$D,M15,1680260400,147710.0,147920.0,147455.0,147475.0,203081,5,636298
WIN$D,M15,1680261300,147475.0,147620.0,147385.0,147410.0,179632,5,575251
WIN$D,M15,1680262200,147415.0,147595.0,147380.0,147595.0,127660,5,408727
WIN$D,M15,1680263100,147595.0,147650.0,147250.0,147290.0,151680,5,495469
WIN$D,M15,1680264000,147290.0,147305.0,146740.0,146820.0,191251,5,659912
WIN$D,M15,1680264900,146815.0,146995.0,146680.0,146685.0,150882,5,502320
WIN$D,M15,1680265800,146685.0,146775.0,146675.0,146735.0,66313,5,241768
WIN$D,M15,1680266700,146730.0,146915.0,146725.0,146875.0,73510,5,251019
WIN$D,M15,1680267600,146880.0,146975.0,146845.0,146935.0,58777,5,203296
WIN$D,M15,1680268500,146935.0,146950.0,146815.0,146895.0,51783,5,174949
WIN$D,M15,1680269400,146895.0,146900.0,146750.0,146795.0,64220,5,217914
WIN$D,M15,1680270300,146790.0,146790.0,146425.0,146560.0,124033,5,441086
WIN$D,M15,1680271200,146565.0,146565.0,146285.0,146380.0,119675,5,427366
WIN$D,M15,1680272100,146380.0,146470.0,146210.0,146295.0,91233,5,356239
WIN$D,M15,1680273000,146300.0,146300.0,145850.0,145880.0,148599,5,582223
WIN$D,M15,1680273900,145885.0,145935.0,145635.0,145920.0,139396,5,500556
WIN$D,M15,1680274800,145920.0,146085.0,145820.0,145905.0,102891,5,364692
WIN$D,M15,1680275700,145905.0,145935.0,145750.0,145930.0,77099,5,273917
WIN$D,M15,1680276600,145930.0,146155.0,145840.0,146080.0,81667,5,293087
WIN$D,M15,1680277500,146080.0,146335.0,146065.0,146125.0,107814,5,406789
WIN$D,M15,1680278400,146125.0,146250.0,146060.0,146130.0,82430,5,300065
WIN$D,M15,1680279300,146130.0,146525.0,146095.0,146515.0,95924,5,360796
WIN$D,M15,1680280200,146515.0,146630.0,146260.0,146290.0,136538,5,518192
WIN$D,M15,1680281100,146290.0,146300.0,145995.0,146190.0,125818,5,486276
WIN$D,M15,1680282000,146195.0,146200.0,145625.0,145725.0,103496,5,363499
WIN$D,M15,1680282900,145725.0,145900.0,145680.0,145745.0,69385,5,206775
WIN$D,M15,1680283800,145745.0,145820.0,145650.0,145775.0,57079,5,151588
WIN$D,M15,1680284700,145770.0,145835.0,145545.0,145770.0,41863,5,122003
WIN$D,M15,1680512400,146115.0,146375.0,146090.0,146205.0,150019,5,383161
WIN$D,M15,1680513300,146200.0,146315.0,146065.0,146080.0,129576,5,380191
WIN$D,M15,1680514200,146080.0,146330.0,146050.0,146260.0,125673,5,380338
WIN$D,M15,1680515100,146265.0,146370.0,146205.0,146340.0,104009,5,316584
WIN$D,M15,1680516000,146335.0,146345.0,145840.0,145985.0,262526,5,767432
WIN$D,M15,1680516900,145985.0,146015.0,145065.0,145110.0,351565,5,1074689
WIN$D,M15,1680517800,145110.0,145530.0,145100.0,145180.0,238557,5,814620
WIN$D,M15,1680518700,145180.0,145250.0,144845.0,144925.0,195570,5,638710
WIN$D,M15,1680519600,144930.0,145295.0,144930.0,145225.0,204863,5,684488
WIN$D,M15,1680520500,145225.0,145335.0,145125.0,145225.0,129932,5,434788
WIN$D,M15,1680521400,145230.0,145310.0,144735.0,144770.0,210839,5,706257
WIN$D,M15,1680522300,144775.0,145130.0,144765.0,145120.0,139312,5,473552
WIN$D,M15,1680523200,145120.0,145200.0,145010.0,145150.0,116872,5,407002
WIN$D,M15,1680524100,145150.0,145375.0,145115.0,145255.0,116131,5,435946
WIN$D,M15,1680525000,145250.0,145405.0,145160.0,145290.0,94725,5,337541
WIN$D,M15,1680525900,145285.0,145330.0,145150.0,145245.0,81910,5,287825
WIN$D,M15,1680526800,145250.0,145350.0,145150.0,145340.0,70956,5,279474
WIN$D,M15,1680527700,145340.0,145385.0,145170.0,145230.0,72045,5,282344
WIN$D,M15,1680528600,145230.0,145320.0,145090.0,145155.0,79048,5,292449
WIN$D,M15,1680529500,145155.0,145280.0,145140.0,145280.0,57256,5,214611
WIN$D,M15,1680530400,145280.0,145525.0,145175.0,145375.0,106731,5,391266
WIN$D,M15,1680531300,145370.0,145375.0,145060.0,145125.0,96672,5,365136
WIN$D,M15,1680532200,145125.0,145245.0,145115.0,145190.0,72376,5,269181
WIN$D,M15,1680533100,145195.0,145310.0,145120.0,145140.0,76535,5,287917
WIN$D,M15,1680534000,145145.0,145225.0,145070.0,145170.0,82849,5,311978
WIN$D,M15,1680534900,145165.0,145285.0,145110.0,145225.0,75517,5,282283
WIN$D,M15,1680535800,145220.0,145330.0,145150.0,145270.0,66114,5,257536
WIN$D,M15,1680536700,145270.0,145355.0,145225.0,145260.0,61538,5,238448
WIN$D,M15,1680537600,145255.0,145510.0,145205.0,145450.0,91281,5,348162
WIN$D,M15,1680538500,145450.0,145695.0,145435.0,145600.0,106955,5,413015
WIN$D,M15,1680539400,145605.0,145665.0,145445.0,145550.0,108726,5,420905
WIN$D,M15,1680540300,145555.0,145735.0,145530.0,145575.0,101468,5,381322
WIN$D,M15,1680541200,145575.0,145800.0,145535.0,145775.0,86863,5,309752
WIN$D,M15,1680542100,145775.0,145800.0,145640.0,145725.0,60033,5,192032
WIN$D,M15,1680543000,145725.0,145750.0,145615.0,145660.0,42256,5,143523
WIN$D,M15,1680543900,145660.0,145730.0,145615.0,145655.0,20450,5,79828
WIN$D,M15,1680598800,146060.0,146070.0,145655.0,145755.0,148174,5,418071
WIN$D,M15,1680599700,145755.0,146200.0,145750.0,146200.0,169025,5,513870
WIN$D,M15,1680600600,146200.0,146275.0,146110.0,146225.0,123114,5,377154
WIN$D,M15,1680601500,146225.0,146305.0,146135.0,146205.0,116288,5,374763
WIN$D,M15,1680602400,146205.0,146225.0,146020.0,146140.0,176025,5,580942
WIN$D,M15,1680603300,146140.0,146540.0,146030.0,146355.0,264716,5,868629
WIN$D,M15,1680604200,146355.0,146445.0,145815.0,146010.0,263538,5,840123
WIN$D,M15,1680605100,146005.0,146185.0,145915.0,146145.0,169843,5,586320
WIN$D,M15,1680606000,146145.0,147065.0,146145.0,147045.0,271097,5,946726
WIN$D,M15,1680606900,147045.0,147195.0,146780.0,146970.0,217996,5,759852
WIN$D,M15,1680607800,146975.0,146990.0,146495.0,146545.0,165359,5,594485
WIN$D,M15,1680608700,146540.0,146555.0,146155.0,146290.0,167446,5,611353
WIN$D,M15,1680609600,146285.0,146450.0,146125.0,146365.0,136096,5,476820
WIN$D,M15,1680610500,146360.0,146390.0,145795.0,146070.0,198454,5,721542
WIN$D,M15,1680611400,146065.0,146120.0,145825.0,145985.0,124276,5,432646
WIN$D,M15,1680612300,145985.0,146200.0,145920.0,146140.0,86373,5,314376
WIN$D,M15,1680613200,146140.0,146330.0,146100.0,146210.0,94325,5,346948
WIN$D,M15,1680614100,146210.0,146250.0,146010.0,146205.0,85050,5,326849
WIN$D,M15,1680615000,146200.0,146340.0,146100.0,146250.0,88322,5,338620
WIN$D,M15,1680615900,146245.0,146370.0,146235.0,146310.0,53643,5,223813
WIN$D,M15,1680616800,146310.0,146430.0,146245.0,146405.0,69838,5,278421
WIN$D,M15,1680617700,146410.0,146455.0,146255.0,146270.0,74651,5,276416
WIN$D,M15,1680618600,146270.0,146415.0,146250.0,146330.0,67250,5,252483
WIN$D,M15,1680619500,146325.0,146330.0,146200.0,146250.0,65160,5,241197
WIN$D,M15,1680620400,146250.0,146360.0,146205.0,146305.0,66045,5,250995
WIN$D,M15,1680621300,146310.0,146320.0,146095.0,146120.0,69544,5,243508
WIN$D,M15,1680622200,146120.0,146170.0,145915.0,146130.0,108837,5,410904
WIN$D,M15,1680623100,146125.0,146255.0,146085.0,146140.0,80896,5,302798
WIN$D,M15,1680624000,146135.0,146200.0,146030.0,146175.0,88441,5,320598
WIN$D,M15,1680624900,146180.0,146435.0,146160.0,146250.0,107656,5,408061
WIN$D,M15,1680625800,146250.0,146265.0,146040.0,146075.0,81346,5,318804
WIN$D,M15,1680626700,146075.0,146175.0,145905.0,146150.0,93344,5,350336
WIN$D,M15,1680627600,146145.0,146210.0,145990.0,146120.0,67484,5,220385
WIN$D,M15,1680628500,146115.0,146150.0,145975.0,146085.0,47225,5,171573
WIN$D,M15,1680629400,146080.0,146195.0,146035.0,146125.0,39812,5,134160
WIN$D,M15,1680630300,146120.0,146180.0,146070.0,146180.0,18106,5,67444
WIN$D,M15,1680685200,146030.0,146140.0,145625.0,145645.0,170672,5,498833
WIN$D,M15,1680686100,145645.0,146120.0,145560.0,146060.0,224199,5,654314
WIN$D,M15,1680687000,146060.0,146230.0,145960.0,146070.0,185417,5,546006
WIN$D,M15,1680687900,146070.0,146135.0,145900.0,145985.0,127631,5,399812
WIN$D,M15,1680688800,145990.0,146160.0,145590.0,145590.0,246630,5,766687
WIN$D,M15,1680689700,145590.0,145595.0,145240.0,145435.0,289699,5,922714
WIN$D,M15,1680690600,145440.0,145585.0,145295.0,145510.0,208138,5,693609
WIN$D,M15,1680691500,145515.0,145615.0,145085.0,145115.0,245207,5,832336
WIN$D,M15,1680692400,145115.0,145345.0,144330.0,144395.0,359537,5,1250183
WIN$D,M15,1680693300,144400.0,144480.0,144070.0,144140.0,251744,5,864438
WIN$D,M15,1680694200,144140.0,144355.0,143955.0,143955.0,204814,5,722359
WIN$D,M15,1680695100,143955.0,144325.0,143930.0,144205.0,149189,5,518692
WIN$D,M15,1680696000,144205.0,144320.0,144065.0,144315.0,104185,5,373424
WIN$D,M15,1680696900,144310.0,144525.0,144270.0,144365.0,118725,5,425433
WIN$D,M15,1680697800,144365.0,144625.0,144330.0,144565.0,92486,5,330073
WIN$D,M15,1680698700,144565.0,144830.0,144545.0,144815.0,92624,5,334574
WIN$D,M15,1680699600,144810.0,144880.0,144740.0,144825.0,82337,5,296794
WIN$D,M15,1680700500,144825.0,144915.0,144575.0,144620.0,109327,5,413827
WIN$D,M15,1680701400,144615.0,144765.0,144545.0,144685.0,96263,5,348820
WIN$D,M15,1680702300,144685.0,144695.0,144455.0,144625.0,90617,5,322408
WIN$D,M15,1680703200,144620.0,144725.0,144555.0,144700.0,73251,5,291102
WIN$D,M15,1680704100,144705.0,144805.0,144665.0,144715.0,68496,5,258763
WIN$D,M15,1680705000,144715.0,144785.0,144640.0,144680.0,70748,5,266125
WIN$D,M15,1680705900,144680.0,144800.0,144555.0,144795.0,90377,5,338887
WIN$D,M15,1680706800,144790.0,145165.0,144790.0,145050.0,168939,5,629149
WIN$D,M15,1680707700,145050.0,145085.0,144925.0,144965.0,74242,5,291260
WIN$D,M15,1680708600,144960.0,145245.0,144940.0,145075.0,110602,5,445231
WIN$D,M15,1680709500,145075.0,145090.0,144685.0,144785.0,133662,5,515245
WIN$D,M15,1680710400,144785.0,144815.0,144670.0,144805.0,77819,5,303567
WIN$D,M15,1680711300,144805.0,144940.0,144785.0,144880.0,70306,5,296521
WIN$D,M15,1680712200,144875.0,145180.0,144850.0,145145.0,119407,5,467656
WIN$D,M15,1680713100,145150.0,145185.0,144965.0,145015.0,87301,5,323996
WIN$D,M15,1680714000,145015.0,145025.0,144735.0,144825.0,70236,5,271463
WIN$D,M15,1680714900,144830.0,145045.0,144825.0,144935.0,61715,5,228003
WIN$D,M15,1680715800,144930.0,144945.0,144780.0,144865.0,51724,5,192970
WIN$D,M15,1680716700,144865.0,144925.0,144755.0,144755.0,19954,5,83817
WIN$D,M15,1680771600,144875.0,145015.0,144730.0,144935.0,146673,5,388619
WIN$D,M15,1680772500,144935.0,144945.0,144635.0,144645.0,117333,5,346526
WIN$D,M15,1680773400,144645.0,144865.0,144555.0,144710.0,163340,5,485738
WIN$D,M15,1680774300,144715.0,144820.0,144610.0,144675.0,101885,5,308320
WIN$D,M15,1680775200,144675.0,145550.0,144630.0,145535.0,310456,5,996018
WIN$D,M15,1680776100,145530.0,145595.0,145105.0,145210.0,223968,5,687106
WIN$D,M15,1680777000,145210.0,145225.0,144545.0,144715.0,272537,5,913490
WIN$D,M15,1680777900,144715.0,144800.0,144535.0,144600.0,201994,5,685752
WIN$D,M15,1680778800,144605.0,145045.0,144590.0,145015.0,208050,5,693253
WIN$D,M15,1680779700,145010.0,145055.0,144810.0,144990.0,144714,5,463775
WIN$D,M15,1680780600,144985.0,145110.0,144615.0,144655.0,201086,5,620265
WIN$D,M15,1680781500,144650.0,144925.0,144625.0,144800.0,130448,5,437368
WIN$D,M15,1680782400,144805.0,144865.0,144595.0,144675.0,127048,5,429518
WIN$D,M15,1680783300,144675.0,144720.0,144380.0,144480.0,139017,5,455393
WIN$D,M15,1680784200,144485.0,144820.0,144480.0,144770.0,108952,5,376409
WIN$D,M15,1680785100,144770.0,144840.0,144730.0,144835.0,69989,5,236038
WIN$D,M15,1680786000,144830.0,144950.0,144810.0,144900.0,85808,5,288142
WIN$D,M15,1680786900,144905.0,144935.0,144785.0,144855.0,65823,5,229490
WIN$D,M15,1680787800,144855.0,145060.0,144845.0,144910.0,99205,5,357387
WIN$D,M15,1680788700,144905.0,144930.0,144720.0,144815.0,73362,5,251756
WIN$D,M15,1680789600,144820.0,144850.0,144730.0,144830.0,56363,5,194866
WIN$D,M15,1680790500,144825.0,144950.0,144785.0,144910.0,55462,5,194797
WIN$D,M15,1680791400,144915.0,144955.0,144770.0,144775.0,66526,5,235883
WIN$D,M15,1680792300,144780.0,144830.0,144665.0,144820.0,80442,5,287357
WIN$D,M15,1680793200,144820.0,144845.0,144685.0,144770.0,61270,5,205845
WIN$D,M15,1680794100,144775.0,144915.0,144740.0,144905.0,57041,5,197712
WIN$D,M15,1680795000,144900.0,145105.0,144880.0,145065.0,106611,5,392769
WIN$D,M15,1680795900,145060.0,145080.0,144955.0,145035.0,60227,5,216196
WIN$D,M15,1680796800,145035.0,145035.0,144875.0,144890.0,52551,5,196600
WIN$D,M15,1680797700,144895.0,144925.0,144815.0,144890.0,50382,5,197200
WIN$D,M15,1680798600,144890.0,144915.0,144755.0,144830.0,64478,5,243743
WIN$D,M15,1680799500,144830.0,144930.0,144785.0,144840.0,59256,5,226336
WIN$D,M15,1680800400,144840.0,144905.0,144810.0,144865.0,39933,5,166269
WIN$D,M15,1680801300,144865.0,144965.0,144800.0,144945.0,38766,5,154157
WIN$D,M15,1680802200,144945.0,145125.0,144920.0,145020.0,60156,5,215864
WIN$D,M15,1680803100,145025.0,145205.0,145010.0,145205.0,23014,5,69580
WIN$D,M15,1681117200,145005.0,145085.0,144810.0,144860.0,110534,5,332832
WIN$D,M15,1681118100,144860.0,144915.0,144720.0,144800.0,120704,5,393139
WIN$D,M15,1681119000,144795.0,145275.0,144790.0,145220.0,175685,5,572213
WIN$D,M15,1681119900,145215.0,145320.0,145180.0,145275.0,110870,5,383567
WIN$D,M15,1681120800,145275.0,145760.0,145275.0,145645.0,248676,5,855467
WIN$D,M15,1681121700,145650.0,145820.0,145515.0,145785.0,209988,5,659217
WIN$D,M15,1681122600,145780.0,146225.0,145660.0,145975.0,268709,5,900054
WIN$D,M15,1681123500,145975.0,146160.0,145690.0,145785.0,193593,5,634152
WIN$D,M15,1681124400,145785.0,145895.0,145570.0,145675.0,161412,5,536689
WIN$D,M15,1681125300,145675.0,145855.0,145540.0,145855.0,140403,5,468196
WIN$D,M15,1681126200,145850.0,145890.0,145620.0,145790.0,140435,5,461088
WIN$D,M15,1681127100,145795.0,145890.0,145600.0,145700.0,132555,5,460623
WIN$D,M15,1681128000,145700.0,146065.0,145675.0,145810.0,133639,5,465680
WIN$D,M15,1681128900,145815.0,145990.0,145755.0,145955.0,84686,5,304318
WIN$D,M15,1681129800,145955.0,146140.0,145865.0,145875.0,112506,5,389361
WIN$D,M15,1681130700,145875.0,145960.0,145855.0,145870.0,57155,5,196536
WIN$D,M15,1681131600,145865.0,145890.0,145720.0,145755.0,73050,5,255663
WIN$D,M15,1681132500,145755.0,145855.0,145750.0,145830.0,49120,5,178198
WIN$D,M15,1681133400,145830.0,145930.0,145775.0,145875.0,67874,5,251898
WIN$D,M15,1681134300,145875.0,145895.0,145700.0,145735.0,65225,5,239628
WIN$D,M15,1681135200,145730.0,145795.0,145650.0,145785.0,69667,5,250194
WIN$D,M15,1681136100,145780.0,145800.0,145660.0,145740.0,60697,5,221990
WIN$D,M15,1681137000,145745.0,145820.0,145690.0,145795.0,61769,5,219091
WIN$D,M15,1681137900,145795.0,145840.0,145690.0,145720.0,57166,5,209887
WIN$D,M15,1681138800,145720.0,145900.0,145660.0,145865.0,84282,5,310315
WIN$D,M15,1681139700,145865.0,145895.0,145775.0,145815.0,66506,5,238055
WIN$D,M15,1681140600,145820.0,145825.0,145675.0,145735.0,69379,5,250841
WIN$D,M15,1681141500,145735.0,145805.0,145675.0,145740.0,57718,5,218120
WIN$D,M15,1681142400,145740.0,145835.0,145600.0,145710.0,93445,5,353201
WIN$D,M15,1681143300,145710.0,145830.0,145705.0,145800.0,76257,5,293754
WIN$D,M15,1681144200,145795.0,145805.0,145710.0,145740.0,46184,5,180525
WIN$D,M15,1681145100,145735.0,145880.0,145690.0,145870.0,62482,5,235134
WIN$D,M15,1681146000,145865.0,145940.0,145785.0,145885.0,56915,5,206276
WIN$D,M15,1681146900,145885.0,145995.0,145875.0,145890.0,48955,5,163032
WIN$D,M15,1681147800,145890.0,145965.0,145815.0,145890.0,39347,5,139652
WIN$D,M15,1681148700,145895.0,145990.0,145875.0,145990.0,21630,5,85972
WIN$D,M15,1681203600,146375.0,147015.0,146315.0,146890.0,251477,5,708434
WIN$D,M15,1681204500,146885.0,147350.0,146810.0,147210.0,223391,5,652938
WIN$D,M15,1681205400,147210.0,147335.0,147140.0,147290.0,136126,5,394394
WIN$D,M15,1681206300,147290.0,147450.0,147110.0,147325.0,183114,5,520901
WIN$D,M15,1681207200,147325.0,148200.0,147290.0,148165.0,346558,5,1053755
WIN$D,M15,1681208100,148160.0,149155.0,148115.0,148340.0,349096,5,1148947
WIN$D,M15,1681209000,148335.0,148615.0,148270.0,148550.0,224300,5,705835
WIN$D,M15,1681209900,148545.0,148870.0,148495.0,148690.0,194228,5,627596
WIN$D,M15,1681210800,148690.0,149250.0,148655.0,149045.0,257348,5,880131
WIN$D,M15,1681211700,149045.0,149600.0,149015.0,149390.0,228043,5,777588
WIN$D,M15,1681212600,149390.0,149425.0,149065.0,149130.0,120363,5,399007
WIN$D,M15,1681213500,149125.0,149190.0,148945.0,149120.0,121691,5,411978
WIN$D,M15,1681214400,149120.0,149360.0,149060.0,149245.0,133779,5,442467
WIN$D,M15,1681215300,149245.0,149295.0,149090.0,149150.0,81067,5,271498
WIN$D,M15,1681216200,149155.0,149250.0,149010.0,149205.0,84060,5,261755
WIN$D,M15,1681217100,149205.0,149270.0,149090.0,149245.0,71002,5,233546
WIN$D,M15,1681218000,149250.0,149255.0,149145.0,149235.0,44765,5,148641
WIN$D,M15,1681218900,149235.0,149360.0,149210.0,149245.0,71634,5,256521
WIN$D,M15,1681219800,149240.0,149315.0,149135.0,149260.0,63324,5,247220
WIN$D,M15,1681220700,149260.0,149470.0,149195.0,149360.0,71196,5,255479
WIN$D,M15,1681221600,149355.0,149775.0,149335.0,149695.0,147694,5,553020
WIN$D,M15,1681222500,149690.0,150025.0,149610.0,149895.0,144047,5,538851
WIN$D,M15,1681223400,149890.0,150455.0,149890.0,150325.0,184179,5,659704
WIN$D,M15,1681224300,150330.0,150350.0,150020.0,150030.0,134682,5,495964
WIN$D,M15,1681225200,150035.0,150120.0,149855.0,149950.0,114953,5,421590
WIN$D,M15,1681226100,149950.0,150065.0,149855.0,150015.0,75807,5,284182
WIN$D,M15,1681227000,150015.0,150275.0,149955.0,150120.0,107871,5,398994
WIN$D,M15,1681227900,150120.0,150225.0,150000.0,150020.0,76349,5,276765
WIN$D,M15,1681228800,150020.0,150365.0,149990.0,150320.0,99854,5,358286
WIN$D,M15,1681229700,150320.0,150450.0,150090.0,150125.0,112828,5,422305
WIN$D,M15,1681230600,150120.0,150210.0,150050.0,150075.0,73735,5,288303
WIN$D,M15,1681231500,150080.0,150185.0,150005.0,150070.0,87245,5,332330
WIN$D,M15,1681232400,150070.0,150405.0,150065.0,150350.0,126600,5,419823
WIN$D,M15,1681233300,150345.0,150655.0,150280.0,150525.0,119033,5,322867
WIN$D,M15,1681234200,150530.0,150655.0,150375.0,150610.0,96586,5,259151
WIN$D,M15,1681235100,150610.0,150785.0,150545.0,150545.0,42817,5,137967
WIN$D,M15,1681290000,150350.0,150565.0,150030.0,150090.0,187077,5,483014
WIN$D,M15,1681290900,150090.0,150840.0,150050.0,150800.0,201802,5,528081
WIN$D,M15,1681291800,150795.0,151400.0,150635.0,150660.0,285506,5,729279
WIN$D,M15,1681292700,150665.0,151045.0,150445.0,150620.0,198237,5,579537
WIN$D,M15,1681293600,150615.0,151195.0,150405.0,151055.0,234116,5,681913
WIN$D,M15,1681294500,151055.0,151360.0,150780.0,151275.0,271825,5,816084
WIN$D,M15,1681295400,151275.0,151720.0,150960.0,151490.0,291925,5,906995
WIN$D,M15,1681296300,151490.0,151675.0,150795.0,150840.0,221566,5,684329
WIN$D,M15,1681297200,150835.0,151115.0,150745.0,150985.0,192588,5,601150
WIN$D,M15,1681298100,150980.0,151075.0,150760.0,151035.0,129650,5,416960
WIN$D,M15,1681299000,151030.0,151045.0,150270.0,150430.0,198794,5,615217
WIN$D,M15,1681299900,150430.0,150640.0,150310.0,150495.0,128233,5,418431
WIN$D,M15,1681300800,150495.0,150615.0,150225.0,150365.0,115027,5,371496
WIN$D,M15,1681301700,150365.0,150710.0,150335.0,150680.0,109384,5,353517
WIN$D,M15,1681302600,150680.0,150940.0,150595.0,150930.0,111540,5,359818
WIN$D,M15,1681303500,150925.0,151025.0,150700.0,150855.0,100820,5,321690
WIN$D,M15,1681304400,150850.0,151125.0,150835.0,151005.0,88800,5,295907
WIN$D,M15,1681305300,151010.0,151130.0,150945.0,151120.0,59757,5,203808
WIN$D,M15,1681306200,151120.0,151200.0,151000.0,151155.0,77793,5,268375
WIN$D,M15,1681307100,151155.0,151560.0,151060.0,151545.0,117487,5,411800
WIN$D,M15,1681308000,151545.0,152135.0,151520.0,151995.0,181096,5,660321
WIN$D,M15,1681308900,151995.0,152325.0,151935.0,152270.0,146749,5,517761
WIN$D,M15,1681309800,152265.0,152295.0,151765.0,151835.0,113321,5,383494
WIN$D,M15,1681310700,151835.0,151930.0,151680.0,151745.0,81651,5,269441
WIN$D,M15,1681311600,151755.0,151895.0,151550.0,151810.0,128269,5,388424
WIN$D,M15,1681312500,151810.0,152060.0,151675.0,151825.0,141915,5,481832
WIN$D,M15,1681313400,151825.0,151925.0,151735.0,151850.0,80648,5,272882
WIN$D,M15,1681314300,151850.0,151910.0,151590.0,151780.0,98569,5,355998
WIN$D,M15,1681315200,151775.0,151840.0,151330.0,151490.0,114505,5,421601
WIN$D,M15,1681316100,151490.0,151500.0,150970.0,151020.0,129423,5,461143
WIN$D,M15,1681317000,151020.0,151090.0,150785.0,150945.0,115206,5,418321
WIN$D,M15,1681317900,150940.0,150995.0,150790.0,150925.0,77260,5,269459
WIN$D,M15,1681318800,150930.0,150960.0,150675.0,150860.0,88737,5,316754
WIN$D,M15,1681319700,150865.0,150870.0,150550.0,150690.0,58179,5,183474
WIN$D,M15,1681320600,150685.0,150775.0,150655.0,150735.0,38217,5,121492
WIN$D,M15,1681321500,150735.0,150790.0,150630.0,150745.0,19647,5,60533
WIN$D,M15,1681376400,150845.0,151005.0,150605.0,150840.0,179985,5,461587
WIN$D,M15,1681377300,150840.0,151105.0,150825.0,151050.0,142162,5,386670
WIN$D,M15,1681378200,151050.0,151245.0,150855.0,150935.0,193834,5,501164
WIN$D,M15,1681379100,150935.0,151070.0,150860.0,150920.0,120627,5,359385
WIN$D,M15,1681380000,150915.0,151130.0,150295.0,150495.0,366699,5,1082379
WIN$D,M15,1681380900,150495.0,150500.0,150130.0,150270.0,280013,5,830483
WIN$D,M15,1681381800,150265.0,150900.0,150230.0,150750.0,325810,5,996722
WIN$D,M15,1681382700,150755.0,151005.0,150680.0,150725.0,219047,5,701781
WIN$D,M15,1681383600,150725.0,150845.0,150525.0,150755.0,209764,5,683672
WIN$D,M15,1681384500,150755.0,150885.0,150525.0,150545.0,174960,5,577798
WIN$D,M15,1681385400,150545.0,150660.0,150345.0,150445.0,200956,5,676726
WIN$D,M15,1681386300,150445.0,150510.0,150300.0,150370.0,117651,5,388767
WIN$D,M15,1681387200,150375.0,150490.0,150180.0,150470.0,131822,5,446527
WIN$D,M15,1681388100,150470.0,150565.0,150295.0,150360.0,112385,5,378996
WIN$D,M15,1681389000,150355.0,150520.0,150345.0,150390.0,74784,5,247612
WIN$D,M15,1681389900,150390.0,150535.0,150335.0,150495.0,65773,5,225861
WIN$D,M15,1681390800,150495.0,150505.0,150270.0,150370.0,78850,5,276660
WIN$D,M15,1681391700,150370.0,150430.0,150060.0,150175.0,92219,5,309828
WIN$D,M15,1681392600,150175.0,150300.0,150060.0,150285.0,79642,5,263398
WIN$D,M15,1681393500,150285.0,150385.0,150230.0,150300.0,65784,5,225022
WIN$D,M15,1681394400,150300.0,150435.0,150250.0,150370.0,77609,5,271081
WIN$D,M15,1681395300,150365.0,150535.0,150320.0,150395.0,91478,5,316965
WIN$D,M15,1681396200,150390.0,150575.0,150330.0,150510.0,77639,5,274200
WIN$D,M15,1681397100,150515.0,150770.0,150480.0,150645.0,109787,5,387552
WIN$D,M15,1681398000,150645.0,150660.0,150485.0,150565.0,78931,5,279963
WIN$D,M15,1681398900,150565.0,150630.0,150440.0,150545.0,79243,5,289758
WIN$D,M15,1681399800,150545.0,150555.0,150380.0,150505.0,86171,5,304084
WIN$D,M15,1681400700,150500.0,150535.0,150405.0,150440.0,55960,5,188153
WIN$D,M15,1681401600,150445.0,150465.0,150330.0,150335.0,62476,5,213683
WIN$D,M15,1681402500,150330.0,150490.0,150275.0,150370.0,86310,5,304902
WIN$D,M15,1681403400,150370.0,150385.0,150185.0,150225.0,64124,5,229646
WIN$D,M15,1681404300,150225.0,150440.0,150215.0,150415.0,72866,5,267531
WIN$D,M15,1681405200,150420.0,150525.0,150210.0,150245.0,75087,5,246653
WIN$D,M15,1681406100,150245.0,150275.0,150170.0,150225.0,40667,5,140063
WIN$D,M15,1681407000,150225.0,150330.0,150205.0,150285.0,36197,5,113785
WIN$D,M15,1681407900,150280.0,150415.0,150195.0,150195.0,22280,5,64776
WIN$D,M15,1681462800,150095.0,150695.0,150075.0,150650.0,172063,5,453157
WIN$D,M15,1681463700,150650.0,150665.0,150315.0,150430.0,138032,5,369940
WIN$D,M15,1681464600,150425.0,150640.0,149960.0,149985.0,253504,5,659059
WIN$D,M15,1681465500,149990.0,150145.0,149935.0,150035.0,160486,5,437759
WIN$D,M15,1681466400,150035.0,150035.0,149085.0,149125.0,310162,5,925179
WIN$D,M15,1681467300,149125.0,149285.0,148645.0,148680.0,268482,5,824907
WIN$D,M15,1681468200,148685.0,149745.0,148610.0,149725.0,299244,5,967681
WIN$D,M15,1681469100,149720.0,150210.0,149585.0,150100.0,247787,5,765284
WIN$D,M15,1681470000,150100.0,150135.0,149600.0,149970.0,253720,5,782090
WIN$D,M15,1681470900,149970.0,150100.0,149725.0,149890.0,177383,5,562619
WIN$D,M15,1681471800,149890.0,149960.0,149485.0,149930.0,193460,5,617292
WIN$D,M15,1681472700,149930.0,150005.0,149745.0,149770.0,118300,5,393493
WIN$D,M15,1681473600,149770.0,149835.0,149600.0,149630.0,117694,5,390360
WIN$D,M15,1681474500,149630.0,149770.0,149580.0,149730.0,81175,5,273855
WIN$D,M15,1681475400,149725.0,149960.0,149680.0,149945.0,95628,5,323036
WIN$D,M15,1681476300,149945.0,149975.0,149750.0,149920.0,86288,5,287483
WIN$D,M15,1681477200,149925.0,150060.0,149810.0,150025.0,97054,5,323914
WIN$D,M15,1681478100,150020.0,150340.0,149995.0,150250.0,124758,5,401713
WIN$D,M15,1681479000,150245.0,150300.0,150065.0,150145.0,96740,5,323823
WIN$D,M15,1681479900,150145.0,150320.0,150080.0,150310.0,84075,5,293361
WIN$D,M15,1681480800,150305.0,150600.0,150305.0,150410.0,130083,5,447887
WIN$D,M15,1681481700,150410.0,150430.0,150260.0,150280.0,69839,5,246155
WIN$D,M15,1681482600,150280.0,150300.0,149995.0,150045.0,99517,5,369601
WIN$D,M15,1681483500,150045.0,150115.0,149990.0,150000.0,54403,5,199172
WIN$D,M15,1681484400,149995.0,150155.0,149990.0,150050.0,64469,5,256801
WIN$D,M15,1681485300,150050.0,150230.0,150045.0,150145.0,74296,5,280351
WIN$D,M15,1681486200,150150.0,150230.0,150055.0,150150.0,73045,5,261441
WIN$D,M15,1681487100,150150.0,150155.0,150005.0,150045.0,57356,5,206660
WIN$D,M15,1681488000,150045.0,150075.0,149845.0,149855.0,57431,5,221148
WIN$D,M15,1681488900,149855.0,150070.0,149650.0,149955.0,120148,5,457361
WIN$D,M15,1681489800,149955.0,149975.0,149810.0,149885.0,66036,5,240624
WIN$D,M15,1681490700,149890.0,150175.0,149870.0,150140.0,93875,5,358143
WIN$D,M15,1681491600,150145.0,150430.0,150135.0,150415.0,72373,5,264081
WIN$D,M15,1681492500,150415.0,150530.0,150305.0,150440.0,68037,5,221955
WIN$D,M15,1681493400,150440.0,150720.0,150435.0,150685.0,69012,5,236934
WIN$D,M15,1681494300,150680.0,150780.0,150530.0,150645.0,33749,5,114555
WIN$D,M15,1681722000,150725.0,150745.0,150090.0,150185.0,170587,5,453608
WIN$D,M15,1681722900,150185.0,150265.0,150015.0,150095.0,118293,5,341682
WIN$D,M15,1681723800,150095.0,150480.0,150015.0,150290.0,197802,5,574625
WIN$D,M15,1681724700,150290.0,150405.0,150130.0,150190.0,165219,5,529363
WIN$D,M15,1681725600,150185.0,150510.0,150070.0,150430.0,229208,5,766684
WIN$D,M15,1681726500,150425.0,150675.0,149770.0,150270.0,338173,5,1027057
WIN$D,M15,1681727400,150265.0,150535.0,149930.0,150215.0,274308,5,867021
WIN$D,M15,1681728300,150215.0,150470.0,150015.0,150380.0,190626,5,643665
WIN$D,M15,1681729200,150380.0,150415.0,150095.0,150215.0,148110,5,516677
WIN$D,M15,1681730100,150215.0,150315.0,149905.0,150020.0,140157,5,455272
WIN$D,M15,1681731000,150015.0,150130.0,149645.0,149775.0,190189,5,632887
WIN$D,M15,1681731900,149775.0,149965.0,149660.0,149860.0,123267,5,429944
WIN$D,M15,1681732800,149855.0,149910.0,149705.0,149765.0,96788,5,332860
WIN$D,M15,1681733700,149765.0,149870.0,149600.0,149625.0,112163,5,389604
WIN$D,M15,1681734600,149625.0,149770.0,149585.0,149720.0,80744,5,280692
WIN$D,M15,1681735500,149720.0,149915.0,149680.0,149720.0,83250,5,285865
WIN$D,M15,1681736400,149720.0,149795.0,149610.0,149660.0,56115,5,197827
WIN$D,M15,1681737300,149655.0,149815.0,149595.0,149760.0,91221,5,345054
WIN$D,M15,1681738200,149755.0,149800.0,149585.0,149615.0,60999,5,219400
WIN$D,M15,1681739100,149620.0,149720.0,149455.0,149515.0,120315,5,445420
WIN$D,M15,1681740000,149510.0,149615.0,149390.0,149545.0,91028,5,340066
WIN$D,M15,1681740900,149540.0,149615.0,149515.0,149585.0,64538,5,249888
WIN$D,M15,1681741800,149580.0,149715.0,149550.0,149695.0,78202,5,289594
WIN$D,M15,1681742700,149695.0,149765.0,149645.0,149680.0,57416,5,230108
WIN$D,M15,1681743600,149680.0,149710.0,149545.0,149650.0,86942,5,359577
WIN$D,M15,1681744500,149650.0,149690.0,149460.0,149635.0,84134,5,333441
WIN$D,M15,1681745400,149635.0,149725.0,149545.0,149615.0,83160,5,319942
WIN$D,M15,1681746300,149610.0,149635.0,149495.0,149505.0,53117,5,198215
WIN$D,M15,1681747200,149500.0,149630.0,149480.0,149595.0,62675,5,240718
WIN$D,M15,1681748100,149595.0,149765.0,149595.0,149745.0,56626,5,209491
WIN$D,M15,1681749000,149750.0,149805.0,149665.0,149710.0,62572,5,231188
WIN$D,M15,1681749900,149710.0,149915.0,149595.0,149895.0,86243,5,340878
WIN$D,M15,1681750800,149895.0,150010.0,149775.0,149975.0,71589,5,265946
WIN$D,M15,1681751700,149975.0,150045.0,149805.0,149835.0,57477,5,210179
WIN$D,M15,1681752600,149840.0,149935.0,149765.0,149820.0,43734,5,161486
WIN$D,M15,1681753500,149820.0,149830.0,149675.0,149775.0,20940,5,94078
WIN$D,M15,1681808400,150265.0,151075.0,150245.0,150905.0,218033,5,610214
WIN$D,M15,1681809300,150910.0,151220.0,150810.0,150950.0,165779,5,479699
WIN$D,M15,1681810200,150955.0,151170.0,150765.0,150905.0,151965,5,433133
WIN$D,M15,1681811100,150905.0,150910.0,150455.0,150470.0,157556,5,487288
WIN$D,M15,1681812000,150465.0,150480.0,149480.0,149485.0,309249,5,1019222
WIN$D,M15,1681812900,149485.0,149565.0,148990.0,149085.0,326137,5,1076878
WIN$D,M15,1681813800,149080.0,149535.0,148770.0,149515.0,284271,5,959312
WIN$D,M15,1681814700,149520.0,149955.0,149500.0,149730.0,207606,5,736004
WIN$D,M15,1681815600,149730.0,149760.0,149370.0,149620.0,227918,5,803807
WIN$D,M15,1681816500,149620.0,149880.0,149605.0,149640.0,130274,5,478121
WIN$D,M15,1681817400,149640.0,149920.0,149590.0,149900.0,125695,5,460376
WIN$D,M15,1681818300,149905.0,150195.0,149865.0,150060.0,160364,5,593461
WIN$D,M15,1681819200,150055.0,150095.0,149820.0,149855.0,112233,5,411304
WIN$D,M15,1681820100,149855.0,150020.0,149760.0,149990.0,97138,5,343163
WIN$D,M15,1681821000,149985.0,149985.0,149705.0,149785.0,96032,5,354864
WIN$D,M15,1681821900,149785.0,149880.0,149630.0,149760.0,81475,5,300312
WIN$D,M15,1681822800,149755.0,149875.0,149730.0,149855.0,64453,5,252390
WIN$D,M15,1681823700,149855.0,149930.0,149830.0,149870.0,51920,5,216017
WIN$D,M15,1681824600,149870.0,149955.0,149785.0,149790.0,75321,5,298195
WIN$D,M15,1681825500,149795.0,149925.0,149635.0,149660.0,80847,5,320276
WIN$D,M15,1681826400,149660.0,149785.0,149640.0,149775.0,66985,5,266887
WIN$D,M15,1681827300,149770.0,149975.0,149680.0,149805.0,84542,5,333447
WIN$D,M15,1681828200,149810.0,149870.0,149705.0,149755.0,59622,5,235593
WIN$D,M15,1681829100,149755.0,149810.0,149525.0,149545.0,71177,5,273768
WIN$D,M15,1681830000,149550.0,149590.0,149335.0,149485.0,126672,5,491167
WIN$D,M15,1681830900,149490.0,149625.0,149435.0,149550.0,78014,5,321469
WIN$D,M15,1681831800,149550.0,149595.0,149425.0,149570.0,76523,5,300918
WIN$D,M15,1681832700,149570.0,149780.0,149400.0,149730.0,111823,5,458951
WIN$D,M15,1681833600,149725.0,150195.0,149670.0,150080.0,152546,5,575436
WIN$D,M15,1681834500,150080.0,150115.0,149800.0,149820.0,84297,5,315948
WIN$D,M15,1681835400,149820.0,149890.0,149730.0,149805.0,74698,5,294669
WIN$D,M15,1681836300,149800.0,149965.0,149715.0,149925.0,78414,5,299850
WIN$D,M15,1681837200,149930.0,150005.0,149885.0,149920.0,45918,5,171883
WIN$D,M15,1681838100,149915.0,149955.0,149810.0,149910.0,41452,5,149626
WIN$D,M15,1681839000,149910.0,149965.0,149815.0,149855.0,39026,5,152641
WIN$D,M15,1681839900,149855.0,149950.0,149645.0,149645.0,16429,5,75666
WIN$D,M15,1681894800,148775.0,148995.0,148220.0,148815.0,202919,5,574293
WIN$D,M15,1681895700,148815.0,148935.0,148645.0,148765.0,167353,5,507469
WIN$D,M15,1681896600,148760.0,148935.0,148495.0,148650.0,147021,5,463349
WIN$D,M15,1681897500,148655.0,148755.0,148305.0,148620.0,207170,5,648809
WIN$D,M15,1681898400,148620.0,148860.0,148445.0,148485.0,223691,5,734190
WIN$D,M15,1681899300,148480.0,148645.0,148115.0,148420.0,256327,5,760612
WIN$D,M15,1681900200,148425.0,148430.0,147665.0,147840.0,317416,5,1010437
WIN$D,M15,1681901100,147835.0,148105.0,147590.0,147775.0,228419,5,733861
WIN$D,M15,1681902000,147780.0,148245.0,147730.0,148165.0,189958,5,624307
WIN$D,M15,1681902900,148165.0,148215.0,147855.0,148090.0,189639,5,622358
WIN$D,M15,1681903800,148090.0,148215.0,147935.0,147990.0,112809,5,368920
WIN$D,M15,1681904700,147995.0,148360.0,147960.0,148235.0,123981,5,400746
WIN$D,M15,1681905600,148235.0,148260.0,147915.0,148020.0,105240,5,335578
WIN$D,M15,1681906500,148015.0,148205.0,147970.0,148200.0,97775,5,314307
WIN$D,M15,1681907400,148200.0,148265.0,148005.0,148035.0,81803,5,267618
WIN$D,M15,1681908300,148035.0,148095.0,147780.0,147820.0,78763,5,261049
WIN$D,M15,1681909200,147820.0,147990.0,147735.0,147925.0,87464,5,305798
WIN$D,M15,1681910100,147925.0,147950.0,147760.0,147855.0,68588,5,226908
WIN$D,M15,1681911000,147860.0,148030.0,147725.0,147960.0,80195,5,281055
WIN$D,M15,1681911900,147960.0,148030.0,147910.0,147985.0,46209,5,156907
WIN$D,M15,1681912800,147985.0,148095.0,147885.0,147955.0,81990,5,287049
WIN$D,M15,1681913700,147955.0,147965.0,147765.0,147940.0,90047,5,311834
WIN$D,M15,1681914600,147945.0,147985.0,147835.0,147850.0,63161,5,226770
WIN$D,M15,1681915500,147855.0,147875.0,147725.0,147840.0,62826,5,212592
WIN$D,M15,1681916400,147840.0,147965.0,147665.0,147840.0,112205,5,422702
WIN$D,M15,1681917300,147840.0,147855.0,147440.0,147475.0,99491,5,367558
WIN$D,M15,1681918200,147475.0,147490.0,147270.0,147390.0,125607,5,447697
WIN$D,M15,1681919100,147390.0,147430.0,147160.0,147425.0,128735,5,512788
WIN$D,M15,1681920000,147420.0,147685.0,147380.0,147630.0,102877,5,393148
WIN$D,M15,1681920900,147635.0,147700.0,147435.0,147440.0,85224,5,328192
WIN$D,M15,1681921800,147440.0,147550.0,147380.0,147470.0,79369,5,309139
WIN$D,M15,1681922700,147465.0,147585.0,147385.0,147425.0,67733,5,271669
WIN$D,M15,1681923600,147420.0,147565.0,147345.0,147550.0,60269,5,227314
WIN$D,M15,1681924500,147550.0,147690.0,147510.0,147655.0,48006,5,162507
WIN$D,M15,1681925400,147650.0,147790.0,147645.0,147715.0,50700,5,159306
WIN$D,M15,1681926300,147720.0,147825.0,147610.0,147695.0,23169,5,83262
WIN$D,M15,1681981200,147345.0,147915.0,147165.0,147555.0,185161,5,540992
WIN$D,M15,1681982100,147555.0,148170.0,147475.0,148055.0,197639,5,584524
WIN$D,M15,1681983000,148050.0,148265.0,147945.0,148115.0,165018,5,477838
WIN$D,M15,1681983900,148120.0,148205.0,147955.0,148015.0,123884,5,384399
WIN$D,M15,1681984800,148020.0,148040.0,146815.0,147040.0,390345,5,1198990
WIN$D,M15,1681985700,147040.0,147210.0,146580.0,147210.0,305724,5,923675
WIN$D,M15,1681986600,147210.0,147675.0,147070.0,147575.0,262423,5,837012
WIN$D,M15,1681987500,147570.0,147750.0,147320.0,147320.0,213215,5,690050
WIN$D,M15,1681988400,147325.0,148160.0,147270.0,148065.0,254107,5,865108
WIN$D,M15,1681989300,148065.0,148165.0,147595.0,147685.0,159365,5,538391
WIN$D,M15,1681990200,147685.0,147965.0,147655.0,147805.0,146229,5,489715
WIN$D,M15,1681991100,147805.0,148010.0,147720.0,147795.0,129622,5,459601
WIN$D,M15,1681992000,147800.0,147910.0,147505.0,147670.0,119643,5,428086
WIN$D,M15,1681992900,147675.0,147920.0,147605.0,147795.0,90009,5,292607
WIN$D,M15,1681993800,147800.0,147895.0,147670.0,147690.0,76003,5,270785
WIN$D,M15,1681994700,147690.0,147840.0,147665.0,147790.0,59451,5,209723
WIN$D,M15,1681995600,147795.0,147950.0,147745.0,147750.0,70233,5,266084
WIN$D,M15,1681996500,147755.0,147860.0,147715.0,147775.0,44196,5,171499
WIN$D,M15,1681997400,147775.0,147960.0,147695.0,147920.0,67537,5,258795
WIN$D,M15,1681998300,147920.0,147990.0,147840.0,147925.0,72288,5,256301
WIN$D,M15,1681999200,147925.0,148025.0,147885.0,147895.0,57238,5,211504
WIN$D,M15,1682000100,147900.0,148090.0,147850.0,147980.0,64735,5,248127
WIN$D,M15,1682001000,147975.0,148225.0,147970.0,148140.0,92329,5,349353
WIN$D,M15,1682001900,148140.0,148200.0,147985.0,148035.0,89759,5,361598
WIN$D,M15,1682002800,148035.0,148035.0,147685.0,147715.0,90491,5,350203
WIN$D,M15,1682003700,147715.0,147815.0,147620.0,147735.0,96942,5,381156
WIN$D,M15,1682004600,147735.0,147800.0,147590.0,147755.0,81968,5,302242
WIN$D,M15,1682005500,147750.0,147905.0,147730.0,147875.0,76886,5,293872
WIN$D,M15,1682006400,147880.0,147915.0,147695.0,147745.0,63624,5,225041
WIN$D,M15,1682007300,147745.0,148000.0,147725.0,147760.0,93230,5,355897
WIN$D,M15,1682008200,147760.0,147870.0,147715.0,147830.0,62447,5,222518
WIN$D,M15,1682009100,147825.0,147930.0,147765.0,147905.0,50794,5,192959
WIN$D,M15,1682010000,147905.0,147995.0,147820.0,147930.0,51966,5,189169
WIN$D,M15,1682010900,147930.0,148060.0,147865.0,147955.0,48664,5,169527
WIN$D,M15,1682011800,147955.0,148040.0,147890.0,147980.0,37335,5,123204
WIN$D,M15,1682012700,147975.0,148050.0,147860.0,147985.0,19209,5,68456
WIN$D,M15,1682326800,147495.0,147685.0,146895.0,146965.0,190890,5,556520
WIN$D,M15,1682327700,146965.0,147330.0,146940.0,147215.0,127334,5,389261
WIN$D,M15,1682328600,147215.0,147385.0,147125.0,147250.0,148053,5,448542
WIN$D,M15,1682329500,147250.0,147410.0,147150.0,147360.0,106797,5,339274
WIN$D,M15,1682330400,147365.0,147590.0,147025.0,147565.0,300510,5,964072
WIN$D,M15,1682331300,147560.0,147660.0,147025.0,147060.0,239690,5,760116
WIN$D,M15,1682332200,147065.0,147105.0,146700.0,146930.0,273955,5,870482
WIN$D,M15,1682333100,146935.0,147790.0,146825.0,147680.0,251607,5,795736
WIN$D,M15,1682334000,147680.0,148430.0,147650.0,148160.0,287638,5,987196
WIN$D,M15,1682334900,148160.0,148245.0,147830.0,147955.0,157923,5,512177
WIN$D,M15,1682335800,147955.0,147985.0,147665.0,147800.0,139137,5,462030
WIN$D,M15,1682336700,147805.0,147905.0,147600.0,147630.0,133175,5,441038
WIN$D,M15,1682337600,147630.0,147695.0,147470.0,147620.0,124333,5,419449
WIN$D,M15,1682338500,147620.0,147690.0,147550.0,147690.0,71274,5,253255
WIN$D,M15,1682339400,147690.0,147840.0,147635.0,147805.0,95982,5,318408
WIN$D,M15,1682340300,147805.0,147895.0,147695.0,147710.0,92462,5,306697
WIN$D,M15,1682341200,147710.0,147755.0,147590.0,147685.0,76491,5,255198
WIN$D,M15,1682342100,147685.0,147755.0,147495.0,147510.0,67537,5,234326
WIN$D,M15,1682343000,147515.0,147560.0,147410.0,147485.0,75083,5,260386
WIN$D,M15,1682343900,147485.0,147640.0,147430.0,147520.0,65260,5,233743
WIN$D,M15,1682344800,147520.0,147630.0,147485.0,147575.0,62888,5,250241
WIN$D,M15,1682345700,147575.0,147655.0,147505.0,147540.0,56067,5,211897
WIN$D,M15,1682346600,147535.0,147670.0,147475.0,147505.0,71345,5,277236
WIN$D,M15,1682347500,147510.0,147680.0,147440.0,147470.0,90813,5,334359
WIN$D,M15,1682348400,147475.0,147560.0,147455.0,147500.0,52689,5,195127
WIN$D,M15,1682349300,147500.0,147580.0,147375.0,147550.0,84301,5,313713
WIN$D,M15,1682350200,147550.0,147565.0,147365.0,147420.0,64881,5,250199
WIN$D,M15,1682351100,147415.0,147460.0,147370.0,147405.0,41575,5,168573
WIN$D,M15,1682352000,147405.0,147505.0,147380.0,147420.0,52200,5,206613
WIN$D,M15,1682352900,147415.0,147550.0,147395.0,147420.0,60136,5,254692
WIN$D,M15,1682353800,147425.0,147465.0,147320.0,147420.0,48106,5,175005
WIN$D,M15,1682354700,147420.0,147570.0,147390.0,147525.0,56143,5,228295
WIN$D,M15,1682355600,147520.0,147590.0,147455.0,147535.0,39142,5,151364
WIN$D,M15,1682356500,147535.0,147585.0,147495.0,147530.0,25930,5,89890
WIN$D,M15,1682357400,147530.0,147640.0,147520.0,147600.0,27403,5,87962
WIN$D,M15,1682358300,147600.0,147635.0,147535.0,147630.0,15565,5,54089
WIN$D,M15,1682413200,147220.0,147305.0,146975.0,147130.0,195272,5,558644
WIN$D,M15,1682414100,147125.0,147270.0,146850.0,146960.0,183180,5,561204
WIN$D,M15,1682415000,146960.0,147335.0,146880.0,147210.0,179484,5,520294
WIN$D,M15,1682415900,147215.0,147250.0,147035.0,147115.0,124516,5,387895
WIN$D,M15,1682416800,147115.0,147120.0,146595.0,146840.0,292340,5,854107
WIN$D,M15,1682417700,146840.0,146970.0,146515.0,146555.0,248134,5,745835
WIN$D,M15,1682418600,146560.0,146805.0,146220.0,146450.0,308612,5,995807
WIN$D,M15,1682419500,146450.0,146505.0,146110.0,146330.0,233877,5,748863
WIN$D,M15,1682420400,146330.0,146565.0,146180.0,146295.0,200975,5,654031
WIN$D,M15,1682421300,146300.0,146535.0,146160.0,146170.0,138523,5,459338
WIN$D,M15,1682422200,146170.0,146445.0,146130.0,146230.0,123998,5,433926
WIN$D,M15,1682423100,146235.0,146300.0,146020.0,146200.0,121230,5,409865
WIN$D,M15,1682424000,146200.0,146615.0,146110.0,146560.0,137299,5,479160
WIN$D,M15,1682424900,146555.0,146625.0,146410.0,146540.0,103547,5,361950
WIN$D,M15,1682425800,146535.0,146655.0,146455.0,146485.0,81765,5,271841
WIN$D,M15,1682426700,146480.0,146610.0,146320.0,146510.0,102627,5,368536
WIN$D,M15,1682427600,146505.0,146595.0,146365.0,146525.0,72610,5,270517
WIN$D,M15,1682428500,146525.0,146585.0,146465.0,146540.0,42829,5,170421
WIN$D,M15,1682429400,146535.0,146710.0,146505.0,146575.0,76186,5,265380
WIN$D,M15,1682430300,146575.0,146605.0,146470.0,146555.0,51336,5,190828
WIN$D,M15,1682431200,146550.0,146765.0,146190.0,146260.0,127440,5,474809
WIN$D,M15,1682432100,146260.0,146365.0,146125.0,146170.0,111790,5,387820
WIN$D,M15,1682433000,146165.0,146280.0,146065.0,146190.0,101147,5,360569
WIN$D,M15,1682433900,146190.0,146440.0,146075.0,146315.0,116206,5,466700
WIN$D,M15,1682434800,146320.0,146395.0,146250.0,146390.0,58840,5,191579
WIN$D,M15,1682435700,146385.0,146415.0,146275.0,146375.0,56239,5,208000
WIN$D,M15,1682436600,146375.0,146390.0,146225.0,146310.0,57429,5,202815
WIN$D,M15,1682437500,146305.0,146445.0,146280.0,146415.0,57783,5,198376
WIN$D,M15,1682438400,146415.0,146495.0,146375.0,146470.0,54688,5,189520
WIN$D,M15,1682439300,146470.0,146625.0,146405.0,146450.0,82013,5,289777
WIN$D,M15,1682440200,146450.0,146680.0,146435.0,146630.0,80996,5,282154
WIN$D,M15,1682441100,146630.0,146725.0,146495.0,146545.0,77773,5,273161
WIN$D,M15,1682442000,146540.0,146815.0,146520.0,146790.0,78331,5,272237
WIN$D,M15,1682442900,146790.0,146855.0,146720.0,146795.0,45255,5,141763
WIN$D,M15,1682443800,146800.0,147140.0,146785.0,147110.0,54060,5,189381
WIN$D,M15,1682444700,147110.0,147355.0,147045.0,147355.0,23397,5,96723
WIN$D,M15,1682499600,147010.0,147710.0,146695.0,146720.0,217716,5,638369
WIN$D,M15,1682500500,146725.0,146860.0,146500.0,146725.0,151988,5,460367
WIN$D,M15,1682501400,146720.0,146880.0,146650.0,146870.0,121957,5,350026
WIN$D,M15,1682502300,146870.0,146980.0,146605.0,146720.0,165187,5,519546
WIN$D,M15,1682503200,146715.0,147095.0,146595.0,146900.0,213373,5,656951
WIN$D,M15,1682504100,146895.0,146935.0,146565.0,146735.0,212143,5,671296
WIN$D,M15,1682505000,146735.0,146775.0,146400.0,146435.0,217775,5,743617
WIN$D,M15,1682505900,146430.0,146495.0,146190.0,146240.0,187134,5,638059
WIN$D,M15,1682506800,146240.0,146345.0,146055.0,146310.0,174367,5,633624
WIN$D,M15,1682507700,146310.0,146345.0,145905.0,146065.0,185311,5,606815
WIN$D,M15,1682508600,146065.0,146435.0,146045.0,146340.0,156988,5,547204
WIN$D,M15,1682509500,146340.0,146425.0,146220.0,146315.0,104072,5,388887
WIN$D,M15,1682510400,146315.0,146420.0,146270.0,146300.0,73370,5,263309
WIN$D,M15,1682511300,146305.0,146400.0,146200.0,146395.0,76605,5,294378
WIN$D,M15,1682512200,146390.0,146460.0,146180.0,146245.0,95000,5,338250
WIN$D,M15,1682513100,146250.0,146340.0,146200.0,146275.0,61554,5,224938
WIN$D,M15,1682514000,146280.0,146365.0,146150.0,146185.0,77327,5,298815
WIN$D,M15,1682514900,146190.0,146430.0,146185.0,146415.0,68067,5,261324
WIN$D,M15,1682515800,146410.0,146475.0,146320.0,146360.0,74185,5,281476
WIN$D,M15,1682516700,146365.0,146460.0,146300.0,146405.0,57311,5,199065
WIN$D,M15,1682517600,146400.0,146450.0,146290.0,146310.0,45340,5,151891
WIN$D,M15,1682518500,146305.0,146325.0,146150.0,146190.0,69186,5,263946
WIN$D,M15,1682519400,146190.0,146285.0,146155.0,146260.0,46447,5,184886
WIN$D,M15,1682520300,146265.0,146290.0,145765.0,145790.0,138949,5,541686
WIN$D,M15,1682521200,145795.0,145830.0,145595.0,145810.0,124756,5,475476
WIN$D,M15,1682522100,145815.0,145915.0,145750.0,145885.0,78519,5,301726
WIN$D,M15,1682523000,145885.0,145915.0,145675.0,145730.0,76323,5,290458
WIN$D,M15,1682523900,145735.0,146010.0,145725.0,145950.0,78456,5,298620
WIN$D,M15,1682524800,145950.0,146095.0,145925.0,146045.0,63299,5,227090
WIN$D,M15,1682525700,146045.0,146050.0,145875.0,145965.0,64075,5,224835
WIN$D,M15,1682526600,145965.0,146045.0,145785.0,145825.0,75957,5,274913
WIN$D,M15,1682527500,145825.0,145845.0,145730.0,145785.0,61240,5,221487
WIN$D,M15,1682528400,145785.0,145895.0,145705.0,145885.0,60766,5,195471
WIN$D,M15,1682529300,145885.0,145975.0,145795.0,145935.0,42263,5,123222
WIN$D,M15,1682530200,145930.0,145960.0,145830.0,145880.0,41524,5,132599
WIN$D,M15,1682531100,145875.0,146105.0,145840.0,146065.0,26013,5,92817
WIN$D,M15,1682586000,146300.0,146355.0,145820.0,146020.0,201370,5,588538
WIN$D,M15,1682586900,146025.0,146060.0,145705.0,145850.0,126919,5,369682
WIN$D,M15,1682587800,145845.0,145995.0,145270.0,145375.0,245480,5,708553
WIN$D,M15,1682588700,145380.0,145560.0,145355.0,145460.0,127032,5,373335
WIN$D,M15,1682589600,145460.0,145805.0,145435.0,145585.0,220183,5,698869
WIN$D,M15,1682590500,145585.0,146170.0,145325.0,146110.0,263162,5,823538
WIN$D,M15,1682591400,146110.0,146175.0,145620.0,145640.0,241670,5,788365
WIN$D,M15,1682592300,145645.0,146080.0,145615.0,146045.0,187077,5,615992
WIN$D,M15,1682593200,146045.0,146360.0,145985.0,146345.0,189837,5,632292
WIN$D,M15,1682594100,146345.0,146545.0,146225.0,146445.0,173715,5,588690
WIN$D,M15,1682595000,146450.0,146470.0,146035.0,146065.0,140267,5,452706
WIN$D,M15,1682595900,146060.0,146130.0,145945.0,146025.0,102578,5,354270
WIN$D,M15,1682596800,146020.0,146225.0,145985.0,146130.0,100521,5,340914
WIN$D,M15,1682597700,146130.0,146170.0,145995.0,146135.0,77430,5,262301
WIN$D,M15,1682598600,146135.0,146180.0,145860.0,145860.0,87444,5,304152
WIN$D,M15,1682599500,145860.0,145925.0,145645.0,145670.0,94340,5,320290
WIN$D,M15,1682600400,145665.0,145725.0,145470.0,145620.0,132151,5,476370
WIN$D,M15,1682601300,145615.0,145805.0,145580.0,145795.0,71247,5,271869
WIN$D,M15,1682602200,145800.0,145845.0,145715.0,145790.0,72592,5,250088
WIN$D,M15,1682603100,145795.0,145910.0,145765.0,145895.0,58864,5,205342
WIN$D,M15,1682604000,145900.0,145925.0,145685.0,145805.0,87008,5,312591
WIN$D,M15,1682604900,145800.0,145910.0,145715.0,145840.0,86987,5,317744
WIN$D,M15,1682605800,145835.0,145895.0,145725.0,145865.0,63650,5,228305
WIN$D,M15,1682606700,145860.0,146275.0,145850.0,146160.0,156069,5,591515
WIN$D,M15,1682607600,146165.0,146285.0,146085.0,146130.0,86621,5,299281
WIN$D,M15,1682608500,146135.0,146195.0,146030.0,146130.0,63062,5,210046
WIN$D,M15,1682609400,146135.0,146150.0,145970.0,146070.0,58647,5,192030
WIN$D,M15,1682610300,146065.0,146105.0,145855.0,145865.0,73413,5,273245
WIN$D,M15,1682611200,145860.0,146095.0,145855.0,146085.0,74398,5,288385
WIN$D,M15,1682612100,146085.0,146195.0,146025.0,146100.0,70640,5,240891
WIN$D,M15,1682613000,146095.0,146330.0,146095.0,146175.0,79998,5,267201
WIN$D,M15,1682613900,146180.0,146285.0,146085.0,146265.0,69788,5,246433
WIN$D,M15,1682614800,146265.0,146520.0,146205.0,146230.0,83763,5,284637
WIN$D,M15,1682615700,146225.0,146395.0,146220.0,146380.0,37107,5,127307
WIN$D,M15,1682616600,146380.0,146445.0,146315.0,146370.0,34974,5,109019
WIN$D,M15,1682617500,146370.0,146400.0,146300.0,146300.0,12719,5,53962
WIN$D,M15,1682672400,146045.0,146330.0,145845.0,146165.0,142609,5,383513
WIN$D,M15,1682673300,146165.0,146325.0,146095.0,146235.0,86242,5,245729
WIN$D,M15,1682674200,146235.0,146525.0,146075.0,146480.0,199546,5,557859
WIN$D,M15,1682675100,146480.0,146760.0,146460.0,146635.0,137262,5,441748
WIN$D,M15,1682676000,146635.0,146890.0,146015.0,146035.0,286140,5,920423
WIN$D,M15,1682676900,146035.0,146210.0,145820.0,146090.0,241265,5,779512
WIN$D,M15,1682677800,146095.0,146135.0,145740.0,145835.0,214722,5,688996
WIN$D,M15,1682678700,145835.0,146075.0,145720.0,146065.0,178587,5,585939
WIN$D,M15,1682679600,146065.0,146505.0,145925.0,146480.0,200915,5,656562
WIN$D,M15,1682680500,146475.0,147500.0,146460.0,147360.0,306622,5,1072599
WIN$D,M15,1682681400,147360.0,147425.0,147070.0,147170.0,145177,5,517808
WIN$D,M15,1682682300,147170.0,147230.0,146715.0,146730.0,128115,5,460343
WIN$D,M15,1682683200,146730.0,146935.0,146435.0,146785.0,163196,5,585154
WIN$D,M15,1682684100,146785.0,147365.0,146770.0,147285.0,133015,5,461893
WIN$D,M15,1682685000,147285.0,147480.0,147230.0,147360.0,114982,5,425996
WIN$D,M15,1682685900,147365.0,147445.0,147200.0,147235.0,74668,5,273161
WIN$D,M15,1682686800,147235.0,147425.0,147220.0,147410.0,60743,5,219089
WIN$D,M15,1682687700,147405.0,147685.0,147305.0,147675.0,106910,5,390086
WIN$D,M15,1682688600,147675.0,147815.0,147590.0,147630.0,93937,5,343185
WIN$D,M15,1682689500,147630.0,147800.0,147630.0,147765.0,59938,5,205069
WIN$D,M15,1682690400,147765.0,147780.0,147545.0,147600.0,69202,5,249824
WIN$D,M15,1682691300,147595.0,147685.0,147555.0,147645.0,52120,5,192149
WIN$D,M15,1682692200,147640.0,147765.0,147595.0,147615.0,62751,5,231144
WIN$D,M15,1682693100,147610.0,147650.0,147480.0,147555.0,71539,5,257623
WIN$D,M15,1682694000,147550.0,147615.0,147440.0,147485.0,59256,5,206668
WIN$D,M15,1682694900,147485.0,147500.0,147320.0,147435.0,71816,5,275027
WIN$D,M15,1682695800,147440.0,147465.0,147210.0,147290.0,77577,5,275351
WIN$D,M15,1682696700,147290.0,147365.0,147205.0,147340.0,61745,5,224169
WIN$D,M15,1682697600,147345.0,147430.0,147280.0,147410.0,63232,5,236379
WIN$D,M15,1682698500,147415.0,147530.0,147395.0,147435.0,66174,5,253935
WIN$D,M15,1682699400,147440.0,147445.0,147285.0,147320.0,59805,5,225105
WIN$D,M15,1682700300,147315.0,147625.0,147230.0,147625.0,76473,5,278899
WIN$D,M15,1682701200,147625.0,147760.0,147435.0,147535.0,82945,5,309218
WIN$D,M15,1682702100,147535.0,147570.0,147450.0,147475.0,34400,5,133357
WIN$D,M15,1682703000,147480.0,147520.0,147350.0,147370.0,29369,5,113060
WIN$D,M15,1682703900,147370.0,147385.0,147095.0,147095.0,29412,5,125022
WIN$D,M15,1683018000,147020.0,147255.0,146855.0,146945.0,171004,5,459386
WIN$D,M15,1683018900,146940.0,146995.0,146760.0,146765.0,125416,5,332859
WIN$D,M15,1683019800,146765.0,147055.0,146720.0,146950.0,131550,5,371843
WIN$D,M15,1683020700,146950.0,147280.0,146935.0,147105.0,130246,5,379645
WIN$D,M15,1683021600,147105.0,147420.0,146950.0,147105.0,278300,5,829250
WIN$D,M15,1683022500,147100.0,147305.0,146775.0,146825.0,248876,5,717694
WIN$D,M15,1683023400,146825.0,146965.0,146420.0,146430.0,332068,5,1000030
WIN$D,M15,1683024300,146430.0,146445.0,145525.0,145645.0,307594,5,1004964
WIN$D,M15,1683025200,145650.0,145735.0,145020.0,145370.0,299568,5,1075815
WIN$D,M15,1683026100,145370.0,145550.0,145065.0,145120.0,193231,5,664140
WIN$D,M15,1683027000,145125.0,145295.0,145050.0,145160.0,133494,5,452946
WIN$D,M15,1683027900,145160.0,145410.0,145075.0,145235.0,118245,5,418859
WIN$D,M15,1683028800,145235.0,145340.0,145115.0,145145.0,98896,5,369414
WIN$D,M15,1683029700,145145.0,145180.0,144760.0,144925.0,138382,5,519571
WIN$D,M15,1683030600,144925.0,145230.0,144855.0,145225.0,85844,5,304115
WIN$D,M15,1683031500,145230.0,145340.0,145145.0,145180.0,82044,5,300511
WIN$D,M15,1683032400,145180.0,145220.0,145065.0,145200.0,71300,5,275299
WIN$D,M15,1683033300,145205.0,145240.0,145135.0,145180.0,52684,5,205149
WIN$D,M15,1683034200,145180.0,145225.0,145085.0,145205.0,57851,5,213093
WIN$D,M15,1683035100,145205.0,145310.0,145090.0,145175.0,74722,5,276283
WIN$D,M15,1683036000,145175.0,145265.0,145115.0,145150.0,55503,5,240979
WIN$D,M15,1683036900,145150.0,145180.0,144945.0,144960.0,70186,5,276066
WIN$D,M15,1683037800,144960.0,145165.0,144950.0,145135.0,62022,5,227104
WIN$D,M15,1683038700,145135.0,145205.0,145110.0,145175.0,50981,5,204786
WIN$D,M15,1683039600,145170.0,145185.0,145020.0,145040.0,53000,5,200295
WIN$D,M15,1683040500,145040.0,145160.0,145005.0,145105.0,69892,5,260958
WIN$D,M15,1683041400,145105.0,145200.0,145070.0,145140.0,58419,5,237071
WIN$D,M15,1683042300,145140.0,145200.0,145090.0,145135.0,45802,5,188567
WIN$D,M15,1683043200,145140.0,145165.0,145125.0,145145.0,30840,5,159285
WIN$D,M15,1683044100,145150.0,145265.0,145035.0,145200.0,81531,5,344886
WIN$D,M15,1683045000,145200.0,145225.0,145085.0,145165.0,57796,5,235998
WIN$D,M15,1683045900,145165.0,145175.0,144995.0,145010.0,59763,5,236188
WIN$D,M15,1683046800,145010.0,145160.0,144965.0,145105.0,58844,5,212941
WIN$D,M15,1683047700,145105.0,145120.0,144890.0,144945.0,64732,5,254445
WIN$D,M15,1683048600,144950.0,145045.0,144860.0,144880.0,47720,5,171081
WIN$D,M15,1683049500,144880.0,144915.0,144745.0,144745.0,32025,5,121673
WIN$D,M15,1683104400,145035.0,145365.0,144965.0,145220.0,170246,5,403205
WIN$D,M15,1683105300,145220.0,145245.0,144895.0,145110.0,206538,5,549628
WIN$D,M15,1683106200,145110.0,145455.0,145060.0,145340.0,191455,5,576429
WIN$D,M15,1683107100,145340.0,145430.0,145230.0,145240.0,121510,5,384264
WIN$D,M15,1683108000,145240.0,145320.0,144905.0,144925.0,252739,5,816627
WIN$D,M15,1683108900,144925.0,145610.0,144865.0,145250.0,336407,5,1024495
WIN$D,M15,1683109800,145250.0,145285.0,144615.0,144935.0,340680,5,1103800
WIN$D,M15,1683110700,144930.0,145020.0,144635.0,144715.0,218209,5,718500
WIN$D,M15,1683111600,144715.0,144880.0,144570.0,144750.0,209815,5,737085
WIN$D,M15,1683112500,144755.0,144840.0,144590.0,144790.0,144549,5,510871
WIN$D,M15,1683113400,144785.0,145020.0,144760.0,144935.0,166222,5,580544
WIN$D,M15,1683114300,144940.0,145095.0,144830.0,145040.0,135314,5,475015
WIN$D,M15,1683115200,145035.0,145165.0,144835.0,144910.0,144116,5,487991
WIN$D,M15,1683116100,144910.0,145080.0,144850.0,144935.0,94759,5,320780
WIN$D,M15,1683117000,144935.0,145030.0,144760.0,144845.0,105579,5,390175
WIN$D,M15,1683117900,144850.0,145035.0,144830.0,145015.0,81971,5,290463
WIN$D,M15,1683118800,145010.0,145145.0,144990.0,145050.0,78216,5,278150
WIN$D,M15,1683119700,145050.0,145050.0,144955.0,145015.0,53864,5,186058
WIN$D,M15,1683120600,145015.0,145050.0,144905.0,144930.0,50549,5,179287
WIN$D,M15,1683121500,144935.0,144980.0,144835.0,144960.0,58932,5,217015
WIN$D,M15,1683122400,144960.0,144995.0,144890.0,144950.0,51191,5,190888
WIN$D,M15,1683123300,144950.0,145105.0,144900.0,145045.0,65792,5,245923
WIN$D,M15,1683124200,145045.0,145205.0,145030.0,145125.0,63985,5,242042
WIN$D,M15,1683125100,145130.0,145435.0,145035.0,145200.0,90157,5,292103
WIN$D,M15,1683126000,145215.0,145525.0,145055.0,145525.0,212505,5,670690
WIN$D,M15,1683126900,145520.0,145550.0,145270.0,145345.0,113582,5,389774
WIN$D,M15,1683127800,145350.0,145580.0,145165.0,145375.0,200884,5,684499
WIN$D,M15,1683128700,145380.0,145470.0,145140.0,145345.0,147215,5,494676
WIN$D,M15,1683129600,145340.0,145515.0,145020.0,145020.0,154244,5,538348
WIN$D,M15,1683130500,145025.0,145255.0,144935.0,145050.0,133083,5,458155
WIN$D,M15,1683131400,145045.0,145095.0,144825.0,145000.0,93237,5,328944
WIN$D,M15,1683132300,145000.0,145115.0,144925.0,145035.0,63787,5,231385
WIN$D,M15,1683133200,145030.0,145085.0,144925.0,145040.0,42895,5,161952
WIN$D,M15,1683134100,145035.0,145115.0,145030.0,145090.0,25375,5,96664
WIN$D,M15,1683135000,145095.0,145245.0,145080.0,145215.0,36559,5,127663
WIN$D,M15,1683135900,145215.0,145275.0,144945.0,144945.0,24990,5,126290
WIN$D,M15,1683190800,144995.0,145385.0,144870.0,145115.0,168420,5,480744
WIN$D,M15,1683191700,145115.0,145310.0,145030.0,145265.0,126997,5,352866
WIN$D,M15,1683192600,145260.0,145915.0,145165.0,145640.0,240768,5,734856
WIN$D,M15,1683193500,145640.0,146160.0,145605.0,145880.0,202123,5,635373
WIN$D,M15,1683194400,145885.0,146645.0,145865.0,146375.0,280803,5,881909
WIN$D,M15,1683195300,146375.0,146535.0,146040.0,146255.0,201215,5,628948
WIN$D,M15,1683196200,146260.0,146380.0,145445.0,145505.0,277850,5,898076
WIN$D,M15,1683197100,145505.0,145590.0,145210.0,145370.0,236861,5,790192
WIN$D,M15,1683198000,145370.0,145405.0,144900.0,145170.0,254304,5,844679
WIN$D,M15,1683198900,145170.0,145270.0,144690.0,144695.0,235256,5,772278
WIN$D,M15,1683199800,144695.0,144945.0,144595.0,144905.0,183373,5,619626
WIN$D,M15,1683200700,144905.0,145135.0,144680.0,144725.0,183220,5,638601
WIN$D,M15,1683201600,144730.0,144960.0,144650.0,144775.0,136104,5,471690
WIN$D,M15,1683202500,144775.0,144790.0,144285.0,144340.0,170047,5,604647
WIN$D,M15,1683203400,144340.0,144425.0,144165.0,144380.0,119557,5,421765
WIN$D,M15,1683204300,144380.0,144420.0,144250.0,144370.0,64923,5,218381
WIN$D,M15,1683205200,144365.0,144510.0,144320.0,144370.0,67804,5,229096
WIN$D,M15,1683206100,144370.0,144560.0,144330.0,144545.0,62465,5,217817
WIN$D,M15,1683207000,144545.0,144730.0,144505.0,144595.0,80937,5,291995
WIN$D,M15,1683207900,144595.0,144925.0,144545.0,144915.0,87406,5,320265
WIN$D,M15,1683208800,144915.0,144955.0,144755.0,144920.0,94316,5,351836
WIN$D,M15,1683209700,144915.0,145665.0,144905.0,145635.0,176403,5,714738
WIN$D,M15,1683210600,145630.0,146315.0,145530.0,145960.0,225272,5,869112
WIN$D,M15,1683211500,145965.0,146085.0,145800.0,145880.0,105859,5,410849
WIN$D,M15,1683212400,145885.0,145900.0,145640.0,145685.0,90595,5,348437
WIN$D,M15,1683213300,145685.0,145760.0,145400.0,145440.0,97339,5,376620
WIN$D,M15,1683214200,145435.0,145610.0,145305.0,145570.0,99380,5,383581
WIN$D,M15,1683215100,145570.0,145640.0,145435.0,145610.0,85077,5,341968
WIN$D,M15,1683216000,145610.0,145725.0,145300.0,145330.0,97883,5,380431
WIN$D,M15,1683216900,145330.0,145415.0,145175.0,145340.0,95833,5,377802
WIN$D,M15,1683217800,145340.0,145790.0,145325.0,145460.0,112105,5,437439
WIN$D,M15,1683218700,145465.0,145470.0,145280.0,145380.0,73079,5,276881
WIN$D,M15,1683219600,145375.0,145575.0,145330.0,145520.0,56093,5,199933
WIN$D,M15,1683220500,145520.0,145555.0,145390.0,145450.0,41385,5,160907
WIN$D,M15,1683221400,145455.0,145560.0,145375.0,145445.0,47850,5,178826
WIN$D,M15,1683222300,145445.0,146200.0,145410.0,146200.0,14090,5,61667
WIN$D,M15,1683277200,145945.0,146135.0,145785.0,145815.0,124660,5,355188
WIN$D,M15,1683278100,145810.0,146085.0,145665.0,145885.0,152911,5,388202
WIN$D,M15,1683279000,145885.0,146040.0,145600.0,145835.0,183278,5,452709
WIN$D,M15,1683279900,145835.0,146395.0,145790.0,146045.0,218262,5,631564
WIN$D,M15,1683280800,146040.0,146620.0,145875.0,146330.0,300246,5,902516
WIN$D,M15,1683281700,146330.0,146345.0,145910.0,146175.0,208881,5,645190
WIN$D,M15,1683282600,146175.0,146325.0,145815.0,146115.0,263688,5,814446
WIN$D,M15,1683283500,146115.0,146430.0,145860.0,146055.0,249980,5,829970
WIN$D,M15,1683284400,146055.0,146160.0,145820.0,146045.0,178967,5,600758
WIN$D,M15,1683285300,146045.0,146380.0,145995.0,146165.0,170660,5,573687
WIN$D,M15,1683286200,146165.0,146375.0,146075.0,146315.0,131114,5,439332
WIN$D,M15,1683287100,146315.0,146415.0,146225.0,146335.0,108542,5,357528
WIN$D,M15,1683288000,146330.0,146515.0,146195.0,146315.0,134744,5,458016
WIN$D,M15,1683288900,146315.0,146445.0,146250.0,146320.0,82898,5,301117
WIN$D,M15,1683289800,146325.0,146695.0,146325.0,146660.0,112302,5,385514
WIN$D,M15,1683290700,146655.0,147000.0,146630.0,146940.0,135187,5,466890
WIN$D,M15,1683291600,146935.0,146995.0,146880.0,146905.0,69182,5,245118
WIN$D,M15,1683292500,146905.0,147240.0,146900.0,147215.0,98306,5,356584
WIN$D,M15,1683293400,147210.0,147720.0,147195.0,147575.0,158725,5,632418
WIN$D,M15,1683294300,147575.0,147700.0,147470.0,147600.0,104565,5,370544
WIN$D,M15,1683295200,147600.0,147645.0,147470.0,147550.0,65324,5,238207
WIN$D,M15,1683296100,147555.0,147725.0,147550.0,147705.0,73605,5,286628
WIN$D,M15,1683297000,147710.0,148155.0,147690.0,148030.0,155167,5,645759
WIN$D,M15,1683297900,148030.0,148225.0,147975.0,148190.0,113748,5,438366
WIN$D,M15,1683298800,148190.0,148310.0,148175.0,148280.0,86354,5,320978
WIN$D,M15,1683299700,148280.0,148490.0,148220.0,148390.0,110389,5,422715
WIN$D,M15,1683300600,148385.0,148430.0,147965.0,148050.0,124148,5,477157
WIN$D,M15,1683301500,148050.0,148380.0,148005.0,148270.0,98714,5,394373
WIN$D,M15,1683302400,148270.0,148410.0,148130.0,148155.0,91480,5,359268
WIN$D,M15,1683303300,148150.0,148265.0,148095.0,148220.0,65210,5,253010
WIN$D,M15,1683304200,148220.0,148335.0,148185.0,148310.0,61790,5,232992
WIN$D,M15,1683305100,148310.0,148400.0,148220.0,148380.0,74678,5,298429
WIN$D,M15,1683306000,148375.0,148630.0,148315.0,148530.0,72578,5,281895
WIN$D,M15,1683306900,148535.0,148645.0,148495.0,148550.0,48734,5,162978
WIN$D,M15,1683307800,148550.0,148780.0,148495.0,148685.0,60807,5,203104
WIN$D,M15,1683308700,148690.0,148790.0,148425.0,148425.0,34630,5,107290
WIN$D,M15,1683536400,148945.0,149325.0,148390.0,149130.0,255254,5,699516
WIN$D,M15,1683537300,149130.0,149420.0,149115.0,149190.0,161611,5,466331
WIN$D,M15,1683538200,149190.0,149440.0,149140.0,149310.0,141500,5,438681
WIN$D,M15,1683539100,149315.0,149570.0,149275.0,149305.0,134867,5,429500
WIN$D,M15,1683540000,149305.0,149615.0,149130.0,149595.0,261910,5,860058
WIN$D,M15,1683540900,149595.0,149675.0,148990.0,149315.0,279712,5,890931
WIN$D,M15,1683541800,149315.0,149470.0,149125.0,149185.0,244757,5,842524
WIN$D,M15,1683542700,149190.0,149230.0,148885.0,149195.0,219424,5,726149
WIN$D,M15,1683543600,149200.0,149290.0,148930.0,149015.0,179965,5,630967
WIN$D,M15,1683544500,149015.0,149275.0,148965.0,149240.0,125481,5,426639
WIN$D,M15,1683545400,149240.0,149390.0,149085.0,149200.0,147604,5,503623
WIN$D,M15,1683546300,149200.0,149640.0,149160.0,149625.0,134895,5,487088
WIN$D,M15,1683547200,149625.0,149630.0,148905.0,149250.0,222657,5,821359
WIN$D,M15,1683548100,149250.0,149450.0,149160.0,149305.0,128276,5,444678
WIN$D,M15,1683549000,149305.0,149510.0,149205.0,149305.0,131164,5,482896
WIN$D,M15,1683549900,149305.0,149785.0,149305.0,149655.0,142831,5,540542
WIN$D,M15,1683550800,149655.0,149660.0,149390.0,149420.0,87201,5,332657
WIN$D,M15,1683551700,149420.0,149590.0,149400.0,149590.0,66628,5,251523
WIN$D,M15,1683552600,149590.0,149880.0,149530.0,149630.0,120071,5,448071
WIN$D,M15,1683553500,149625.0,149675.0,149445.0,149520.0,78632,5,306033
WIN$D,M15,1683554400,149525.0,149620.0,149505.0,149525.0,66459,5,245899
WIN$D,M15,1683555300,149520.0,149610.0,149465.0,149510.0,56628,5,218583
WIN$D,M15,1683556200,149505.0,149535.0,149270.0,149275.0,76163,5,289979
WIN$D,M15,1683557100,149275.0,149385.0,149170.0,149355.0,110886,5,414699
WIN$D,M15,1683558000,149350.0,149385.0,148805.0,149080.0,170031,5,632531
WIN$D,M15,1683558900,149075.0,149165.0,149065.0,149135.0,67981,5,250721
WIN$D,M15,1683559800,149135.0,149245.0,149065.0,149185.0,73537,5,266699
WIN$D,M15,1683560700,149190.0,149280.0,149130.0,149250.0,55915,5,204961
WIN$D,M15,1683561600,149250.0,149325.0,149195.0,149225.0,68829,5,254911
WIN$D,M15,1683562500,149225.0,149385.0,149215.0,149270.0,63122,5,232259
WIN$D,M15,1683563400,149265.0,149315.0,149035.0,149150.0,87816,5,325811
WIN$D,M15,1683564300,149155.0,149260.0,149145.0,149235.0,55768,5,200746
WIN$D,M15,1683565200,149235.0,149315.0,149155.0,149215.0,53513,5,188845
WIN$D,M15,1683566100,149215.0,149215.0,148925.0,148950.0,61704,5,209605
WIN$D,M15,1683567000,148950.0,149015.0,148870.0,148915.0,49164,5,168001
WIN$D,M15,1683567900,148915.0,149075.0,148865.0,148865.0,24217,5,83803
WIN$D,M15,1683622800,148645.0,148780.0,148485.0,148590.0,161296,5,450721
WIN$D,M15,1683623700,148595.0,148725.0,148530.0,148720.0,91279,5,268022
WIN$D,M15,1683624600,148720.0,148720.0,148480.0,148560.0,121901,5,368981
WIN$D,M15,1683625500,148565.0,148685.0,148415.0,148540.0,145407,5,447415
WIN$D,M15,1683626400,148535.0,148835.0,148515.0,148795.0,241095,5,778732
WIN$D,M15,1683627300,148795.0,148840.0,148710.0,148780.0,108647,5,393658
WIN$D,M15,1683628200,148780.0,149355.0,148660.0,149295.0,315213,5,1129576
WIN$D,M15,1683629100,149290.0,149740.0,149025.0,149720.0,259789,5,920074
WIN$D,M15,1683630000,149715.0,150180.0,149655.0,149815.0,282267,5,1040417
WIN$D,M15,1683630900,149815.0,149960.0,149730.0,149875.0,150321,5,505552
WIN$D,M15,1683631800,149880.0,149945.0,149650.0,149895.0,142937,5,493092
WIN$D,M15,1683632700,149895.0,150005.0,149810.0,149965.0,111789,5,395168
WIN$D,M15,1683633600,149965.0,150290.0,149960.0,150225.0,168407,5,613717
WIN$D,M15,1683634500,150225.0,150510.0,150220.0,150305.0,151219,5,554364
WIN$D,M15,1683635400,150310.0,150340.0,150095.0,150265.0,100262,5,365703
WIN$D,M15,1683636300,150265.0,150385.0,150240.0,150355.0,77842,5,271506
WIN$D,M15,1683637200,150355.0,150610.0,150285.0,150585.0,130682,5,476589
WIN$D,M15,1683638100,150585.0,150840.0,150540.0,150810.0,121399,5,471647
WIN$D,M15,1683639000,150810.0,150900.0,150495.0,150515.0,102872,5,391330
WIN$D,M15,1683639900,150510.0,150560.0,150445.0,150505.0,55213,5,195931
WIN$D,M15,1683640800,150500.0,150515.0,150365.0,150385.0,63419,5,253290
WIN$D,M15,1683641700,150390.0,150470.0,150355.0,150420.0,56746,5,236810
WIN$D,M15,1683642600,150420.0,150455.0,150305.0,150385.0,74623,5,311690
WIN$D,M15,1683643500,150385.0,150425.0,150355.0,150400.0,40789,5,166358
WIN$D,M15,1683644400,150400.0,150485.0,150250.0,150260.0,90136,5,332746
WIN$D,M15,1683645300,150265.0,150395.0,150220.0,150285.0,89614,5,354570
WIN$D,M15,1683646200,150285.0,150335.0,150255.0,150275.0,50079,5,223026
WIN$D,M15,1683647100,150275.0,150320.0,150005.0,150085.0,101926,5,416369
WIN$D,M15,1683648000,150085.0,150260.0,150035.0,150215.0,72459,5,302986
WIN$D,M15,1683648900,150215.0,150260.0,150150.0,150185.0,64909,5,281240
WIN$D,M15,1683649800,150180.0,150230.0,150100.0,150150.0,59841,5,268926
WIN$D,M15,1683650700,150145.0,150245.0,150115.0,150225.0,49869,5,207150
WIN$D,M15,1683651600,150225.0,150510.0,150215.0,150475.0,85900,5,311363
WIN$D,M15,1683652500,150475.0,150585.0,150405.0,150560.0,59733,5,206903
WIN$D,M15,1683653400,150560.0,150690.0,150525.0,150545.0,62095,5,198816
WIN$D,M15,1683654300,150545.0,150595.0,150450.0,150545.0,24481,5,82623
WIN$D,M15,1683709200,150095.0,150280.0,150025.0,150135.0,137456,5,386777
WIN$D,M15,1683710100,150140.0,150210.0,149905.0,150090.0,132441,5,349062
WIN$D,M15,1683711000,150090.0,150665.0,150030.0,150365.0,317008,5,830604
WIN$D,M15,1683711900,150365.0,150405.0,149970.0,150130.0,173618,5,529550
WIN$D,M15,1683712800,150130.0,150585.0,149945.0,150460.0,259109,5,861006
WIN$D,M15,1683713700,150460.0,150540.0,150065.0,150390.0,203628,5,655248
WIN$D,M15,1683714600,150390.0,150475.0,149690.0,149790.0,287511,5,954348
WIN$D,M15,1683715500,149785.0,150115.0,149435.0,150110.0,261705,5,840031
WIN$D,M15,1683716400,150105.0,150315.0,150055.0,150085.0,204460,5,700164
WIN$D,M15,1683717300,150085.0,150400.0,150005.0,150155.0,172533,5,629419
WIN$D,M15,1683718200,150160.0,150320.0,149860.0,150150.0,178811,5,639969
WIN$D,M15,1683719100,150150.0,150235.0,149920.0,149975.0,125200,5,458017
WIN$D,M15,1683720000,149980.0,150165.0,149950.0,150085.0,97754,5,358365
WIN$D,M15,1683720900,150090.0,150280.0,150065.0,150215.0,103785,5,382756
WIN$D,M15,1683721800,150210.0,150250.0,150040.0,150250.0,76812,5,285401
WIN$D,M15,1683722700,150255.0,150385.0,150155.0,150205.0,90251,5,334721
WIN$D,M15,1683723600,150210.0,150245.0,150070.0,150205.0,65347,5,245611
WIN$D,M15,1683724500,150200.0,150360.0,150170.0,150255.0,61633,5,221296
WIN$D,M15,1683725400,150250.0,150275.0,150165.0,150195.0,45656,5,187475
WIN$D,M15,1683726300,150195.0,150270.0,150145.0,150245.0,43091,5,164490
WIN$D,M15,1683727200,150250.0,150415.0,150155.0,150265.0,82286,5,310653
WIN$D,M15,1683728100,150260.0,150275.0,149935.0,150050.0,103438,5,412646
WIN$D,M15,1683729000,150050.0,150165.0,149935.0,150145.0,101463,5,364338
WIN$D,M15,1683729900,150145.0,150235.0,150055.0,150205.0,76807,5,293909
WIN$D,M15,1683730800,150200.0,150405.0,150195.0,150360.0,75002,5,287209
WIN$D,M15,1683731700,150365.0,150470.0,150280.0,150345.0,84777,5,323649
WIN$D,M15,1683732600,150350.0,150660.0,150345.0,150590.0,106189,5,392451
WIN$D,M15,1683733500,150590.0,150615.0,150445.0,150480.0,80329,5,304225
WIN$D,M15,1683734400,150480.0,150560.0,150435.0,150485.0,51892,5,189393
WIN$D,M15,1683735300,150485.0,150685.0,150480.0,150590.0,64071,5,251699
WIN$D,M15,1683736200,150590.0,150845.0,150565.0,150730.0,103584,5,411913
WIN$D,M15,1683737100,150725.0,150745.0,150555.0,150600.0,64141,5,256819
WIN$D,M15,1683738000,150595.0,150635.0,150440.0,150560.0,62607,5,234644
WIN$D,M15,1683738900,150560.0,150735.0,150540.0,150715.0,51271,5,191584
WIN$D,M15,1683739800,150715.0,150735.0,150600.0,150660.0,34508,5,121076
WIN$D,M15,1683740700,150655.0,150730.0,150545.0,150730.0,20457,5,82520
WIN$D,M15,1683795600,150160.0,150305.0,149975.0,150130.0,141388,5,404130
WIN$D,M15,1683796500,150135.0,150145.0,149850.0,149940.0,129666,5,368227
WIN$D,M15,1683797400,149935.0,150060.0,149765.0,149800.0,164556,5,501004
WIN$D,M15,1683798300,149795.0,149840.0,149590.0,149660.0,124665,5,407573
WIN$D,M15,1683799200,149670.0,149675.0,149310.0,149600.0,249959,5,862461
WIN$D,M15,1683800100,149600.0,149945.0,149580.0,149870.0,215557,5,726692
WIN$D,M15,1683801000,149870.0,150140.0,149780.0,149930.0,212719,5,736218
WIN$D,M15,1683801900,149930.0,150170.0,149690.0,150090.0,230573,5,793404
WIN$D,M15,1683802800,150085.0,150135.0,149805.0,150095.0,185341,5,681005
WIN$D,M15,1683803700,150100.0,150495.0,150035.0,150450.0,176578,5,636394
WIN$D,M15,1683804600,150455.0,150470.0,150030.0,150165.0,194860,5,696337
WIN$D,M15,1683805500,150160.0,150375.0,150080.0,150135.0,138552,5,505835
WIN$D,M15,1683806400,150140.0,150415.0,150105.0,150350.0,105278,5,382134
WIN$D,M15,1683807300,150345.0,150425.0,150095.0,150245.0,109071,5,404284
WIN$D,M15,1683808200,150245.0,150525.0,150225.0,150490.0,93498,5,355121
WIN$D,M15,1683809100,150490.0,150520.0,150235.0,150245.0,86879,5,329644
WIN$D,M15,1683810000,150245.0,150270.0,149995.0,150085.0,101148,5,371539
WIN$D,M15,1683810900,150085.0,150170.0,150020.0,150145.0,63043,5,227880
WIN$D,M15,1683811800,150145.0,150230.0,150125.0,150165.0,59556,5,208478
WIN$D,M15,1683812700,150160.0,150245.0,150125.0,150225.0,45533,5,171135
WIN$D,M15,1683813600,150225.0,150590.0,150220.0,150555.0,87789,5,323777
WIN$D,M15,1683814500,150555.0,151040.0,150550.0,150780.0,167114,5,654782
WIN$D,M15,1683815400,150780.0,150915.0,150715.0,150770.0,91669,5,372945
WIN$D,M15,1683816300,150775.0,150840.0,150645.0,150835.0,109343,5,453754
WIN$D,M15,1683817200,150840.0,150990.0,150700.0,150865.0,113662,5,458571
WIN$D,M15,1683818100,150870.0,150905.0,150710.0,150825.0,86130,5,324566
WIN$D,M15,1683819000,150825.0,151775.0,150820.0,151445.0,229775,5,946538
WIN$D,M15,1683819900,151440.0,151470.0,151110.0,151125.0,102116,5,421863
WIN$D,M15,1683820800,151120.0,151260.0,151095.0,151250.0,62050,5,252705
WIN$D,M15,1683821700,151255.0,151270.0,151065.0,151125.0,65714,5,275117
WIN$D,M15,1683822600,151120.0,151230.0,151000.0,151205.0,81607,5,323714
WIN$D,M15,1683823500,151205.0,151270.0,151120.0,151255.0,62283,5,257067
WIN$D,M15,1683824400,151255.0,151425.0,151240.0,151400.0,56000,5,222182
WIN$D,M15,1683825300,151395.0,151515.0,151350.0,151445.0,42210,5,164727
WIN$D,M15,1683826200,151440.0,151495.0,151230.0,151255.0,43493,5,145611
WIN$D,M15,1683827100,151250.0,151385.0,151145.0,151145.0,22000,5,79360
WIN$D,M15,1683882000,151145.0,151145.0,150470.0,150730.0,186633,5,549043
WIN$D,M15,1683882900,150730.0,150960.0,150690.0,150715.0,124653,5,370469
WIN$D,M15,1683883800,150720.0,150785.0,150605.0,150685.0,110972,5,348137
WIN$D,M15,1683884700,150690.0,150740.0,150560.0,150690.0,84552,5,267915
WIN$D,M15,1683885600,150690.0,150885.0,150280.0,150845.0,281887,5,921728
WIN$D,M15,1683886500,150845.0,150880.0,150410.0,150620.0,183071,5,610308
WIN$D,M15,1683887400,150620.0,151000.0,150410.0,150795.0,245958,5,875850
WIN$D,M15,1683888300,150800.0,151645.0,150745.0,151570.0,295265,5,1047261
WIN$D,M15,1683889200,151570.0,151595.0,151225.0,151555.0,204678,5,740859
WIN$D,M15,1683890100,151555.0,151725.0,151505.0,151605.0,168704,5,579729
WIN$D,M15,1683891000,151605.0,151610.0,151195.0,151460.0,179646,5,616060
WIN$D,M15,1683891900,151455.0,151545.0,151360.0,151505.0,97871,5,339554
WIN$D,M15,1683892800,151505.0,151745.0,151480.0,151650.0,111960,5,397782
WIN$D,M15,1683893700,151645.0,151685.0,151375.0,151385.0,105608,5,369942
WIN$D,M15,1683894600,151390.0,151430.0,151280.0,151320.0,90023,5,316520
WIN$D,M15,1683895500,151320.0,151445.0,151315.0,151365.0,58020,5,203450
WIN$D,M15,1683896400,151365.0,151425.0,151250.0,151285.0,78266,5,294304
WIN$D,M15,1683897300,151280.0,151355.0,151155.0,151170.0,58964,5,228641
WIN$D,M15,1683898200,151165.0,151325.0,151150.0,151265.0,63274,5,244721
WIN$D,M15,1683899100,151265.0,151365.0,151090.0,151285.0,94781,5,348626
WIN$D,M15,1683900000,151290.0,151295.0,151055.0,151105.0,102498,5,386938
WIN$D,M15,1683900900,151105.0,151285.0,151000.0,151255.0,86867,5,316389
WIN$D,M15,1683901800,151250.0,151310.0,151180.0,151220.0,59895,5,216504
WIN$D,M15,1683902700,151220.0,151295.0,151155.0,151220.0,57247,5,219806
WIN$D,M15,1683903600,151225.0,151255.0,151090.0,151160.0,66310,5,250602
WIN$D,M15,1683904500,151160.0,151280.0,151035.0,151225.0,76071,5,278897
WIN$D,M15,1683905400,151225.0,151520.0,151215.0,151440.0,118587,5,438325
WIN$D,M15,1683906300,151440.0,151525.0,151260.0,151350.0,82523,5,304776
WIN$D,M15,1683907200,151345.0,151375.0,151225.0,151305.0,61367,5,233421
WIN$D,M15,1683908100,151310.0,151340.0,151195.0,151265.0,63373,5,244792
WIN$D,M15,1683909000,151265.0,151470.0,151260.0,151335.0,82353,5,312052
WIN$D,M15,1683909900,151335.0,151510.0,151300.0,151505.0,60399,5,221683
WIN$D,M15,1683910800,151505.0,151595.0,151410.0,151570.0,49958,5,183984
WIN$D,M15,1683911700,151570.0,151585.0,151485.0,151520.0,28795,5,106230
WIN$D,M15,1683912600,151520.0,151570.0,151460.0,151505.0,23174,5,83717
WIN$D,M15,1683913500,151505.0,151585.0,151400.0,151495.0,19167,5,65966
WIN$D,M15,1684141200,151945.0,151995.0,151600.0,151810.0,171345,5,430185
WIN$D,M15,1684142100,151805.0,151830.0,151640.0,151650.0,84716,5,235046
WIN$D,M15,1684143000,151650.0,151705.0,151535.0,151690.0,102307,5,298677
WIN$D,M15,1684143900,151690.0,151900.0,151620.0,151795.0,154160,5,462638
WIN$D,M15,1684144800,151800.0,151965.0,151475.0,151865.0,270783,5,864879
WIN$D,M15,1684145700,151860.0,152035.0,151550.0,151745.0,241875,5,768155
WIN$D,M15,1684146600,151740.0,151800.0,151225.0,151255.0,261561,5,875001
WIN$D,M15,1684147500,151255.0,151735.0,151190.0,151655.0,205839,5,670383
WIN$D,M15,1684148400,151660.0,151775.0,151420.0,151635.0,183501,5,616218
WIN$D,M15,1684149300,151630.0,151690.0,151460.0,151535.0,133576,5,443938
WIN$D,M15,1684150200,151530.0,151605.0,151380.0,151405.0,120644,5,409322
WIN$D,M15,1684151100,151410.0,151625.0,151355.0,151515.0,118582,5,401144
WIN$D,M15,1684152000,151515.0,151650.0,151485.0,151505.0,85485,5,297768
WIN$D,M15,1684152900,151505.0,151590.0,151410.0,151495.0,77872,5,278089
WIN$D,M15,1684153800,151495.0,151525.0,151385.0,151490.0,63180,5,226117
WIN$D,M15,1684154700,151495.0,151615.0,151455.0,151545.0,55166,5,193861
WIN$D,M15,1684155600,151545.0,151615.0,151460.0,151525.0,68169,5,246456
WIN$D,M15,1684156500,151525.0,151890.0,151505.0,151785.0,112840,5,397201
WIN$D,M15,1684157400,151785.0,151795.0,151565.0,151615.0,100852,5,360078
WIN$D,M15,1684158300,151610.0,151700.0,151585.0,151665.0,51281,5,194523
WIN$D,M15,1684159200,151665.0,151680.0,151575.0,151620.0,47880,5,181699
WIN$D,M15,1684160100,151615.0,151655.0,151515.0,151585.0,57889,5,214855
WIN$D,M15,1684161000,151585.0,151695.0,151560.0,151620.0,60563,5,222625
WIN$D,M15,1684161900,151625.0,151720.0,151595.0,151685.0,47357,5,169813
WIN$D,M15,1684162800,151685.0,151865.0,151685.0,151850.0,83380,5,296226
WIN$D,M15,1684163700,151850.0,151925.0,151770.0,151845.0,88998,5,309560
WIN$D,M15,1684164600,151850.0,152180.0,151770.0,152180.0,100857,5,363166
WIN$D,M15,1684165500,152180.0,152220.0,151900.0,151940.0,123199,5,474082
WIN$D,M15,1684166400,151945.0,151990.0,151705.0,151910.0,119897,5,452843
WIN$D,M15,1684167300,151915.0,151955.0,151800.0,151940.0,72358,5,270826
WIN$D,M15,1684168200,151935.0,152080.0,151905.0,152040.0,73781,5,280145
WIN$D,M15,1684169100,152035.0,152060.0,151920.0,151970.0,66992,5,253440
WIN$D,M15,1684170000,151970.0,152090.0,151935.0,152030.0,70217,5,263320
WIN$D,M15,1684170900,152035.0,152085.0,151945.0,152020.0,41569,5,152268
WIN$D,M15,1684171800,152025.0,152090.0,151990.0,152020.0,31324,5,118675
WIN$D,M15,1684172700,152025.0,152060.0,151920.0,151970.0,19776,5,83779
WIN$D,M15,1684227600,151695.0,151895.0,151500.0,151795.0,169868,5,459789
WIN$D,M15,1684228500,151795.0,151990.0,151720.0,151745.0,127290,5,411828
WIN$D,M15,1684229400,151745.0,151825.0,151625.0,151805.0,120040,5,379127
WIN$D,M15,1684230300,151810.0,151970.0,151705.0,151960.0,127314,5,425240
WIN$D,M15,1684231200,151960.0,152520.0,151930.0,152445.0,308966,5,1017047
WIN$D,M15,1684232100,152445.0,152815.0,152230.0,152775.0,216451,5,748757
WIN$D,M15,1684233000,152780.0,153080.0,152555.0,152855.0,271210,5,1043744
WIN$D,M15,1684233900,152855.0,153095.0,152700.0,153055.0,195079,5,695806
WIN$D,M15,1684234800,153060.0,153075.0,152165.0,152185.0,232637,5,854557
WIN$D,M15,1684235700,152185.0,152425.0,152060.0,152420.0,184086,5,700837
WIN$D,M15,1684236600,152420.0,152420.0,151985.0,152255.0,157633,5,573399
WIN$D,M15,1684237500,152255.0,152255.0,151850.0,151965.0,142024,5,515678
WIN$D,M15,1684238400,151970.0,152115.0,151890.0,152000.0,125267,5,455914
WIN$D,M15,1684239300,152000.0,152070.0,151890.0,152020.0,81520,5,303041
WIN$D,M15,1684240200,152020.0,152140.0,151915.0,152125.0,88096,5,340780
WIN$D,M15,1684241100,152125.0,152270.0,152085.0,152120.0,84503,5,311157
WIN$D,M15,1684242000,152115.0,152115.0,151975.0,152015.0,65542,5,254643
WIN$D,M15,1684242900,152015.0,152045.0,151920.0,151935.0,67503,5,272537
WIN$D,M15,1684243800,151935.0,151990.0,151805.0,151920.0,110877,5,428856
WIN$D,M15,1684244700,151920.0,152190.0,151885.0,152145.0,101666,5,416792
WIN$D,M15,1684245600,152145.0,152160.0,151955.0,152010.0,73434,5,292353
WIN$D,M15,1684246500,152010.0,152155.0,151985.0,152145.0,56330,5,226953
WIN$D,M15,1684247400,152145.0,152165.0,151925.0,152045.0,88340,5,363860
WIN$D,M15,1684248300,152050.0,152065.0,151950.0,151985.0,53732,5,227033
WIN$D,M15,1684249200,151985.0,152040.0,151940.0,151965.0,54571,5,241134
WIN$D,M15,1684250100,151960.0,152095.0,151940.0,152040.0,76401,5,332380
WIN$D,M15,1684251000,152035.0,152040.0,151870.0,151875.0,68322,5,292211
WIN$D,M15,1684251900,151875.0,151915.0,151665.0,151725.0,92982,5,365846
WIN$D,M15,1684252800,151725.0,151820.0,151255.0,151410.0,161536,5,649088
WIN$D,M15,1684253700,151410.0,151495.0,151130.0,151470.0,141309,5,596929
WIN$D,M15,1684254600,151475.0,151575.0,151350.0,151355.0,88034,5,379691
WIN$D,M15,1684255500,151350.0,151365.0,150730.0,150755.0,142950,5,599554
WIN$D,M15,1684256400,150755.0,151065.0,150745.0,150970.0,84844,5,339701
WIN$D,M15,1684257300,150970.0,150970.0,150630.0,150685.0,78087,5,274454
WIN$D,M15,1684258200,150685.0,150795.0,150615.0,150790.0,50081,5,162958
WIN$D,M15,1684259100,150785.0,150970.0,150760.0,150895.0,23031,5,88716
WIN$D,M15,1684314000,151245.0,151335.0,150995.0,151115.0,166255,5,441886
WIN$D,M15,1684314900,151115.0,151515.0,151095.0,151435.0,154254,5,442286
WIN$D,M15,1684315800,151430.0,151670.0,151390.0,151475.0,172280,5,505549
WIN$D,M15,1684316700,151475.0,151715.0,151375.0,151605.0,164369,5,503673
WIN$D,M15,1684317600,151600.0,152480.0,151580.0,152415.0,404582,5,1396876
WIN$D,M15,1684318500,152415.0,152640.0,152145.0,152270.0,265911,5,895132
WIN$D,M15,1684319400,152270.0,152470.0,151940.0,152455.0,259478,5,847143
WIN$D,M15,1684320300,152450.0,152470.0,151950.0,151995.0,212533,5,740358
WIN$D,M15,1684321200,151995.0,152185.0,151860.0,152010.0,162762,5,573843
WIN$D,M15,1684322100,152010.0,152260.0,151865.0,152210.0,159353,5,545055
WIN$D,M15,1684323000,152210.0,152255.0,151915.0,151950.0,132220,5,465404
WIN$D,M15,1684323900,151945.0,152100.0,151825.0,151925.0,155580,5,570013
WIN$D,M15,1684324800,151930.0,152000.0,151750.0,151910.0,134977,5,480393
WIN$D,M15,1684325700,151910.0,152130.0,151855.0,152020.0,137832,5,495513
WIN$D,M15,1684326600,152025.0,152050.0,151935.0,152015.0,71277,5,247948
WIN$D,M15,1684327500,152015.0,152090.0,151890.0,151925.0,77806,5,281229
WIN$D,M15,1684328400,151930.0,152130.0,151920.0,152115.0,62584,5,222256
WIN$D,M15,1684329300,152110.0,152220.0,152050.0,152205.0,71979,5,254886
WIN$D,M15,1684330200,152205.0,152360.0,152170.0,152250.0,106999,5,404071
WIN$D,M15,1684331100,152250.0,152475.0,152205.0,152290.0,130809,5,497168
WIN$D,M15,1684332000,152290.0,152340.0,152085.0,152135.0,128456,5,496012
WIN$D,M15,1684332900,152130.0,152200.0,152070.0,152190.0,72175,5,262422
WIN$D,M15,1684333800,152190.0,152280.0,152160.0,152235.0,71304,5,271217
WIN$D,M15,1684334700,152230.0,152325.0,152180.0,152220.0,76723,5,290497
WIN$D,M15,1684335600,152225.0,152265.0,152095.0,152250.0,83768,5,302878
WIN$D,M15,1684336500,152250.0,152270.0,152045.0,152090.0,78397,5,313633
WIN$D,M15,1684337400,152085.0,152260.0,152055.0,152200.0,100166,5,406054
WIN$D,M15,1684338300,152205.0,152230.0,152105.0,152160.0,58263,5,232296
WIN$D,M15,1684339200,152155.0,152390.0,152145.0,152230.0,99039,5,386121
WIN$D,M15,1684340100,152230.0,152315.0,152145.0,152205.0,88021,5,351206
WIN$D,M15,1684341000,152205.0,152275.0,152115.0,152245.0,79432,5,308804
WIN$D,M15,1684341900,152245.0,152425.0,152210.0,152395.0,75763,5,299984
WIN$D,M15,1684342800,152395.0,152425.0,152290.0,152350.0,64791,5,228658
WIN$D,M15,1684343700,152345.0,152475.0,152315.0,152450.0,40572,5,146793
WIN$D,M15,1684344600,152445.0,152600.0,152440.0,152565.0,57991,5,205693
WIN$D,M15,1684345500,152565.0,152660.0,152500.0,152540.0,28537,5,103806
WIN$D,M15,1684400400,152295.0,152410.0,151900.0,151920.0,163812,5,439065
WIN$D,M15,1684401300,151925.0,151935.0,151725.0,151860.0,150754,5,437503
WIN$D,M15,1684402200,151860.0,151880.0,151395.0,151625.0,234830,5,699685
WIN$D,M15,1684403100,151630.0,151720.0,151560.0,151670.0,130783,5,443729
WIN$D,M15,1684404000,151680.0,152215.0,151650.0,152040.0,275762,5,952186
WIN$D,M15,1684404900,152045.0,152260.0,151825.0,152195.0,190187,5,637765
WIN$D,M15,1684405800,152195.0,152250.0,151650.0,151830.0,294645,5,1017775
WIN$D,M15,1684406700,151830.0,152080.0,151740.0,151840.0,189015,5,660635
WIN$D,M15,1684407600,151840.0,152240.0,151555.0,152200.0,229722,5,832770
WIN$D,M15,1684408500,152200.0,152310.0,152080.0,152175.0,181871,5,676299
WIN$D,M15,1684409400,152170.0,152335.0,152050.0,152175.0,153652,5,571702
WIN$D,M15,1684410300,152170.0,152230.0,151790.0,151830.0,140398,5,524260
WIN$D,M15,1684411200,151835.0,152130.0,151805.0,152070.0,128763,5,503309
WIN$D,M15,1684412100,152075.0,152125.0,151945.0,152095.0,82553,5,313519
WIN$D,M15,1684413000,152090.0,152180.0,151965.0,151970.0,75511,5,280816
WIN$D,M15,1684413900,151970.0,152155.0,151955.0,152110.0,71752,5,277782
WIN$D,M15,1684414800,152115.0,152150.0,151995.0,152010.0,63571,5,256137
WIN$D,M15,1684415700,152010.0,152230.0,151990.0,152210.0,89767,5,344399
WIN$D,M15,1684416600,152215.0,152230.0,152080.0,152145.0,68912,5,269666
WIN$D,M15,1684417500,152145.0,152165.0,152045.0,152075.0,55360,5,225625
WIN$D,M15,1684418400,152080.0,152175.0,152065.0,152110.0,55229,5,229588
WIN$D,M15,1684419300,152115.0,152340.0,152100.0,152190.0,95000,5,390433
WIN$D,M15,1684420200,152190.0,152230.0,152140.0,152165.0,59765,5,246597
WIN$D,M15,1684421100,152165.0,152320.0,152120.0,152315.0,69605,5,270431
WIN$D,M15,1684422000,152310.0,152650.0,152310.0,152550.0,168661,5,650213
WIN$D,M15,1684422900,152550.0,152715.0,152505.0,152660.0,95271,5,364023
WIN$D,M15,1684423800,152660.0,152825.0,152645.0,152720.0,91576,5,364559
WIN$D,M15,1684424700,152720.0,152810.0,152665.0,152685.0,79463,5,316585
WIN$D,M15,1684425600,152685.0,152715.0,152605.0,152655.0,56546,5,219656
WIN$D,M15,1684426500,152650.0,152725.0,152535.0,152645.0,87993,5,355840
WIN$D,M15,1684427400,152645.0,153010.0,152640.0,152990.0,113491,5,461926
WIN$D,M15,1684428300,152980.0,153045.0,152895.0,152960.0,65732,5,260240
WIN$D,M15,1684429200,152965.0,153080.0,152840.0,153040.0,66822,5,258495
WIN$D,M15,1684430100,153040.0,153115.0,152865.0,152940.0,55368,5,202472
WIN$D,M15,1684431000,152940.0,153105.0,152905.0,153100.0,39632,5,137015
WIN$D,M15,1684431900,153100.0,153115.0,152900.0,152985.0,21557,5,81770
WIN$D,M15,1684486800,152925.0,153300.0,152845.0,153100.0,181271,5,532616
WIN$D,M15,1684487700,153105.0,153110.0,152945.0,153080.0,100435,5,315389
WIN$D,M15,1684488600,153080.0,153670.0,153050.0,153575.0,223947,5,746484
WIN$D,M15,1684489500,153575.0,153790.0,153545.0,153675.0,143388,5,496226
WIN$D,M15,1684490400,153675.0,153695.0,152460.0,152540.0,289593,5,1054169
WIN$D,M15,1684491300,152535.0,152940.0,152430.0,152670.0,253945,5,910466
WIN$D,M15,1684492200,152670.0,152895.0,152590.0,152800.0,181121,5,662356
WIN$D,M15,1684493100,152800.0,153240.0,152785.0,153045.0,198423,5,736252
WIN$D,M15,1684494000,153050.0,153060.0,152785.0,152955.0,142255,5,586557
WIN$D,M15,1684494900,152955.0,153240.0,152910.0,153225.0,129556,5,468497
WIN$D,M15,1684495800,153225.0,153380.0,153205.0,153285.0,132337,5,486483
WIN$D,M15,1684496700,153285.0,153485.0,153275.0,153425.0,106589,5,398335
WIN$D,M15,1684497600,153420.0,153490.0,153305.0,153385.0,109752,5,437538
WIN$D,M15,1684498500,153380.0,153795.0,153265.0,153610.0,183775,5,698280
WIN$D,M15,1684499400,153610.0,153645.0,153250.0,153400.0,143735,5,544917
WIN$D,M15,1684500300,153395.0,153570.0,153365.0,153405.0,95888,5,355092
WIN$D,M15,1684501200,153405.0,153495.0,153255.0,153410.0,88270,5,318081
WIN$D,M15,1684502100,153410.0,153455.0,153330.0,153405.0,50706,5,185262
WIN$D,M15,1684503000,153400.0,153495.0,153290.0,153455.0,67355,5,246845
WIN$D,M15,1684503900,153460.0,153670.0,153455.0,153585.0,76305,5,287970
WIN$D,M15,1684504800,153585.0,153660.0,153540.0,153645.0,59906,5,231813
WIN$D,M15,1684505700,153650.0,153795.0,153630.0,153725.0,78732,5,289288
WIN$D,M15,1684506600,153725.0,153970.0,153720.0,153855.0,97565,5,363660
WIN$D,M15,1684507500,153860.0,153865.0,153620.0,153630.0,82148,5,310096
WIN$D,M15,1684508400,153625.0,153700.0,153550.0,153565.0,69510,5,268644
WIN$D,M15,1684509300,153570.0,153665.0,153400.0,153610.0,106504,5,412208
WIN$D,M15,1684510200,153615.0,153675.0,153415.0,153430.0,77311,5,320330
WIN$D,M15,1684511100,153435.0,153440.0,153155.0,153365.0,116732,5,485546
WIN$D,M15,1684512000,153370.0,153475.0,153320.0,153405.0,71144,5,286264
WIN$D,M15,1684512900,153400.0,153460.0,153285.0,153290.0,68638,5,296200
WIN$D,M15,1684513800,153290.0,153515.0,153210.0,153500.0,85298,5,335502
WIN$D,M15,1684514700,153500.0,153560.0,153460.0,153495.0,55407,5,221276
WIN$D,M15,1684515600,153490.0,153555.0,153320.0,153485.0,67164,5,245685
WIN$D,M15,1684516500,153485.0,153530.0,153360.0,153485.0,41431,5,145118
WIN$D,M15,1684517400,153480.0,153515.0,153325.0,153380.0,40586,5,136660
WIN$D,M15,1684518300,153375.0,153445.0,153265.0,153295.0,25695,5,83908
WIN$D,M15,1684746000,153095.0,153465.0,153080.0,153265.0,155018,5,398964
WIN$D,M15,1684746900,153265.0,153420.0,153190.0,153275.0,149028,5,429467
WIN$D,M15,1684747800,153275.0,153455.0,153255.0,153350.0,96485,5,283128
WIN$D,M15,1684748700,153350.0,153395.0,153270.0,153285.0,69159,5,218747
WIN$D,M15,1684749600,153285.0,154310.0,153060.0,154235.0,490195,5,1544719
WIN$D,M15,1684750500,154240.0,154395.0,153860.0,154015.0,208695,5,623385
WIN$D,M15,1684751400,154020.0,154035.0,153215.0,153295.0,295918,5,960825
WIN$D,M15,1684752300,153295.0,153370.0,152845.0,153105.0,273781,5,863659
WIN$D,M15,1684753200,153105.0,153335.0,152935.0,153205.0,219496,5,739468
WIN$D,M15,1684754100,153200.0,153385.0,153170.0,153330.0,147379,5,529748
WIN$D,M15,1684755000,153325.0,153400.0,153045.0,153170.0,127582,5,446853
WIN$D,M15,1684755900,153170.0,153415.0,153085.0,153265.0,126352,5,451362
WIN$D,M15,1684756800,153260.0,153460.0,153130.0,153445.0,121604,5,460192
WIN$D,M15,1684757700,153440.0,153530.0,153310.0,153450.0,116737,5,412657
WIN$D,M15,1684758600,153455.0,153490.0,153190.0,153245.0,103155,5,377852
WIN$D,M15,1684759500,153245.0,153280.0,153105.0,153270.0,82094,5,294307
WIN$D,M15,1684760400,153270.0,153295.0,153170.0,153240.0,69926,5,278225
WIN$D,M15,1684761300,153240.0,153315.0,153145.0,153280.0,80230,5,338092
WIN$D,M15,1684762200,153280.0,153310.0,153120.0,153170.0,109030,5,460563
WIN$D,M15,1684763100,153170.0,153245.0,153075.0,153225.0,102505,5,437639
WIN$D,M15,1684764000,153220.0,153310.0,153165.0,153235.0,88174,5,364228
WIN$D,M15,1684764900,153240.0,153365.0,153175.0,153230.0,95688,5,354735
WIN$D,M15,1684765800,153235.0,153445.0,153230.0,153410.0,76868,5,274830
WIN$D,M15,1684766700,153410.0,153605.0,153375.0,153420.0,95399,5,336019
WIN$D,M15,1684767600,153425.0,153445.0,153265.0,153285.0,72344,5,274331
WIN$D,M15,1684768500,153290.0,153340.0,153255.0,153325.0,55377,5,212418
WIN$D,M15,1684769400,153320.0,153350.0,153245.0,153305.0,43256,5,156009
WIN$D,M15,1684770300,153310.0,153375.0,153250.0,153305.0,57025,5,212075
WIN$D,M15,1684771200,153300.0,153320.0,153100.0,153185.0,79852,5,292860
WIN$D,M15,1684772100,153185.0,153255.0,153115.0,153170.0,63185,5,234452
WIN$D,M15,1684773000,153170.0,153190.0,152955.0,152965.0,82174,5,292515
WIN$D,M15,1684773900,152970.0,153010.0,152800.0,152930.0,87540,5,316120
WIN$D,M15,1684774800,152930.0,152940.0,152735.0,152820.0,68424,5,212111
WIN$D,M15,1684775700,152825.0,152975.0,152680.0,152945.0,79685,5,237232
WIN$D,M15,1684776600,152945.0,152995.0,152850.0,152925.0,46821,5,140401
WIN$D,M15,1684777500,152920.0,153100.0,152845.0,153100.0,24909,5,86817
WIN$D,M15,1684832400,152715.0,152840.0,152545.0,152715.0,190376,5,456698
WIN$D,M15,1684833300,152710.0,152780.0,152600.0,152735.0,88349,5,246066
WIN$D,M15,1684834200,152735.0,152735.0,152400.0,152655.0,154682,5,469593
WIN$D,M15,1684835100,152660.0,152790.0,152640.0,152715.0,101725,5,331252
WIN$D,M15,1684836000,152715.0,153000.0,152500.0,152710.0,289013,5,955065
WIN$D,M15,1684836900,152710.0,153415.0,152680.0,153265.0,306363,5,1020598
WIN$D,M15,1684837800,153265.0,153305.0,152950.0,153085.0,206781,5,724371
WIN$D,M15,1684838700,153085.0,153215.0,152890.0,153195.0,199862,5,696008
WIN$D,M15,1684839600,153190.0,153365.0,153045.0,153230.0,185253,5,631849
WIN$D,M15,1684840500,153225.0,153545.0,153155.0,153480.0,189459,5,689232
WIN$D,M15,1684841400,153480.0,153635.0,153360.0,153440.0,140502,5,514939
WIN$D,M15,1684842300,153440.0,153705.0,153420.0,153610.0,137051,5,502601
WIN$D,M15,1684843200,153610.0,153730.0,153570.0,153705.0,90679,5,353528
WIN$D,M15,1684844100,153700.0,153875.0,153690.0,153805.0,103888,5,399872
WIN$D,M15,1684845000,153810.0,153995.0,153710.0,153965.0,105801,5,406565
WIN$D,M15,1684845900,153970.0,153990.0,153695.0,153745.0,99579,5,377496
WIN$D,M15,1684846800,153745.0,153750.0,153345.0,153510.0,136455,5,541177
WIN$D,M15,1684847700,153505.0,153545.0,153395.0,153465.0,90326,5,390087
WIN$D,M15,1684848600,153465.0,153585.0,153235.0,153350.0,130205,5,521616
WIN$D,M15,1684849500,153350.0,153605.0,153325.0,153540.0,90638,5,368096
WIN$D,M15,1684850400,153540.0,153755.0,153530.0,153730.0,79821,5,310105
WIN$D,M15,1684851300,153730.0,153895.0,153570.0,153595.0,101720,5,393361
WIN$D,M15,1684852200,153595.0,153690.0,153535.0,153635.0,79305,5,316804
WIN$D,M15,1684853100,153635.0,153650.0,153460.0,153530.0,88256,5,357603
WIN$D,M15,1684854000,153530.0,153585.0,153420.0,153440.0,84070,5,379694
WIN$D,M15,1684854900,153440.0,153465.0,152510.0,152575.0,226166,5,922103
WIN$D,M15,1684855800,152570.0,152745.0,152300.0,152435.0,176468,5,694088
WIN$D,M15,1684856700,152440.0,152575.0,152275.0,152565.0,128955,5,504874
WIN$D,M15,1684857600,152560.0,152800.0,152540.0,152720.0,105349,5,414698
WIN$D,M15,1684858500,152720.0,152735.0,152470.0,152665.0,99903,5,406679
WIN$D,M15,1684859400,152660.0,152765.0,152520.0,152560.0,73447,5,305853
WIN$D,M15,1684860300,152560.0,152635.0,152465.0,152490.0,68471,5,273416
WIN$D,M15,1684861200,152490.0,152680.0,152485.0,152605.0,57060,5,204841
WIN$D,M15,1684862100,152605.0,152740.0,152560.0,152705.0,43208,5,152174
WIN$D,M15,1684863000,152710.0,152960.0,152680.0,152830.0,62205,5,199056
WIN$D,M15,1684863900,152830.0,152940.0,152715.0,152940.0,25240,5,87399
WIN$D,M15,1684918800,152510.0,152920.0,152250.0,152380.0,192563,5,526998
WIN$D,M15,1684919700,152380.0,152425.0,152195.0,152295.0,145670,5,443832
WIN$D,M15,1684920600,152290.0,152445.0,152165.0,152430.0,119419,5,373014
WIN$D,M15,1684921500,152430.0,152435.0,151880.0,151975.0,169365,5,570094
WIN$D,M15,1684922400,151975.0,151990.0,151200.0,151835.0,346772,5,1271245
WIN$D,M15,1684923300,151840.0,152075.0,151720.0,151995.0,189578,5,634467
WIN$D,M15,1684924200,152000.0,152105.0,151700.0,151795.0,245929,5,856905
WIN$D,M15,1684925100,151800.0,151875.0,151345.0,151490.0,199616,5,760170
WIN$D,M15,1684926000,151490.0,151975.0,151460.0,151955.0,184997,5,669945
WIN$D,M15,1684926900,151950.0,152045.0,151755.0,151785.0,135077,5,523431
WIN$D,M15,1684927800,151785.0,152000.0,151725.0,151830.0,121114,5,460169
WIN$D,M15,1684928700,151830.0,151935.0,151760.0,151835.0,77938,5,337454
WIN$D,M15,1684929600,151830.0,151980.0,151765.0,151860.0,82887,5,341426
WIN$D,M15,1684930500,151860.0,152245.0,151775.0,151935.0,138833,5,523470
WIN$D,M15,1684931400,151940.0,152075.0,151850.0,151880.0,98804,5,360420
WIN$D,M15,1684932300,151875.0,151910.0,151805.0,151825.0,61365,5,235743
WIN$D,M15,1684933200,151825.0,151835.0,151465.0,151525.0,126115,5,479045
WIN$D,M15,1684934100,151525.0,151535.0,151005.0,151265.0,179378,5,688422
WIN$D,M15,1684935000,151260.0,151345.0,151150.0,151260.0,105720,5,417029
WIN$D,M15,1684935900,151260.0,151385.0,151220.0,151310.0,66060,5,264599
WIN$D,M15,1684936800,151315.0,151335.0,151215.0,151280.0,63292,5,237564
WIN$D,M15,1684937700,151275.0,151545.0,151265.0,151420.0,92767,5,338046
WIN$D,M15,1684938600,151420.0,151550.0,151370.0,151515.0,71682,5,269131
WIN$D,M15,1684939500,151515.0,151615.0,151335.0,151395.0,60635,5,214082
WIN$D,M15,1684940400,151390.0,151595.0,151340.0,151500.0,74957,5,251437
WIN$D,M15,1684941300,151505.0,151695.0,151435.0,151490.0,99609,5,356444
WIN$D,M15,1684942200,151495.0,151575.0,151390.0,151425.0,64843,5,235497
WIN$D,M15,1684943100,151430.0,151505.0,151335.0,151365.0,55973,5,203371
WIN$D,M15,1684944000,151365.0,151375.0,151245.0,151290.0,71294,5,268954
WIN$D,M15,1684944900,151295.0,151535.0,151260.0,151390.0,94351,5,364016
WIN$D,M15,1684945800,151390.0,151655.0,151390.0,151455.0,85037,5,354423
WIN$D,M15,1684946700,151450.0,151470.0,151255.0,151365.0,72136,5,290474
WIN$D,M15,1684947600,151360.0,151505.0,151305.0,151455.0,60589,5,201780
WIN$D,M15,1684948500,151450.0,151725.0,151445.0,151605.0,75058,5,248144
WIN$D,M15,1684949400,151605.0,151660.0,151505.0,151605.0,47391,5,154008
WIN$D,M15,1684950300,151605.0,151775.0,151590.0,151775.0,21095,5,75976
WIN$D,M15,1685005200,152140.0,153240.0,152045.0,153105.0,332689,5,980151
WIN$D,M15,1685006100,153105.0,153315.0,152905.0,153120.0,227786,5,638819
WIN$D,M15,1685007000,153120.0,153325.0,152955.0,153120.0,172856,5,456469
WIN$D,M15,1685007900,153120.0,153145.0,152970.0,152980.0,94038,5,313317
WIN$D,M15,1685008800,152985.0,153725.0,152845.0,153500.0,385087,5,1225419
WIN$D,M15,1685009700,153500.0,153510.0,153090.0,153130.0,219037,5,722654
WIN$D,M15,1685010600,153135.0,153145.0,152440.0,152865.0,319070,5,1062521
WIN$D,M15,1685011500,152860.0,153095.0,152695.0,152850.0,218342,5,739833
WIN$D,M15,1685012400,152850.0,152985.0,152495.0,152570.0,186941,5,628537
WIN$D,M15,1685013300,152570.0,152665.0,152330.0,152340.0,179659,5,645236
WIN$D,M15,1685014200,152345.0,152720.0,152285.0,152665.0,151846,5,543297
WIN$D,M15,1685015100,152665.0,153080.0,152620.0,153075.0,140331,5,502012
WIN$D,M15,1685016000,153075.0,153230.0,152750.0,152755.0,155061,5,584865
WIN$D,M15,1685016900,152755.0,152895.0,152710.0,152785.0,103456,5,436096
WIN$D,M15,1685017800,152790.0,152840.0,152105.0,152240.0,170565,5,618946
WIN$D,M15,1685018700,152240.0,152565.0,152205.0,152510.0,102831,5,370178
WIN$D,M15,1685019600,152510.0,152800.0,152480.0,152740.0,89131,5,319440
WIN$D,M15,1685020500,152740.0,152920.0,152685.0,152885.0,67407,5,234941
WIN$D,M15,1685021400,152885.0,152995.0,152800.0,152875.0,97026,5,349538
WIN$D,M15,1685022300,152870.0,152920.0,152755.0,152765.0,61325,5,214334
WIN$D,M15,1685023200,152760.0,152840.0,152665.0,152790.0,69302,5,247887
WIN$D,M15,1685024100,152790.0,153085.0,152790.0,152925.0,89058,5,336705
WIN$D,M15,1685025000,152930.0,153045.0,152800.0,152800.0,84401,5,314701
WIN$D,M15,1685025900,152800.0,152825.0,152630.0,152735.0,88545,5,328891
WIN$D,M15,1685026800,152735.0,152935.0,152665.0,152725.0,134767,5,522037
WIN$D,M15,1685027700,152725.0,152845.0,152645.0,152795.0,73335,5,292830
WIN$D,M15,1685028600,152795.0,152830.0,152345.0,152470.0,153939,5,596615
WIN$D,M15,1685029500,152470.0,152690.0,152435.0,152595.0,110496,5,428834
WIN$D,M15,1685030400,152595.0,152680.0,152435.0,152455.0,79049,5,310241
WIN$D,M15,1685031300,152460.0,152595.0,152350.0,152585.0,74194,5,276601
WIN$D,M15,1685032200,152590.0,152750.0,152515.0,152690.0,83074,5,314360
WIN$D,M15,1685033100,152695.0,152795.0,152545.0,152610.0,72604,5,267013
WIN$D,M15,1685034000,152615.0,152810.0,152575.0,152745.0,49107,5,174694
WIN$D,M15,1685034900,152750.0,152765.0,152455.0,152460.0,54828,5,179184
WIN$D,M15,1685035800,152460.0,152600.0,152450.0,152550.0,39909,5,121659
WIN$D,M15,1685036700,152550.0,152570.0,152420.0,152500.0,22232,5,71622
WIN$D,M15,1685091600,153145.0,153525.0,153055.0,153445.0,224824,5,631096
WIN$D,M15,1685092500,153445.0,153635.0,153405.0,153585.0,141231,5,421649
WIN$D,M15,1685093400,153595.0,153645.0,153315.0,153600.0,191577,5,571174
WIN$D,M15,1685094300,153600.0,154145.0,153565.0,154120.0,216323,5,715887
WIN$D,M15,1685095200,154120.0,154165.0,153600.0,153675.0,238990,5,782176
WIN$D,M15,1685096100,153670.0,153915.0,153555.0,153720.0,212396,5,691252
WIN$D,M15,1685097000,153715.0,154250.0,153585.0,154150.0,246914,5,861992
WIN$D,M15,1685097900,154145.0,154225.0,153965.0,154005.0,148767,5,549009
WIN$D,M15,1685098800,154005.0,154185.0,153940.0,154080.0,149356,5,517271
WIN$D,M15,1685099700,154080.0,154185.0,153895.0,154000.0,146142,5,522883
WIN$D,M15,1685100600,154000.0,154010.0,153530.0,153570.0,175940,5,643866
WIN$D,M15,1685101500,153570.0,153680.0,153445.0,153500.0,155432,5,589109
WIN$D,M15,1685102400,153495.0,153620.0,152995.0,153110.0,171578,5,653683
WIN$D,M15,1685103300,153105.0,153135.0,152295.0,152320.0,256159,5,983144
WIN$D,M15,1685104200,152315.0,152800.0,152235.0,152795.0,153661,5,576175
WIN$D,M15,1685105100,152790.0,152950.0,152715.0,152910.0,76551,5,304761
WIN$D,M15,1685106000,152910.0,153110.0,152785.0,153070.0,83310,5,311521
WIN$D,M15,1685106900,153065.0,153370.0,153065.0,153275.0,103761,5,410960
WIN$D,M15,1685107800,153280.0,153365.0,153260.0,153325.0,73107,5,322696
WIN$D,M15,1685108700,153330.0,153745.0,153295.0,153725.0,104908,5,411068
WIN$D,M15,1685109600,153720.0,154065.0,153685.0,153905.0,143571,5,530564
WIN$D,M15,1685110500,153905.0,154050.0,153850.0,153880.0,110227,5,425163
WIN$D,M15,1685111400,153880.0,153920.0,153620.0,153695.0,110363,5,391683
WIN$D,M15,1685112300,153695.0,153805.0,153665.0,153785.0,81950,5,325876
WIN$D,M15,1685113200,153780.0,153795.0,153625.0,153655.0,60560,5,232541
WIN$D,M15,1685114100,153655.0,153710.0,153480.0,153650.0,89854,5,348212
WIN$D,M15,1685115000,153650.0,153660.0,153455.0,153505.0,62953,5,252069
WIN$D,M15,1685115900,153510.0,153610.0,153285.0,153350.0,79379,5,324331
WIN$D,M15,1685116800,153355.0,153685.0,153345.0,153570.0,99008,5,409135
WIN$D,M15,1685117700,153575.0,153605.0,153435.0,153545.0,56700,5,223796
WIN$D,M15,1685118600,153550.0,153565.0,153140.0,153160.0,104217,5,415814
WIN$D,M15,1685119500,153160.0,153525.0,153140.0,153415.0,102099,5,377785
WIN$D,M15,1685120400,153415.0,153640.0,153375.0,153570.0,61070,5,203885
WIN$D,M15,1685121300,153575.0,153610.0,153350.0,153360.0,53982,5,156742
WIN$D,M15,1685122200,153360.0,153420.0,153300.0,153395.0,42902,5,119620
WIN$D,M15,1685123100,153390.0,153445.0,153245.0,153365.0,23554,5,70639
WIN$D,M15,1685350800,153645.0,153770.0,153320.0,153485.0,112868,5,282298
WIN$D,M15,1685351700,153485.0,153495.0,153305.0,153375.0,80069,5,229874
WIN$D,M15,1685352600,153370.0,153390.0,153200.0,153305.0,115435,5,334495
WIN$D,M15,1685353500,153300.0,153415.0,153225.0,153400.0,71488,5,208429
WIN$D,M15,1685354400,153400.0,153635.0,153235.0,153455.0,245666,5,752563
WIN$D,M15,1685355300,153460.0,153580.0,152580.0,152870.0,249750,5,795137
WIN$D,M15,1685356200,152870.0,153015.0,152575.0,152825.0,244821,5,763971
WIN$D,M15,1685357100,152825.0,152995.0,152755.0,152850.0,144084,5,444942
WIN$D,M15,1685358000,152850.0,152925.0,152655.0,152775.0,113025,5,354235
WIN$D,M15,1685358900,152780.0,152905.0,152735.0,152825.0,93387,5,311294
WIN$D,M15,1685359800,152825.0,152990.0,152775.0,152795.0,89515,5,291444
WIN$D,M15,1685360700,152800.0,153085.0,152780.0,153080.0,98573,5,329278
WIN$D,M15,1685361600,153080.0,153245.0,153010.0,153140.0,145750,5,504033
WIN$D,M15,1685362500,153145.0,153240.0,152840.0,152880.0,107141,5,375558
WIN$D,M15,1685363400,152880.0,153025.0,152850.0,153005.0,69568,5,236144
WIN$D,M15,1685364300,153010.0,153055.0,152930.0,152945.0,43950,5,151215
WIN$D,M15,1685365200,152950.0,152970.0,152625.0,152795.0,118377,5,396945
WIN$D,M15,1685366100,152795.0,152975.0,152725.0,152930.0,74829,5,260232
WIN$D,M15,1685367000,152930.0,153000.0,152840.0,152850.0,59682,5,212178
WIN$D,M15,1685367900,152855.0,152925.0,152660.0,152890.0,77225,5,262613
WIN$D,M15,1685368800,152890.0,152895.0,152705.0,152745.0,59276,5,199447
WIN$D,M15,1685369700,152745.0,152835.0,152670.0,152735.0,58953,5,189537
WIN$D,M15,1685370600,152735.0,152845.0,152495.0,152735.0,111896,5,378990
WIN$D,M15,1685371500,152740.0,152750.0,152610.0,152695.0,40371,5,140609
WIN$D,M15,1685372400,152690.0,152900.0,152610.0,152885.0,61268,5,201706
WIN$D,M15,1685373300,152875.0,153215.0,152800.0,153015.0,131217,5,421860
WIN$D,M15,1685374200,153015.0,153070.0,152885.0,152960.0,54509,5,185074
WIN$D,M15,1685375100,152960.0,153130.0,152895.0,152925.0,71071,5,229288
WIN$D,M15,1685376000,152930.0,153210.0,152865.0,153045.0,70953,5,234931
WIN$D,M15,1685376900,153045.0,153080.0,152870.0,152915.0,68460,5,233411
WIN$D,M15,1685377800,152920.0,152960.0,152775.0,152795.0,43255,5,147195
WIN$D,M15,1685378700,152795.0,153030.0,152790.0,152930.0,57736,5,204286
WIN$D,M15,1685379600,152930.0,152990.0,152660.0,152715.0,70850,5,256100
WIN$D,M15,1685380500,152715.0,152770.0,152695.0,152725.0,27552,5,82222
WIN$D,M15,1685381400,152730.0,152915.0,152725.0,152805.0,47759,5,135857
WIN$D,M15,1685382300,152810.0,152830.0,152710.0,152710.0,29837,5,87987
WIN$D,M15,1685437200,153020.0,153360.0,152950.0,153130.0,182470,5,513866
WIN$D,M15,1685438100,153135.0,153235.0,153090.0,153175.0,94264,5,300054
WIN$D,M15,1685439000,153175.0,153505.0,153175.0,153375.0,146788,5,448937
WIN$D,M15,1685439900,153370.0,153730.0,153315.0,153660.0,155632,5,505574
WIN$D,M15,1685440800,153660.0,153825.0,153295.0,153345.0,288981,5,914533
WIN$D,M15,1685441700,153345.0,153350.0,152445.0,152610.0,372471,5,1240683
WIN$D,M15,1685442600,152610.0,152625.0,151945.0,152235.0,313295,5,1054375
WIN$D,M15,1685443500,152235.0,152390.0,151825.0,151975.0,235571,5,778786
WIN$D,M15,1685444400,151975.0,152090.0,151630.0,151985.0,218657,5,781599
WIN$D,M15,1685445300,151990.0,152090.0,151580.0,151625.0,164566,5,592596
WIN$D,M15,1685446200,151630.0,151830.0,151600.0,151620.0,124466,5,463499
WIN$D,M15,1685447100,151615.0,151650.0,151220.0,151335.0,180538,5,642434
WIN$D,M15,1685448000,151340.0,151490.0,151145.0,151175.0,123985,5,454073
WIN$D,M15,1685448900,151170.0,151305.0,150970.0,151245.0,173492,5,642161
WIN$D,M15,1685449800,151245.0,151360.0,151110.0,151115.0,106054,5,372493
WIN$D,M15,1685450700,151115.0,151185.0,150900.0,151050.0,127743,5,448554
WIN$D,M15,1685451600,151050.0,151180.0,150930.0,151155.0,96348,5,347362
WIN$D,M15,1685452500,151150.0,151245.0,151005.0,151150.0,75424,5,263688
WIN$D,M15,1685453400,151150.0,151185.0,150935.0,150950.0,85064,5,309559
WIN$D,M15,1685454300,150955.0,151190.0,150905.0,151080.0,85956,5,314585
WIN$D,M15,1685455200,151085.0,151150.0,151020.0,151070.0,55943,5,209072
WIN$D,M15,1685456100,151070.0,151165.0,151045.0,151100.0,50942,5,184333
WIN$D,M15,1685457000,151095.0,151355.0,151075.0,151250.0,112992,5,395023
WIN$D,M15,1685457900,151250.0,151400.0,151210.0,151290.0,84595,5,299058
WIN$D,M15,1685458800,151285.0,151370.0,151275.0,151340.0,52615,5,187061
WIN$D,M15,1685459700,151340.0,151440.0,151245.0,151285.0,81124,5,286597
WIN$D,M15,1685460600,151285.0,151535.0,151270.0,151485.0,92251,5,331886
WIN$D,M15,1685461500,151485.0,151605.0,151395.0,151435.0,93592,5,347479
WIN$D,M15,1685462400,151430.0,151470.0,151350.0,151435.0,65741,5,239841
WIN$D,M15,1685463300,151435.0,151545.0,151400.0,151465.0,48852,5,181459
WIN$D,M15,1685464200,151465.0,151680.0,151465.0,151495.0,99532,5,369469
WIN$D,M15,1685465100,151495.0,151575.0,151460.0,151515.0,72968,5,283026
WIN$D,M15,1685466000,151510.0,151525.0,151195.0,151325.0,92203,5,323844
WIN$D,M15,1685466900,151330.0,151330.0,151175.0,151210.0,45668,5,147857
WIN$D,M15,1685467800,151210.0,151295.0,151195.0,151230.0,44236,5,140527
WIN$D,M15,1685468700,151235.0,151345.0,151140.0,151165.0,35095,5,111412
WIN$D,M15,1685523600,150775.0,151110.0,150670.0,151055.0,231153,5,588477
WIN$D,M15,1685524500,151055.0,151055.0,150800.0,150955.0,122839,5,357264
WIN$D,M15,1685525400,150955.0,151090.0,150815.0,150855.0,135559,5,422936
WIN$D,M15,1685526300,150855.0,151095.0,150820.0,151015.0,126187,5,397898
WIN$D,M15,1685527200,151015.0,151020.0,150520.0,150835.0,284246,5,925816
WIN$D,M15,1685528100,150835.0,151320.0,150830.0,151255.0,230155,5,767919
WIN$D,M15,1685529000,151260.0,151380.0,150870.0,151205.0,288882,5,975068
WIN$D,M15,1685529900,151200.0,151230.0,150810.0,151000.0,197097,5,675813
WIN$D,M15,1685530800,150995.0,151020.0,150715.0,150915.0,207602,5,731121
WIN$D,M15,1685531700,150915.0,151080.0,150830.0,151005.0,158127,5,568011
WIN$D,M15,1685532600,151010.0,151290.0,150965.0,151235.0,184935,5,674466
WIN$D,M15,1685533500,151235.0,151275.0,150835.0,150865.0,144180,5,526354
WIN$D,M15,1685534400,150865.0,151005.0,150765.0,150920.0,109519,5,388414
WIN$D,M15,1685535300,150920.0,151055.0,150870.0,150910.0,79363,5,281119
WIN$D,M15,1685536200,150915.0,150995.0,150685.0,150730.0,69882,5,256983
WIN$D,M15,1685537100,150730.0,150885.0,150720.0,150755.0,71010,5,252221
WIN$D,M15,1685538000,150760.0,150910.0,150645.0,150700.0,88033,5,329583
WIN$D,M15,1685538900,150700.0,150830.0,150545.0,150825.0,88090,5,306977
WIN$D,M15,1685539800,150830.0,150875.0,150730.0,150865.0,72129,5,258259
WIN$D,M15,1685540700,150865.0,150965.0,150695.0,150810.0,99662,5,390178
WIN$D,M15,1685541600,150810.0,150895.0,150770.0,150815.0,59327,5,237371
WIN$D,M15,1685542500,150815.0,151195.0,150715.0,151100.0,109377,5,437429
WIN$D,M15,1685543400,151100.0,151510.0,151025.0,151190.0,195659,5,741197
WIN$D,M15,1685544300,151190.0,151315.0,151125.0,151240.0,79461,5,312873
WIN$D,M15,1685545200,151235.0,151390.0,151160.0,151375.0,87859,5,322758
WIN$D,M15,1685546100,151380.0,151385.0,151125.0,151180.0,83988,5,335446
WIN$D,M15,1685547000,151175.0,151225.0,151085.0,151155.0,64037,5,247311
WIN$D,M15,1685547900,151150.0,151195.0,151050.0,151130.0,69465,5,275635
WIN$D,M15,1685548800,151130.0,151155.0,150925.0,151120.0,94196,5,380972
WIN$D,M15,1685549700,151125.0,151145.0,150895.0,151045.0,88740,5,351565
WIN$D,M15,1685550600,151045.0,151250.0,151025.0,151220.0,82722,5,316987
WIN$D,M15,1685551500,151220.0,151270.0,150965.0,150985.0,102896,5,416744
WIN$D,M15,1685552400,150980.0,151050.0,150740.0,150825.0,107274,5,377962
WIN$D,M15,1685553300,150830.0,150845.0,150615.0,150705.0,88513,5,288931
WIN$D,M15,1685554200,150700.0,150810.0,150665.0,150685.0,47855,5,137481
WIN$D,M15,1685555100,150690.0,150790.0,150590.0,150650.0,26789,5,91925
WIN$D,M15,1685610000,151385.0,151800.0,151145.0,151290.0,236314,5,627209
WIN$D,M15,1685610900,151290.0,151385.0,151080.0,151155.0,117175,5,322275
WIN$D,M15,1685611800,151155.0,151320.0,151000.0,151225.0,156339,5,465567
WIN$D,M15,1685612700,151225.0,151240.0,151010.0,151055.0,97763,5,289290
WIN$D,M15,1685613600,151055.0,151305.0,150925.0,151235.0,218509,5,661501
WIN$D,M15,1685614500,151235.0,151235.0,150560.0,150940.0,316405,5,1008519
WIN$D,M15,1685615400,150935.0,151315.0,150845.0,150955.0,244539,5,808322
WIN$D,M15,1685616300,150955.0,151050.0,150815.0,150940.0,129911,5,455433
WIN$D,M15,1685617200,150930.0,151130.0,150705.0,150935.0,211195,5,703760
WIN$D,M15,1685618100,150935.0,151160.0,150875.0,150905.0,133680,5,486035
WIN$D,M15,1685619000,150905.0,151220.0,150900.0,151185.0,123533,5,448110
WIN$D,M15,1685619900,151185.0,151675.0,151070.0,151605.0,191168,5,739496
WIN$D,M15,1685620800,151610.0,151730.0,151355.0,151570.0,184466,5,684650
WIN$D,M15,1685621700,151575.0,152465.0,151565.0,152405.0,239912,5,913386
WIN$D,M15,1685622600,152405.0,152640.0,152275.0,152630.0,172092,5,639219
WIN$D,M15,1685623500,152635.0,152710.0,152365.0,152630.0,128062,5,467397
WIN$D,M15,1685624400,152635.0,152705.0,152490.0,152665.0,110113,5,415751
WIN$D,M15,1685625300,152660.0,152725.0,152555.0,152715.0,78001,5,284114
WIN$D,M15,1685626200,152715.0,152725.0,152485.0,152520.0,65479,5,243806
WIN$D,M15,1685627100,152525.0,152655.0,152510.0,152560.0,56229,5,214518
WIN$D,M15,1685628000,152560.0,152685.0,152495.0,152650.0,69973,5,271989
WIN$D,M15,1685628900,152645.0,152890.0,152635.0,152745.0,118850,5,450384
WIN$D,M15,1685629800,152745.0,152795.0,152505.0,152640.0,95885,5,354530
WIN$D,M15,1685630700,152640.0,152785.0,152625.0,152690.0,69252,5,254646
WIN$D,M15,1685631600,152685.0,152700.0,152590.0,152675.0,60285,5,216231
WIN$D,M15,1685632500,152675.0,152865.0,152655.0,152810.0,77984,5,291463
WIN$D,M15,1685633400,152815.0,152815.0,152595.0,152660.0,65327,5,239680
WIN$D,M15,1685634300,152665.0,152925.0,152605.0,152750.0,91789,5,332110
WIN$D,M15,1685635200,152745.0,152985.0,152715.0,152840.0,107170,5,402419
WIN$D,M15,1685636100,152845.0,152855.0,152660.0,152745.0,73621,5,286039
WIN$D,M15,1685637000,152745.0,152920.0,152655.0,152830.0,86397,5,337675
WIN$D,M15,1685637900,152830.0,153115.0,152825.0,153025.0,120439,5,515649
WIN$D,M15,1685638800,153030.0,153155.0,152925.0,153020.0,72529,5,265946
WIN$D,M15,1685639700,153015.0,153120.0,152950.0,153095.0,51269,5,186338
WIN$D,M15,1685640600,153095.0,153335.0,153075.0,153320.0,78678,5,262815
WIN$D,M15,1685641500,153315.0,153425.0,153245.0,153420.0,38273,5,140330
WIN$D,M15,1685696400,153725.0,154135.0,153650.0,154040.0,166141,5,445638
WIN$D,M15,1685697300,154040.0,154565.0,154035.0,154325.0,149373,5,375580
WIN$D,M15,1685698200,154330.0,154695.0,154145.0,154600.0,299308,5,707614
WIN$D,M15,1685699100,154600.0,154730.0,154355.0,154725.0,163507,5,494792
WIN$D,M15,1685700000,154725.0,155040.0,154605.0,154670.0,230456,5,743511
WIN$D,M15,1685700900,154675.0,155230.0,154645.0,155130.0,222948,5,735339
WIN$D,M15,1685701800,155130.0,155320.0,154830.0,155000.0,236614,5,861793
WIN$D,M15,1685702700,155000.0,155205.0,154785.0,154905.0,192070,5,698462
WIN$D,M15,1685703600,154905.0,155045.0,154750.0,154860.0,150139,5,538976
WIN$D,M15,1685704500,154860.0,154985.0,154750.0,154780.0,108082,5,379934
WIN$D,M15,1685705400,154775.0,154845.0,154625.0,154840.0,123419,5,440968
WIN$D,M15,1685706300,154840.0,154960.0,154765.0,154910.0,107694,5,387672
WIN$D,M15,1685707200,154915.0,155025.0,154805.0,154985.0,99063,5,362544
WIN$D,M15,1685708100,154990.0,155035.0,154830.0,154880.0,71558,5,267451
WIN$D,M15,1685709000,154875.0,155020.0,154825.0,154965.0,62501,5,224705
WIN$D,M15,1685709900,154970.0,155265.0,154950.0,155185.0,90771,5,326583
WIN$D,M15,1685710800,155185.0,155190.0,155040.0,155055.0,66543,5,256280
WIN$D,M15,1685711700,155055.0,155070.0,154710.0,154760.0,98715,5,365213
WIN$D,M15,1685712600,154760.0,154845.0,154660.0,154745.0,72956,5,269647
WIN$D,M15,1685713500,154740.0,154825.0,154705.0,154810.0,69613,5,274911
WIN$D,M15,1685714400,154810.0,154830.0,154480.0,154575.0,94119,5,367307
WIN$D,M15,1685715300,154580.0,154635.0,154485.0,154580.0,69336,5,264013
WIN$D,M15,1685716200,154580.0,154605.0,154435.0,154445.0,68946,5,267053
WIN$D,M15,1685717100,154450.0,154605.0,154415.0,154545.0,78089,5,322656
WIN$D,M15,1685718000,154540.0,154585.0,154365.0,154530.0,84115,5,342662
WIN$D,M15,1685718900,154535.0,154985.0,154530.0,154875.0,134085,5,542146
WIN$D,M15,1685719800,154875.0,155085.0,154775.0,154940.0,98479,5,385596
WIN$D,M15,1685720700,154940.0,154975.0,154855.0,154960.0,59912,5,232683
WIN$D,M15,1685721600,154960.0,155065.0,154825.0,154870.0,76179,5,300159
WIN$D,M15,1685722500,154870.0,154920.0,154790.0,154820.0,59122,5,230659
WIN$D,M15,1685723400,154820.0,154975.0,154700.0,154905.0,93505,5,389409
WIN$D,M15,1685724300,154905.0,155110.0,154805.0,155030.0,92414,5,368874
WIN$D,M15,1685725200,155025.0,155065.0,154845.0,155055.0,65487,5,235082
WIN$D,M15,1685726100,155055.0,155055.0,154830.0,154975.0,53530,5,179982
WIN$D,M15,1685727000,154970.0,155055.0,154955.0,155000.0,42374,5,132317
WIN$D,M15,1685727900,155005.0,155140.0,154950.0,155045.0,35253,5,107889
WIN$D,M15,1685955600,154795.0,155100.0,154665.0,154940.0,159353,5,445472
WIN$D,M15,1685956500,154940.0,154975.0,154740.0,154790.0,154818,5,467743
WIN$D,M15,1685957400,154785.0,154915.0,154760.0,154805.0,85520,5,259815
WIN$D,M15,1685958300,154805.0,155025.0,154795.0,154980.0,116845,5,371007
WIN$D,M15,1685959200,154985.0,155345.0,154875.0,154910.0,293954,5,939485
WIN$D,M15,1685960100,154910.0,155090.0,154810.0,154930.0,160602,5,510058
WIN$D,M15,1685961000,154930.0,155035.0,154730.0,154795.0,184289,5,602651
WIN$D,M15,1685961900,154795.0,155065.0,154650.0,154680.0,170869,5,580882
WIN$D,M15,1685962800,154680.0,154870.0,154190.0,154235.0,266021,5,937946
WIN$D,M15,1685963700,154235.0,154300.0,153850.0,154060.0,233537,5,826498
WIN$D,M15,1685964600,154060.0,154495.0,154040.0,154485.0,145352,5,522159
WIN$D,M15,1685965500,154480.0,154625.0,154355.0,154550.0,139417,5,512007
WIN$D,M15,1685966400,154550.0,154675.0,154495.0,154575.0,102480,5,394985
WIN$D,M15,1685967300,154570.0,154645.0,154470.0,154575.0,71006,5,253906
WIN$D,M15,1685968200,154575.0,154625.0,154460.0,154525.0,53839,5,189851
WIN$D,M15,1685969100,154525.0,154605.0,154415.0,154600.0,61145,5,213136
WIN$D,M15,1685970000,154605.0,154745.0,154480.0,154690.0,81673,5,298103
WIN$D,M15,1685970900,154690.0,154695.0,154565.0,154610.0,43641,5,155623
WIN$D,M15,1685971800,154610.0,154650.0,154565.0,154615.0,29268,5,103232
WIN$D,M15,1685972700,154610.0,154660.0,154570.0,154595.0,36176,5,137443
WIN$D,M15,1685973600,154590.0,154630.0,154475.0,154600.0,58778,5,243495
WIN$D,M15,1685974500,154600.0,154605.0,154475.0,154535.0,43181,5,169304
WIN$D,M15,1685975400,154535.0,154570.0,154455.0,154545.0,52642,5,196035
WIN$D,M15,1685976300,154545.0,154730.0,154535.0,154720.0,76067,5,299632
WIN$D,M15,1685977200,154725.0,154955.0,154595.0,154625.0,128870,5,496216
WIN$D,M15,1685978100,154625.0,154690.0,154485.0,154630.0,71656,5,279031
WIN$D,M15,1685979000,154635.0,154685.0,154530.0,154625.0,68363,5,275366
WIN$D,M15,1685979900,154620.0,154790.0,154560.0,154755.0,73566,5,286816
WIN$D,M15,1685980800,154755.0,154835.0,154700.0,154815.0,74090,5,297491
WIN$D,M15,1685981700,154810.0,155075.0,154745.0,155050.0,79724,5,304905
WIN$D,M15,1685982600,155055.0,155205.0,154890.0,154980.0,102247,5,391297
WIN$D,M15,1685983500,154980.0,155085.0,154920.0,154960.0,63820,5,246331
WIN$D,M15,1685984400,154965.0,155085.0,154920.0,155025.0,53382,5,191184
WIN$D,M15,1685985300,155020.0,155045.0,154965.0,155020.0,27094,5,89887
WIN$D,M15,1685986200,155020.0,155080.0,154965.0,155030.0,28920,5,92863
WIN$D,M15,1685987100,155030.0,155060.0,154840.0,154875.0,24103,5,83406
WIN$D,M15,1686042000,154660.0,155315.0,154645.0,155240.0,207424,5,560095
WIN$D,M15,1686042900,155240.0,155290.0,155055.0,155140.0,124947,5,365725
WIN$D,M15,1686043800,155135.0,155340.0,155135.0,155205.0,134587,5,391638
WIN$D,M15,1686044700,155200.0,155420.0,155195.0,155325.0,107339,5,332724
WIN$D,M15,1686045600,155330.0,155640.0,155205.0,155365.0,281936,5,880178
WIN$D,M15,1686046500,155370.0,155490.0,155105.0,155345.0,250081,5,798276
WIN$D,M15,1686047400,155340.0,155785.0,155340.0,155765.0,302924,5,984782
WIN$D,M15,1686048300,155765.0,155775.0,155505.0,155655.0,154451,5,535433
WIN$D,M15,1686049200,155650.0,156065.0,155650.0,155960.0,227956,5,801383
WIN$D,M15,1686050100,155955.0,156110.0,155815.0,156040.0,148499,5,533914
WIN$D,M15,1686051000,156045.0,156215.0,155965.0,155970.0,156212,5,553637
WIN$D,M15,1686051900,155970.0,156200.0,155970.0,156160.0,107277,5,387234
WIN$D,M15,1686052800,156160.0,156325.0,156040.0,156050.0,138021,5,535088
WIN$D,M15,1686053700,156045.0,156260.0,156030.0,156215.0,102075,5,375702
WIN$D,M15,1686054600,156215.0,156720.0,156185.0,156705.0,188628,5,727455
WIN$D,M15,1686055500,156710.0,156760.0,156480.0,156545.0,113464,5,444574
WIN$D,M15,1686056400,156545.0,156740.0,156435.0,156665.0,99175,5,375052
WIN$D,M15,1686057300,156670.0,156845.0,156470.0,156515.0,112562,5,428125
WIN$D,M15,1686058200,156515.0,156665.0,156480.0,156625.0,68960,5,263277
WIN$D,M15,1686059100,156630.0,156805.0,156600.0,156715.0,75704,5,279161
WIN$D,M15,1686060000,156720.0,156930.0,156570.0,156740.0,113998,5,435586
WIN$D,M15,1686060900,156735.0,156820.0,156665.0,156785.0,75067,5,289285
WIN$D,M15,1686061800,156785.0,156840.0,156715.0,156805.0,59322,5,235589
WIN$D,M15,1686062700,156805.0,157005.0,156750.0,156835.0,126060,5,478080
WIN$D,M15,1686063600,156840.0,156850.0,156505.0,156530.0,116980,5,460753
WIN$D,M15,1686064500,156530.0,156590.0,156460.0,156530.0,88222,5,345050
WIN$D,M15,1686065400,156535.0,156685.0,156495.0,156565.0,78513,5,309849
WIN$D,M15,1686066300,156565.0,156665.0,156495.0,156605.0,68172,5,285205
WIN$D,M15,1686067200,156605.0,156880.0,156515.0,156770.0,90186,5,359305
WIN$D,M15,1686068100,156770.0,156915.0,156690.0,156860.0,87985,5,338240
WIN$D,M15,1686069000,156855.0,156980.0,156770.0,156845.0,82765,5,318272
WIN$D,M15,1686069900,156845.0,156885.0,156675.0,156860.0,73573,5,282521
WIN$D,M15,1686070800,156860.0,156975.0,156770.0,156875.0,67917,5,244500
WIN$D,M15,1686071700,156875.0,156960.0,156840.0,156930.0,47341,5,154674
WIN$D,M15,1686072600,156930.0,157115.0,156905.0,157040.0,56192,5,186568
WIN$D,M15,1686073500,157045.0,157145.0,157015.0,157145.0,31773,5,114034
WIN$D,M15,1686128400,157445.0,157975.0,157395.0,157480.0,250416,5,605892
WIN$D,M15,1686129300,157485.0,157895.0,157410.0,157475.0,160413,5,503884
WIN$D,M15,1686130200,157475.0,157735.0,157435.0,157570.0,112090,5,335721
WIN$D,M15,1686131100,157575.0,157950.0,157510.0,157855.0,134440,5,424382
WIN$D,M15,1686132000,157855.0,157940.0,157530.0,157640.0,202090,5,637996
WIN$D,M15,1686132900,157645.0,157910.0,157480.0,157870.0,209343,5,689000
WIN$D,M15,1686133800,157870.0,158025.0,157620.0,157685.0,288373,5,960508
WIN$D,M15,1686134700,157685.0,158115.0,157665.0,157885.0,232792,5,795110
WIN$D,M15,1686135600,157885.0,158020.0,157755.0,157940.0,148694,5,505526
WIN$D,M15,1686136500,157940.0,158075.0,157550.0,157630.0,180137,5,646496
WIN$D,M15,1686137400,157625.0,157690.0,157205.0,157255.0,230081,5,823912
WIN$D,M15,1686138300,157260.0,157450.0,157240.0,157390.0,97315,5,346953
WIN$D,M15,1686139200,157395.0,157600.0,157325.0,157575.0,108198,5,386146
WIN$D,M15,1686140100,157570.0,157835.0,157370.0,157745.0,145266,5,530278
WIN$D,M15,1686141000,157745.0,157825.0,157520.0,157540.0,111615,5,394917
WIN$D,M15,1686141900,157540.0,157595.0,157295.0,157330.0,106656,5,380228
WIN$D,M15,1686142800,157330.0,157410.0,157275.0,157390.0,69276,5,259121
WIN$D,M15,1686143700,157395.0,157465.0,157275.0,157345.0,62800,5,225084
WIN$D,M15,1686144600,157340.0,157495.0,157240.0,157430.0,79855,5,290133
WIN$D,M15,1686145500,157430.0,157445.0,157175.0,157260.0,90384,5,322712
WIN$D,M15,1686146400,157265.0,157320.0,156835.0,156845.0,128889,5,470244
WIN$D,M15,1686147300,156845.0,157000.0,156715.0,156945.0,144622,5,534948
WIN$D,M15,1686148200,156945.0,157075.0,156855.0,157070.0,84849,5,328353
WIN$D,M15,1686149100,157070.0,157090.0,156930.0,157025.0,78197,5,290450
WIN$D,M15,1686150000,157025.0,157355.0,157025.0,157340.0,128896,5,490586
WIN$D,M15,1686150900,157340.0,157645.0,157260.0,157505.0,124625,5,478822
WIN$D,M15,1686151800,157510.0,157525.0,157300.0,157355.0,82789,5,310022
WIN$D,M15,1686152700,157355.0,157560.0,157315.0,157440.0,81017,5,298893
WIN$D,M15,1686153600,157440.0,157480.0,157365.0,157375.0,54790,5,202626
WIN$D,M15,1686154500,157380.0,157505.0,157355.0,157370.0,59577,5,233218
WIN$D,M15,1686155400,157370.0,157595.0,157365.0,157485.0,84552,5,339767
WIN$D,M15,1686156300,157485.0,157695.0,157425.0,157655.0,97388,5,382538
WIN$D,M15,1686157200,157655.0,157780.0,157595.0,157680.0,69373,5,259994
WIN$D,M15,1686158100,157685.0,157695.0,157610.0,157670.0,27344,5,92470
WIN$D,M15,1686159000,157675.0,157745.0,157630.0,157705.0,33692,5,115574
WIN$D,M15,1686159900,157705.0,158025.0,157690.0,157930.0,33592,5,115614
WIN$D,M15,1686301200,158205.0,158745.0,158185.0,158700.0,165299,5,477925
WIN$D,M15,1686302100,158705.0,158915.0,158670.0,158845.0,146623,5,463063
WIN$D,M15,1686303000,158845.0,158965.0,158765.0,158935.0,128488,5,418026
WIN$D,M15,1686303900,158940.0,158990.0,158605.0,158650.0,150438,5,494037
WIN$D,M15,1686304800,158645.0,158810.0,158510.0,158645.0,188297,5,599148
WIN$D,M15,1686305700,158645.0,158720.0,158435.0,158505.0,164892,5,547414
WIN$D,M15,1686306600,158500.0,158740.0,158390.0,158610.0,198533,5,688883
WIN$D,M15,1686307500,158610.0,158760.0,158515.0,158695.0,125831,5,425517
WIN$D,M15,1686308400,158695.0,159205.0,158665.0,159165.0,226795,5,809141
WIN$D,M15,1686309300,159165.0,159685.0,159130.0,159580.0,218494,5,824636
WIN$D,M15,1686310200,159580.0,159580.0,159335.0,159500.0,138545,5,518106
WIN$D,M15,1686311100,159500.0,159570.0,159145.0,159370.0,143993,5,535300
WIN$D,M15,1686312000,159370.0,159435.0,159215.0,159370.0,92645,5,350006
WIN$D,M15,1686312900,159370.0,159470.0,159255.0,159385.0,91204,5,342011
WIN$D,M15,1686313800,159390.0,159530.0,159245.0,159470.0,84687,5,303713
WIN$D,M15,1686314700,159470.0,159565.0,159330.0,159430.0,86682,5,296603
WIN$D,M15,1686315600,159425.0,159465.0,159325.0,159405.0,61700,5,225096
WIN$D,M15,1686316500,159405.0,159675.0,159395.0,159400.0,118452,5,414953
WIN$D,M15,1686317400,159400.0,159475.0,159295.0,159360.0,68909,5,240332
WIN$D,M15,1686318300,159365.0,159410.0,159310.0,159360.0,46988,5,170276
WIN$D,M15,1686319200,159360.0,159490.0,159355.0,159400.0,66371,5,242571
WIN$D,M15,1686320100,159395.0,159440.0,159125.0,159185.0,83238,5,308107
WIN$D,M15,1686321000,159185.0,159245.0,159110.0,159185.0,67963,5,257045
WIN$D,M15,1686321900,159180.0,159250.0,159100.0,159185.0,73272,5,283837
WIN$D,M15,1686322800,159185.0,159275.0,159165.0,159175.0,64243,5,256318
WIN$D,M15,1686323700,159180.0,159225.0,159085.0,159100.0,55800,5,206770
WIN$D,M15,1686324600,159100.0,159155.0,158815.0,158870.0,94371,5,352011
WIN$D,M15,1686325500,158875.0,159040.0,158780.0,158990.0,101276,5,365239
WIN$D,M15,1686326400,158985.0,159030.0,158910.0,158970.0,59045,5,213440
WIN$D,M15,1686327300,158965.0,158985.0,158835.0,158920.0,58450,5,224510
WIN$D,M15,1686328200,158920.0,159135.0,158915.0,158970.0,96237,5,366942
WIN$D,M15,1686329100,158975.0,159205.0,158960.0,159185.0,72817,5,261125
WIN$D,M15,1686330000,159185.0,159205.0,159000.0,159005.0,62505,5,212367
WIN$D,M15,1686330900,159005.0,159110.0,158995.0,159075.0,35229,5,113746
WIN$D,M15,1686331800,159075.0,159190.0,159055.0,159130.0,39929,5,132165
WIN$D,M15,1686332700,159135.0,159170.0,158810.0,158990.0,41411,5,122781
WIN$D,M15,1686560400,159295.0,159825.0,159105.0,159810.0,212617,5,605296
WIN$D,M15,1686561300,159810.0,159860.0,159585.0,159650.0,135635,5,436689
WIN$D,M15,1686562200,159655.0,159885.0,159635.0,159690.0,135557,5,416682
WIN$D,M15,1686563100,159690.0,159715.0,159375.0,159430.0,139245,5,463974
WIN$D,M15,1686564000,159430.0,159440.0,159095.0,159140.0,212237,5,728530
WIN$D,M15,1686564900,159140.0,159290.0,158900.0,158925.0,256069,5,846553
WIN$D,M15,1686565800,158930.0,159105.0,158660.0,158870.0,240563,5,809383
WIN$D,M15,1686566700,158865.0,159095.0,158730.0,158960.0,186992,5,649529
WIN$D,M15,1686567600,158965.0,159180.0,158915.0,158975.0,161583,5,569835
WIN$D,M15,1686568500,158975.0,159150.0,158955.0,159025.0,113947,5,403447
WIN$D,M15,1686569400,159025.0,159430.0,158980.0,159375.0,150261,5,547548
WIN$D,M15,1686570300,159370.0,159490.0,159285.0,159425.0,143814,5,522752
WIN$D,M15,1686571200,159425.0,159690.0,159330.0,159675.0,145002,5,534988
WIN$D,M15,1686572100,159670.0,159785.0,159525.0,159725.0,130370,5,472057
WIN$D,M15,1686573000,159720.0,159755.0,159400.0,159480.0,116417,5,413706
WIN$D,M15,1686573900,159480.0,159555.0,159420.0,159420.0,54732,5,193244
WIN$D,M15,1686574800,159420.0,159435.0,159300.0,159395.0,78537,5,278164
WIN$D,M15,1686575700,159395.0,159435.0,159215.0,159235.0,71870,5,265308
WIN$D,M15,1686576600,159235.0,159340.0,159190.0,159320.0,64951,5,226881
WIN$D,M15,1686577500,159315.0,159370.0,159270.0,159300.0,53376,5,185736
WIN$D,M15,1686578400,159295.0,159370.0,159200.0,159345.0,76160,5,276946
WIN$D,M15,1686579300,159345.0,159355.0,159255.0,159300.0,50429,5,189187
WIN$D,M15,1686580200,159300.0,159325.0,159150.0,159235.0,72206,5,257907
WIN$D,M15,1686581100,159240.0,159295.0,159130.0,159240.0,73984,5,277495
WIN$D,M15,1686582000,159235.0,159320.0,159165.0,159235.0,60490,5,231895
WIN$D,M15,1686582900,159230.0,159415.0,159210.0,159220.0,85000,5,310785
WIN$D,M15,1686583800,159220.0,159295.0,159180.0,159270.0,66105,5,256826
WIN$D,M15,1686584700,159270.0,159460.0,159240.0,159330.0,93787,5,361646
WIN$D,M15,1686585600,159325.0,159485.0,159300.0,159390.0,74424,5,287533
WIN$D,M15,1686586500,159385.0,159525.0,159345.0,159430.0,68130,5,271639
WIN$D,M15,1686587400,159430.0,159585.0,159430.0,159505.0,76121,5,276877
WIN$D,M15,1686588300,159505.0,159510.0,159330.0,159430.0,68344,5,252136
WIN$D,M15,1686589200,159435.0,159505.0,159240.0,159430.0,91811,5,333839
WIN$D,M15,1686590100,159425.0,159645.0,159425.0,159525.0,67594,5,229241
WIN$D,M15,1686591000,159525.0,159545.0,159450.0,159520.0,37653,5,128049
WIN$D,M15,1686591900,159515.0,159670.0,159495.0,159635.0,20052,5,78856
WIN$D,M15,1686646800,159795.0,159815.0,159400.0,159410.0,144653,5,381809
WIN$D,M15,1686647700,159410.0,159620.0,159325.0,159510.0,136425,5,374292
WIN$D,M15,1686648600,159510.0,159895.0,159275.0,159690.0,254494,5,679203
WIN$D,M15,1686649500,159690.0,160015.0,159645.0,159990.0,178216,5,552342
WIN$D,M15,1686650400,159995.0,160060.0,159605.0,159665.0,210834,5,641788
WIN$D,M15,1686651300,159665.0,159760.0,159550.0,159580.0,148119,5,470963
WIN$D,M15,1686652200,159585.0,159845.0,159450.0,159820.0,224388,5,743534
WIN$D,M15,1686653100,159825.0,159835.0,159285.0,159345.0,226069,5,788542
WIN$D,M15,1686654000,159345.0,159495.0,158900.0,159115.0,246743,5,827145
WIN$D,M15,1686654900,159115.0,159515.0,158910.0,159410.0,180584,5,634797
WIN$D,M15,1686655800,159415.0,159475.0,159255.0,159440.0,110628,5,358709
WIN$D,M15,1686656700,159440.0,159600.0,159380.0,159485.0,116736,5,405456
WIN$D,M15,1686657600,159480.0,159480.0,159185.0,159395.0,129796,5,448878
WIN$D,M15,1686658500,159400.0,159535.0,159365.0,159425.0,83446,5,301501
WIN$D,M15,1686659400,159425.0,159445.0,158995.0,159050.0,123780,5,434181
WIN$D,M15,1686660300,159050.0,159190.0,158965.0,158995.0,99711,5,352814
WIN$D,M15,1686661200,158995.0,159155.0,158945.0,159075.0,76703,5,276974
WIN$D,M15,1686662100,159080.0,159140.0,159005.0,159105.0,58934,5,225369
WIN$D,M15,1686663000,159105.0,159110.0,158820.0,158840.0,90526,5,345830
WIN$D,M15,1686663900,158845.0,158970.0,158715.0,158895.0,99593,5,360381
WIN$D,M15,1686664800,158895.0,159105.0,158875.0,158985.0,91638,5,346185
WIN$D,M15,1686665700,158980.0,159040.0,158910.0,158970.0,55051,5,207484
WIN$D,M15,1686666600,158970.0,158975.0,158550.0,158755.0,144892,5,512738
WIN$D,M15,1686667500,158755.0,158905.0,158740.0,158850.0,84291,5,319276
WIN$D,M15,1686668400,158850.0,159120.0,158720.0,158745.0,130988,5,478326
WIN$D,M15,1686669300,158740.0,158835.0,158525.0,158620.0,98298,5,361108
WIN$D,M15,1686670200,158625.0,158705.0,158370.0,158380.0,146153,5,518356
WIN$D,M15,1686671100,158375.0,158575.0,158270.0,158545.0,93117,5,348598
WIN$D,M15,1686672000,158540.0,158590.0,158450.0,158525.0,67052,5,262080
WIN$D,M15,1686672900,158525.0,158580.0,158440.0,158490.0,62673,5,237063
WIN$D,M15,1686673800,158495.0,158715.0,158490.0,158565.0,86451,5,337594
WIN$D,M15,1686674700,158570.0,158725.0,158505.0,158690.0,68064,5,263193
WIN$D,M15,1686675600,158695.0,158750.0,158620.0,158665.0,48209,5,164069
WIN$D,M15,1686676500,158660.0,158840.0,158595.0,158705.0,59868,5,202065
WIN$D,M15,1686677400,158710.0,158865.0,158710.0,158800.0,39631,5,121615
WIN$D,M15,1686678300,158795.0,159045.0,158760.0,159025.0,22603,5,83736
WIN$D,M15,1686733200,159475.0,159675.0,159375.0,159615.0,136512,5,356930
WIN$D,M15,1686734100,159610.0,159785.0,159460.0,159485.0,124439,5,368192
WIN$D,M15,1686735000,159480.0,159705.0,159425.0,159495.0,130452,5,390962
WIN$D,M15,1686735900,159490.0,159520.0,159220.0,159255.0,150235,5,470291
WIN$D,M15,1686736800,159260.0,159820.0,159260.0,159670.0,199261,5,612640
WIN$D,M15,1686737700,159670.0,159925.0,159490.0,159550.0,232079,5,697989
WIN$D,M15,1686738600,159550.0,160225.0,159520.0,160140.0,235117,5,769732
WIN$D,M15,1686739500,160140.0,160470.0,160140.0,160310.0,178351,5,592590
WIN$D,M15,1686740400,160315.0,160420.0,160130.0,160355.0,147829,5,516611
WIN$D,M15,1686741300,160355.0,160515.0,160190.0,160275.0,149977,5,509358
WIN$D,M15,1686742200,160275.0,160560.0,160155.0,160470.0,147985,5,482781
WIN$D,M15,1686743100,160475.0,160535.0,160320.0,160470.0,105297,5,370644
WIN$D,M15,1686744000,160470.0,160665.0,160420.0,160575.0,106701,5,381955
WIN$D,M15,1686744900,160575.0,160790.0,160550.0,160720.0,113177,5,413895
WIN$D,M15,1686745800,160720.0,160730.0,160400.0,160675.0,109376,5,382889
WIN$D,M15,1686746700,160670.0,160810.0,160505.0,160515.0,94164,5,325846
WIN$D,M15,1686747600,160520.0,160585.0,160375.0,160535.0,84659,5,305383
WIN$D,M15,1686748500,160530.0,161000.0,160520.0,160865.0,161306,5,592101
WIN$D,M15,1686749400,160860.0,160975.0,160775.0,160890.0,89171,5,315615
WIN$D,M15,1686750300,160895.0,161045.0,160820.0,160850.0,89286,5,330833
WIN$D,M15,1686751200,160850.0,161235.0,160835.0,161150.0,148023,5,546405
WIN$D,M15,1686752100,161150.0,161150.0,160640.0,160705.0,136317,5,536752
WIN$D,M15,1686753000,160700.0,160870.0,160680.0,160765.0,78250,5,265454
WIN$D,M15,1686753900,160765.0,160785.0,160485.0,160505.0,119571,5,408802
WIN$D,M15,1686754800,160505.0,160575.0,159440.0,159905.0,395825,5,1114057
WIN$D,M15,1686755700,159900.0,159945.0,159580.0,159765.0,176063,5,526432
WIN$D,M15,1686756600,159765.0,160365.0,159625.0,160295.0,211797,5,689662
WIN$D,M15,1686757500,160295.0,160545.0,160180.0,160225.0,191623,5,659815
WIN$D,M15,1686758400,160225.0,160360.0,160030.0,160045.0,137000,5,457515
WIN$D,M15,1686759300,160045.0,161135.0,159855.0,160610.0,250841,5,864670
WIN$D,M15,1686760200,160610.0,161320.0,160500.0,161005.0,201230,5,701078
WIN$D,M15,1686761100,161005.0,161065.0,160590.0,160950.0,129719,5,466422
WIN$D,M15,1686762000,160950.0,161325.0,160900.0,160950.0,122122,5,426919
WIN$D,M15,1686762900,160945.0,161075.0,160850.0,161000.0,53303,5,164410
WIN$D,M15,1686763800,160995.0,161135.0,160975.0,161100.0,32151,5,116332
WIN$D,M15,1686764700,161095.0,161120.0,160905.0,160905.0,22903,5,83044
WIN$D,M15,1686819600,160425.0,161045.0,160405.0,160850.0,201746,5,522440
WIN$D,M15,1686820500,160845.0,160865.0,160680.0,160775.0,81126,5,220128
WIN$D,M15,1686821400,160770.0,161035.0,160620.0,160740.0,207568,5,600339
WIN$D,M15,1686822300,160735.0,161055.0,160730.0,160910.0,140291,5,411717
WIN$D,M15,1686823200,160910.0,161115.0,160715.0,160920.0,220384,5,615131
WIN$D,M15,1686824100,160925.0,161540.0,160860.0,161430.0,277270,5,819141
WIN$D,M15,1686825000,161430.0,161700.0,161365.0,161555.0,258871,5,779555
WIN$D,M15,1686825900,161550.0,161695.0,161185.0,161250.0,204403,5,631724
WIN$D,M15,1686826800,161250.0,161830.0,161195.0,161765.0,213237,5,676525
WIN$D,M15,1686827700,161760.0,161810.0,161615.0,161715.0,118170,5,408523
WIN$D,M15,1686828600,161710.0,161735.0,161570.0,161715.0,92897,5,305004
WIN$D,M15,1686829500,161720.0,161740.0,161510.0,161525.0,97059,5,327027
WIN$D,M15,1686830400,161520.0,161560.0,160960.0,161460.0,195462,5,657188
WIN$D,M15,1686831300,161455.0,161665.0,161435.0,161615.0,101780,5,363793
WIN$D,M15,1686832200,161615.0,161640.0,161315.0,161485.0,123213,5,432910
WIN$D,M15,1686833100,161485.0,161500.0,161205.0,161255.0,86968,5,304632
WIN$D,M15,1686834000,161255.0,161320.0,161140.0,161200.0,80503,5,268616
WIN$D,M15,1686834900,161200.0,161305.0,161105.0,161255.0,83455,5,271690
WIN$D,M15,1686835800,161255.0,161385.0,161170.0,161315.0,97413,5,325422
WIN$D,M15,1686836700,161315.0,161320.0,160990.0,161115.0,119312,5,391466
WIN$D,M15,1686837600,161110.0,161110.0,160770.0,161040.0,141629,5,474871
WIN$D,M15,1686838500,161040.0,161195.0,161000.0,161100.0,95675,5,344416
WIN$D,M15,1686839400,161100.0,161245.0,161045.0,161110.0,83085,5,284694
WIN$D,M15,1686840300,161115.0,161220.0,161070.0,161145.0,60215,5,199960
WIN$D,M15,1686841200,161145.0,161200.0,161060.0,161140.0,65755,5,222319
WIN$D,M15,1686842100,161140.0,161475.0,161115.0,161460.0,107306,5,371523
WIN$D,M15,1686843000,161460.0,161740.0,161435.0,161505.0,158557,5,567194
WIN$D,M15,1686843900,161510.0,161650.0,161495.0,161555.0,67450,5,234746
WIN$D,M15,1686844800,161555.0,161600.0,161485.0,161595.0,71577,5,255813
WIN$D,M15,1686845700,161595.0,161610.0,161485.0,161525.0,57482,5,210417
WIN$D,M15,1686846600,161520.0,161530.0,161290.0,161385.0,105292,5,376222
WIN$D,M15,1686847500,161385.0,161510.0,161335.0,161510.0,70830,5,247862
WIN$D,M15,1686848400,161510.0,161520.0,161325.0,161370.0,60532,5,214918
WIN$D,M15,1686849300,161370.0,161440.0,161205.0,161420.0,77000,5,269215
WIN$D,M15,1686850200,161425.0,161480.0,161365.0,161400.0,41755,5,134839
WIN$D,M15,1686851100,161395.0,161430.0,161245.0,161430.0,21168,5,72108
WIN$D,M15,1686906000,161425.0,161495.0,160990.0,161055.0,165891,5,453586
WIN$D,M15,1686906900,161060.0,161070.0,160920.0,161025.0,102545,5,277337
WIN$D,M15,1686907800,161025.0,161030.0,160785.0,160915.0,134836,5,383522
WIN$D,M15,1686908700,160920.0,160925.0,160595.0,160685.0,154597,5,459118
WIN$D,M15,1686909600,160690.0,160825.0,160335.0,160625.0,234806,5,740018
WIN$D,M15,1686910500,160630.0,161025.0,160540.0,160665.0,208677,5,645928
WIN$D,M15,1686911400,160665.0,160965.0,160485.0,160945.0,226542,5,693504
WIN$D,M15,1686912300,160945.0,161175.0,160750.0,161155.0,209321,5,652963
WIN$D,M15,1686913200,161165.0,161640.0,161155.0,161435.0,261253,5,860727
WIN$D,M15,1686914100,161435.0,161500.0,161100.0,161225.0,166379,5,560711
WIN$D,M15,1686915000,161230.0,161380.0,161155.0,161205.0,126626,5,412631
WIN$D,M15,1686915900,161205.0,161355.0,161140.0,161300.0,109044,5,380024
WIN$D,M15,1686916800,161305.0,161320.0,161045.0,161170.0,95274,5,317610
WIN$D,M15,1686917700,161165.0,161315.0,161130.0,161200.0,95024,5,308167
WIN$D,M15,1686918600,161195.0,161355.0,160990.0,161050.0,121992,5,422435
WIN$D,M15,1686919500,161050.0,161090.0,160950.0,160985.0,80166,5,274161
WIN$D,M15,1686920400,160985.0,161030.0,160905.0,160995.0,63044,5,207475
WIN$D,M15,1686921300,160990.0,161040.0,160910.0,160930.0,45387,5,161050
WIN$D,M15,1686922200,160930.0,161060.0,160875.0,161020.0,67698,5,232385
WIN$D,M15,1686923100,161020.0,161365.0,161000.0,161320.0,104328,5,367679
WIN$D,M15,1686924000,161325.0,161355.0,161055.0,161095.0,87986,5,335540
WIN$D,M15,1686924900,161090.0,161205.0,161090.0,161185.0,56993,5,206070
WIN$D,M15,1686925800,161190.0,161190.0,161080.0,161105.0,54045,5,192376
WIN$D,M15,1686926700,161105.0,161175.0,161065.0,161080.0,44481,5,153707
WIN$D,M15,1686927600,161080.0,161090.0,160825.0,160890.0,100613,5,355416
WIN$D,M15,1686928500,160885.0,161075.0,160855.0,161060.0,73744,5,275532
WIN$D,M15,1686929400,161060.0,161170.0,161015.0,161135.0,82913,5,318613
WIN$D,M15,1686930300,161130.0,161160.0,161020.0,161075.0,61474,5,240572
WIN$D,M15,1686931200,161080.0,161090.0,160910.0,160925.0,86183,5,343016
WIN$D,M15,1686932100,160920.0,160965.0,160760.0,160810.0,74181,5,279382
WIN$D,M15,1686933000,160810.0,160965.0,160725.0,160805.0,95624,5,371045
WIN$D,M15,1686933900,160800.0,160800.0,160625.0,160670.0,83472,5,314212
WIN$D,M15,1686934800,160670.0,160855.0,160650.0,160695.0,71139,5,262919
WIN$D,M15,1686935700,160695.0,160760.0,160610.0,160725.0,50671,5,165854
WIN$D,M15,1686936600,160720.0,160835.0,160690.0,160720.0,44785,5,153821
WIN$D,M15,1686937500,160715.0,160840.0,160635.0,160650.0,29643,5,90244
WIN$D,M15,1687165200,160615.0,160815.0,160405.0,160785.0,126948,5,296816
WIN$D,M15,1687166100,160785.0,160835.0,160660.0,160800.0,97154,5,273809
WIN$D,M15,1687167000,160805.0,160875.0,160660.0,160715.0,107324,5,311920
WIN$D,M15,1687167900,160720.0,160855.0,160620.0,160695.0,118359,5,366314
WIN$D,M15,1687168800,160700.0,160965.0,160510.0,160820.0,258605,5,794424
WIN$D,M15,1687169700,160820.0,160925.0,160420.0,160770.0,250724,5,779068
WIN$D,M15,1687170600,160775.0,161125.0,160710.0,161070.0,199347,5,623301
WIN$D,M15,1687171500,161070.0,161295.0,161005.0,161080.0,185611,5,616364
WIN$D,M15,1687172400,161075.0,161345.0,161065.0,161210.0,171905,5,554306
WIN$D,M15,1687173300,161210.0,161325.0,161040.0,161155.0,128923,5,432064
WIN$D,M15,1687174200,161155.0,161545.0,161155.0,161515.0,181890,5,607418
WIN$D,M15,1687175100,161515.0,161635.0,161395.0,161580.0,149878,5,515542
WIN$D,M15,1687176000,161580.0,161690.0,161475.0,161630.0,106883,5,371309
WIN$D,M15,1687176900,161625.0,161720.0,161510.0,161675.0,106736,5,359353
WIN$D,M15,1687177800,161670.0,161755.0,161570.0,161730.0,85346,5,281079
WIN$D,M15,1687178700,161730.0,161845.0,161710.0,161765.0,79059,5,261358
WIN$D,M15,1687179600,161765.0,161765.0,161610.0,161670.0,68310,5,230085
WIN$D,M15,1687180500,161670.0,161750.0,161610.0,161685.0,63910,5,214255
WIN$D,M15,1687181400,161680.0,161745.0,161655.0,161700.0,48756,5,166239
WIN$D,M15,1687182300,161700.0,161760.0,161625.0,161670.0,44669,5,142833
WIN$D,M15,1687183200,161670.0,162025.0,161665.0,161810.0,125215,5,389327
WIN$D,M15,1687184100,161810.0,161845.0,161715.0,161755.0,54222,5,175200
WIN$D,M15,1687185000,161750.0,161815.0,161690.0,161710.0,59672,5,192494
WIN$D,M15,1687185900,161705.0,161720.0,161575.0,161695.0,69152,5,212656
WIN$D,M15,1687186800,161695.0,161805.0,161665.0,161705.0,67815,5,218348
WIN$D,M15,1687187700,161710.0,161760.0,161675.0,161720.0,37170,5,114660
WIN$D,M15,1687188600,161720.0,161795.0,161685.0,161735.0,43760,5,141727
WIN$D,M15,1687189500,161735.0,161910.0,161680.0,161750.0,97954,5,290642
WIN$D,M15,1687190400,161750.0,161815.0,161700.0,161750.0,44992,5,132614
WIN$D,M15,1687191300,161750.0,161760.0,161675.0,161730.0,41673,5,126492
WIN$D,M15,1687192200,161730.0,161910.0,161705.0,161895.0,69407,5,209773
WIN$D,M15,1687193100,161900.0,161925.0,161795.0,161855.0,67797,5,214957
WIN$D,M15,1687194000,161855.0,161975.0,161805.0,161950.0,85380,5,274788
WIN$D,M15,1687194900,161950.0,161955.0,161855.0,161905.0,49025,5,153366
WIN$D,M15,1687195800,161910.0,162005.0,161890.0,161965.0,50746,5,159208
WIN$D,M15,1687196700,161965.0,162060.0,161870.0,162055.0,43058,5,145433
WIN$D,M15,1687251600,161635.0,161655.0,161225.0,161305.0,162762,5,417385
WIN$D,M15,1687252500,161305.0,161460.0,161300.0,161350.0,109662,5,301791
WIN$D,M15,1687253400,161350.0,161395.0,161170.0,161360.0,148204,5,414903
WIN$D,M15,1687254300,161355.0,161370.0,161145.0,161195.0,143218,5,439151
WIN$D,M15,1687255200,161195.0,161425.0,161105.0,161330.0,266667,5,798480
WIN$D,M15,1687256100,161335.0,161420.0,161120.0,161295.0,203556,5,622213
WIN$D,M15,1687257000,161300.0,161315.0,160825.0,160890.0,285631,5,909015
WIN$D,M15,1687257900,160895.0,161435.0,160870.0,161140.0,245697,5,783382
WIN$D,M15,1687258800,161140.0,161220.0,160705.0,160860.0,247313,5,810391
WIN$D,M15,1687259700,160860.0,160975.0,160460.0,160515.0,199400,5,655246
WIN$D,M15,1687260600,160515.0,160660.0,160295.0,160505.0,201744,5,683610
WIN$D,M15,1687261500,160500.0,160555.0,160355.0,160510.0,126392,5,402342
WIN$D,M15,1687262400,160510.0,160810.0,160495.0,160790.0,147389,5,472213
WIN$D,M15,1687263300,160790.0,160810.0,160615.0,160770.0,95430,5,319138
WIN$D,M15,1687264200,160770.0,160850.0,160630.0,160650.0,94949,5,317265
WIN$D,M15,1687265100,160650.0,160910.0,160645.0,160875.0,86559,5,288685
WIN$D,M15,1687266000,160870.0,160960.0,160785.0,160910.0,83035,5,273827
WIN$D,M15,1687266900,160910.0,161360.0,160860.0,161340.0,129367,5,450162
WIN$D,M15,1687267800,161335.0,161350.0,161175.0,161175.0,99945,5,349778
WIN$D,M15,1687268700,161180.0,161275.0,161150.0,161260.0,70169,5,234898
WIN$D,M15,1687269600,161260.0,161400.0,161130.0,161150.0,109217,5,365422
WIN$D,M15,1687270500,161150.0,161440.0,161140.0,161330.0,111629,5,381142
WIN$D,M15,1687271400,161330.0,161440.0,161300.0,161370.0,70097,5,245972
WIN$D,M15,1687272300,161375.0,161400.0,161200.0,161290.0,86280,5,289434
WIN$D,M15,1687273200,161285.0,161510.0,161275.0,161405.0,85956,5,296866
WIN$D,M15,1687274100,161405.0,161465.0,161235.0,161430.0,95804,5,332182
WIN$D,M15,1687275000,161430.0,161465.0,161105.0,161165.0,114302,5,412437
WIN$D,M15,1687275900,161160.0,161370.0,161125.0,161345.0,82593,5,299903
WIN$D,M15,1687276800,161345.0,161400.0,161250.0,161335.0,56360,5,195036
WIN$D,M15,1687277700,161335.0,161335.0,161230.0,161260.0,60016,5,208910
WIN$D,M15,1687278600,161265.0,161485.0,161225.0,161465.0,93279,5,329987
WIN$D,M15,1687279500,161465.0,161575.0,161380.0,161420.0,87703,5,306685
WIN$D,M15,1687280400,161415.0,161535.0,161380.0,161520.0,53813,5,187422
WIN$D,M15,1687281300,161520.0,161575.0,161450.0,161540.0,42462,5,145028
WIN$D,M15,1687282200,161530.0,161635.0,161490.0,161625.0,47997,5,159092
WIN$D,M15,1687283100,161625.0,161675.0,161575.0,161575.0,22701,5,83129
WIN$D,M15,1687338000,161525.0,161805.0,161475.0,161550.0,162256,5,410144
WIN$D,M15,1687338900,161555.0,161570.0,161300.0,161310.0,171983,5,500125
WIN$D,M15,1687339800,161310.0,161355.0,161225.0,161295.0,108896,5,323558
WIN$D,M15,1687340700,161295.0,161425.0,161260.0,161380.0,94563,5,273869
WIN$D,M15,1687341600,161380.0,161770.0,161185.0,161750.0,327249,5,1008386
WIN$D,M15,1687342500,161750.0,161870.0,161250.0,161475.0,299262,5,906976
WIN$D,M15,1687343400,161470.0,161665.0,161175.0,161240.0,260099,5,810884
WIN$D,M15,1687344300,161240.0,161705.0,161210.0,161460.0,214992,5,698356
WIN$D,M15,1687345200,161455.0,161565.0,161115.0,161140.0,201646,5,649011
WIN$D,M15,1687346100,161145.0,161620.0,161125.0,161555.0,182890,5,595332
WIN$D,M15,1687347000,161555.0,161830.0,161540.0,161615.0,221402,5,700624
WIN$D,M15,1687347900,161615.0,161760.0,161570.0,161610.0,136263,5,424221
WIN$D,M15,1687348800,161610.0,161905.0,161435.0,161560.0,177022,5,588982
WIN$D,M15,1687349700,161555.0,161665.0,161470.0,161540.0,109331,5,362650
WIN$D,M15,1687350600,161535.0,161915.0,161525.0,161850.0,111878,5,379617
WIN$D,M15,1687351500,161855.0,161915.0,161705.0,161905.0,108228,5,378268
WIN$D,M15,1687352400,161900.0,162090.0,161815.0,162055.0,105990,5,366100
WIN$D,M15,1687353300,162055.0,162305.0,162025.0,162220.0,135654,5,458058
WIN$D,M15,1687354200,162215.0,162280.0,162145.0,162230.0,75835,5,241820
WIN$D,M15,1687355100,162230.0,162240.0,162125.0,162155.0,60328,5,193519
WIN$D,M15,1687356000,162155.0,162210.0,162085.0,162100.0,63303,5,210374
WIN$D,M15,1687356900,162095.0,162120.0,162030.0,162070.0,61799,5,208274
WIN$D,M15,1687357800,162075.0,162215.0,162040.0,162200.0,76916,5,282820
WIN$D,M15,1687358700,162200.0,162370.0,162180.0,162235.0,106549,5,375780
WIN$D,M15,1687359600,162235.0,162325.0,162205.0,162265.0,87199,5,308610
WIN$D,M15,1687360500,162260.0,162445.0,162240.0,162320.0,98877,5,349415
WIN$D,M15,1687361400,162320.0,162325.0,162225.0,162270.0,60840,5,223054
WIN$D,M15,1687362300,162270.0,162315.0,162185.0,162240.0,68843,5,252351
WIN$D,M15,1687363200,162240.0,162365.0,162090.0,162355.0,103735,5,373056
WIN$D,M15,1687364100,162355.0,162410.0,162205.0,162240.0,93134,5,334214
WIN$D,M15,1687365000,162240.0,162260.0,162095.0,162180.0,80648,5,300695
WIN$D,M15,1687365900,162180.0,162250.0,162150.0,162230.0,61969,5,233827
WIN$D,M15,1687366800,162230.0,162335.0,162200.0,162235.0,54321,5,192171
WIN$D,M15,1687367700,162230.0,162270.0,162175.0,162205.0,39448,5,133979
WIN$D,M15,1687368600,162205.0,162295.0,162165.0,162285.0,39357,5,138593
WIN$D,M15,1687369500,162285.0,162355.0,162230.0,162300.0,26322,5,99970
WIN$D,M15,1687424400,161370.0,161710.0,161290.0,161625.0,195707,5,481950
WIN$D,M15,1687425300,161625.0,161625.0,161350.0,161450.0,140457,5,383574
WIN$D,M15,1687426200,161445.0,161480.0,161240.0,161365.0,126017,5,327329
WIN$D,M15,1687427100,161365.0,161510.0,161340.0,161395.0,113061,5,308829
WIN$D,M15,1687428000,161400.0,161890.0,161270.0,161750.0,344155,5,971590
WIN$D,M15,1687428900,161755.0,161775.0,161000.0,161015.0,254749,5,736065
WIN$D,M15,1687429800,161015.0,161025.0,160480.0,160665.0,346046,5,1074373
WIN$D,M15,1687430700,160670.0,160855.0,160370.0,160670.0,247745,5,759554
WIN$D,M15,1687431600,160670.0,160825.0,160290.0,160795.0,225783,5,738273
WIN$D,M15,1687432500,160790.0,160805.0,160250.0,160365.0,178896,5,579564
WIN$D,M15,1687433400,160365.0,160555.0,160315.0,160365.0,135779,5,453484
WIN$D,M15,1687434300,160360.0,160490.0,160275.0,160350.0,115473,5,375647
WIN$D,M15,1687435200,160350.0,160390.0,159875.0,160070.0,214280,5,707462
WIN$D,M15,1687436100,160070.0,160140.0,159765.0,159915.0,142187,5,482375
WIN$D,M15,1687437000,159915.0,160275.0,159900.0,160175.0,115716,5,413433
WIN$D,M15,1687437900,160170.0,160270.0,160125.0,160225.0,63590,5,249065
WIN$D,M15,1687438800,160225.0,160290.0,160155.0,160250.0,70034,5,270261
WIN$D,M15,1687439700,160245.0,160260.0,159990.0,160065.0,84217,5,325014
WIN$D,M15,1687440600,160060.0,160155.0,159935.0,159975.0,80765,5,290926
WIN$D,M15,1687441500,159975.0,160090.0,159945.0,160035.0,71502,5,241931
WIN$D,M15,1687442400,160035.0,160080.0,159755.0,159820.0,114408,5,387320
WIN$D,M15,1687443300,159820.0,160160.0,159780.0,160130.0,117462,5,421830
WIN$D,M15,1687444200,160130.0,160375.0,160090.0,160290.0,115969,5,427986
WIN$D,M15,1687445100,160295.0,160395.0,160105.0,160125.0,114340,5,425978
WIN$D,M15,1687446000,160130.0,160205.0,160050.0,160165.0,78475,5,289484
WIN$D,M15,1687446900,160165.0,160515.0,160050.0,160510.0,115092,5,412935
WIN$D,M15,1687447800,160510.0,160705.0,160445.0,160535.0,152142,5,540107
WIN$D,M15,1687448700,160540.0,160660.0,160450.0,160575.0,109424,5,378514
WIN$D,M15,1687449600,160580.0,160625.0,160400.0,160570.0,94388,5,338719
WIN$D,M15,1687450500,160570.0,160655.0,160475.0,160510.0,91031,5,336384
WIN$D,M15,1687451400,160510.0,160735.0,160450.0,160675.0,98907,5,359598
WIN$D,M15,1687452300,160680.0,160850.0,160645.0,160740.0,94166,5,340842
WIN$D,M15,1687453200,160740.0,160795.0,160640.0,160725.0,63071,5,217457
WIN$D,M15,1687454100,160730.0,160885.0,160690.0,160820.0,52941,5,170886
WIN$D,M15,1687455000,160820.0,161015.0,160820.0,161010.0,58462,5,184769
WIN$D,M15,1687455900,161005.0,161085.0,160955.0,161085.0,21668,5,78754
WIN$D,M15,1687510800,160475.0,160490.0,160145.0,160445.0,189406,5,467668
WIN$D,M15,1687511700,160445.0,160810.0,160425.0,160790.0,180222,5,530764
WIN$D,M15,1687512600,160790.0,160925.0,160630.0,160635.0,161687,5,494619
WIN$D,M15,1687513500,160635.0,160655.0,160500.0,160600.0,113895,5,346305
WIN$D,M15,1687514400,160600.0,160650.0,160420.0,160530.0,176120,5,500700
WIN$D,M15,1687515300,160525.0,160565.0,160265.0,160490.0,184891,5,520387
WIN$D,M15,1687516200,160490.0,160690.0,159990.0,160630.0,332892,5,1044680
WIN$D,M15,1687517100,160635.0,160670.0,160080.0,160270.0,239518,5,768994
WIN$D,M15,1687518000,160265.0,160415.0,160045.0,160230.0,199964,5,623862
WIN$D,M15,1687518900,160225.0,160340.0,160105.0,160255.0,126259,5,412868
WIN$D,M15,1687519800,160250.0,160380.0,159885.0,160360.0,225906,5,786400
WIN$D,M15,1687520700,160360.0,160560.0,160280.0,160430.0,190149,5,640896
WIN$D,M15,1687521600,160425.0,160865.0,160380.0,160690.0,198757,5,677712
WIN$D,M15,1687522500,160690.0,160785.0,160580.0,160660.0,102788,5,336187
WIN$D,M15,1687523400,160655.0,161065.0,160585.0,161025.0,166720,5,539780
WIN$D,M15,1687524300,161025.0,161110.0,160800.0,160875.0,100168,5,345447
WIN$D,M15,1687525200,160875.0,160885.0,160765.0,160835.0,70189,5,251223
WIN$D,M15,1687526100,160830.0,160870.0,160705.0,160785.0,76226,5,273055
WIN$D,M15,1687527000,160785.0,160965.0,160780.0,160900.0,74709,5,255265
WIN$D,M15,1687527900,160895.0,161170.0,160795.0,160830.0,136279,5,476285
WIN$D,M15,1687528800,160830.0,160990.0,160790.0,160940.0,77475,5,285045
WIN$D,M15,1687529700,160940.0,160975.0,160695.0,160735.0,76948,5,277291
WIN$D,M15,1687530600,160735.0,160925.0,160725.0,160880.0,63324,5,222412
WIN$D,M15,1687531500,160880.0,160905.0,160805.0,160825.0,52921,5,182951
WIN$D,M15,1687532400,160820.0,160835.0,160620.0,160785.0,105357,5,382845
WIN$D,M15,1687533300,160780.0,160805.0,160610.0,160735.0,89582,5,332410
WIN$D,M15,1687534200,160735.0,160755.0,160310.0,160435.0,137330,5,498214
WIN$D,M15,1687535100,160435.0,160690.0,160385.0,160575.0,108178,5,400701
WIN$D,M15,1687536000,160570.0,160610.0,160450.0,160595.0,89776,5,320044
WIN$D,M15,1687536900,160590.0,160645.0,160450.0,160505.0,71032,5,254716
WIN$D,M15,1687537800,160505.0,160675.0,160460.0,160500.0,88402,5,315914
WIN$D,M15,1687538700,160500.0,160765.0,160455.0,160740.0,88825,5,316057
WIN$D,M15,1687539600,160735.0,160800.0,160650.0,160765.0,52898,5,192998
WIN$D,M15,1687540500,160770.0,160905.0,160760.0,160845.0,40222,5,143476
WIN$D,M15,1687541400,160845.0,160875.0,160820.0,160865.0,23749,5,87810
WIN$D,M15,1687542300,160865.0,160885.0,160700.0,160790.0,23912,5,77937
WIN$D,M15,1687770000,160535.0,160730.0,160485.0,160620.0,133155,5,322896
WIN$D,M15,1687770900,160615.0,160655.0,160490.0,160520.0,101002,5,279603
WIN$D,M15,1687771800,160515.0,160535.0,160390.0,160465.0,95039,5,286570
WIN$D,M15,1687772700,160465.0,160525.0,160355.0,160420.0,85977,5,256138
WIN$D,M15,1687773600,160420.0,160710.0,160310.0,160320.0,303547,5,928329
WIN$D,M15,1687774500,160320.0,160340.0,159920.0,159935.0,259350,5,779188
WIN$D,M15,1687775400,159935.0,160540.0,159835.0,160475.0,271609,5,838694
WIN$D,M15,1687776300,160480.0,160655.0,160335.0,160390.0,227599,5,701415
WIN$D,M15,1687777200,160385.0,160430.0,160150.0,160185.0,191963,5,588202
WIN$D,M15,1687778100,160180.0,160400.0,159580.0,159620.0,236342,5,761676
WIN$D,M15,1687779000,159620.0,159710.0,159480.0,159605.0,184410,5,605868
WIN$D,M15,1687779900,159605.0,159765.0,159495.0,159630.0,134072,5,458748
WIN$D,M15,1687780800,159635.0,159665.0,159325.0,159345.0,146463,5,502153
WIN$D,M15,1687781700,159345.0,159490.0,159330.0,159435.0,91146,5,329137
WIN$D,M15,1687782600,159440.0,159630.0,159385.0,159550.0,97799,5,329045
WIN$D,M15,1687783500,159550.0,159715.0,159545.0,159660.0,72018,5,242731
WIN$D,M15,1687784400,159665.0,159720.0,159570.0,159590.0,71204,5,254154
WIN$D,M15,1687785300,159590.0,159725.0,159550.0,159585.0,67169,5,239179
WIN$D,M15,1687786200,159585.0,159595.0,159075.0,159150.0,157567,5,524722
WIN$D,M15,1687787100,159150.0,159480.0,159125.0,159480.0,93855,5,332017
WIN$D,M15,1687788000,159475.0,159695.0,159445.0,159615.0,87395,5,320656
WIN$D,M15,1687788900,159620.0,159685.0,159575.0,159650.0,71492,5,257939
WIN$D,M15,1687789800,159655.0,159660.0,159525.0,159615.0,67208,5,237025
WIN$D,M15,1687790700,159615.0,159690.0,159560.0,159670.0,48719,5,176240
WIN$D,M15,1687791600,159670.0,159805.0,159585.0,159710.0,88676,5,325204
WIN$D,M15,1687792500,159715.0,159870.0,159625.0,159860.0,91651,5,323974
WIN$D,M15,1687793400,159860.0,160200.0,159845.0,160080.0,146847,5,527120
WIN$D,M15,1687794300,160075.0,160095.0,159990.0,160040.0,54185,5,193384
WIN$D,M15,1687795200,160045.0,160120.0,159955.0,160060.0,59076,5,212831
WIN$D,M15,1687796100,160055.0,160210.0,160015.0,160125.0,93693,5,339492
WIN$D,M15,1687797000,160125.0,160135.0,159895.0,159905.0,84035,5,308723
WIN$D,M15,1687797900,159910.0,160005.0,159825.0,159965.0,85356,5,313187
WIN$D,M15,1687798800,159965.0,160025.0,159795.0,159835.0,62013,5,231729
WIN$D,M15,1687799700,159835.0,159890.0,159750.0,159805.0,45527,5,160649
WIN$D,M15,1687800600,159805.0,159860.0,159685.0,159705.0,42144,5,147789
WIN$D,M15,1687801500,159705.0,159740.0,159525.0,159525.0,20182,5,85243
WIN$D,M15,1687856400,160210.0,160760.0,160190.0,160735.0,245506,5,628249
WIN$D,M15,1687857300,160735.0,160850.0,160595.0,160790.0,154344,5,413259
WIN$D,M15,1687858200,160785.0,160975.0,160725.0,160770.0,154338,5,439874
WIN$D,M15,1687859100,160770.0,160815.0,160565.0,160680.0,128095,5,398921
WIN$D,M15,1687860000,160680.0,160820.0,160465.0,160670.0,312619,5,944645
WIN$D,M15,1687860900,160675.0,160720.0,159995.0,160000.0,314990,5,939118
WIN$D,M15,1687861800,160000.0,160240.0,159540.0,159970.0,397098,5,1235018
WIN$D,M15,1687862700,159975.0,159975.0,159135.0,159270.0,339475,5,1005627
WIN$D,M15,1687863600,159265.0,159265.0,158895.0,158995.0,241387,5,775205
WIN$D,M15,1687864500,158995.0,159460.0,158975.0,159355.0,184004,5,562390
WIN$D,M15,1687865400,159355.0,159440.0,158975.0,159080.0,182623,5,587813
WIN$D,M15,1687866300,159085.0,159100.0,158495.0,158605.0,233217,5,777368
WIN$D,M15,1687867200,158605.0,158645.0,158270.0,158460.0,168449,5,574477
WIN$D,M15,1687868100,158460.0,158475.0,158120.0,158270.0,179496,5,610260
WIN$D,M15,1687869000,158270.0,158425.0,158195.0,158320.0,114797,5,383927
WIN$D,M15,1687869900,158325.0,158385.0,158230.0,158240.0,64824,5,219592
WIN$D,M15,1687870800,158240.0,158395.0,158140.0,158365.0,106186,5,360440
WIN$D,M15,1687871700,158370.0,158450.0,158215.0,158310.0,91502,5,313906
WIN$D,M15,1687872600,158305.0,158690.0,158295.0,158595.0,105120,5,370698
WIN$D,M15,1687873500,158595.0,158680.0,158450.0,158605.0,102906,5,349256
WIN$D,M15,1687874400,158600.0,158625.0,158490.0,158560.0,68773,5,237241
WIN$D,M15,1687875300,158555.0,158650.0,158475.0,158605.0,58390,5,212424
WIN$D,M15,1687876200,158610.0,158950.0,158575.0,158860.0,136911,5,502003
WIN$D,M15,1687877100,158865.0,158970.0,158805.0,158815.0,86479,5,307082
WIN$D,M15,1687878000,158815.0,158840.0,158635.0,158655.0,86654,5,313787
WIN$D,M15,1687878900,158655.0,158685.0,158545.0,158650.0,76263,5,271379
WIN$D,M15,1687879800,158650.0,158735.0,158585.0,158660.0,68006,5,247459
WIN$D,M15,1687880700,158665.0,158790.0,158630.0,158690.0,70789,5,246625
WIN$D,M15,1687881600,158690.0,159015.0,158685.0,158995.0,84261,5,290566
WIN$D,M15,1687882500,158995.0,159095.0,158840.0,159030.0,110222,5,397294
WIN$D,M15,1687883400,159030.0,159300.0,159025.0,159175.0,130738,5,478902
WIN$D,M15,1687884300,159175.0,159295.0,159090.0,159240.0,92310,5,327486
WIN$D,M15,1687885200,159240.0,159295.0,159090.0,159120.0,59666,5,205966
WIN$D,M15,1687886100,159120.0,159140.0,159020.0,159100.0,49701,5,175116
WIN$D,M15,1687887000,159100.0,159185.0,159060.0,159100.0,45741,5,159212
WIN$D,M15,1687887900,159100.0,159130.0,159010.0,159010.0,21016,5,83374
WIN$D,M15,1687942800,159225.0,159340.0,158930.0,158955.0,194255,5,542854
WIN$D,M15,1687943700,158955.0,159055.0,158505.0,158705.0,199084,5,567201
WIN$D,M15,1687944600,158705.0,158755.0,158575.0,158745.0,125503,5,373563
WIN$D,M15,1687945500,158745.0,159010.0,158645.0,158910.0,173467,5,540159
WIN$D,M15,1687946400,158910.0,159145.0,158605.0,158945.0,275243,5,818345
WIN$D,M15,1687947300,158945.0,159380.0,158730.0,159330.0,289781,5,893743
WIN$D,M15,1687948200,159330.0,159470.0,158785.0,158865.0,333712,5,1001797
WIN$D,M15,1687949100,158870.0,159020.0,158525.0,158935.0,298139,5,916701
WIN$D,M15,1687950000,158935.0,159070.0,158730.0,158850.0,192984,5,592471
WIN$D,M15,1687950900,158855.0,159070.0,158685.0,158740.0,169271,5,534612
WIN$D,M15,1687951800,158740.0,159110.0,158725.0,158975.0,165294,5,535977
WIN$D,M15,1687952700,158970.0,159025.0,158820.0,158985.0,105026,5,339805
WIN$D,M15,1687953600,158990.0,159415.0,158950.0,159360.0,171610,5,564757
WIN$D,M15,1687954500,159355.0,159525.0,159140.0,159160.0,151870,5,505922
WIN$D,M15,1687955400,159160.0,159260.0,159030.0,159065.0,98449,5,326679
WIN$D,M15,1687956300,159060.0,159110.0,158860.0,159090.0,121126,5,417637
WIN$D,M15,1687957200,159095.0,159235.0,159075.0,159190.0,87677,5,296021
WIN$D,M15,1687958100,159195.0,159260.0,159100.0,159145.0,70682,5,235371
WIN$D,M15,1687959000,159140.0,159170.0,158940.0,158970.0,83754,5,294505
WIN$D,M15,1687959900,158975.0,159115.0,158890.0,158980.0,95279,5,332619
WIN$D,M15,1687960800,158975.0,159080.0,158895.0,158975.0,84439,5,279307
WIN$D,M15,1687961700,158980.0,158985.0,158780.0,158810.0,87199,5,298978
WIN$D,M15,1687962600,158810.0,158930.0,158490.0,158520.0,137368,5,449565
WIN$D,M15,1687963500,158515.0,158535.0,158245.0,158325.0,192222,5,653945
WIN$D,M15,1687964400,158330.0,158590.0,158225.0,158580.0,122754,5,426242
WIN$D,M15,1687965300,158580.0,158625.0,158490.0,158600.0,72805,5,258148
WIN$D,M15,1687966200,158600.0,158665.0,158530.0,158595.0,73630,5,269217
WIN$D,M15,1687967100,158600.0,158655.0,158500.0,158560.0,57007,5,202923
WIN$D,M15,1687968000,158560.0,158625.0,158445.0,158585.0,84750,5,311005
WIN$D,M15,1687968900,158585.0,158705.0,158535.0,158580.0,87274,5,328581
WIN$D,M15,1687969800,158585.0,158660.0,158225.0,158235.0,122093,5,454012
WIN$D,M15,1687970700,158230.0,158345.0,158025.0,158320.0,139378,5,530188
WIN$D,M15,1687971600,158320.0,158355.0,158200.0,158250.0,62545,5,205848
WIN$D,M15,1687972500,158255.0,158275.0,158155.0,158220.0,44066,5,138563
WIN$D,M15,1687973400,158220.0,158490.0,158205.0,158335.0,66209,5,215461
WIN$D,M15,1687974300,158330.0,158340.0,158105.0,158145.0,27220,5,108768
WIN$D,M15,1688029200,158690.0,158765.0,157950.0,158035.0,301478,5,782292
WIN$D,M15,1688030100,158035.0,158170.0,157960.0,158130.0,134478,5,363334
WIN$D,M15,1688031000,158125.0,158410.0,158035.0,158380.0,194659,5,560096
WIN$D,M15,1688031900,158385.0,158785.0,158330.0,158645.0,201470,5,652674
WIN$D,M15,1688032800,158645.0,158705.0,158345.0,158415.0,189286,5,571072
WIN$D,M15,1688033700,158415.0,158995.0,158400.0,158975.0,229689,5,742214
WIN$D,M15,1688034600,158975.0,159360.0,158840.0,159245.0,265493,5,850481
WIN$D,M15,1688035500,159245.0,159335.0,159110.0,159175.0,165478,5,525800
WIN$D,M15,1688036400,159175.0,159260.0,158765.0,159075.0,211030,5,708842
WIN$D,M15,1688037300,159080.0,159155.0,158965.0,159030.0,116833,5,383137
WIN$D,M15,1688038200,159030.0,159125.0,158860.0,159075.0,122435,5,389454
WIN$D,M15,1688039100,159075.0,159175.0,158920.0,159070.0,109178,5,343832
WIN$D,M15,1688040000,159065.0,159685.0,159065.0,159510.0,215953,5,723375
WIN$D,M15,1688040900,159510.0,159520.0,159310.0,159500.0,103072,5,348293
WIN$D,M15,1688041800,159495.0,159640.0,159430.0,159620.0,103322,5,334113
WIN$D,M15,1688042700,159620.0,159825.0,159500.0,159820.0,109010,5,368365
WIN$D,M15,1688043600,159825.0,159840.0,159695.0,159770.0,84490,5,285559
WIN$D,M15,1688044500,159765.0,159820.0,159665.0,159730.0,63782,5,214146
WIN$D,M15,1688045400,159725.0,159730.0,159585.0,159640.0,56965,5,192882
WIN$D,M15,1688046300,159640.0,159670.0,159560.0,159620.0,54128,5,177936
WIN$D,M15,1688047200,159620.0,159625.0,159530.0,159570.0,58053,5,193573
WIN$D,M15,1688048100,159570.0,159570.0,159435.0,159540.0,69728,5,239085
WIN$D,M15,1688049000,159540.0,159625.0,159405.0,159540.0,115820,5,386220
WIN$D,M15,1688049900,159535.0,159615.0,159500.0,159605.0,64363,5,215805
WIN$D,M15,1688050800,159605.0,159685.0,159515.0,159560.0,93043,5,309215
WIN$D,M15,1688051700,159560.0,159835.0,159515.0,159620.0,106949,5,365138
WIN$D,M15,1688052600,159615.0,159670.0,159495.0,159575.0,83364,5,299466
WIN$D,M15,1688053500,159575.0,159605.0,159415.0,159530.0,84548,5,296305
WIN$D,M15,1688054400,159525.0,159660.0,159525.0,159640.0,72878,5,276990
WIN$D,M15,1688055300,159640.0,160115.0,159615.0,159960.0,154428,5,561918
WIN$D,M15,1688056200,159955.0,160060.0,159845.0,159880.0,108127,5,382403
WIN$D,M15,1688057100,159885.0,160215.0,159860.0,160175.0,126082,5,471715
WIN$D,M15,1688058000,160175.0,160255.0,159940.0,160205.0,99165,5,326789
WIN$D,M15,1688058900,160205.0,160225.0,160045.0,160100.0,62488,5,204291
WIN$D,M15,1688059800,160105.0,160250.0,160080.0,160235.0,39684,5,124094
WIN$D,M15,1688060700,160240.0,160355.0,160200.0,160340.0,32142,5,117870
WIN$D,M15,1688115600,160435.0,160585.0,160150.0,160565.0,223661,5,535490
WIN$D,M15,1688116500,160565.0,160805.0,160440.0,160750.0,167009,5,484927
WIN$D,M15,1688117400,160745.0,161105.0,160745.0,161000.0,235983,5,671691
WIN$D,M15,1688118300,160995.0,161125.0,160895.0,160925.0,119603,5,346714
WIN$D,M15,1688119200,160930.0,161085.0,160700.0,160735.0,226380,5,655819
WIN$D,M15,1688120100,160735.0,160810.0,160485.0,160515.0,255951,5,731133
WIN$D,M15,1688121000,160510.0,160600.0,160260.0,160530.0,258697,5,781286
WIN$D,M15,1688121900,160535.0,160690.0,160290.0,160605.0,203057,5,608074
WIN$D,M15,1688122800,160600.0,160870.0,160400.0,160775.0,207655,5,668078
WIN$D,M15,1688123700,160775.0,160945.0,160660.0,160830.0,157325,5,482153
WIN$D,M15,1688124600,160825.0,160930.0,160615.0,160735.0,156495,5,489040
WIN$D,M15,1688125500,160740.0,160790.0,160170.0,160545.0,231803,5,811215
WIN$D,M15,1688126400,160540.0,160695.0,160485.0,160570.0,135166,5,462435
WIN$D,M15,1688127300,160570.0,160635.0,160115.0,160185.0,160645,5,555603
WIN$D,M15,1688128200,160185.0,160615.0,160160.0,160590.0,123572,5,433139
WIN$D,M15,1688129100,160595.0,160670.0,160480.0,160530.0,88953,5,304746
WIN$D,M15,1688130000,160530.0,160690.0,160450.0,160475.0,93446,5,330647
WIN$D,M15,1688130900,160475.0,160575.0,160400.0,160465.0,83668,5,293474
WIN$D,M15,1688131800,160460.0,160550.0,160340.0,160395.0,88727,5,306492
WIN$D,M15,1688132700,160395.0,160565.0,160345.0,160545.0,77829,5,276128
WIN$D,M15,1688133600,160550.0,160565.0,160290.0,160300.0,81494,5,280504
WIN$D,M15,1688134500,160300.0,160335.0,159940.0,159980.0,138582,5,484476
WIN$D,M15,1688135400,159980.0,160100.0,159890.0,159915.0,115407,5,404973
WIN$D,M15,1688136300,159920.0,160025.0,159625.0,160025.0,151595,5,556870
WIN$D,M15,1688137200,160020.0,160155.0,159910.0,160090.0,81668,5,279757
WIN$D,M15,1688138100,160085.0,160370.0,160055.0,160355.0,93836,5,345790
WIN$D,M15,1688139000,160350.0,160415.0,160220.0,160360.0,103774,5,386578
WIN$D,M15,1688139900,160365.0,160460.0,160275.0,160350.0,80171,5,277784
WIN$D,M15,1688140800,160350.0,160355.0,160195.0,160205.0,62743,5,228428
WIN$D,M15,1688141700,160215.0,160295.0,159975.0,160035.0,96339,5,356317
WIN$D,M15,1688142600,160030.0,160185.0,159630.0,159710.0,128305,5,470111
WIN$D,M15,1688143500,159715.0,159740.0,159540.0,159575.0,107555,5,402742
WIN$D,M15,1688144400,159580.0,159630.0,159255.0,159270.0,101132,5,355614
WIN$D,M15,1688145300,159270.0,159415.0,159255.0,159335.0,53916,5,175767
WIN$D,M15,1688146200,159335.0,159430.0,159205.0,159220.0,49794,5,155734
WIN$D,M15,1688147100,159220.0,159250.0,159025.0,159075.0,40702,5,126127
WIN$D,M15,1688374800,159560.0,159975.0,159475.0,159950.0,185383,5,437311
WIN$D,M15,1688375700,159945.0,160095.0,159880.0,160050.0,95583,5,270933
WIN$D,M15,1688376600,160045.0,160240.0,160015.0,160195.0,173571,5,500042
WIN$D,M15,1688377500,160195.0,160210.0,160035.0,160080.0,99259,5,301140
WIN$D,M15,1688378400,160075.0,160205.0,159845.0,159915.0,284564,5,905548
WIN$D,M15,1688379300,159915.0,160645.0,159910.0,160470.0,314691,5,994342
WIN$D,M15,1688380200,160470.0,160790.0,160440.0,160755.0,214983,5,688678
WIN$D,M15,1688381100,160755.0,161015.0,160650.0,160715.0,180472,5,598246
WIN$D,M15,1688382000,160710.0,160955.0,160680.0,160815.0,178633,5,569903
WIN$D,M15,1688382900,160815.0,161070.0,160760.0,161060.0,172738,5,578715
WIN$D,M15,1688383800,161060.0,161075.0,160755.0,160920.0,142690,5,469685
WIN$D,M15,1688384700,160915.0,161150.0,160830.0,161005.0,160964,5,534794
WIN$D,M15,1688385600,161000.0,161075.0,160920.0,161040.0,72727,5,244485
WIN$D,M15,1688386500,161040.0,161185.0,161000.0,161010.0,112477,5,395725
WIN$D,M15,1688387400,161010.0,161050.0,160845.0,161025.0,95358,5,324515
WIN$D,M15,1688388300,161020.0,161235.0,160990.0,161090.0,119653,5,422232
WIN$D,M15,1688389200,161085.0,161185.0,160990.0,161080.0,85762,5,305079
WIN$D,M15,1688390100,161080.0,161145.0,161015.0,161105.0,60420,5,213690
WIN$D,M15,1688391000,161105.0,161155.0,160965.0,161115.0,83168,5,288220
WIN$D,M15,1688391900,161120.0,161170.0,161015.0,161145.0,74810,5,257575
WIN$D,M15,1688392800,161140.0,161315.0,160990.0,161100.0,142574,5,496043
WIN$D,M15,1688393700,161100.0,161105.0,160900.0,160990.0,86773,5,261660
WIN$D,M15,1688394600,160990.0,161035.0,160905.0,161000.0,57283,5,180327
WIN$D,M15,1688395500,161000.0,161060.0,160855.0,160870.0,64224,5,200394
WIN$D,M15,1688396400,160870.0,161010.0,160860.0,160970.0,61922,5,194148
WIN$D,M15,1688397300,160970.0,161125.0,160925.0,161055.0,67325,5,208431
WIN$D,M15,1688398200,161060.0,161115.0,160985.0,160995.0,52805,5,167366
WIN$D,M15,1688399100,161000.0,161075.0,160915.0,161055.0,66194,5,207213
WIN$D,M15,1688400000,161055.0,161115.0,160950.0,161060.0,83308,5,269420
WIN$D,M15,1688400900,161055.0,161070.0,160980.0,161055.0,49395,5,155822
WIN$D,M15,1688401800,161050.0,161075.0,160970.0,161025.0,39424,5,123957
WIN$D,M15,1688402700,161025.0,161215.0,160975.0,161180.0,86929,5,272277
WIN$D,M15,1688403600,161180.0,161210.0,161075.0,161185.0,64255,5,188758
WIN$D,M15,1688404500,161185.0,161190.0,161080.0,161140.0,40195,5,124164
WIN$D,M15,1688405400,161135.0,161295.0,161095.0,161210.0,57887,5,176781
WIN$D,M15,1688406300,161220.0,161270.0,161170.0,161215.0,28110,5,92829
WIN$D,M15,1688461200,161015.0,161165.0,160880.0,160950.0,153263,5,336646
WIN$D,M15,1688462100,160945.0,161030.0,160800.0,160870.0,123160,5,336511
WIN$D,M15,1688463000,160870.0,160905.0,160765.0,160810.0,89829,5,264990
WIN$D,M15,1688463900,160810.0,160855.0,160655.0,160670.0,116603,5,370942
WIN$D,M15,1688464800,160670.0,160830.0,160500.0,160605.0,227712,5,723167
WIN$D,M15,1688465700,160610.0,160730.0,160325.0,160505.0,227522,5,698928
WIN$D,M15,1688466600,160505.0,160695.0,160340.0,160370.0,207565,5,650086
WIN$D,M15,1688467500,160375.0,160595.0,160290.0,160585.0,160163,5,501693
WIN$D,M15,1688468400,160580.0,160870.0,160545.0,160815.0,195225,5,641309
WIN$D,M15,1688469300,160815.0,161020.0,160720.0,160945.0,177318,5,577820
WIN$D,M15,1688470200,160940.0,160955.0,160330.0,160630.0,251615,5,842902
WIN$D,M15,1688471100,160635.0,160805.0,160420.0,160520.0,178514,5,600881
WIN$D,M15,1688472000,160520.0,160800.0,160515.0,160760.0,124995,5,432858
WIN$D,M15,1688472900,160765.0,160855.0,160725.0,160755.0,69810,5,241364
WIN$D,M15,1688473800,160750.0,160890.0,160695.0,160830.0,72886,5,254544
WIN$D,M15,1688474700,160830.0,160910.0,160710.0,160740.0,72399,5,254623
WIN$D,M15,1688475600,160740.0,160890.0,160725.0,160845.0,55723,5,194828
WIN$D,M15,1688476500,160840.0,160890.0,160730.0,160845.0,62369,5,213471
WIN$D,M15,1688477400,160850.0,160905.0,160770.0,160800.0,67032,5,233505
WIN$D,M15,1688478300,160795.0,160845.0,160635.0,160785.0,88558,5,296494
WIN$D,M15,1688479200,160790.0,160815.0,160685.0,160805.0,58082,5,202668
WIN$D,M15,1688480100,160805.0,160835.0,160740.0,160780.0,34161,5,111981
WIN$D,M15,1688481000,160785.0,160790.0,160375.0,160410.0,118587,5,369631
WIN$D,M15,1688481900,160410.0,160575.0,160230.0,160315.0,122901,5,378304
WIN$D,M15,1688482800,160315.0,160420.0,160060.0,160405.0,168259,5,500395
WIN$D,M15,1688483700,160405.0,160530.0,160395.0,160495.0,67341,5,220313
WIN$D,M15,1688484600,160490.0,160535.0,160200.0,160370.0,90561,5,302745
WIN$D,M15,1688485500,160375.0,160525.0,160330.0,160470.0,85813,5,277905
WIN$D,M15,1688486400,160470.0,160665.0,160445.0,160610.0,68943,5,237638
WIN$D,M15,1688487300,160610.0,160685.0,160550.0,160615.0,51528,5,170875
WIN$D,M15,1688488200,160615.0,160655.0,160520.0,160540.0,46123,5,158952
WIN$D,M15,1688489100,160540.0,160545.0,160360.0,160420.0,74387,5,239543
WIN$D,M15,1688490000,160415.0,160425.0,160180.0,160255.0,68550,5,231224
WIN$D,M15,1688490900,160260.0,160405.0,160255.0,160340.0,56500,5,165637
WIN$D,M15,1688491800,160335.0,160405.0,160325.0,160365.0,37521,5,110478
WIN$D,M15,1688492700,160365.0,160470.0,160335.0,160470.0,19686,5,64250
WIN$D,M15,1688547600,159945.0,160270.0,159540.0,159605.0,273653,5,647699
WIN$D,M15,1688548500,159605.0,159885.0,159485.0,159545.0,230836,5,640706
WIN$D,M15,1688549400,159545.0,159615.0,159305.0,159455.0,175779,5,506002
WIN$D,M15,1688550300,159455.0,159810.0,159430.0,159755.0,142894,5,421875
WIN$D,M15,1688551200,159755.0,160250.0,159670.0,160155.0,252105,5,757867
WIN$D,M15,1688552100,160150.0,160305.0,159935.0,160235.0,234291,5,717623
WIN$D,M15,1688553000,160240.0,160350.0,159940.0,160055.0,304531,5,983524
WIN$D,M15,1688553900,160060.0,160540.0,159995.0,160300.0,262951,5,860063
WIN$D,M15,1688554800,160300.0,160850.0,160230.0,160790.0,234479,5,796525
WIN$D,M15,1688555700,160790.0,160980.0,160695.0,160975.0,186927,5,651705
WIN$D,M15,1688556600,160975.0,161100.0,160810.0,160920.0,180569,5,635232
WIN$D,M15,1688557500,160925.0,160935.0,160590.0,160620.0,141697,5,509365
WIN$D,M15,1688558400,160620.0,160660.0,160365.0,160555.0,139547,5,499526
WIN$D,M15,1688559300,160560.0,160690.0,160510.0,160620.0,82965,5,288008
WIN$D,M15,1688560200,160620.0,160750.0,160580.0,160670.0,77854,5,263751
WIN$D,M15,1688561100,160665.0,160695.0,160585.0,160645.0,66853,5,234005
WIN$D,M15,1688562000,160645.0,160650.0,160505.0,160590.0,67737,5,233786
WIN$D,M15,1688562900,160590.0,161030.0,160545.0,161010.0,160194,5,557117
WIN$D,M15,1688563800,161010.0,161120.0,160755.0,160865.0,145979,5,508433
WIN$D,M15,1688564700,160865.0,161065.0,160810.0,161005.0,124432,5,433934
WIN$D,M15,1688565600,161005.0,161275.0,160940.0,161235.0,152436,5,537343
WIN$D,M15,1688566500,161240.0,161255.0,161100.0,161145.0,99234,5,340620
WIN$D,M15,1688567400,161145.0,161385.0,161145.0,161240.0,115051,5,410123
WIN$D,M15,1688568300,161235.0,161340.0,161185.0,161325.0,82768,5,318436
WIN$D,M15,1688569200,161330.0,161560.0,161265.0,161360.0,138218,5,513185
WIN$D,M15,1688570100,161355.0,161375.0,161100.0,161110.0,91747,5,344697
WIN$D,M15,1688571000,161105.0,161140.0,160925.0,160975.0,124785,5,461875
WIN$D,M15,1688571900,160980.0,161095.0,160975.0,161010.0,63543,5,232013
WIN$D,M15,1688572800,161005.0,161195.0,160965.0,161035.0,76440,5,306500
WIN$D,M15,1688573700,161030.0,161180.0,160935.0,160950.0,82876,5,307632
WIN$D,M15,1688574600,160945.0,160975.0,160775.0,160915.0,93599,5,348443
WIN$D,M15,1688575500,160920.0,161010.0,160875.0,160955.0,62912,5,229025
WIN$D,M15,1688576400,160955.0,160960.0,160730.0,160895.0,73824,5,266792
WIN$D,M15,1688577300,160890.0,161050.0,160855.0,161020.0,48690,5,164750
WIN$D,M15,1688578200,161020.0,161065.0,160785.0,160850.0,53766,5,186906
WIN$D,M15,1688579100,160855.0,160865.0,160745.0,160745.0,17577,5,69037
WIN$D,M15,1688634000,160575.0,160580.0,159995.0,160005.0,206257,5,510945
WIN$D,M15,1688634900,160010.0,160035.0,159700.0,159900.0,232529,5,608975
WIN$D,M15,1688635800,159905.0,159905.0,159625.0,159690.0,202909,5,530453
WIN$D,M15,1688636700,159695.0,159785.0,159575.0,159770.0,133144,5,385945
WIN$D,M15,1688637600,159770.0,160080.0,159675.0,159860.0,262205,5,780058
WIN$D,M15,1688638500,159860.0,160055.0,159435.0,159440.0,342498,5,1052412
WIN$D,M15,1688639400,159440.0,160030.0,159400.0,159495.0,321026,5,1003949
WIN$D,M15,1688640300,159495.0,159530.0,159080.0,159100.0,257881,5,819138
WIN$D,M15,1688641200,159100.0,159120.0,158850.0,158955.0,212463,5,687399
WIN$D,M15,1688642100,158950.0,159160.0,158860.0,158895.0,178089,5,582038
WIN$D,M15,1688643000,158900.0,158995.0,158615.0,158625.0,192589,5,637997
WIN$D,M15,1688643900,158630.0,158715.0,158350.0,158390.0,212501,5,748004
WIN$D,M15,1688644800,158390.0,158665.0,158305.0,158580.0,190766,5,676910
WIN$D,M15,1688645700,158580.0,158620.0,158460.0,158505.0,95589,5,320508
WIN$D,M15,1688646600,158505.0,158620.0,158285.0,158385.0,123257,5,405527
WIN$D,M15,1688647500,158380.0,158485.0,158305.0,158465.0,95712,5,317075
WIN$D,M15,1688648400,158470.0,158555.0,158300.0,158405.0,102673,5,346828
WIN$D,M15,1688649300,158405.0,158660.0,158225.0,158610.0,131192,5,447594
WIN$D,M15,1688650200,158615.0,158770.0,158575.0,158720.0,116634,5,399681
WIN$D,M15,1688651100,158720.0,158825.0,158600.0,158625.0,90310,5,312016
WIN$D,M15,1688652000,158630.0,158845.0,158620.0,158805.0,90135,5,302485
WIN$D,M15,1688652900,158805.0,158865.0,158730.0,158795.0,68694,5,237644
WIN$D,M15,1688653800,158790.0,158800.0,158670.0,158760.0,66097,5,230728
WIN$D,M15,1688654700,158755.0,158810.0,158625.0,158720.0,82457,5,288773
WIN$D,M15,1688655600,158720.0,158935.0,158700.0,158915.0,99470,5,359898
WIN$D,M15,1688656500,158920.0,159010.0,158875.0,158905.0,89879,5,320057
WIN$D,M15,1688657400,158905.0,158985.0,158700.0,158800.0,96288,5,348351
WIN$D,M15,1688658300,158800.0,158865.0,158710.0,158815.0,83285,5,307778
WIN$D,M15,1688659200,158810.0,158830.0,158635.0,158715.0,79765,5,277612
WIN$D,M15,1688660100,158710.0,158815.0,158670.0,158695.0,70442,5,257774
WIN$D,M15,1688661000,158695.0,158855.0,158575.0,158605.0,98799,5,362791
WIN$D,M15,1688661900,158610.0,158770.0,158595.0,158620.0,84267,5,315456
WIN$D,M15,1688662800,158620.0,158650.0,158440.0,158525.0,84310,5,316254
WIN$D,M15,1688663700,158520.0,158660.0,158475.0,158540.0,65469,5,213244
WIN$D,M15,1688664600,158540.0,158685.0,158520.0,158610.0,56108,5,180757
WIN$D,M15,1688665500,158605.0,158760.0,158550.0,158725.0,22984,5,79741
WIN$D,M15,1688720400,159160.0,159355.0,159015.0,159265.0,236242,5,552953
WIN$D,M15,1688721300,159260.0,159275.0,158785.0,158960.0,170715,5,446410
WIN$D,M15,1688722200,158955.0,159790.0,158885.0,159350.0,339434,5,869498
WIN$D,M15,1688723100,159350.0,159370.0,158995.0,159005.0,183455,5,566762
WIN$D,M15,1688724000,159005.0,159250.0,158775.0,159010.0,273778,5,848829
WIN$D,M15,1688724900,159010.0,159900.0,158940.0,159810.0,289093,5,884556
WIN$D,M15,1688725800,159810.0,160140.0,159790.0,160040.0,274334,5,889873
WIN$D,M15,1688726700,160040.0,160205.0,159730.0,159835.0,202374,5,639778
WIN$D,M15,1688727600,159835.0,160115.0,159705.0,160015.0,183350,5,581254
WIN$D,M15,1688728500,160010.0,160375.0,159985.0,160345.0,172759,5,583230
WIN$D,M15,1688729400,160340.0,160525.0,160135.0,160180.0,166440,5,558092
WIN$D,M15,1688730300,160185.0,160215.0,159810.0,159870.0,131150,5,454259
WIN$D,M15,1688731200,159870.0,160090.0,159830.0,160050.0,107225,5,365284
WIN$D,M15,1688732100,160055.0,160245.0,160040.0,160240.0,95689,5,328268
WIN$D,M15,1688733000,160245.0,160260.0,160015.0,160150.0,83480,5,277656
WIN$D,M15,1688733900,160150.0,160275.0,160140.0,160255.0,57754,5,185363
WIN$D,M15,1688734800,160255.0,160300.0,160155.0,160215.0,67898,5,225637
WIN$D,M15,1688735700,160220.0,160285.0,160145.0,160260.0,66515,5,225741
WIN$D,M15,1688736600,160260.0,160490.0,160240.0,160425.0,96275,5,345247
WIN$D,M15,1688737500,160420.0,160560.0,160395.0,160430.0,98296,5,354643
WIN$D,M15,1688738400,160435.0,160610.0,160385.0,160530.0,84120,5,292386
WIN$D,M15,1688739300,160530.0,160560.0,160400.0,160555.0,73782,5,251953
WIN$D,M15,1688740200,160560.0,160690.0,160510.0,160660.0,92925,5,321659
WIN$D,M15,1688741100,160655.0,160665.0,160485.0,160550.0,90262,5,330750
WIN$D,M15,1688742000,160550.0,160790.0,160540.0,160715.0,108979,5,393227
WIN$D,M15,1688742900,160720.0,160780.0,160615.0,160630.0,72186,5,248020
WIN$D,M15,1688743800,160625.0,160665.0,160560.0,160580.0,58511,5,208371
WIN$D,M15,1688744700,160585.0,160635.0,160490.0,160600.0,59947,5,208700
WIN$D,M15,1688745600,160595.0,160650.0,160395.0,160460.0,80667,5,295557
WIN$D,M15,1688746500,160455.0,160540.0,160370.0,160445.0,75316,5,283963
WIN$D,M15,1688747400,160445.0,160590.0,160355.0,160400.0,82620,5,305918
WIN$D,M15,1688748300,160400.0,160420.0,160010.0,160075.0,140633,5,536050
WIN$D,M15,1688749200,160075.0,160110.0,159880.0,159970.0,80010,5,316089
WIN$D,M15,1688750100,159975.0,160120.0,159960.0,160015.0,47687,5,166202
WIN$D,M15,1688751000,160015.0,160020.0,159815.0,159840.0,51615,5,165601
WIN$D,M15,1688751900,159840.0,159890.0,159695.0,159695.0,24460,5,82763
WIN$D,M15,1688979600,159505.0,159765.0,159190.0,159425.0,203049,5,519482
WIN$D,M15,1688980500,159425.0,159500.0,159295.0,159310.0,138274,5,388956
WIN$D,M15,1688981400,159305.0,159505.0,159300.0,159420.0,131764,5,401519
WIN$D,M15,1688982300,159415.0,159610.0,159385.0,159495.0,128048,5,384622
WIN$D,M15,1688983200,159495.0,159660.0,159135.0,159150.0,265380,5,835757
WIN$D,M15,1688984100,159145.0,159690.0,159145.0,159405.0,256995,5,815224
WIN$D,M15,1688985000,159400.0,159670.0,159275.0,159570.0,245971,5,766680
WIN$D,M15,1688985900,159565.0,159750.0,159420.0,159470.0,240413,5,765423
WIN$D,M15,1688986800,159470.0,159850.0,159400.0,159460.0,193500,5,638806
WIN$D,M15,1688987700,159460.0,159795.0,159385.0,159550.0,199107,5,649858
WIN$D,M15,1688988600,159550.0,159645.0,159365.0,159615.0,155821,5,496423
WIN$D,M15,1688989500,159620.0,159675.0,159490.0,159575.0,100023,5,329357
WIN$D,M15,1688990400,159580.0,159640.0,159215.0,159275.0,118096,5,388515
WIN$D,M15,1688991300,159275.0,159545.0,159230.0,159450.0,111846,5,385996
WIN$D,M15,1688992200,159450.0,159570.0,159410.0,159500.0,69143,5,231192
WIN$D,M15,1688993100,159495.0,159875.0,159465.0,159805.0,108565,5,355345
WIN$D,M15,1688994000,159800.0,159855.0,159395.0,159450.0,122590,5,410017
WIN$D,M15,1688994900,159450.0,159520.0,159335.0,159380.0,88606,5,311853
WIN$D,M15,1688995800,159385.0,159445.0,159320.0,159390.0,64958,5,217051
WIN$D,M15,1688996700,159385.0,159400.0,159120.0,159310.0,118021,5,402678
WIN$D,M15,1688997600,159315.0,159360.0,159250.0,159295.0,77133,5,273440
WIN$D,M15,1688998500,159295.0,159305.0,159155.0,159205.0,74173,5,266199
WIN$D,M15,1688999400,159200.0,159320.0,159100.0,159215.0,118675,5,416741
WIN$D,M15,1689000300,159215.0,159325.0,159195.0,159250.0,78633,5,283197
WIN$D,M15,1689001200,159255.0,159325.0,159150.0,159310.0,79420,5,280939
WIN$D,M15,1689002100,159310.0,159315.0,159150.0,159155.0,72778,5,293419
WIN$D,M15,1689003000,159155.0,159200.0,158920.0,159125.0,146165,5,537025
WIN$D,M15,1689003900,159125.0,159255.0,159095.0,159190.0,79665,5,300564
WIN$D,M15,1689004800,159190.0,159250.0,159080.0,159130.0,77739,5,275237
WIN$D,M15,1689005700,159130.0,159155.0,159025.0,159035.0,63837,5,233228
WIN$D,M15,1689006600,159035.0,159085.0,158910.0,159000.0,98286,5,357069
WIN$D,M15,1689007500,159005.0,159150.0,158955.0,159145.0,73222,5,269882
WIN$D,M15,1689008400,159145.0,159150.0,158815.0,158850.0,94492,5,339735
WIN$D,M15,1689009300,158850.0,158885.0,158785.0,158840.0,49251,5,157667
WIN$D,M15,1689010200,158835.0,158925.0,158710.0,158780.0,60848,5,207511
WIN$D,M15,1689011100,158780.0,158780.0,158590.0,158680.0,34112,5,124037
WIN$D,M15,1689066000,159295.0,159375.0,158805.0,158830.0,250599,5,598835
WIN$D,M15,1689066900,158830.0,158865.0,158345.0,158350.0,242940,5,743946
WIN$D,M15,1689067800,158350.0,158565.0,158255.0,158490.0,193435,5,590976
WIN$D,M15,1689068700,158490.0,158560.0,158405.0,158450.0,86165,5,255815
WIN$D,M15,1689069600,158450.0,158630.0,158030.0,158070.0,353505,5,1070484
WIN$D,M15,1689070500,158065.0,158070.0,156890.0,157250.0,436062,5,1404564
WIN$D,M15,1689071400,157255.0,157460.0,157005.0,157020.0,259751,5,834428
WIN$D,M15,1689072300,157020.0,157130.0,156605.0,157070.0,267378,5,921687
WIN$D,M15,1689073200,157070.0,157325.0,156995.0,157150.0,178717,5,604446
WIN$D,M15,1689074100,157150.0,157510.0,157140.0,157330.0,148070,5,517878
WIN$D,M15,1689075000,157325.0,157405.0,157245.0,157310.0,107785,5,361657
WIN$D,M15,1689075900,157310.0,157455.0,157295.0,157365.0,83094,5,277897
WIN$D,M15,1689076800,157365.0,157765.0,157075.0,157735.0,203541,5,702025
WIN$D,M15,1689077700,157735.0,158055.0,157670.0,157925.0,178770,5,635176
WIN$D,M15,1689078600,157920.0,158035.0,157795.0,157950.0,114002,5,434812
WIN$D,M15,1689079500,157945.0,157970.0,157780.0,157800.0,80114,5,274177
WIN$D,M15,1689080400,157800.0,157925.0,157765.0,157860.0,65789,5,215724
WIN$D,M15,1689081300,157860.0,158055.0,157845.0,157935.0,78537,5,271627
WIN$D,M15,1689082200,157930.0,158485.0,157915.0,158280.0,131304,5,468555
WIN$D,M15,1689083100,158280.0,158525.0,158275.0,158480.0,126137,5,446141
WIN$D,M15,1689084000,158480.0,158645.0,158410.0,158520.0,103867,5,358569
WIN$D,M15,1689084900,158520.0,158620.0,158450.0,158565.0,88458,5,309476
WIN$D,M15,1689085800,158565.0,158605.0,158430.0,158485.0,62718,5,212103
WIN$D,M15,1689086700,158480.0,158525.0,158390.0,158510.0,70719,5,244446
WIN$D,M15,1689087600,158510.0,158555.0,158400.0,158475.0,71383,5,250578
WIN$D,M15,1689088500,158475.0,158500.0,158255.0,158375.0,95245,5,335139
WIN$D,M15,1689089400,158380.0,158520.0,158375.0,158480.0,80829,5,278231
WIN$D,M15,1689090300,158485.0,158540.0,158415.0,158495.0,61026,5,209613
WIN$D,M15,1689091200,158490.0,158685.0,158470.0,158590.0,85103,5,301606
WIN$D,M15,1689092100,158590.0,158765.0,158560.0,158695.0,95622,5,328623
WIN$D,M15,1689093000,158695.0,158700.0,158480.0,158570.0,94990,5,338019
WIN$D,M15,1689093900,158575.0,158665.0,158485.0,158530.0,82655,5,300308
WIN$D,M15,1689094800,158530.0,158555.0,158360.0,158415.0,80420,5,301197
WIN$D,M15,1689095700,158420.0,158565.0,158355.0,158565.0,58617,5,197501
WIN$D,M15,1689096600,158565.0,158580.0,158505.0,158510.0,42416,5,143274
WIN$D,M15,1689097500,158510.0,158775.0,158415.0,158775.0,21222,5,93625
WIN$D,M15,1689152400,159080.0,159205.0,158715.0,159040.0,227233,5,537835
WIN$D,M15,1689153300,159045.0,159320.0,158795.0,158880.0,226808,5,588283
WIN$D,M15,1689154200,158885.0,159930.0,158780.0,159465.0,398397,5,965328
WIN$D,M15,1689155100,159465.0,159560.0,159190.0,159505.0,196945,5,556809
WIN$D,M15,1689156000,159510.0,159695.0,159265.0,159435.0,260066,5,721968
WIN$D,M15,1689156900,159435.0,159700.0,159295.0,159540.0,211246,5,608488
WIN$D,M15,1689157800,159540.0,160050.0,159475.0,159750.0,335065,5,1050319
WIN$D,M15,1689158700,159745.0,159930.0,159560.0,159785.0,215313,5,662359
WIN$D,M15,1689159600,159785.0,159945.0,159740.0,159785.0,119849,5,372920
WIN$D,M15,1689160500,159790.0,159890.0,159600.0,159760.0,150446,5,464581
WIN$D,M15,1689161400,159755.0,159775.0,159575.0,159710.0,123366,5,383157
WIN$D,M15,1689162300,159715.0,159945.0,159585.0,159860.0,149189,5,484133
WIN$D,M15,1689163200,159860.0,159980.0,159795.0,159825.0,108962,5,353896
WIN$D,M15,1689164100,159830.0,159860.0,159455.0,159570.0,153369,5,518466
WIN$D,M15,1689165000,159565.0,159685.0,159065.0,159240.0,187629,5,645750
WIN$D,M15,1689165900,159245.0,159525.0,159040.0,159460.0,134949,5,438561
WIN$D,M15,1689166800,159465.0,159510.0,159305.0,159375.0,73829,5,235171
WIN$D,M15,1689167700,159375.0,159520.0,159365.0,159410.0,61483,5,194176
WIN$D,M15,1689168600,159410.0,159490.0,159230.0,159260.0,82580,5,266536
WIN$D,M15,1689169500,159255.0,159360.0,159215.0,159255.0,65660,5,208662
WIN$D,M15,1689170400,159255.0,159295.0,158845.0,158970.0,145040,5,487855
WIN$D,M15,1689171300,158965.0,159210.0,158910.0,159155.0,102211,5,347181
WIN$D,M15,1689172200,159150.0,159205.0,159035.0,159055.0,71337,5,241416
WIN$D,M15,1689173100,159050.0,159090.0,158700.0,159015.0,157986,5,555333
WIN$D,M15,1689174000,159015.0,159090.0,158920.0,159070.0,72733,5,229390
WIN$D,M15,1689174900,159065.0,159120.0,159010.0,159065.0,48031,5,154536
WIN$D,M15,1689175800,159065.0,159090.0,158935.0,159080.0,80150,5,274347
WIN$D,M15,1689176700,159075.0,159155.0,158950.0,159040.0,91480,5,313731
WIN$D,M15,1689177600,159035.0,159135.0,158985.0,159090.0,63494,5,217823
WIN$D,M15,1689178500,159090.0,159095.0,158735.0,158920.0,133430,5,464632
WIN$D,M15,1689179400,158920.0,158965.0,158625.0,158675.0,127902,5,428129
WIN$D,M15,1689180300,158675.0,158800.0,158360.0,158425.0,153987,5,562694
WIN$D,M15,1689181200,158420.0,158595.0,158325.0,158470.0,88335,5,311158
WIN$D,M15,1689182100,158475.0,158510.0,158290.0,158335.0,67441,5,206517
WIN$D,M15,1689183000,158335.0,158435.0,158250.0,158370.0,61079,5,188356
WIN$D,M15,1689183900,158375.0,158480.0,158340.0,158375.0,23783,5,82080
WIN$D,M15,1689238800,158970.0,159485.0,158955.0,159215.0,254184,5,654879
WIN$D,M15,1689239700,159215.0,159250.0,158885.0,159020.0,182062,5,483042
WIN$D,M15,1689240600,159020.0,159210.0,158905.0,159175.0,218778,5,579413
WIN$D,M15,1689241500,159170.0,159255.0,158940.0,158995.0,146587,5,392103
WIN$D,M15,1689242400,158995.0,159275.0,158890.0,159200.0,261280,5,712142
WIN$D,M15,1689243300,159200.0,159990.0,159180.0,159965.0,387141,5,1108938
WIN$D,M15,1689244200,159965.0,160360.0,159780.0,160305.0,342526,5,1018463
WIN$D,M15,1689245100,160310.0,160645.0,160155.0,160560.0,271462,5,840600
WIN$D,M15,1689246000,160555.0,160605.0,160385.0,160570.0,159996,5,500218
WIN$D,M15,1689246900,160565.0,160605.0,160400.0,160560.0,139194,5,433996
WIN$D,M15,1689247800,160560.0,160700.0,160480.0,160530.0,123720,5,371909
WIN$D,M15,1689248700,160525.0,160575.0,160390.0,160530.0,88405,5,272601
WIN$D,M15,1689249600,160530.0,160545.0,160265.0,160310.0,120726,5,359721
WIN$D,M15,1689250500,160305.0,160400.0,160275.0,160285.0,79925,5,244408
WIN$D,M15,1689251400,160290.0,160365.0,160130.0,160340.0,114400,5,356175
WIN$D,M15,1689252300,160345.0,160460.0,160310.0,160445.0,68106,5,209195
WIN$D,M15,1689253200,160440.0,160515.0,160410.0,160515.0,61655,5,188337
WIN$D,M15,1689254100,160515.0,160670.0,160495.0,160640.0,92866,5,300634
WIN$D,M15,1689255000,160640.0,160750.0,160580.0,160605.0,108677,5,371983
WIN$D,M15,1689255900,160600.0,160700.0,160580.0,160625.0,59836,5,191750
WIN$D,M15,1689256800,160630.0,160690.0,160520.0,160540.0,72017,5,227512
WIN$D,M15,1689257700,160545.0,160550.0,160340.0,160405.0,103528,5,330575
WIN$D,M15,1689258600,160405.0,160445.0,160285.0,160415.0,85526,5,275759
WIN$D,M15,1689259500,160410.0,160515.0,160405.0,160460.0,65646,5,213853
WIN$D,M15,1689260400,160465.0,160535.0,160420.0,160500.0,64576,5,209967
WIN$D,M15,1689261300,160500.0,160550.0,160400.0,160460.0,81370,5,262055
WIN$D,M15,1689262200,160465.0,160475.0,160170.0,160205.0,119107,5,420661
WIN$D,M15,1689263100,160200.0,160265.0,160105.0,160240.0,108211,5,367468
WIN$D,M15,1689264000,160240.0,160320.0,160205.0,160300.0,63580,5,219202
WIN$D,M15,1689264900,160295.0,160370.0,160255.0,160310.0,61580,5,210653
WIN$D,M15,1689265800,160310.0,160340.0,160175.0,160310.0,87906,5,309857
WIN$D,M15,1689266700,160310.0,160320.0,160140.0,160165.0,71534,5,282128
WIN$D,M15,1689267600,160165.0,160215.0,160105.0,160200.0,62616,5,228468
WIN$D,M15,1689268500,160200.0,160330.0,160190.0,160315.0,57457,5,196433
WIN$D,M15,1689269400,160315.0,160330.0,160190.0,160285.0,53557,5,177188
WIN$D,M15,1689270300,160285.0,160340.0,160045.0,160045.0,23247,5,86803
WIN$D,M15,1689325200,160305.0,160540.0,160185.0,160275.0,231062,5,528305
WIN$D,M15,1689326100,160280.0,160355.0,160145.0,160220.0,139586,5,379230
WIN$D,M15,1689327000,160225.0,160240.0,159955.0,159970.0,162549,5,475603
WIN$D,M15,1689327900,159965.0,160025.0,159920.0,159955.0,91828,5,265725
WIN$D,M15,1689328800,159955.0,160130.0,159715.0,159830.0,302302,5,893998
WIN$D,M15,1689329700,159825.0,159885.0,159380.0,159555.0,270124,5,865935
WIN$D,M15,1689330600,159555.0,159595.0,159200.0,159200.0,240297,5,760858
WIN$D,M15,1689331500,159200.0,159635.0,159190.0,159615.0,176172,5,577113
WIN$D,M15,1689332400,159610.0,159895.0,159380.0,159660.0,240710,5,737808
WIN$D,M15,1689333300,159655.0,159680.0,159410.0,159440.0,147057,5,457320
WIN$D,M15,1689334200,159440.0,159590.0,159215.0,159300.0,159082,5,525156
WIN$D,M15,1689335100,159300.0,159310.0,158860.0,159235.0,200232,5,689721
WIN$D,M15,1689336000,159235.0,159440.0,159165.0,159380.0,114129,5,371411
WIN$D,M15,1689336900,159375.0,159470.0,159255.0,159340.0,93262,5,300258
WIN$D,M15,1689337800,159340.0,159395.0,159260.0,159285.0,54475,5,175585
WIN$D,M15,1689338700,159280.0,159350.0,159225.0,159285.0,51815,5,161548
WIN$D,M15,1689339600,159285.0,159295.0,159140.0,159195.0,68069,5,223602
WIN$D,M15,1689340500,159195.0,159200.0,158720.0,158800.0,177161,5,610840
WIN$D,M15,1689341400,158800.0,158905.0,158690.0,158840.0,101271,5,337638
WIN$D,M15,1689342300,158840.0,159010.0,158755.0,158895.0,97590,5,336861
WIN$D,M15,1689343200,158895.0,158935.0,158795.0,158875.0,62150,5,206638
WIN$D,M15,1689344100,158870.0,159075.0,158730.0,158985.0,108904,5,376045
WIN$D,M15,1689345000,158985.0,159045.0,158855.0,158890.0,72070,5,235204
WIN$D,M15,1689345900,158895.0,158905.0,158625.0,158650.0,103013,5,340548
WIN$D,M15,1689346800,158645.0,158760.0,158475.0,158485.0,123803,5,420806
WIN$D,M15,1689347700,158485.0,158675.0,158410.0,158560.0,123223,5,416247
WIN$D,M15,1689348600,158560.0,158615.0,158400.0,158540.0,93116,5,315443
WIN$D,M15,1689349500,158535.0,158640.0,158450.0,158480.0,68310,5,223558
WIN$D,M15,1689350400,158485.0,158575.0,158375.0,158530.0,83445,5,281805
WIN$D,M15,1689351300,158530.0,158610.0,158405.0,158495.0,81826,5,284463
WIN$D,M15,1689352200,158490.0,158675.0,158490.0,158585.0,84116,5,292646
WIN$D,M15,1689353100,158585.0,158730.0,158500.0,158590.0,88729,5,305862
WIN$D,M15,1689354000,158590.0,158630.0,158335.0,158435.0,81877,5,297491
WIN$D,M15,1689354900,158435.0,158570.0,158395.0,158500.0,42843,5,139736
WIN$D,M15,1689355800,158505.0,158615.0,158475.0,158565.0,40220,5,134816
WIN$D,M15,1689356700,158565.0,158580.0,158440.0,158535.0,25439,5,88095
WIN$D,M15,1689584400,158275.0,158425.0,157990.0,158390.0,188387,5,452411
WIN$D,M15,1689585300,158390.0,158460.0,158215.0,158215.0,114475,5,303380
WIN$D,M15,1689586200,158215.0,158375.0,158145.0,158285.0,164770,5,449158
WIN$D,M15,1689587100,158290.0,158370.0,158120.0,158135.0,139233,5,395675
WIN$D,M15,1689588000,158135.0,158135.0,157575.0,157665.0,316506,5,955123
WIN$D,M15,1689588900,157665.0,158460.0,157650.0,157845.0,364169,5,1121718
WIN$D,M15,1689589800,157845.0,157935.0,157385.0,157775.0,292512,5,909827
WIN$D,M15,1689590700,157775.0,158615.0,157740.0,158315.0,273508,5,929568
WIN$D,M15,1689591600,158315.0,158525.0,157945.0,158150.0,235328,5,755812
WIN$D,M15,1689592500,158145.0,158170.0,157945.0,158120.0,100192,5,330991
WIN$D,M15,1689593400,158125.0,158220.0,158005.0,158135.0,133243,5,448952
WIN$D,M15,1689594300,158140.0,158195.0,157935.0,158130.0,126397,5,442428
WIN$D,M15,1689595200,158135.0,158240.0,158070.0,158195.0,96459,5,320160
WIN$D,M15,1689596100,158195.0,158450.0,158185.0,158280.0,119495,5,400867
WIN$D,M15,1689597000,158280.0,158330.0,158135.0,158195.0,80082,5,261380
WIN$D,M15,1689597900,158195.0,158295.0,158090.0,158285.0,86594,5,285095
WIN$D,M15,1689598800,158290.0,158550.0,158245.0,158485.0,102166,5,340952
WIN$D,M15,1689599700,158490.0,158640.0,158435.0,158620.0,93875,5,300074
WIN$D,M15,1689600600,158620.0,158695.0,158510.0,158610.0,97950,5,330348
WIN$D,M15,1689601500,158615.0,158665.0,158560.0,158605.0,57252,5,195758
WIN$D,M15,1689602400,158605.0,158650.0,158545.0,158620.0,62156,5,208212
WIN$D,M15,1689603300,158620.0,158640.0,158475.0,158545.0,70470,5,229670
WIN$D,M15,1689604200,158545.0,159075.0,158525.0,158985.0,155923,5,530598
WIN$D,M15,1689605100,158980.0,159160.0,158940.0,159000.0,129710,5,415145
WIN$D,M15,1689606000,158995.0,159005.0,158815.0,158860.0,76876,5,255068
WIN$D,M15,1689606900,158865.0,158895.0,158780.0,158810.0,59589,5,201808
WIN$D,M15,1689607800,158810.0,158825.0,158700.0,158765.0,63183,5,208090
WIN$D,M15,1689608700,158770.0,158840.0,158710.0,158740.0,58631,5,188845
WIN$D,M15,1689609600,158735.0,158835.0,158730.0,158785.0,51902,5,169324
WIN$D,M15,1689610500,158780.0,158870.0,158665.0,158700.0,88392,5,295379
WIN$D,M15,1689611400,158700.0,158985.0,158645.0,158970.0,105468,5,360277
WIN$D,M15,1689612300,158970.0,159115.0,158935.0,159100.0,78134,5,268525
WIN$D,M15,1689613200,159100.0,159170.0,159040.0,159155.0,59413,5,194721
WIN$D,M15,1689614100,159155.0,159270.0,159085.0,159225.0,72632,5,237430
WIN$D,M15,1689615000,159230.0,159265.0,159165.0,159205.0,41897,5,131616
WIN$D,M15,1689615900,159200.0,159250.0,159050.0,159150.0,25056,5,95990
WIN$D,M15,1689670800,159075.0,159180.0,158920.0,158930.0,174794,5,416209
WIN$D,M15,1689671700,158935.0,159150.0,158935.0,159015.0,121971,5,320157
WIN$D,M15,1689672600,159015.0,159255.0,158720.0,158745.0,273077,5,754435
WIN$D,M15,1689673500,158745.0,159040.0,158620.0,158850.0,199554,5,599606
WIN$D,M15,1689674400,158845.0,158865.0,158540.0,158700.0,275713,5,761591
WIN$D,M15,1689675300,158705.0,158745.0,158345.0,158650.0,306453,5,881459
WIN$D,M15,1689676200,158645.0,159435.0,158360.0,158985.0,391254,5,1241311
WIN$D,M15,1689677100,158990.0,159535.0,158910.0,159480.0,289585,5,887402
WIN$D,M15,1689678000,159480.0,159510.0,159045.0,159160.0,195101,5,600056
WIN$D,M15,1689678900,159160.0,159230.0,158960.0,159215.0,169613,5,536953
WIN$D,M15,1689679800,159215.0,159310.0,158980.0,159035.0,174914,5,541348
WIN$D,M15,1689680700,159035.0,159225.0,158915.0,159165.0,158937,5,514778
WIN$D,M15,1689681600,159165.0,159250.0,159000.0,159070.0,115600,5,388705
WIN$D,M15,1689682500,159065.0,159155.0,158735.0,158820.0,113661,5,384477
WIN$D,M15,1689683400,158815.0,159075.0,158805.0,159020.0,113811,5,373970
WIN$D,M15,1689684300,159020.0,159120.0,158955.0,159085.0,64058,5,212379
WIN$D,M15,1689685200,159085.0,159160.0,159005.0,159090.0,70302,5,237476
WIN$D,M15,1689686100,159085.0,159105.0,158955.0,159045.0,64916,5,224234
WIN$D,M15,1689687000,159040.0,159105.0,158865.0,158900.0,97001,5,341457
WIN$D,M15,1689687900,158900.0,158900.0,158220.0,158245.0,198826,5,737705
WIN$D,M15,1689688800,158250.0,158325.0,157975.0,158270.0,221484,5,858469
WIN$D,M15,1689689700,158275.0,158575.0,158250.0,158540.0,105031,5,382744
WIN$D,M15,1689690600,158535.0,158800.0,158525.0,158715.0,111712,5,415908
WIN$D,M15,1689691500,158715.0,158795.0,158635.0,158660.0,86569,5,318760
WIN$D,M15,1689692400,158665.0,158785.0,158580.0,158650.0,98715,5,354995
WIN$D,M15,1689693300,158645.0,158715.0,158615.0,158705.0,55687,5,194955
WIN$D,M15,1689694200,158705.0,158855.0,158655.0,158725.0,77514,5,282288
WIN$D,M15,1689695100,158720.0,158805.0,158535.0,158580.0,83467,5,293328
WIN$D,M15,1689696000,158575.0,158645.0,158380.0,158520.0,121602,5,431171
WIN$D,M15,1689696900,158515.0,158530.0,158395.0,158510.0,78759,5,268332
WIN$D,M15,1689697800,158505.0,158800.0,158500.0,158735.0,132752,5,481972
WIN$D,M15,1689698700,158730.0,158825.0,158715.0,158760.0,65396,5,231834
WIN$D,M15,1689699600,158755.0,158785.0,158450.0,158530.0,84933,5,290563
WIN$D,M15,1689700500,158530.0,158535.0,158280.0,158320.0,65852,5,220566
WIN$D,M15,1689701400,158320.0,158500.0,158260.0,158450.0,60346,5,206470
WIN$D,M15,1689702300,158455.0,158615.0,158445.0,158545.0,20325,5,80219
WIN$D,M15,1689757200,158725.0,158835.0,158415.0,158555.0,192035,5,464519
WIN$D,M15,1689758100,158555.0,158585.0,158050.0,158065.0,171489,5,465033
WIN$D,M15,1689759000,158060.0,158175.0,157855.0,158115.0,238672,5,685661
WIN$D,M15,1689759900,158115.0,158280.0,158050.0,158090.0,154060,5,451559
WIN$D,M15,1689760800,158090.0,158220.0,157680.0,158190.0,335289,5,992716
WIN$D,M15,1689761700,158190.0,158270.0,157755.0,158085.0,290486,5,893017
WIN$D,M15,1689762600,158090.0,158635.0,158040.0,158220.0,295495,5,912541
WIN$D,M15,1689763500,158220.0,158615.0,158105.0,158590.0,199442,5,607566
WIN$D,M15,1689764400,158595.0,158630.0,158140.0,158145.0,195306,5,605585
WIN$D,M15,1689765300,158140.0,158455.0,158130.0,158240.0,131401,5,412064
WIN$D,M15,1689766200,158240.0,158290.0,157850.0,157965.0,208488,5,693634
WIN$D,M15,1689767100,157965.0,157990.0,157835.0,157860.0,106873,5,352847
WIN$D,M15,1689768000,157860.0,157870.0,157510.0,157580.0,198671,5,681862
WIN$D,M15,1689768900,157580.0,157690.0,157480.0,157685.0,96130,5,309661
WIN$D,M15,1689769800,157685.0,157765.0,157430.0,157595.0,132830,5,451892
WIN$D,M15,1689770700,157590.0,157655.0,157260.0,157295.0,146925,5,505971
WIN$D,M15,1689771600,157300.0,157455.0,157265.0,157440.0,101936,5,357558
WIN$D,M15,1689772500,157435.0,157560.0,157415.0,157525.0,77007,5,262036
WIN$D,M15,1689773400,157530.0,157635.0,157465.0,157615.0,65291,5,231993
WIN$D,M15,1689774300,157610.0,157680.0,157530.0,157660.0,72808,5,248726
WIN$D,M15,1689775200,157665.0,157755.0,157530.0,157755.0,74521,5,248262
WIN$D,M15,1689776100,157750.0,157805.0,157680.0,157770.0,80803,5,278844
WIN$D,M15,1689777000,157770.0,157920.0,157740.0,157840.0,101853,5,352837
WIN$D,M15,1689777900,157840.0,157855.0,157730.0,157790.0,62506,5,219077
WIN$D,M15,1689778800,157790.0,157885.0,157740.0,157805.0,69492,5,253633
WIN$D,M15,1689779700,157805.0,158185.0,157785.0,158120.0,127645,5,462539
WIN$D,M15,1689780600,158125.0,158575.0,158095.0,158415.0,188782,5,734970
WIN$D,M15,1689781500,158410.0,158775.0,158410.0,158465.0,169965,5,636941
WIN$D,M15,1689782400,158465.0,158610.0,158350.0,158435.0,107416,5,401047
WIN$D,M15,1689783300,158430.0,158480.0,158280.0,158340.0,77156,5,289027
WIN$D,M15,1689784200,158340.0,158360.0,158175.0,158220.0,76899,5,279545
WIN$D,M15,1689785100,158220.0,158325.0,158195.0,158315.0,66716,5,243936
WIN$D,M15,1689786000,158320.0,158350.0,158195.0,158235.0,43429,5,149702
WIN$D,M15,1689786900,158235.0,158315.0,158155.0,158260.0,60527,5,211982
WIN$D,M15,1689787800,158265.0,158295.0,158150.0,158185.0,32880,5,113749
WIN$D,M15,1689788700,158185.0,158225.0,158130.0,158225.0,18220,5,72640
WIN$D,M15,1689843600,158525.0,158700.0,158200.0,158665.0,257318,5,653336
WIN$D,M15,1689844500,158665.0,158820.0,158555.0,158745.0,146345,5,386583
WIN$D,M15,1689845400,158745.0,159060.0,158695.0,158845.0,232097,5,637746
WIN$D,M15,1689846300,158845.0,158915.0,158695.0,158805.0,130338,5,369130
WIN$D,M15,1689847200,158805.0,158880.0,158590.0,158640.0,245649,5,705902
WIN$D,M15,1689848100,158645.0,158820.0,158510.0,158590.0,241472,5,727411
WIN$D,M15,1689849000,158595.0,158625.0,158015.0,158095.0,362413,5,1149282
WIN$D,M15,1689849900,158095.0,158685.0,158075.0,158620.0,243210,5,784167
WIN$D,M15,1689850800,158615.0,158730.0,158355.0,158440.0,223692,5,726106
WIN$D,M15,1689851700,158435.0,158600.0,158185.0,158255.0,173176,5,574231
WIN$D,M15,1689852600,158255.0,158505.0,158125.0,158385.0,207334,5,682274
WIN$D,M15,1689853500,158380.0,158655.0,158320.0,158620.0,139865,5,495970
WIN$D,M15,1689854400,158620.0,158970.0,158600.0,158790.0,174402,5,625204
WIN$D,M15,1689855300,158785.0,158840.0,158630.0,158665.0,90526,5,334687
WIN$D,M15,1689856200,158670.0,158680.0,158330.0,158540.0,150923,5,533521
WIN$D,M15,1689857100,158540.0,158615.0,158405.0,158615.0,89246,5,304000
WIN$D,M15,1689858000,158615.0,158670.0,158485.0,158560.0,92756,5,311717
WIN$D,M15,1689858900,158560.0,158595.0,158435.0,158485.0,67639,5,222253
WIN$D,M15,1689859800,158480.0,158535.0,158315.0,158335.0,99095,5,340353
WIN$D,M15,1689860700,158335.0,158455.0,158315.0,158415.0,77044,5,272514
WIN$D,M15,1689861600,158410.0,158525.0,158385.0,158465.0,68262,5,229147
WIN$D,M15,1689862500,158470.0,158565.0,158455.0,158500.0,52755,5,188832
WIN$D,M15,1689863400,158500.0,158600.0,158460.0,158520.0,73055,5,265816
WIN$D,M15,1689864300,158520.0,158530.0,158400.0,158505.0,73077,5,256977
WIN$D,M15,1689865200,158510.0,158570.0,158350.0,158485.0,107515,5,402183
WIN$D,M15,1689866100,158480.0,158620.0,158350.0,158355.0,85768,5,303188
WIN$D,M15,1689867000,158360.0,158555.0,158340.0,158485.0,74333,5,277842
WIN$D,M15,1689867900,158490.0,158685.0,158485.0,158525.0,86902,5,307914
WIN$D,M15,1689868800,158525.0,158615.0,158455.0,158460.0,69799,5,241147
WIN$D,M15,1689869700,158465.0,158640.0,158430.0,158620.0,85246,5,303345
WIN$D,M15,1689870600,158625.0,158870.0,158620.0,158805.0,131101,5,469749
WIN$D,M15,1689871500,158805.0,158825.0,158695.0,158740.0,60895,5,227645
WIN$D,M15,1689872400,158735.0,158755.0,158635.0,158680.0,55539,5,189858
WIN$D,M15,1689873300,158680.0,158850.0,158680.0,158790.0,48279,5,158470
WIN$D,M15,1689874200,158795.0,158855.0,158750.0,158770.0,42171,5,136333
WIN$D,M15,1689875100,158770.0,158920.0,158685.0,158920.0,21742,5,82748
WIN$D,M15,1689930000,158675.0,158765.0,158410.0,158755.0,187843,5,438046
WIN$D,M15,1689930900,158755.0,158810.0,158435.0,158585.0,225519,5,610606
WIN$D,M15,1689931800,158590.0,158875.0,158565.0,158650.0,163457,5,465150
WIN$D,M15,1689932700,158645.0,159015.0,158615.0,158880.0,183050,5,548473
WIN$D,M15,1689933600,158880.0,159170.0,158715.0,158835.0,250954,5,740306
WIN$D,M15,1689934500,158835.0,160000.0,158830.0,159995.0,410114,5,1292127
WIN$D,M15,1689935400,159995.0,160170.0,159755.0,159955.0,310237,5,999124
WIN$D,M15,1689936300,159960.0,160495.0,159910.0,160475.0,275471,5,978804
WIN$D,M15,1689937200,160475.0,160745.0,160380.0,160665.0,202891,5,734494
WIN$D,M15,1689938100,160665.0,161070.0,160640.0,160785.0,208910,5,715441
WIN$D,M15,1689939000,160790.0,160805.0,160605.0,160725.0,114521,5,382923
WIN$D,M15,1689939900,160725.0,160860.0,160640.0,160650.0,100812,5,359471
WIN$D,M15,1689940800,160650.0,160905.0,160650.0,160850.0,107998,5,395454
WIN$D,M15,1689941700,160855.0,161055.0,160775.0,160780.0,125543,5,468883
WIN$D,M15,1689942600,160780.0,160945.0,160755.0,160900.0,93243,5,366817
WIN$D,M15,1689943500,160905.0,160925.0,160770.0,160865.0,76064,5,277246
WIN$D,M15,1689944400,160865.0,160925.0,160750.0,160780.0,58955,5,205563
WIN$D,M15,1689945300,160780.0,160825.0,160700.0,160715.0,62440,5,234398
WIN$D,M15,1689946200,160715.0,160825.0,160715.0,160815.0,57802,5,208581
WIN$D,M15,1689947100,160815.0,160875.0,160745.0,160830.0,64748,5,253927
WIN$D,M15,1689948000,160825.0,160870.0,160705.0,160715.0,57588,5,216150
WIN$D,M15,1689948900,160715.0,160760.0,160525.0,160585.0,113907,5,419611
WIN$D,M15,1689949800,160585.0,160595.0,160420.0,160425.0,100666,5,364422
WIN$D,M15,1689950700,160425.0,160535.0,160425.0,160455.0,68575,5,242849
WIN$D,M15,1689951600,160455.0,160725.0,160425.0,160685.0,104835,5,380457
WIN$D,M15,1689952500,160685.0,161005.0,160685.0,160980.0,128518,5,502139
WIN$D,M15,1689953400,160975.0,161030.0,160805.0,160810.0,107358,5,417745
WIN$D,M15,1689954300,160815.0,160910.0,160775.0,160790.0,69816,5,263330
WIN$D,M15,1689955200,160795.0,160810.0,160615.0,160655.0,82143,5,315017
WIN$D,M15,1689956100,160655.0,160850.0,160650.0,160840.0,79171,5,299877
WIN$D,M15,1689957000,160840.0,160935.0,160780.0,160880.0,92757,5,358042
WIN$D,M15,1689957900,160880.0,161010.0,160845.0,160890.0,104918,5,401830
WIN$D,M15,1689958800,160890.0,160985.0,160840.0,160950.0,57601,5,213331
WIN$D,M15,1689959700,160950.0,161095.0,160895.0,161000.0,78689,5,278111
WIN$D,M15,1689960600,161000.0,161035.0,160900.0,160990.0,55982,5,196320
WIN$D,M15,1689961500,160985.0,161105.0,160895.0,161105.0,34669,5,114387
WIN$D,M15,1690189200,160795.0,161175.0,160685.0,160880.0,210858,5,477077
WIN$D,M15,1690190100,160880.0,161150.0,160705.0,161140.0,198991,5,520499
WIN$D,M15,1690191000,161135.0,161145.0,160660.0,160775.0,184078,5,507183
WIN$D,M15,1690191900,160770.0,161000.0,160710.0,160870.0,147378,5,437194
WIN$D,M15,1690192800,160875.0,161265.0,160655.0,161205.0,313446,5,945746
WIN$D,M15,1690193700,161205.0,161225.0,160610.0,160925.0,282330,5,812799
WIN$D,M15,1690194600,160925.0,161105.0,160575.0,160915.0,261880,5,787367
WIN$D,M15,1690195500,160915.0,161295.0,160815.0,160925.0,264898,5,808961
WIN$D,M15,1690196400,160925.0,161040.0,160755.0,160790.0,153636,5,475230
WIN$D,M15,1690197300,160785.0,160875.0,160620.0,160845.0,151912,5,472862
WIN$D,M15,1690198200,160845.0,161235.0,160765.0,161225.0,175652,5,561988
WIN$D,M15,1690199100,161225.0,162240.0,161190.0,161940.0,347691,5,1203558
WIN$D,M15,1690200000,161940.0,162150.0,161835.0,161985.0,143055,5,478753
WIN$D,M15,1690200900,161990.0,162355.0,161910.0,162090.0,152884,5,529753
WIN$D,M15,1690201800,162090.0,162385.0,162060.0,162335.0,123527,5,415252
WIN$D,M15,1690202700,162330.0,162335.0,162180.0,162210.0,73362,5,244840
WIN$D,M15,1690203600,162210.0,162230.0,161985.0,162030.0,76390,5,254687
WIN$D,M15,1690204500,162030.0,162095.0,161995.0,162015.0,53384,5,183247
WIN$D,M15,1690205400,162010.0,162055.0,161985.0,162020.0,33618,5,119906
WIN$D,M15,1690206300,162025.0,162085.0,161990.0,162080.0,45916,5,156612
WIN$D,M15,1690207200,162080.0,162150.0,161945.0,162065.0,104318,5,347063
WIN$D,M15,1690208100,162065.0,162085.0,161955.0,161970.0,52631,5,179397
WIN$D,M15,1690209000,161970.0,161980.0,161755.0,161895.0,126094,5,455331
WIN$D,M15,1690209900,161895.0,161920.0,161505.0,161535.0,134380,5,489011
WIN$D,M15,1690210800,161540.0,162000.0,161525.0,161850.0,125882,5,448867
WIN$D,M15,1690211700,161855.0,161930.0,161780.0,161910.0,79547,5,270787
WIN$D,M15,1690212600,161910.0,161925.0,161675.0,161780.0,107862,5,385870
WIN$D,M15,1690213500,161775.0,161815.0,161675.0,161755.0,71313,5,247985
WIN$D,M15,1690214400,161750.0,161770.0,161625.0,161635.0,62483,5,223102
WIN$D,M15,1690215300,161635.0,161785.0,161620.0,161655.0,82069,5,284284
WIN$D,M15,1690216200,161650.0,161750.0,161600.0,161710.0,81588,5,295232
WIN$D,M15,1690217100,161715.0,161985.0,161655.0,161985.0,101994,5,360021
WIN$D,M15,1690218000,161985.0,162075.0,161950.0,162050.0,78317,5,281887
WIN$D,M15,1690218900,162050.0,162130.0,162005.0,162085.0,51444,5,167662
WIN$D,M15,1690219800,162090.0,162165.0,162065.0,162150.0,47495,5,155756
WIN$D,M15,1690220700,162150.0,162330.0,162140.0,162290.0,41458,5,148194
WIN$D,M15,1690275600,162730.0,163415.0,162675.0,163165.0,279939,5,616005
WIN$D,M15,1690276500,163160.0,163460.0,163155.0,163355.0,185953,5,499384
WIN$D,M15,1690277400,163350.0,163640.0,163350.0,163590.0,203828,5,595138
WIN$D,M15,1690278300,163595.0,163735.0,163455.0,163715.0,165525,5,501452
WIN$D,M15,1690279200,163715.0,163835.0,163190.0,163350.0,310539,5,965312
WIN$D,M15,1690280100,163350.0,163570.0,163240.0,163335.0,240069,5,749314
WIN$D,M15,1690281000,163335.0,163375.0,162855.0,163170.0,304135,5,1027672
WIN$D,M15,1690281900,163170.0,163455.0,162940.0,163230.0,234099,5,754480
WIN$D,M15,1690282800,163230.0,163395.0,163085.0,163250.0,179233,5,590026
WIN$D,M15,1690283700,163250.0,163265.0,162980.0,163015.0,119865,5,414194
WIN$D,M15,1690284600,163020.0,163035.0,162800.0,162875.0,149040,5,519007
WIN$D,M15,1690285500,162870.0,162915.0,162405.0,162450.0,193373,5,720243
WIN$D,M15,1690286400,162450.0,162605.0,162360.0,162480.0,125314,5,421399
WIN$D,M15,1690287300,162475.0,162535.0,162330.0,162505.0,114508,5,393075
WIN$D,M15,1690288200,162500.0,162775.0,162415.0,162700.0,138140,5,468573
WIN$D,M15,1690289100,162695.0,162760.0,162600.0,162710.0,61491,5,215979
WIN$D,M15,1690290000,162705.0,162740.0,162505.0,162525.0,79631,5,272457
WIN$D,M15,1690290900,162525.0,162660.0,162490.0,162570.0,77057,5,255851
WIN$D,M15,1690291800,162565.0,162590.0,162385.0,162495.0,102457,5,342595
WIN$D,M15,1690292700,162500.0,162590.0,162445.0,162460.0,66701,5,226098
WIN$D,M15,1690293600,162460.0,162540.0,162390.0,162525.0,72722,5,232710
WIN$D,M15,1690294500,162520.0,162715.0,162500.0,162675.0,87032,5,286965
WIN$D,M15,1690295400,162675.0,162765.0,162645.0,162760.0,59059,5,202898
WIN$D,M15,1690296300,162755.0,162855.0,162675.0,162795.0,102049,5,339517
WIN$D,M15,1690297200,162795.0,162900.0,162725.0,162830.0,85617,5,291088
WIN$D,M15,1690298100,162830.0,162935.0,162775.0,162915.0,82472,5,271193
WIN$D,M15,1690299000,162915.0,163050.0,162815.0,162870.0,119399,5,423636
WIN$D,M15,1690299900,162875.0,162920.0,162745.0,162830.0,94688,5,352538
WIN$D,M15,1690300800,162835.0,162920.0,162800.0,162885.0,60052,5,210751
WIN$D,M15,1690301700,162885.0,162885.0,162640.0,162710.0,101755,5,360758
WIN$D,M15,1690302600,162705.0,162835.0,162525.0,162615.0,126341,5,462389
WIN$D,M15,1690303500,162610.0,162670.0,162495.0,162615.0,76787,5,275472
WIN$D,M15,1690304400,162620.0,162670.0,162475.0,162640.0,73292,5,255021
WIN$D,M15,1690305300,162645.0,162645.0,162440.0,162535.0,52441,5,167661
WIN$D,M15,1690306200,162535.0,162600.0,162465.0,162565.0,48819,5,150847
WIN$D,M15,1690307100,162565.0,162585.0,162425.0,162425.0,22451,5,84039
WIN$D,M15,1690362000,162225.0,162820.0,162110.0,162585.0,279842,5,653809
WIN$D,M15,1690362900,162585.0,162595.0,162040.0,162305.0,226966,5,650782
WIN$D,M15,1690363800,162305.0,162465.0,162130.0,162170.0,174249,5,486857
WIN$D,M15,1690364700,162175.0,162215.0,161960.0,162070.0,171664,5,509091
WIN$D,M15,1690365600,162070.0,162415.0,162000.0,162275.0,206181,5,599253
WIN$D,M15,1690366500,162275.0,162505.0,162065.0,162075.0,234256,5,687841
WIN$D,M15,1690367400,162075.0,162750.0,162040.0,162445.0,304113,5,964391
WIN$D,M15,1690368300,162445.0,162540.0,162290.0,162385.0,184668,5,559029
WIN$D,M15,1690369200,162390.0,162400.0,161855.0,161915.0,227891,5,708474
WIN$D,M15,1690370100,161915.0,162215.0,161795.0,162180.0,170599,5,540654
WIN$D,M15,1690371000,162175.0,162200.0,161995.0,162100.0,117538,5,375997
WIN$D,M15,1690371900,162105.0,162325.0,162090.0,162270.0,112582,5,356032
WIN$D,M15,1690372800,162275.0,162275.0,161925.0,161995.0,118567,5,385303
WIN$D,M15,1690373700,161990.0,162095.0,161875.0,161990.0,104868,5,324338
WIN$D,M15,1690374600,161985.0,162035.0,161895.0,161940.0,63814,5,201999
WIN$D,M15,1690375500,161945.0,162145.0,161935.0,162125.0,68632,5,242593
WIN$D,M15,1690376400,162120.0,162180.0,162015.0,162055.0,72517,5,251070
WIN$D,M15,1690377300,162060.0,162215.0,162040.0,162160.0,58295,5,194066
WIN$D,M15,1690378200,162155.0,162395.0,162095.0,162360.0,85009,5,281315
WIN$D,M15,1690379100,162360.0,162485.0,162280.0,162295.0,98953,5,332162
WIN$D,M15,1690380000,162295.0,162320.0,162125.0,162220.0,78897,5,251858
WIN$D,M15,1690380900,162220.0,162230.0,162080.0,162135.0,63577,5,203948
WIN$D,M15,1690381800,162140.0,162220.0,162045.0,162200.0,67776,5,229829
WIN$D,M15,1690382700,162200.0,162385.0,161915.0,162125.0,136584,5,404587
WIN$D,M15,1690383600,162125.0,162445.0,162000.0,162320.0,171193,5,494665
WIN$D,M15,1690384500,162315.0,162475.0,162235.0,162435.0,122111,5,375805
WIN$D,M15,1690385400,162435.0,163245.0,162415.0,163075.0,281704,5,921990
WIN$D,M15,1690386300,163075.0,163210.0,162650.0,162705.0,175949,5,580219
WIN$D,M15,1690387200,162710.0,162820.0,162435.0,162575.0,164283,5,552763
WIN$D,M15,1690388100,162575.0,162675.0,162445.0,162605.0,103260,5,344006
WIN$D,M15,1690389000,162610.0,163225.0,162595.0,163170.0,167612,5,616457
WIN$D,M15,1690389900,163170.0,163200.0,162980.0,163190.0,97583,5,356018
WIN$D,M15,1690390800,163190.0,163270.0,163035.0,163110.0,75852,5,252324
WIN$D,M15,1690391700,163110.0,163185.0,162960.0,163005.0,51651,5,157478
WIN$D,M15,1690392600,163005.0,163050.0,162860.0,162880.0,42564,5,126834
WIN$D,M15,1690393500,162880.0,162935.0,162750.0,162750.0,17463,5,64080
WIN$D,M15,1690448400,163230.0,163450.0,162875.0,163055.0,264480,5,587978
WIN$D,M15,1690449300,163050.0,163110.0,162955.0,163065.0,111282,5,268880
WIN$D,M15,1690450200,163070.0,163155.0,162920.0,162975.0,161589,5,422536
WIN$D,M15,1690451100,162975.0,163070.0,162840.0,162925.0,132417,5,366250
WIN$D,M15,1690452000,162925.0,163090.0,162800.0,163000.0,225070,5,646116
WIN$D,M15,1690452900,162995.0,163020.0,162335.0,162335.0,304194,5,914556
WIN$D,M15,1690453800,162335.0,162460.0,161610.0,161940.0,376092,5,1290472
WIN$D,M15,1690454700,161940.0,161960.0,161565.0,161745.0,195073,5,663113
WIN$D,M15,1690455600,161740.0,161745.0,161235.0,161305.0,235249,5,831830
WIN$D,M15,1690456500,161300.0,161455.0,161115.0,161265.0,197288,5,710641
WIN$D,M15,1690457400,161265.0,161495.0,161200.0,161430.0,115679,5,386188
WIN$D,M15,1690458300,161430.0,161590.0,161380.0,161545.0,134985,5,452390
WIN$D,M15,1690459200,161545.0,161735.0,161515.0,161605.0,108485,5,376403
WIN$D,M15,1690460100,161605.0,161765.0,161550.0,161635.0,91219,5,330811
WIN$D,M15,1690461000,161635.0,161750.0,161560.0,161640.0,76227,5,275334
WIN$D,M15,1690461900,161640.0,161720.0,161630.0,161650.0,44559,5,155330
WIN$D,M15,1690462800,161645.0,161715.0,161590.0,161630.0,60284,5,215298
WIN$D,M15,1690463700,161630.0,161630.0,161530.0,161625.0,64407,5,210651
WIN$D,M15,1690464600,161620.0,161710.0,161610.0,161625.0,55206,5,185445
WIN$D,M15,1690465500,161625.0,161650.0,161485.0,161520.0,75309,5,263780
WIN$D,M15,1690466400,161520.0,161550.0,161320.0,161475.0,133259,5,444675
WIN$D,M15,1690467300,161470.0,161500.0,161305.0,161460.0,98046,5,326173
WIN$D,M15,1690468200,161455.0,161525.0,161240.0,161445.0,126334,5,446204
WIN$D,M15,1690469100,161450.0,161465.0,161305.0,161375.0,70611,5,236678
WIN$D,M15,1690470000,161370.0,161375.0,160805.0,160820.0,161654,5,579573
WIN$D,M15,1690470900,160820.0,161045.0,160775.0,160820.0,156038,5,565283
WIN$D,M15,1690471800,160820.0,160920.0,160785.0,160910.0,96449,5,331717
WIN$D,M15,1690472700,160910.0,161045.0,160815.0,160855.0,114971,5,400448
WIN$D,M15,1690473600,160850.0,160870.0,160635.0,160765.0,152686,5,548577
WIN$D,M15,1690474500,160765.0,160830.0,160510.0,160560.0,118919,5,436188
WIN$D,M15,1690475400,160560.0,160805.0,160125.0,160175.0,208055,5,804092
WIN$D,M15,1690476300,160175.0,160340.0,160135.0,160180.0,117201,5,464202
WIN$D,M15,1690477200,160185.0,160370.0,160140.0,160255.0,78134,5,280447
WIN$D,M15,1690478100,160255.0,160315.0,160040.0,160120.0,61206,5,201048
WIN$D,M15,1690479000,160125.0,160165.0,159875.0,159875.0,77079,5,251442
WIN$D,M15,1690479900,159880.0,159890.0,159665.0,159795.0,56290,5,178168
WIN$D,M15,1690534800,160385.0,160975.0,160355.0,160870.0,221240,5,494537
WIN$D,M15,1690535700,160865.0,161175.0,160860.0,161150.0,134977,5,377514
WIN$D,M15,1690536600,161150.0,161340.0,160745.0,160765.0,238374,5,711857
WIN$D,M15,1690537500,160765.0,160965.0,160755.0,160795.0,129969,5,380533
WIN$D,M15,1690538400,160795.0,160890.0,160420.0,160455.0,282674,5,875848
WIN$D,M15,1690539300,160450.0,161065.0,160340.0,160350.0,278403,5,876542
WIN$D,M15,1690540200,160355.0,160540.0,159980.0,160220.0,297191,5,984576
WIN$D,M15,1690541100,160220.0,160485.0,160160.0,160355.0,175573,5,583878
WIN$D,M15,1690542000,160350.0,160565.0,160240.0,160345.0,174684,5,601728
WIN$D,M15,1690542900,160345.0,160515.0,160070.0,160120.0,168301,5,578803
WIN$D,M15,1690543800,160115.0,160235.0,160030.0,160160.0,137108,5,466829
WIN$D,M15,1690544700,160165.0,160290.0,160025.0,160275.0,110956,5,374597
WIN$D,M15,1690545600,160280.0,160420.0,160205.0,160330.0,114157,5,407121
WIN$D,M15,1690546500,160330.0,160515.0,160300.0,160415.0,107302,5,381072
WIN$D,M15,1690547400,160410.0,160510.0,160305.0,160460.0,66446,5,225636
WIN$D,M15,1690548300,160455.0,160560.0,160420.0,160545.0,61602,5,199078
WIN$D,M15,1690549200,160540.0,160665.0,160480.0,160555.0,89697,5,315412
WIN$D,M15,1690550100,160560.0,160615.0,160415.0,160470.0,81266,5,267765
WIN$D,M15,1690551000,160470.0,160540.0,160370.0,160400.0,66678,5,229328
WIN$D,M15,1690551900,160395.0,160470.0,160355.0,160420.0,56692,5,189347
WIN$D,M15,1690552800,160420.0,160435.0,160215.0,160375.0,92842,5,314699
WIN$D,M15,1690553700,160375.0,160395.0,160120.0,160175.0,95408,5,325057
WIN$D,M15,1690554600,160175.0,160220.0,160095.0,160160.0,69042,5,245560
WIN$D,M15,1690555500,160160.0,160320.0,160095.0,160305.0,82567,5,278314
WIN$D,M15,1690556400,160305.0,160390.0,160255.0,160300.0,77880,5,268603
WIN$D,M15,1690557300,160295.0,160340.0,160200.0,160225.0,66902,5,222992
WIN$D,M15,1690558200,160220.0,160340.0,160185.0,160215.0,64774,5,222067
WIN$D,M15,1690559100,160215.0,160355.0,160195.0,160320.0,58558,5,198508
WIN$D,M15,1690560000,160325.0,160425.0,160285.0,160335.0,62632,5,220773
WIN$D,M15,1690560900,160335.0,160460.0,160310.0,160340.0,71459,5,249998
WIN$D,M15,1690561800,160340.0,160610.0,160340.0,160540.0,102225,5,378537
WIN$D,M15,1690562700,160535.0,160645.0,160490.0,160545.0,74700,5,271588
WIN$D,M15,1690563600,160540.0,160610.0,160445.0,160555.0,71129,5,245324
WIN$D,M15,1690564500,160560.0,160595.0,160385.0,160405.0,44593,5,149006
WIN$D,M15,1690565400,160405.0,160435.0,160225.0,160245.0,48901,5,154478
WIN$D,M15,1690566300,160245.0,160330.0,160075.0,160295.0,30134,5,97138
WIN$D,M15,1690794000,160965.0,161460.0,160780.0,161445.0,218374,5,570143
WIN$D,M15,1690794900,161445.0,161565.0,161330.0,161360.0,132273,5,363593
WIN$D,M15,1690795800,161365.0,161415.0,161280.0,161355.0,81364,5,226378
WIN$D,M15,1690796700,161350.0,161450.0,161255.0,161290.0,87570,5,252138
WIN$D,M15,1690797600,161290.0,161460.0,161155.0,161240.0,262462,5,815267
WIN$D,M15,1690798500,161240.0,161995.0,161220.0,161800.0,366598,5,1174242
WIN$D,M15,1690799400,161800.0,162245.0,161720.0,162190.0,239910,5,796456
WIN$D,M15,1690800300,162195.0,162385.0,161920.0,162055.0,223310,5,783635
WIN$D,M15,1690801200,162055.0,162310.0,161925.0,161985.0,176418,5,618063
WIN$D,M15,1690802100,161980.0,162015.0,161890.0,161970.0,100381,5,344727
WIN$D,M15,1690803000,161965.0,162050.0,161865.0,161990.0,96741,5,314947
WIN$D,M15,1690803900,161990.0,162130.0,161930.0,162090.0,108563,5,377093
WIN$D,M15,1690804800,162095.0,162300.0,162075.0,162240.0,140795,5,492304
WIN$D,M15,1690805700,162240.0,162350.0,162205.0,162305.0,92235,5,308672
WIN$D,M15,1690806600,162305.0,162450.0,162255.0,162330.0,121758,5,418132
WIN$D,M15,1690807500,162330.0,162410.0,162215.0,162250.0,80460,5,264516
WIN$D,M15,1690808400,162255.0,162275.0,162185.0,162220.0,54364,5,177809
WIN$D,M15,1690809300,162225.0,162260.0,162125.0,162130.0,52631,5,168499
WIN$D,M15,1690810200,162135.0,162180.0,162070.0,162140.0,65752,5,219265
WIN$D,M15,1690811100,162140.0,162225.0,162095.0,162110.0,71252,5,231276
WIN$D,M15,1690812000,162105.0,162140.0,162010.0,162015.0,73575,5,233655
WIN$D,M15,1690812900,162015.0,162025.0,161720.0,161940.0,129373,5,433889
WIN$D,M15,1690813800,161945.0,162300.0,161935.0,162135.0,136128,5,475554
WIN$D,M15,1690814700,162130.0,162235.0,162120.0,162185.0,65811,5,217497
WIN$D,M15,1690815600,162190.0,162350.0,162175.0,162235.0,108915,5,358430
WIN$D,M15,1690816500,162240.0,162255.0,162060.0,162140.0,98312,5,320422
WIN$D,M15,1690817400,162140.0,162175.0,162040.0,162085.0,88487,5,305555
WIN$D,M15,1690818300,162085.0,162200.0,162070.0,162120.0,76335,5,259271
WIN$D,M15,1690819200,162125.0,162140.0,161870.0,161990.0,128446,5,462714
WIN$D,M15,1690820100,161990.0,162040.0,161925.0,162030.0,68018,5,225776
WIN$D,M15,1690821000,162030.0,162240.0,162025.0,162205.0,109266,5,386728
WIN$D,M15,1690821900,162200.0,162300.0,162115.0,162295.0,96167,5,339364
WIN$D,M15,1690822800,162295.0,162320.0,162130.0,162185.0,73037,5,246465
WIN$D,M15,1690823700,162185.0,162255.0,162105.0,162220.0,54986,5,174454
WIN$D,M15,1690824600,162220.0,162265.0,162170.0,162195.0,31868,5,98998
WIN$D,M15,1690825500,162195.0,162240.0,162095.0,162230.0,25451,5,85075
WIN$D,M15,1690880400,161800.0,161815.0,161215.0,161290.0,197949,5,528433
WIN$D,M15,1690881300,161285.0,161300.0,160980.0,161140.0,180630,5,537266
WIN$D,M15,1690882200,161140.0,161150.0,160960.0,161100.0,127330,5,373578
WIN$D,M15,1690883100,161100.0,161205.0,161075.0,161095.0,102781,5,306109
WIN$D,M15,1690884000,161095.0,161425.0,161000.0,161425.0,300047,5,946152
WIN$D,M15,1690884900,161420.0,161570.0,161180.0,161240.0,260869,5,828208
WIN$D,M15,1690885800,161240.0,161260.0,160580.0,160950.0,346137,5,1145430
WIN$D,M15,1690886700,160950.0,161790.0,160940.0,161585.0,313569,5,1090559
WIN$D,M15,1690887600,161580.0,161800.0,161375.0,161425.0,195782,5,641977
WIN$D,M15,1690888500,161430.0,161465.0,160955.0,161290.0,230346,5,821106
WIN$D,M15,1690889400,161290.0,161340.0,160880.0,161110.0,167545,5,573730
WIN$D,M15,1690890300,161110.0,161120.0,160795.0,160900.0,142705,5,510896
WIN$D,M15,1690891200,160900.0,161120.0,160780.0,161020.0,126385,5,454125
WIN$D,M15,1690892100,161025.0,161040.0,160845.0,160980.0,101759,5,348520
WIN$D,M15,1690893000,160980.0,161175.0,160930.0,161005.0,108144,5,358950
WIN$D,M15,1690893900,161005.0,161070.0,160745.0,160790.0,113952,5,401088
WIN$D,M15,1690894800,160790.0,160795.0,160300.0,160440.0,174791,5,639097
WIN$D,M15,1690895700,160440.0,160660.0,160430.0,160595.0,82501,5,299976
WIN$D,M15,1690896600,160590.0,160890.0,160550.0,160870.0,100938,5,366080
WIN$D,M15,1690897500,160865.0,160875.0,160760.0,160805.0,63443,5,216956
WIN$D,M15,1690898400,160805.0,160870.0,160770.0,160800.0,52301,5,179938
WIN$D,M15,1690899300,160800.0,160970.0,160790.0,160895.0,86004,5,309457
WIN$D,M15,1690900200,160895.0,161380.0,160870.0,161310.0,140180,5,513873
WIN$D,M15,1690901100,161305.0,161320.0,161065.0,161155.0,94213,5,345798
WIN$D,M15,1690902000,161160.0,161230.0,161045.0,161210.0,88910,5,320739
WIN$D,M15,1690902900,161210.0,161275.0,161035.0,161095.0,99414,5,363509
WIN$D,M15,1690903800,161100.0,161170.0,161070.0,161130.0,57502,5,213408
WIN$D,M15,1690904700,161130.0,161345.0,161125.0,161225.0,91939,5,323214
WIN$D,M15,1690905600,161225.0,161305.0,161155.0,161170.0,70139,5,250466
WIN$D,M15,1690906500,161175.0,161400.0,161115.0,161335.0,90100,5,334660
WIN$D,M15,1690907400,161340.0,161730.0,161290.0,161325.0,157858,5,621322
WIN$D,M15,1690908300,161325.0,161465.0,161315.0,161400.0,80140,5,278172
WIN$D,M15,1690909200,161405.0,161525.0,161395.0,161435.0,50875,5,185264
WIN$D,M15,1690910100,161430.0,161470.0,161335.0,161390.0,39913,5,135035
WIN$D,M15,1690911000,161390.0,161460.0,161360.0,161430.0,28578,5,95335
WIN$D,M15,1690911900,161430.0,161435.0,161195.0,161195.0,24049,5,99420
WIN$D,M15,1690966800,160605.0,160965.0,160470.0,160700.0,247205,5,652893
WIN$D,M15,1690967700,160700.0,160855.0,160505.0,160800.0,212306,5,572697
WIN$D,M15,1690968600,160800.0,161010.0,160755.0,160955.0,164677,5,481085
WIN$D,M15,1690969500,160950.0,161020.0,160870.0,160890.0,89896,5,263390
WIN$D,M15,1690970400,160890.0,161010.0,160625.0,160900.0,296691,5,890082
WIN$D,M15,1690971300,160905.0,161070.0,160785.0,161030.0,227136,5,719461
WIN$D,M15,1690972200,161035.0,161090.0,160435.0,160650.0,332958,5,1078624
WIN$D,M15,1690973100,160645.0,160950.0,160640.0,160940.0,177575,5,576016
WIN$D,M15,1690974000,160940.0,161005.0,160615.0,160670.0,184925,5,625756
WIN$D,M15,1690974900,160665.0,160860.0,160525.0,160755.0,183860,5,625101
WIN$D,M15,1690975800,160755.0,160945.0,160350.0,160415.0,227980,5,818843
WIN$D,M15,1690976700,160415.0,160590.0,159840.0,159995.0,288310,5,1006092
WIN$D,M15,1690977600,159995.0,160315.0,159990.0,160285.0,114395,5,401226
WIN$D,M15,1690978500,160285.0,160635.0,160190.0,160510.0,149112,5,518783
WIN$D,M15,1690979400,160510.0,160525.0,160395.0,160510.0,89096,5,320507
WIN$D,M15,1690980300,160505.0,160585.0,160445.0,160450.0,66483,5,227753
WIN$D,M15,1690981200,160455.0,160480.0,160255.0,160400.0,84540,5,285897
WIN$D,M15,1690982100,160405.0,160495.0,160315.0,160385.0,78277,5,266775
WIN$D,M15,1690983000,160385.0,160535.0,160315.0,160405.0,96599,5,331313
WIN$D,M15,1690983900,160405.0,160455.0,160150.0,160355.0,98961,5,329225
WIN$D,M15,1690984800,160355.0,160655.0,160330.0,160485.0,132605,5,449391
WIN$D,M15,1690985700,160480.0,160550.0,160385.0,160470.0,72170,5,238941
WIN$D,M15,1690986600,160470.0,160515.0,160360.0,160395.0,71479,5,245636
WIN$D,M15,1690987500,160390.0,160515.0,160355.0,160485.0,71104,5,248780
WIN$D,M15,1690988400,160485.0,160725.0,160460.0,160705.0,101225,5,359465
WIN$D,M15,1690989300,160700.0,160920.0,160695.0,160900.0,119659,5,446795
WIN$D,M15,1690990200,160905.0,160915.0,160695.0,160705.0,85285,5,293735
WIN$D,M15,1690991100,160705.0,160845.0,160700.0,160755.0,92117,5,329577
WIN$D,M15,1690992000,160755.0,161235.0,160735.0,161215.0,158525,5,584929
WIN$D,M15,1690992900,161215.0,161425.0,160950.0,160975.0,194846,5,771370
WIN$D,M15,1690993800,160975.0,161005.0,160785.0,160885.0,111982,5,446227
WIN$D,M15,1690994700,160880.0,160980.0,160775.0,160780.0,91583,5,354473
WIN$D,M15,1690995600,160780.0,161090.0,160780.0,161070.0,71097,5,260274
WIN$D,M15,1690996500,161065.0,161145.0,160955.0,161100.0,64247,5,231417
WIN$D,M15,1690997400,161100.0,161165.0,160790.0,160825.0,67701,5,228306
WIN$D,M15,1690998300,160820.0,160880.0,160685.0,160720.0,23507,5,90775
WIN$D,M15,1691053200,161815.0,162475.0,161755.0,161835.0,306382,5,690390
WIN$D,M15,1691054100,161830.0,161955.0,161555.0,161930.0,225186,5,606247
WIN$D,M15,1691055000,161930.0,162065.0,161730.0,161795.0,214185,5,547273
WIN$D,M15,1691055900,161795.0,161970.0,161700.0,161910.0,149464,5,419080
WIN$D,M15,1691056800,161910.0,162160.0,161625.0,161760.0,324002,5,956850
WIN$D,M15,1691057700,161765.0,162315.0,161625.0,161905.0,336521,5,1093050
WIN$D,M15,1691058600,161905.0,162740.0,161900.0,161930.0,388008,5,1305752
WIN$D,M15,1691059500,161925.0,162005.0,161035.0,161055.0,401632,5,1366886
WIN$D,M15,1691060400,161055.0,161270.0,160765.0,161010.0,297247,5,1018497
WIN$D,M15,1691061300,161005.0,161165.0,160655.0,160690.0,228393,5,800155
WIN$D,M15,1691062200,160685.0,161370.0,160660.0,161370.0,193703,5,694210
WIN$D,M15,1691063100,161370.0,161565.0,160960.0,161150.0,199902,5,732679
WIN$D,M15,1691064000,161155.0,161325.0,161115.0,161285.0,113966,5,401841
WIN$D,M15,1691064900,161285.0,161680.0,161260.0,161595.0,130487,5,478840
WIN$D,M15,1691065800,161590.0,161715.0,161480.0,161600.0,117744,5,408485
WIN$D,M15,1691066700,161600.0,161675.0,161425.0,161470.0,88910,5,309770
WIN$D,M15,1691067600,161465.0,161485.0,161315.0,161365.0,88305,5,305916
WIN$D,M15,1691068500,161365.0,161410.0,161055.0,161100.0,109610,5,394080
WIN$D,M15,1691069400,161105.0,161220.0,160985.0,161100.0,108740,5,374764
WIN$D,M15,1691070300,161105.0,161145.0,160930.0,161000.0,90550,5,312802
WIN$D,M15,1691071200,161000.0,161085.0,160730.0,161030.0,135798,5,493408
WIN$D,M15,1691072100,161030.0,161295.0,161015.0,161250.0,112627,5,426810
WIN$D,M15,1691073000,161250.0,161440.0,161195.0,161265.0,109701,5,396571
WIN$D,M15,1691073900,161270.0,161575.0,161195.0,161310.0,134513,5,504749
WIN$D,M15,1691074800,161305.0,161335.0,161110.0,161150.0,81346,5,292049
WIN$D,M15,1691075700,161150.0,161235.0,161080.0,161170.0,67902,5,227705
WIN$D,M15,1691076600,161170.0,161220.0,161015.0,161140.0,95857,5,318622
WIN$D,M15,1691077500,161145.0,161225.0,161015.0,161060.0,104328,5,368122
WIN$D,M15,1691078400,161065.0,161100.0,160660.0,160705.0,157415,5,591537
WIN$D,M15,1691079300,160700.0,160765.0,160370.0,160420.0,173447,5,692238
WIN$D,M15,1691080200,160420.0,160700.0,160410.0,160640.0,109920,5,429172
WIN$D,M15,1691081100,160635.0,160725.0,160335.0,160350.0,99015,5,365456
WIN$D,M15,1691082000,160350.0,160805.0,160340.0,160625.0,94228,5,347061
WIN$D,M15,1691082900,160620.0,160705.0,160425.0,160460.0,75857,5,253519
WIN$D,M15,1691083800,160460.0,160535.0,160175.0,160215.0,82355,5,261732
WIN$D,M15,1691084700,160215.0,160395.0,160190.0,160280.0,24538,5,96081
WIN$D,M15,1691139600,160255.0,160265.0,159590.0,159595.0,268047,5,705292
WIN$D,M15,1691140500,159595.0,159795.0,159500.0,159665.0,193477,5,526171
WIN$D,M15,1691141400,159660.0,160000.0,159225.0,159950.0,413394,5,1023926
WIN$D,M15,1691142300,159950.0,160120.0,159725.0,159920.0,247325,5,730796
WIN$D,M15,1691143200,159920.0,160015.0,159660.0,159710.0,261525,5,808009
WIN$D,M15,1691144100,159705.0,160410.0,159685.0,160360.0,368710,5,1160805
WIN$D,M15,1691145000,160360.0,160400.0,160030.0,160240.0,276138,5,936120
WIN$D,M15,1691145900,160245.0,160545.0,159645.0,159650.0,326120,5,1145263
WIN$D,M15,1691146800,159655.0,160270.0,159615.0,160210.0,235945,5,841498
WIN$D,M15,1691147700,160215.0,160825.0,160210.0,160765.0,289118,5,1012753
WIN$D,M15,1691148600,160765.0,161020.0,160680.0,160995.0,185699,5,675946
WIN$D,M15,1691149500,161000.0,161060.0,160800.0,161055.0,108803,5,372645
WIN$D,M15,1691150400,161055.0,161185.0,160865.0,161090.0,161418,5,582496
WIN$D,M15,1691151300,161085.0,161165.0,160960.0,161150.0,85471,5,295797
WIN$D,M15,1691152200,161145.0,161450.0,161120.0,161435.0,137284,5,505092
WIN$D,M15,1691153100,161440.0,161510.0,161260.0,161320.0,108319,5,413831
WIN$D,M15,1691154000,161320.0,161405.0,161200.0,161285.0,75836,5,277872
WIN$D,M15,1691154900,161280.0,161420.0,161230.0,161325.0,86342,5,313069
WIN$D,M15,1691155800,161325.0,161385.0,161140.0,161205.0,73769,5,265100
WIN$D,M15,1691156700,161205.0,161225.0,161105.0,161150.0,68163,5,250604
WIN$D,M15,1691157600,161150.0,161165.0,160855.0,160925.0,121328,5,455945
WIN$D,M15,1691158500,160925.0,160960.0,160800.0,160850.0,82889,5,297648
WIN$D,M15,1691159400,160855.0,160920.0,160740.0,160810.0,89527,5,318736
WIN$D,M15,1691160300,160810.0,160865.0,160625.0,160695.0,91253,5,329284
WIN$D,M15,1691161200,160695.0,160730.0,160175.0,160350.0,204827,5,805098
WIN$D,M15,1691162100,160350.0,160425.0,159720.0,159875.0,238247,5,946959
WIN$D,M15,1691163000,159880.0,159960.0,159630.0,159700.0,170862,5,648480
WIN$D,M15,1691163900,159700.0,159900.0,159530.0,159695.0,166352,5,648526
WIN$D,M15,1691164800,159700.0,159740.0,159370.0,159560.0,153986,5,602195
WIN$D,M15,1691165700,159560.0,159650.0,159290.0,159365.0,123134,5,484021
WIN$D,M15,1691166600,159370.0,159655.0,159180.0,159210.0,150812,5,623785
WIN$D,M15,1691167500,159210.0,159375.0,159115.0,159140.0,108186,5,432661
WIN$D,M15,1691168400,159140.0,159545.0,159135.0,159485.0,86880,5,323056
WIN$D,M15,1691169300,159485.0,159565.0,159420.0,159500.0,51003,5,187800
WIN$D,M15,1691170200,159505.0,159540.0,159355.0,159425.0,48297,5,163170
WIN$D,M15,1691171100,159425.0,159505.0,159380.0,159455.0,21340,5,68951
WIN$D,M15,1691398800,159735.0,159760.0,159275.0,159355.0,239390,5,569641
WIN$D,M15,1691399700,159360.0,159630.0,159300.0,159455.0,183232,5,500689
WIN$D,M15,1691400600,159455.0,159650.0,159375.0,159480.0,150124,5,431464
WIN$D,M15,1691401500,159480.0,159590.0,159410.0,159535.0,121368,5,351127
WIN$D,M15,1691402400,159535.0,159555.0,159180.0,159255.0,326461,5,983703
WIN$D,M15,1691403300,159255.0,160070.0,159155.0,159710.0,393418,5,1207791
WIN$D,M15,1691404200,159710.0,159810.0,159035.0,159080.0,305862,5,1021538
WIN$D,M15,1691405100,159080.0,159385.0,158915.0,159245.0,298824,5,979518
WIN$D,M15,1691406000,159245.0,159285.0,158900.0,159280.0,218642,5,724417
WIN$D,M15,1691406900,159280.0,159280.0,159055.0,159140.0,119510,5,388901
WIN$D,M15,1691407800,159140.0,159330.0,159070.0,159235.0,126960,5,394053
WIN$D,M15,1691408700,159235.0,159440.0,158850.0,158975.0,234923,5,766586
WIN$D,M15,1691409600,158970.0,159135.0,158805.0,159095.0,165382,5,561369
WIN$D,M15,1691410500,159095.0,159235.0,158950.0,159095.0,143710,5,476490
WIN$D,M15,1691411400,159100.0,159190.0,158950.0,159120.0,120924,5,451744
WIN$D,M15,1691412300,159115.0,159230.0,159085.0,159145.0,63119,5,210015
WIN$D,M15,1691413200,159150.0,159215.0,159090.0,159170.0,58408,5,203553
WIN$D,M15,1691414100,159175.0,159220.0,159075.0,159185.0,56726,5,187093
WIN$D,M15,1691415000,159180.0,159265.0,159110.0,159245.0,55711,5,184518
WIN$D,M15,1691415900,159250.0,159335.0,159125.0,159300.0,82266,5,272957
WIN$D,M15,1691416800,159295.0,159345.0,159090.0,159105.0,89845,5,293107
WIN$D,M15,1691417700,159105.0,159280.0,159085.0,159225.0,75873,5,253465
WIN$D,M15,1691418600,159230.0,159425.0,159210.0,159345.0,116451,5,387694
WIN$D,M15,1691419500,159350.0,159525.0,159345.0,159520.0,100118,5,328637
WIN$D,M15,1691420400,159515.0,159675.0,159460.0,159510.0,124163,5,425395
WIN$D,M15,1691421300,159510.0,159530.0,159385.0,159465.0,79272,5,277687
WIN$D,M15,1691422200,159470.0,159550.0,159390.0,159490.0,97482,5,345925
WIN$D,M15,1691423100,159495.0,159540.0,159315.0,159440.0,86432,5,292998
WIN$D,M15,1691424000,159440.0,159470.0,159275.0,159280.0,97951,5,341946
WIN$D,M15,1691424900,159275.0,159465.0,159260.0,159405.0,80686,5,273849
WIN$D,M15,1691425800,159410.0,159425.0,159245.0,159350.0,82303,5,283496
WIN$D,M15,1691426700,159345.0,159455.0,159250.0,159365.0,97016,5,333887
WIN$D,M15,1691427600,159365.0,159430.0,159305.0,159425.0,60381,5,225312
WIN$D,M15,1691428500,159425.0,159435.0,159210.0,159255.0,57417,5,193447
WIN$D,M15,1691429400,159255.0,159285.0,159090.0,159125.0,61240,5,202904
WIN$D,M15,1691430300,159120.0,159145.0,158975.0,159105.0,32409,5,123858
WIN$D,M15,1691485200,158250.0,158255.0,157615.0,157735.0,312779,5,816222
WIN$D,M15,1691486100,157735.0,157770.0,157190.0,157375.0,263145,5,785256
WIN$D,M15,1691487000,157375.0,157575.0,157300.0,157510.0,147768,5,438312
WIN$D,M15,1691487900,157510.0,157720.0,157430.0,157555.0,148380,5,443532
WIN$D,M15,1691488800,157560.0,157925.0,157400.0,157855.0,263267,5,780873
WIN$D,M15,1691489700,157860.0,157950.0,157510.0,157930.0,317450,5,974116
WIN$D,M15,1691490600,157930.0,158055.0,157590.0,157945.0,300513,5,962095
WIN$D,M15,1691491500,157945.0,158070.0,157580.0,158020.0,264174,5,862201
WIN$D,M15,1691492400,158025.0,158295.0,157890.0,158085.0,242187,5,777814
WIN$D,M15,1691493300,158085.0,158525.0,157895.0,158515.0,223652,5,728640
WIN$D,M15,1691494200,158515.0,158715.0,158270.0,158665.0,201144,5,654588
WIN$D,M15,1691495100,158665.0,158700.0,158300.0,158335.0,162239,5,511501
WIN$D,M15,1691496000,158330.0,158935.0,158300.0,158920.0,162345,5,530787
WIN$D,M15,1691496900,158915.0,158965.0,158725.0,158850.0,124121,5,418091
WIN$D,M15,1691497800,158850.0,159035.0,158785.0,158925.0,114244,5,385145
WIN$D,M15,1691498700,158925.0,159045.0,158890.0,158960.0,81713,5,269902
WIN$D,M15,1691499600,158955.0,159060.0,158770.0,158990.0,111663,5,362733
WIN$D,M15,1691500500,158985.0,159055.0,158865.0,158895.0,92411,5,292109
WIN$D,M15,1691501400,158900.0,158985.0,158795.0,158835.0,79803,5,253890
WIN$D,M15,1691502300,158835.0,158905.0,158735.0,158875.0,89560,5,286555
WIN$D,M15,1691503200,158875.0,159180.0,158855.0,159155.0,150309,5,480103
WIN$D,M15,1691504100,159160.0,159325.0,159015.0,159320.0,140560,5,512438
WIN$D,M15,1691505000,159315.0,159425.0,159150.0,159230.0,151799,5,562810
WIN$D,M15,1691505900,159235.0,159460.0,159160.0,159335.0,122647,5,457985
WIN$D,M15,1691506800,159335.0,159345.0,158970.0,159120.0,120415,5,462369
WIN$D,M15,1691507700,159115.0,159150.0,158995.0,159035.0,69714,5,228410
WIN$D,M15,1691508600,159035.0,159100.0,158880.0,159035.0,102461,5,344614
WIN$D,M15,1691509500,159040.0,159195.0,159035.0,159095.0,77266,5,265229
WIN$D,M15,1691510400,159090.0,159160.0,159010.0,159070.0,84710,5,308102
WIN$D,M15,1691511300,159070.0,159125.0,159020.0,159105.0,51206,5,171864
WIN$D,M15,1691512200,159100.0,159120.0,158830.0,158985.0,122657,5,447492
WIN$D,M15,1691513100,158985.0,159025.0,158815.0,158915.0,83234,5,298358
WIN$D,M15,1691514000,158915.0,159020.0,158905.0,158930.0,50224,5,174145
WIN$D,M15,1691514900,158930.0,158935.0,158825.0,158865.0,45167,5,148812
WIN$D,M15,1691515800,158865.0,158905.0,158800.0,158865.0,41984,5,143368
WIN$D,M15,1691516700,158860.0,159045.0,158825.0,158825.0,31053,5,114957
WIN$D,M15,1691571600,159315.0,159315.0,158590.0,158715.0,265022,5,678569
WIN$D,M15,1691572500,158715.0,158770.0,158515.0,158720.0,165707,5,491717
WIN$D,M15,1691573400,158720.0,158760.0,158485.0,158595.0,223787,5,687615
WIN$D,M15,1691574300,158595.0,158715.0,158500.0,158540.0,142415,5,433807
WIN$D,M15,1691575200,158535.0,158650.0,158210.0,158600.0,345640,5,1102817
WIN$D,M15,1691576100,158600.0,158600.0,158105.0,158205.0,299024,5,966576
WIN$D,M15,1691577000,158205.0,158445.0,157875.0,158435.0,304161,5,1052667
WIN$D,M15,1691577900,158430.0,158595.0,158085.0,158550.0,298368,5,1005833
WIN$D,M15,1691578800,158550.0,158595.0,158340.0,158530.0,211372,5,743200
WIN$D,M15,1691579700,158530.0,158575.0,158045.0,158215.0,263346,5,937797
WIN$D,M15,1691580600,158215.0,158465.0,158130.0,158400.0,187800,5,656814
WIN$D,M15,1691581500,158400.0,158500.0,158020.0,158045.0,162047,5,563917
WIN$D,M15,1691582400,158045.0,158200.0,157810.0,157815.0,195914,5,692305
WIN$D,M15,1691583300,157820.0,157875.0,157670.0,157725.0,166365,5,604453
WIN$D,M15,1691584200,157730.0,157980.0,157720.0,157860.0,103526,5,370366
WIN$D,M15,1691585100,157860.0,157895.0,157705.0,157835.0,104197,5,365168
WIN$D,M15,1691586000,157835.0,158090.0,157820.0,157920.0,109636,5,384101
WIN$D,M15,1691586900,157915.0,158005.0,157795.0,157910.0,98044,5,342333
WIN$D,M15,1691587800,157915.0,157970.0,157745.0,157765.0,88662,5,314867
WIN$D,M15,1691588700,157760.0,158005.0,157725.0,157945.0,98334,5,367596
WIN$D,M15,1691589600,157940.0,158105.0,157935.0,158090.0,75253,5,261832
WIN$D,M15,1691590500,158090.0,158155.0,157985.0,158000.0,86901,5,298846
WIN$D,M15,1691591400,157995.0,158185.0,157945.0,158060.0,100215,5,356073
WIN$D,M15,1691592300,158060.0,158120.0,157980.0,158065.0,73123,5,246878
WIN$D,M15,1691593200,158060.0,158165.0,158000.0,158070.0,91331,5,319821
WIN$D,M15,1691594100,158065.0,158240.0,158040.0,158120.0,126478,5,468095
WIN$D,M15,1691595000,158125.0,158200.0,158015.0,158050.0,73788,5,263118
WIN$D,M15,1691595900,158045.0,158100.0,157960.0,157985.0,88371,5,329844
WIN$D,M15,1691596800,157985.0,158080.0,157935.0,157975.0,86783,5,325855
WIN$D,M15,1691597700,157970.0,158100.0,157920.0,158095.0,84003,5,330237
WIN$D,M15,1691598600,158090.0,158195.0,158040.0,158160.0,95467,5,398178
WIN$D,M15,1691599500,158160.0,158215.0,158035.0,158145.0,105914,5,427262
WIN$D,M15,1691600400,158140.0,158275.0,158100.0,158270.0,62277,5,223150
WIN$D,M15,1691601300,158265.0,158270.0,158185.0,158205.0,36585,5,133840
WIN$D,M15,1691602200,158205.0,158255.0,158190.0,158200.0,30720,5,117492
WIN$D,M15,1691603100,158200.0,158275.0,158165.0,158195.0,20355,5,88561
WIN$D,M15,1691658000,158675.0,158965.0,158355.0,158815.0,232259,5,616700
WIN$D,M15,1691658900,158815.0,158975.0,158690.0,158855.0,184544,5,500748
WIN$D,M15,1691659800,158855.0,159100.0,158540.0,158635.0,282973,5,775328
WIN$D,M15,1691660700,158635.0,158885.0,158605.0,158860.0,150097,5,458787
WIN$D,M15,1691661600,158860.0,158965.0,158650.0,158805.0,231998,5,726563
WIN$D,M15,1691662500,158810.0,159070.0,158650.0,158665.0,267367,5,859120
WIN$D,M15,1691663400,158670.0,158830.0,158425.0,158715.0,310873,5,1055349
WIN$D,M15,1691664300,158710.0,159270.0,158685.0,159240.0,264650,5,887383
WIN$D,M15,1691665200,159235.0,159270.0,158775.0,158975.0,213816,5,727509
WIN$D,M15,1691666100,158980.0,159010.0,158710.0,158915.0,158724,5,548105
WIN$D,M15,1691667000,158915.0,158975.0,158610.0,158730.0,143691,5,486063
WIN$D,M15,1691667900,158725.0,158780.0,158480.0,158770.0,162788,5,572870
WIN$D,M15,1691668800,158770.0,158785.0,158490.0,158650.0,130892,5,457528
WIN$D,M15,1691669700,158645.0,158730.0,158530.0,158660.0,103805,5,365190
WIN$D,M15,1691670600,158665.0,158695.0,158515.0,158605.0,96396,5,340919
WIN$D,M15,1691671500,158605.0,158720.0,158330.0,158695.0,160916,5,576074
WIN$D,M15,1691672400,158690.0,158715.0,158555.0,158625.0,73549,5,250487
WIN$D,M15,1691673300,158625.0,158645.0,158250.0,158330.0,135295,5,477218
WIN$D,M15,1691674200,158330.0,158680.0,158310.0,158570.0,121494,5,443260
WIN$D,M15,1691675100,158570.0,158695.0,158445.0,158535.0,103585,5,366892
WIN$D,M15,1691676000,158540.0,158595.0,158420.0,158540.0,102165,5,363865
WIN$D,M15,1691676900,158540.0,158570.0,158370.0,158415.0,79439,5,276877
WIN$D,M15,1691677800,158415.0,158430.0,158265.0,158355.0,107243,5,387428
WIN$D,M15,1691678700,158350.0,158505.0,158215.0,158245.0,131047,5,463381
WIN$D,M15,1691679600,158245.0,158520.0,158225.0,158445.0,104616,5,369688
WIN$D,M15,1691680500,158440.0,158485.0,158365.0,158370.0,69883,5,245196
WIN$D,M15,1691681400,158370.0,158450.0,158315.0,158410.0,69820,5,233428
WIN$D,M15,1691682300,158410.0,158505.0,158395.0,158475.0,67296,5,243640
WIN$D,M15,1691683200,158480.0,158490.0,158300.0,158395.0,81250,5,285527
WIN$D,M15,1691684100,158400.0,158440.0,157950.0,157975.0,160566,5,603848
WIN$D,M15,1691685000,157975.0,158105.0,157845.0,158010.0,128791,5,510699
WIN$D,M15,1691685900,158010.0,158120.0,157975.0,158055.0,76805,5,283383
WIN$D,M15,1691686800,158055.0,158160.0,157940.0,157970.0,64871,5,232601
WIN$D,M15,1691687700,157975.0,158010.0,157885.0,157960.0,53070,5,179564
WIN$D,M15,1691688600,157955.0,157965.0,157720.0,157755.0,61641,5,224719
WIN$D,M15,1691689500,157755.0,157780.0,157665.0,157665.0,24280,5,105266
WIN$D,M15,1691744400,157925.0,158200.0,157605.0,158185.0,248070,5,649163
WIN$D,M15,1691745300,158180.0,158470.0,158145.0,158375.0,172635,5,525705
WIN$D,M15,1691746200,158380.0,158585.0,158225.0,158235.0,234058,5,678566
WIN$D,M15,1691747100,158235.0,158280.0,157980.0,158045.0,195571,5,580053
WIN$D,M15,1691748000,158040.0,158320.0,157985.0,158310.0,192087,5,616995
WIN$D,M15,1691748900,158310.0,158835.0,158305.0,158630.0,303700,5,983252
WIN$D,M15,1691749800,158630.0,158835.0,158440.0,158545.0,261742,5,859008
WIN$D,M15,1691750700,158545.0,158590.0,158245.0,158435.0,191842,5,634106
WIN$D,M15,1691751600,158430.0,158765.0,158390.0,158515.0,204677,5,694779
WIN$D,M15,1691752500,158515.0,158795.0,158345.0,158500.0,193864,5,668481
WIN$D,M15,1691753400,158505.0,158660.0,158410.0,158490.0,125170,5,451723
WIN$D,M15,1691754300,158490.0,158520.0,158295.0,158410.0,120738,5,454433
WIN$D,M15,1691755200,158410.0,158600.0,158160.0,158165.0,122611,5,448969
WIN$D,M15,1691756100,158165.0,158375.0,158165.0,158260.0,95066,5,345972
WIN$D,M15,1691757000,158260.0,158340.0,158130.0,158255.0,115299,5,437182
WIN$D,M15,1691757900,158250.0,158280.0,158090.0,158265.0,90541,5,314654
WIN$D,M15,1691758800,158270.0,158355.0,158165.0,158210.0,102535,5,358994
WIN$D,M15,1691759700,158210.0,158600.0,158210.0,158350.0,135060,5,499241
WIN$D,M15,1691760600,158350.0,158425.0,158215.0,158240.0,80394,5,289211
WIN$D,M15,1691761500,158240.0,158310.0,157855.0,157875.0,113393,5,408674
WIN$D,M15,1691762400,157875.0,158030.0,157310.0,157350.0,222565,5,852045
WIN$D,M15,1691763300,157350.0,157645.0,157315.0,157590.0,111274,5,422515
WIN$D,M15,1691764200,157595.0,157625.0,157210.0,157285.0,147533,5,564588
WIN$D,M15,1691765100,157290.0,157410.0,157235.0,157385.0,78470,5,293522
WIN$D,M15,1691766000,157390.0,157500.0,157125.0,157175.0,127986,5,463788
WIN$D,M15,1691766900,157175.0,157465.0,157150.0,157165.0,120443,5,448867
WIN$D,M15,1691767800,157165.0,157335.0,157125.0,157335.0,91859,5,342118
WIN$D,M15,1691768700,157335.0,157505.0,157265.0,157450.0,88891,5,337125
WIN$D,M15,1691769600,157450.0,157535.0,157380.0,157400.0,74485,5,289914
WIN$D,M15,1691770500,157395.0,157605.0,157355.0,157545.0,90063,5,357052
WIN$D,M15,1691771400,157545.0,157755.0,157520.0,157645.0,102908,5,408221
WIN$D,M15,1691772300,157645.0,157715.0,157555.0,157675.0,79147,5,310234
WIN$D,M15,1691773200,157675.0,157795.0,157665.0,157730.0,60238,5,217375
WIN$D,M15,1691774100,157735.0,157785.0,157675.0,157755.0,36095,5,124924
WIN$D,M15,1691775000,157755.0,157870.0,157720.0,157840.0,40227,5,137204
WIN$D,M15,1691775900,157845.0,157885.0,157765.0,157865.0,21570,5,72349
WIN$D,M15,1692003600,157745.0,157805.0,157030.0,157200.0,252735,5,660390
WIN$D,M15,1692004500,157200.0,157315.0,157025.0,157070.0,190037,5,521964
WIN$D,M15,1692005400,157065.0,157165.0,156890.0,157125.0,186121,5,559538
WIN$D,M15,1692006300,157120.0,157385.0,157120.0,157365.0,135022,5,420375
WIN$D,M15,1692007200,157370.0,157565.0,157005.0,157220.0,325581,5,1035387
WIN$D,M15,1692008100,157220.0,157440.0,157075.0,157150.0,294777,5,959570
WIN$D,M15,1692009000,157150.0,157245.0,156675.0,156735.0,352772,5,1128725
WIN$D,M15,1692009900,156735.0,156750.0,156285.0,156705.0,253813,5,885553
WIN$D,M15,1692010800,156705.0,156880.0,156525.0,156830.0,153669,5,534033
WIN$D,M15,1692011700,156830.0,156935.0,156655.0,156670.0,143020,5,535209
WIN$D,M15,1692012600,156665.0,156975.0,156645.0,156865.0,128930,5,430660
WIN$D,M15,1692013500,156865.0,156880.0,156555.0,156580.0,133382,5,448210
WIN$D,M15,1692014400,156575.0,156610.0,156390.0,156450.0,141149,5,502444
WIN$D,M15,1692015300,156450.0,156795.0,156445.0,156765.0,110096,5,386746
WIN$D,M15,1692016200,156765.0,156820.0,156625.0,156735.0,91600,5,307974
WIN$D,M15,1692017100,156735.0,156915.0,156735.0,156810.0,82387,5,282614
WIN$D,M15,1692018000,156815.0,157020.0,156795.0,156845.0,105597,5,370952
WIN$D,M15,1692018900,156850.0,156935.0,156785.0,156910.0,74516,5,253224
WIN$D,M15,1692019800,156910.0,156920.0,156775.0,156795.0,61317,5,203932
WIN$D,M15,1692020700,156800.0,156885.0,156755.0,156800.0,72367,5,240971
WIN$D,M15,1692021600,156805.0,157130.0,156805.0,156985.0,121903,5,431095
WIN$D,M15,1692022500,156985.0,157000.0,156760.0,156810.0,91310,5,312080
WIN$D,M15,1692023400,156815.0,156865.0,156710.0,156780.0,78941,5,268707
WIN$D,M15,1692024300,156780.0,156785.0,156640.0,156730.0,92047,5,323157
WIN$D,M15,1692025200,156730.0,156775.0,156520.0,156595.0,116253,5,429490
WIN$D,M15,1692026100,156590.0,156635.0,156345.0,156405.0,125819,5,486875
WIN$D,M15,1692027000,156405.0,156555.0,156325.0,156475.0,111660,5,414346
WIN$D,M15,1692027900,156475.0,156490.0,156325.0,156425.0,82079,5,319521
WIN$D,M15,1692028800,156425.0,156525.0,156370.0,156440.0,88626,5,329959
WIN$D,M15,1692029700,156435.0,156450.0,156220.0,156315.0,129191,5,487111
WIN$D,M15,1692030600,156315.0,156510.0,156310.0,156485.0,94364,5,373851
WIN$D,M15,1692031500,156485.0,156605.0,156455.0,156555.0,88694,5,355258
WIN$D,M15,1692032400,156550.0,156565.0,156440.0,156490.0,66772,5,247201
WIN$D,M15,1692033300,156495.0,156580.0,156470.0,156540.0,41751,5,140265
WIN$D,M15,1692034200,156545.0,156550.0,156295.0,156310.0,59838,5,203981
WIN$D,M15,1692035100,156310.0,156410.0,156280.0,156285.0,26139,5,100206
WIN$D,M15,1692090000,155645.0,156595.0,155385.0,156585.0,379374,5,1075418
WIN$D,M15,1692090900,156580.0,156670.0,156355.0,156665.0,182810,5,509523
WIN$D,M15,1692091800,156670.0,156805.0,156410.0,156760.0,275031,5,794006
WIN$D,M15,1692092700,156760.0,156900.0,156685.0,156730.0,166184,5,545118
WIN$D,M15,1692093600,156730.0,157275.0,156695.0,157155.0,335152,5,1113442
WIN$D,M15,1692094500,157155.0,157170.0,156665.0,156905.0,260064,5,841864
WIN$D,M15,1692095400,156905.0,156935.0,156325.0,156760.0,328112,5,1094460
WIN$D,M15,1692096300,156765.0,156950.0,156610.0,156835.0,213925,5,699478
WIN$D,M15,1692097200,156830.0,156840.0,156300.0,156515.0,251687,5,852851
WIN$D,M15,1692098100,156520.0,156610.0,156250.0,156260.0,192162,5,643947
WIN$D,M15,1692099000,156260.0,156335.0,155845.0,156180.0,226855,5,813613
WIN$D,M15,1692099900,156180.0,156245.0,155870.0,155910.0,144960,5,491067
WIN$D,M15,1692100800,155910.0,156410.0,155895.0,156380.0,147241,5,524329
WIN$D,M15,1692101700,156385.0,156545.0,156175.0,156535.0,122735,5,432818
WIN$D,M15,1692102600,156535.0,156665.0,156365.0,156400.0,119967,5,425433
WIN$D,M15,1692103500,156400.0,156455.0,156245.0,156320.0,86575,5,301845
WIN$D,M15,1692104400,156320.0,156420.0,156195.0,156250.0,89278,5,301514
WIN$D,M15,1692105300,156255.0,156290.0,155950.0,156045.0,132829,5,456179
WIN$D,M15,1692106200,156040.0,156205.0,156005.0,156110.0,92453,5,325350
WIN$D,M15,1692107100,156105.0,156200.0,155895.0,156160.0,107637,5,383083
WIN$D,M15,1692108000,156160.0,156230.0,156105.0,156170.0,64214,5,221279
WIN$D,M15,1692108900,156170.0,156270.0,156100.0,156195.0,75181,5,278972
WIN$D,M15,1692109800,156200.0,156220.0,156070.0,156180.0,78899,5,287555
WIN$D,M15,1692110700,156175.0,156405.0,156170.0,156380.0,130680,5,466440
WIN$D,M15,1692111600,156380.0,156420.0,156210.0,156310.0,94375,5,333839
WIN$D,M15,1692112500,156305.0,156315.0,156130.0,156165.0,80939,5,276116
WIN$D,M15,1692113400,156165.0,156250.0,156095.0,156210.0,76420,5,262813
WIN$D,M15,1692114300,156205.0,156230.0,156080.0,156145.0,67696,5,239605
WIN$D,M15,1692115200,156150.0,156205.0,155955.0,155960.0,76608,5,279693
WIN$D,M15,1692116100,155955.0,156245.0,155895.0,155920.0,141967,5,560235
WIN$D,M15,1692117000,155920.0,155930.0,155555.0,155780.0,183195,5,690316
WIN$D,M15,1692117900,155780.0,155875.0,155615.0,155640.0,84773,5,306963
WIN$D,M15,1692118800,155640.0,155740.0,155515.0,155565.0,80675,5,312905
WIN$D,M15,1692119700,155565.0,155575.0,155390.0,155455.0,82735,5,276658
WIN$D,M15,1692120600,155450.0,155490.0,155290.0,155310.0,76046,5,227705
WIN$D,M15,1692121500,155310.0,155345.0,155240.0,155340.0,27315,5,97502
WIN$D,M15,1692176400,155705.0,156100.0,155545.0,155740.0,218077,5,603222
WIN$D,M15,1692177300,155740.0,155795.0,155605.0,155790.0,106705,5,307599
WIN$D,M15,1692178200,155790.0,155850.0,155570.0,155685.0,143405,5,402923
WIN$D,M15,1692179100,155680.0,155715.0,155440.0,155670.0,162611,5,488512
WIN$D,M15,1692180000,155670.0,155785.0,155400.0,155735.0,277358,5,880217
WIN$D,M15,1692180900,155735.0,156285.0,155630.0,156000.0,358063,5,1155120
WIN$D,M15,1692181800,156000.0,156230.0,155825.0,155965.0,265534,5,851444
WIN$D,M15,1692182700,155960.0,156300.0,155820.0,156020.0,220253,5,731973
WIN$D,M15,1692183600,156020.0,156380.0,155900.0,156155.0,188381,5,627217
WIN$D,M15,1692184500,156160.0,156425.0,156050.0,156350.0,157557,5,548968
WIN$D,M15,1692185400,156355.0,156825.0,156330.0,156755.0,233447,5,883456
WIN$D,M15,1692186300,156755.0,156925.0,156570.0,156715.0,162043,5,633597
WIN$D,M15,1692187200,156720.0,156750.0,156470.0,156575.0,124990,5,446520
WIN$D,M15,1692188100,156575.0,156590.0,156330.0,156430.0,92354,5,353944
WIN$D,M15,1692189000,156425.0,156540.0,156380.0,156420.0,74624,5,267348
WIN$D,M15,1692189900,156420.0,156505.0,156310.0,156485.0,75289,5,262248
WIN$D,M15,1692190800,156490.0,156510.0,155980.0,156075.0,116732,5,413601
WIN$D,M15,1692191700,156070.0,156175.0,156025.0,156115.0,91220,5,337112
WIN$D,M15,1692192600,156115.0,156125.0,155945.0,155965.0,87425,5,311451
WIN$D,M15,1692193500,155970.0,156210.0,155915.0,156090.0,101133,5,342836
WIN$D,M15,1692194400,156090.0,156140.0,155835.0,155895.0,140673,5,524930
WIN$D,M15,1692195300,155890.0,156110.0,155810.0,156030.0,96464,5,328398
WIN$D,M15,1692196200,156035.0,156080.0,155940.0,156030.0,70469,5,229906
WIN$D,M15,1692197100,156030.0,156130.0,156005.0,156100.0,59155,5,202013
WIN$D,M15,1692198000,156100.0,156175.0,155800.0,156000.0,149873,5,498419
WIN$D,M15,1692198900,156000.0,156235.0,155925.0,156050.0,126008,5,454453
WIN$D,M15,1692199800,156050.0,156255.0,156030.0,156070.0,92198,5,319001
WIN$D,M15,1692200700,156070.0,156090.0,155690.0,155830.0,122185,5,437691
WIN$D,M15,1692201600,155835.0,155915.0,155505.0,155665.0,133266,5,500052
WIN$D,M15,1692202500,155665.0,155720.0,155340.0,155405.0,144369,5,548217
WIN$D,M15,1692203400,155405.0,155520.0,155015.0,155085.0,169050,5,627243
WIN$D,M15,1692204300,155085.0,155235.0,154820.0,154930.0,139445,5,514235
WIN$D,M15,1692205200,154935.0,155145.0,154895.0,155055.0,63373,5,222430
WIN$D,M15,1692206100,155055.0,155060.0,154885.0,155000.0,42626,5,139751
WIN$D,M15,1692207000,155000.0,155100.0,154935.0,154995.0,46049,5,146840
WIN$D,M15,1692207900,154990.0,155110.0,154950.0,155085.0,24182,5,74081
WIN$D,M15,1692262800,155825.0,156075.0,155645.0,155785.0,211455,5,589573
WIN$D,M15,1692263700,155785.0,155855.0,155650.0,155755.0,98658,5,296607
WIN$D,M15,1692264600,155750.0,155915.0,155620.0,155820.0,153014,5,441730
WIN$D,M15,1692265500,155825.0,155965.0,155625.0,155930.0,156583,5,475709
WIN$D,M15,1692266400,155925.0,156010.0,155635.0,155880.0,282639,5,849673
WIN$D,M15,1692267300,155880.0,156125.0,155740.0,155795.0,260933,5,801179
WIN$D,M15,1692268200,155790.0,156095.0,155615.0,156005.0,284435,5,950608
WIN$D,M15,1692269100,156010.0,156120.0,155500.0,155560.0,266828,5,858330
WIN$D,M15,1692270000,155565.0,155780.0,155530.0,155710.0,198022,5,656013
WIN$D,M15,1692270900,155705.0,155795.0,155510.0,155595.0,147746,5,483251
WIN$D,M15,1692271800,155595.0,155655.0,155070.0,155220.0,244474,5,837043
WIN$D,M15,1692272700,155225.0,155320.0,154915.0,154945.0,188984,5,666896
WIN$D,M15,1692273600,154945.0,155035.0,154805.0,154955.0,161295,5,574811
WIN$D,M15,1692274500,154960.0,155040.0,154770.0,154845.0,122343,5,418858
WIN$D,M15,1692275400,154850.0,155005.0,154835.0,154855.0,89270,5,312918
WIN$D,M15,1692276300,154855.0,154940.0,154585.0,154825.0,146804,5,558657
WIN$D,M15,1692277200,154830.0,154910.0,154670.0,154880.0,85098,5,302276
WIN$D,M15,1692278100,154880.0,155155.0,154870.0,155130.0,104104,5,375292
WIN$D,M15,1692279000,155135.0,155180.0,154945.0,154975.0,95224,5,349542
WIN$D,M15,1692279900,154975.0,155135.0,154930.0,155115.0,79057,5,274535
WIN$D,M15,1692280800,155120.0,155145.0,154885.0,154955.0,91959,5,321608
WIN$D,M15,1692281700,154950.0,155010.0,154865.0,154955.0,78215,5,276061
WIN$D,M15,1692282600,154960.0,154975.0,154640.0,154715.0,136729,5,505943
WIN$D,M15,1692283500,154715.0,154870.0,154645.0,154790.0,87468,5,308790
WIN$D,M15,1692284400,154785.0,154795.0,154615.0,154655.0,113731,5,400153
WIN$D,M15,1692285300,154655.0,154760.0,154480.0,154705.0,137370,5,509314
WIN$D,M15,1692286200,154710.0,154715.0,154525.0,154570.0,89567,5,320635
WIN$D,M15,1692287100,154570.0,154645.0,154400.0,154545.0,132266,5,491684
WIN$D,M15,1692288000,154545.0,154590.0,154315.0,154380.0,120705,5,458585
WIN$D,M15,1692288900,154385.0,154585.0,154340.0,154550.0,105756,5,400122
WIN$D,M15,1692289800,154555.0,154565.0,154315.0,154365.0,114880,5,451908
WIN$D,M15,1692290700,154365.0,154445.0,154250.0,154360.0,103313,5,385227
WIN$D,M15,1692291600,154360.0,154455.0,154335.0,154340.0,48739,5,190637
WIN$D,M15,1692292500,154340.0,154440.0,154310.0,154430.0,35511,5,133795
WIN$D,M15,1692293400,154435.0,154525.0,154355.0,154445.0,54430,5,207107
WIN$D,M15,1692294300,154440.0,154515.0,154395.0,154515.0,17673,5,88763
WIN$D,M15,1692349200,154255.0,154430.0,154045.0,154255.0,231024,5,604296
WIN$D,M15,1692350100,154250.0,154290.0,154175.0,154210.0,108980,5,311471
WIN$D,M15,1692351000,154210.0,154450.0,154205.0,154260.0,174553,5,529666
WIN$D,M15,1692351900,154260.0,154340.0,154110.0,154150.0,132979,5,395852
WIN$D,M15,1692352800,154155.0,154345.0,153885.0,154020.0,360753,5,1157564
WIN$D,M15,1692353700,154020.0,154195.0,153850.0,154145.0,300556,5,972576
WIN$D,M15,1692354600,154145.0,154680.0,154065.0,154555.0,325092,5,1142414
WIN$D,M15,1692355500,154555.0,154730.0,154345.0,154565.0,255640,5,861803
WIN$D,M15,1692356400,154565.0,154745.0,154495.0,154590.0,171020,5,596073
WIN$D,M15,1692357300,154585.0,154760.0,154350.0,154490.0,203014,5,718399
WIN$D,M15,1692358200,154490.0,154870.0,154430.0,154850.0,191192,5,677540
WIN$D,M15,1692359100,154850.0,154900.0,154670.0,154775.0,144446,5,512923
WIN$D,M15,1692360000,154775.0,154960.0,154740.0,154925.0,126739,5,449171
WIN$D,M15,1692360900,154925.0,155165.0,154900.0,154980.0,154961,5,566679
WIN$D,M15,1692361800,154985.0,155110.0,154895.0,155025.0,103208,5,362581
WIN$D,M15,1692362700,155030.0,155075.0,154940.0,154970.0,72084,5,255384
WIN$D,M15,1692363600,154970.0,155095.0,154905.0,155065.0,72969,5,260239
WIN$D,M15,1692364500,155065.0,155140.0,155000.0,155080.0,77114,5,271630
WIN$D,M15,1692365400,155080.0,155115.0,155000.0,155030.0,66747,5,229937
WIN$D,M15,1692366300,155030.0,155090.0,154950.0,154965.0,57051,5,196365
WIN$D,M15,1692367200,154960.0,155025.0,154740.0,154760.0,116179,5,431114
WIN$D,M15,1692368100,154765.0,154835.0,154480.0,154835.0,157286,5,574607
WIN$D,M15,1692369000,154830.0,154855.0,154645.0,154650.0,91287,5,325634
WIN$D,M15,1692369900,154650.0,154790.0,154640.0,154700.0,70687,5,247061
WIN$D,M15,1692370800,154705.0,154780.0,154405.0,154545.0,118770,5,432614
WIN$D,M15,1692371700,154550.0,154625.0,154445.0,154600.0,86731,5,310075
WIN$D,M15,1692372600,154600.0,154755.0,154570.0,154670.0,87927,5,320109
WIN$D,M15,1692373500,154670.0,154805.0,154625.0,154730.0,78038,5,282557
WIN$D,M15,1692374400,154730.0,154735.0,154590.0,154620.0,78385,5,279789
WIN$D,M15,1692375300,154615.0,154675.0,154550.0,154625.0,70449,5,251304
WIN$D,M15,1692376200,154625.0,154855.0,154580.0,154815.0,97598,5,356634
WIN$D,M15,1692377100,154815.0,154985.0,154660.0,154720.0,125649,5,477659
WIN$D,M15,1692378000,154720.0,154875.0,154700.0,154780.0,64053,5,234426
WIN$D,M15,1692378900,154780.0,154785.0,154555.0,154635.0,67672,5,241354
WIN$D,M15,1692379800,154640.0,154700.0,154520.0,154635.0,53622,5,182815
WIN$D,M15,1692380700,154640.0,154730.0,154530.0,154530.0,25149,5,88070
WIN$D,M15,1692608400,155110.0,155120.0,154730.0,154770.0,162938,5,485158
WIN$D,M15,1692609300,154770.0,154825.0,154620.0,154650.0,118907,5,352480
WIN$D,M15,1692610200,154650.0,154705.0,154575.0,154680.0,111993,5,346390
WIN$D,M15,1692611100,154680.0,154690.0,154585.0,154620.0,74673,5,225284
WIN$D,M15,1692612000,154615.0,154745.0,154405.0,154700.0,315955,5,995552
WIN$D,M15,1692612900,154705.0,154775.0,154215.0,154240.0,314722,5,1010645
WIN$D,M15,1692613800,154235.0,154440.0,153980.0,153990.0,289588,5,935119
WIN$D,M15,1692614700,153990.0,154295.0,153880.0,154290.0,223342,5,745532
WIN$D,M15,1692615600,154285.0,154400.0,153885.0,153935.0,275201,5,938154
WIN$D,M15,1692616500,153940.0,153975.0,153540.0,153590.0,288423,5,1054517
WIN$D,M15,1692617400,153590.0,153910.0,153555.0,153870.0,164526,5,564642
WIN$D,M15,1692618300,153870.0,154095.0,153815.0,153895.0,166141,5,544864
WIN$D,M15,1692619200,153900.0,153990.0,153695.0,153760.0,145261,5,492045
WIN$D,M15,1692620100,153760.0,153995.0,153665.0,153995.0,135172,5,447541
WIN$D,M15,1692621000,153990.0,154065.0,153685.0,153690.0,130873,5,453124
WIN$D,M15,1692621900,153685.0,153785.0,153575.0,153775.0,110954,5,370843
WIN$D,M15,1692622800,153775.0,153805.0,153635.0,153745.0,79743,5,266544
WIN$D,M15,1692623700,153750.0,153780.0,153640.0,153740.0,67426,5,248858
WIN$D,M15,1692624600,153740.0,153740.0,153445.0,153660.0,150046,5,560139
WIN$D,M15,1692625500,153660.0,153775.0,153630.0,153720.0,81186,5,295675
WIN$D,M15,1692626400,153715.0,153740.0,153470.0,153510.0,104440,5,375747
WIN$D,M15,1692627300,153505.0,153595.0,153365.0,153590.0,120622,5,430265
WIN$D,M15,1692628200,153590.0,153680.0,153525.0,153550.0,77733,5,276629
WIN$D,M15,1692629100,153550.0,153570.0,153410.0,153465.0,85712,5,303963
WIN$D,M15,1692630000,153470.0,153680.0,153465.0,153670.0,102787,5,366900
WIN$D,M15,1692630900,153665.0,153720.0,153585.0,153590.0,89112,5,317482
WIN$D,M15,1692631800,153595.0,153800.0,153565.0,153690.0,101754,5,386247
WIN$D,M15,1692632700,153690.0,153820.0,153645.0,153715.0,94105,5,351979
WIN$D,M15,1692633600,153720.0,153840.0,153680.0,153735.0,84693,5,304613
WIN$D,M15,1692634500,153735.0,153880.0,153730.0,153755.0,83785,5,309053
WIN$D,M15,1692635400,153760.0,153880.0,153630.0,153735.0,108618,5,415498
WIN$D,M15,1692636300,153730.0,153815.0,153650.0,153665.0,86926,5,338075
WIN$D,M15,1692637200,153665.0,153725.0,153635.0,153655.0,47908,5,184667
WIN$D,M15,1692638100,153660.0,153695.0,153575.0,153600.0,42195,5,155567
WIN$D,M15,1692639000,153600.0,153605.0,153490.0,153530.0,51603,5,194127
WIN$D,M15,1692639900,153525.0,153570.0,153385.0,153385.0,23556,5,109143
WIN$D,M15,1692694800,154065.0,154585.0,153865.0,154470.0,290422,5,920571
WIN$D,M15,1692695700,154475.0,154515.0,154395.0,154430.0,107337,5,344556
WIN$D,M15,1692696600,154430.0,154665.0,154425.0,154595.0,178726,5,555089
WIN$D,M15,1692697500,154595.0,154660.0,154505.0,154525.0,99813,5,327165
WIN$D,M15,1692698400,154530.0,154790.0,154330.0,154755.0,344831,5,1132662
WIN$D,M15,1692699300,154750.0,155005.0,154540.0,154895.0,317119,5,1037678
WIN$D,M15,1692700200,154895.0,155065.0,154535.0,154575.0,300989,5,1026530
WIN$D,M15,1692701100,154575.0,154745.0,154405.0,154685.0,233778,5,761754
WIN$D,M15,1692702000,154680.0,154815.0,154590.0,154745.0,145618,5,491105
WIN$D,M15,1692702900,154750.0,154985.0,154480.0,154580.0,201108,5,680951
WIN$D,M15,1692703800,154585.0,154845.0,154505.0,154830.0,140845,5,476328
WIN$D,M15,1692704700,154830.0,154960.0,154760.0,154845.0,115276,5,396124
WIN$D,M15,1692705600,154845.0,154925.0,154685.0,154795.0,108493,5,379871
WIN$D,M15,1692706500,154790.0,154800.0,154665.0,154730.0,69725,5,240013
WIN$D,M15,1692707400,154735.0,154915.0,154650.0,154905.0,80406,5,273766
WIN$D,M15,1692708300,154910.0,154925.0,154685.0,154700.0,80949,5,279096
WIN$D,M15,1692709200,154700.0,154830.0,154665.0,154705.0,69754,5,239680
WIN$D,M15,1692710100,154700.0,154755.0,154565.0,154655.0,90648,5,308064
WIN$D,M15,1692711000,154655.0,154760.0,154545.0,154720.0,89625,5,311568
WIN$D,M15,1692711900,154720.0,154795.0,154690.0,154735.0,57891,5,209913
WIN$D,M15,1692712800,154740.0,154745.0,154505.0,154600.0,104629,5,374711
WIN$D,M15,1692713700,154595.0,154755.0,154470.0,154755.0,88953,5,313132
WIN$D,M15,1692714600,154750.0,154915.0,154690.0,154885.0,97415,5,342368
WIN$D,M15,1692715500,154885.0,154925.0,154760.0,154900.0,85977,5,313315
WIN$D,M15,1692716400,154905.0,155090.0,154820.0,155055.0,134740,5,492757
WIN$D,M15,1692717300,155050.0,155110.0,154960.0,155070.0,86973,5,318332
WIN$D,M15,1692718200,155075.0,155305.0,155050.0,155250.0,138434,5,548027
WIN$D,M15,1692719100,155250.0,155295.0,155165.0,155215.0,78927,5,297191
WIN$D,M15,1692720000,155210.0,155525.0,155210.0,155425.0,131475,5,523279
WIN$D,M15,1692720900,155425.0,155655.0,155385.0,155495.0,141145,5,568807
WIN$D,M15,1692721800,155500.0,155525.0,155390.0,155485.0,80804,5,323477
WIN$D,M15,1692722700,155485.0,155490.0,155415.0,155450.0,56244,5,211302
WIN$D,M15,1692723600,155445.0,155475.0,155355.0,155400.0,56391,5,229314
WIN$D,M15,1692724500,155395.0,155470.0,155355.0,155470.0,35008,5,149965
WIN$D,M15,1692725400,155465.0,155605.0,155465.0,155515.0,58857,5,237190
WIN$D,M15,1692726300,155515.0,155605.0,155500.0,155605.0,22083,5,101328
WIN$D,M15,1692781200,156075.0,156125.0,155815.0,155845.0,218903,5,632574
WIN$D,M15,1692782100,155845.0,155935.0,155675.0,155710.0,139235,5,403949
WIN$D,M15,1692783000,155710.0,155715.0,155570.0,155635.0,120875,5,382186
WIN$D,M15,1692783900,155630.0,155735.0,155525.0,155690.0,144233,5,439118
WIN$D,M15,1692784800,155695.0,156005.0,155615.0,155950.0,290544,5,908331
WIN$D,M15,1692785700,155955.0,156155.0,155730.0,156080.0,294029,5,994727
WIN$D,M15,1692786600,156080.0,156320.0,155985.0,156145.0,303594,5,1072750
WIN$D,M15,1692787500,156140.0,156620.0,156140.0,156565.0,215201,5,802678
WIN$D,M15,1692788400,156565.0,156610.0,156405.0,156505.0,131552,5,481289
WIN$D,M15,1692789300,156505.0,156660.0,156470.0,156645.0,120137,5,442550
WIN$D,M15,1692790200,156645.0,156710.0,156410.0,156690.0,156311,5,556151
WIN$D,M15,1692791100,156690.0,156790.0,156635.0,156740.0,110547,5,393505
WIN$D,M15,1692792000,156740.0,156845.0,156680.0,156790.0,90555,5,311410
WIN$D,M15,1692792900,156790.0,156845.0,156750.0,156780.0,51241,5,173104
WIN$D,M15,1692793800,156775.0,156980.0,156705.0,156895.0,110453,5,392187
WIN$D,M15,1692794700,156890.0,157015.0,156840.0,156970.0,77557,5,292844
WIN$D,M15,1692795600,156970.0,157095.0,156920.0,157065.0,88692,5,294332
WIN$D,M15,1692796500,157065.0,157145.0,157005.0,157090.0,76540,5,261983
WIN$D,M15,1692797400,157090.0,157215.0,157065.0,157170.0,68503,5,240728
WIN$D,M15,1692798300,157165.0,157235.0,157135.0,157150.0,61651,5,223066
WIN$D,M15,1692799200,157155.0,157235.0,157050.0,157095.0,75018,5,272434
WIN$D,M15,1692800100,157090.0,157230.0,157070.0,157170.0,76499,5,280250
WIN$D,M15,1692801000,157170.0,157215.0,157100.0,157120.0,61601,5,225678
WIN$D,M15,1692801900,157115.0,157130.0,157015.0,157070.0,71531,5,257051
WIN$D,M15,1692802800,157070.0,157120.0,157030.0,157065.0,59117,5,212106
WIN$D,M15,1692803700,157065.0,157100.0,156905.0,156920.0,82714,5,307633
WIN$D,M15,1692804600,156925.0,157100.0,156890.0,157080.0,85931,5,319428
WIN$D,M15,1692805500,157080.0,157145.0,157035.0,157090.0,68555,5,265763
WIN$D,M15,1692806400,157090.0,157295.0,157075.0,157240.0,105230,5,408070
WIN$D,M15,1692807300,157240.0,157280.0,157190.0,157250.0,56299,5,218321
WIN$D,M15,1692808200,157255.0,157285.0,157140.0,157215.0,82204,5,335225
WIN$D,M15,1692809100,157215.0,157260.0,157085.0,157125.0,82013,5,337809
WIN$D,M15,1692810000,157125.0,157270.0,157080.0,157255.0,63278,5,260592
WIN$D,M15,1692810900,157250.0,157520.0,157225.0,157470.0,105639,5,445250
WIN$D,M15,1692811800,157470.0,157560.0,157415.0,157550.0,52298,5,203994
WIN$D,M15,1692812700,157555.0,157765.0,157520.0,157705.0,32307,5,165543
WIN$D,M15,1692867600,157360.0,157465.0,157070.0,157105.0,182563,5,553549
WIN$D,M15,1692868500,157100.0,157165.0,156965.0,157040.0,101935,5,347245
WIN$D,M15,1692869400,157040.0,157045.0,156840.0,156900.0,121665,5,405835
WIN$D,M15,1692870300,156900.0,156955.0,156850.0,156880.0,77007,5,265196
WIN$D,M15,1692871200,156875.0,157005.0,156720.0,156795.0,226880,5,762517
WIN$D,M15,1692872100,156795.0,156825.0,156625.0,156825.0,174157,5,609407
WIN$D,M15,1692873000,156825.0,156985.0,156690.0,156855.0,288233,5,979669
WIN$D,M15,1692873900,156855.0,157370.0,156830.0,157365.0,295001,5,1068098
WIN$D,M15,1692874800,157365.0,157390.0,156895.0,157070.0,213578,5,769898
WIN$D,M15,1692875700,157070.0,157095.0,156895.0,156905.0,132349,5,463356
WIN$D,M15,1692876600,156910.0,156985.0,156735.0,156785.0,193420,5,699271
WIN$D,M15,1692877500,156780.0,156840.0,156470.0,156565.0,168485,5,619161
WIN$D,M15,1692878400,156565.0,156610.0,156270.0,156285.0,136544,5,517483
WIN$D,M15,1692879300,156285.0,156370.0,156070.0,156130.0,146245,5,606422
WIN$D,M15,1692880200,156130.0,156145.0,155985.0,156105.0,93373,5,355367
WIN$D,M15,1692881100,156100.0,156160.0,156035.0,156060.0,73801,5,273766
WIN$D,M15,1692882000,156060.0,156205.0,156040.0,156190.0,78630,5,278482
WIN$D,M15,1692882900,156190.0,156510.0,156185.0,156345.0,138523,5,507985
WIN$D,M15,1692883800,156350.0,156465.0,156190.0,156450.0,124942,5,455540
WIN$D,M15,1692884700,156445.0,156625.0,156385.0,156445.0,138871,5,476704
WIN$D,M15,1692885600,156445.0,156525.0,156340.0,156385.0,91644,5,316756
WIN$D,M15,1692886500,156385.0,156460.0,156295.0,156310.0,74051,5,264995
WIN$D,M15,1692887400,156315.0,156415.0,156240.0,156260.0,95515,5,325331
WIN$D,M15,1692888300,156260.0,156525.0,156220.0,156505.0,101322,5,361803
WIN$D,M15,1692889200,156505.0,156590.0,156265.0,156320.0,111235,5,422684
WIN$D,M15,1692890100,156320.0,156400.0,156195.0,156390.0,107681,5,385017
WIN$D,M15,1692891000,156395.0,156425.0,156205.0,156275.0,84465,5,318423
WIN$D,M15,1692891900,156275.0,156390.0,156245.0,156385.0,65807,5,244614
WIN$D,M15,1692892800,156390.0,156460.0,156285.0,156420.0,99989,5,362871
WIN$D,M15,1692893700,156420.0,156440.0,156320.0,156410.0,62116,5,219644
WIN$D,M15,1692894600,156410.0,156420.0,156105.0,156140.0,108128,5,404175
WIN$D,M15,1692895500,156140.0,156250.0,156060.0,156170.0,104941,5,376167
WIN$D,M15,1692896400,156175.0,156215.0,156120.0,156185.0,50526,5,179665
WIN$D,M15,1692897300,156180.0,156220.0,156125.0,156130.0,28570,5,95451
WIN$D,M15,1692898200,156125.0,156205.0,156120.0,156175.0,30385,5,106594
WIN$D,M15,1692899100,156175.0,156385.0,156165.0,156385.0,26440,5,106890
WIN$D,M15,1692954000,156290.0,156345.0,155805.0,156285.0,292428,5,790490
WIN$D,M15,1692954900,156285.0,156370.0,156105.0,156135.0,126032,5,371169
WIN$D,M15,1692955800,156140.0,156380.0,156045.0,156370.0,146165,5,434861
WIN$D,M15,1692956700,156370.0,156475.0,156335.0,156370.0,120791,5,374334
WIN$D,M15,1692957600,156365.0,156440.0,155915.0,155995.0,277841,5,859869
WIN$D,M15,1692958500,155990.0,156065.0,155540.0,155645.0,279239,5,897278
WIN$D,M15,1692959400,155645.0,155770.0,155435.0,155490.0,249759,5,811829
WIN$D,M15,1692960300,155495.0,155785.0,155365.0,155550.0,227626,5,738707
WIN$D,M15,1692961200,155550.0,155760.0,155240.0,155505.0,301218,5,977220
WIN$D,M15,1692962100,155505.0,155760.0,155260.0,155315.0,261948,5,795242
WIN$D,M15,1692963000,155320.0,155355.0,154820.0,154840.0,277648,5,864132
WIN$D,M15,1692963900,154840.0,154890.0,154705.0,154775.0,182135,5,553209
WIN$D,M15,1692964800,154780.0,155000.0,154730.0,154965.0,162586,5,525344
WIN$D,M15,1692965700,154965.0,155125.0,154885.0,155090.0,140815,5,463761
WIN$D,M15,1692966600,155090.0,155135.0,154830.0,154875.0,126334,5,397170
WIN$D,M15,1692967500,154875.0,154880.0,154555.0,154640.0,166589,5,542650
WIN$D,M15,1692968400,154640.0,154755.0,154585.0,154730.0,101936,5,310916
WIN$D,M15,1692969300,154735.0,154965.0,154710.0,154945.0,97594,5,325215
WIN$D,M15,1692970200,154940.0,155070.0,154870.0,154920.0,90303,5,300301
WIN$D,M15,1692971100,154920.0,155050.0,154875.0,155015.0,85237,5,292501
WIN$D,M15,1692972000,155010.0,155080.0,154895.0,154985.0,91509,5,295086
WIN$D,M15,1692972900,154985.0,155025.0,154730.0,154765.0,106773,5,358255
WIN$D,M15,1692973800,154765.0,154775.0,154515.0,154710.0,155847,5,555905
WIN$D,M15,1692974700,154715.0,154840.0,154640.0,154830.0,78259,5,259025
WIN$D,M15,1692975600,154825.0,155000.0,154810.0,154970.0,98796,5,340219
WIN$D,M15,1692976500,154965.0,155285.0,154920.0,155215.0,135864,5,476744
WIN$D,M15,1692977400,155220.0,155265.0,155150.0,155180.0,87344,5,338400
WIN$D,M15,1692978300,155175.0,155270.0,155150.0,155220.0,67280,5,249409
WIN$D,M15,1692979200,155220.0,155330.0,155050.0,155100.0,124767,5,444653
WIN$D,M15,1692980100,155105.0,155265.0,155080.0,155185.0,81842,5,282108
WIN$D,M15,1692981000,155185.0,155305.0,155100.0,155125.0,84647,5,300083
WIN$D,M15,1692981900,155125.0,155160.0,154900.0,154925.0,98675,5,343935
WIN$D,M15,1692982800,154925.0,154985.0,154825.0,154860.0,52994,5,195610
WIN$D,M15,1692983700,154860.0,154860.0,154765.0,154780.0,36011,5,123526
WIN$D,M15,1692984600,154785.0,154895.0,154745.0,154880.0,38575,5,132210
WIN$D,M15,1692985500,154875.0,155030.0,154850.0,154965.0,24473,5,76695
WIN$D,M15,1693213200,155260.0,155355.0,155065.0,155335.0,164768,5,443888
WIN$D,M15,1693214100,155335.0,155410.0,155205.0,155365.0,138321,5,391331
WIN$D,M15,1693215000,155365.0,155385.0,155135.0,155235.0,132409,5,389715
WIN$D,M15,1693215900,155235.0,155465.0,155215.0,155340.0,127395,5,370112
WIN$D,M15,1693216800,155345.0,155440.0,155020.0,155275.0,282672,5,845621
WIN$D,M15,1693217700,155275.0,155330.0,154925.0,155320.0,271566,5,827686
WIN$D,M15,1693218600,155315.0,155385.0,154825.0,155285.0,343598,5,1112338
WIN$D,M15,1693219500,155285.0,155445.0,155125.0,155275.0,228056,5,720436
WIN$D,M15,1693220400,155275.0,155455.0,155095.0,155425.0,171024,5,558360
WIN$D,M15,1693221300,155430.0,155510.0,155110.0,155155.0,165044,5,560581
WIN$D,M15,1693222200,155155.0,155305.0,154975.0,155260.0,147109,5,518063
WIN$D,M15,1693223100,155260.0,155270.0,155015.0,155165.0,128859,5,443414
WIN$D,M15,1693224000,155170.0,155345.0,155140.0,155290.0,102918,5,371388
WIN$D,M15,1693224900,155295.0,155335.0,155195.0,155290.0,81364,5,296643
WIN$D,M15,1693225800,155290.0,155430.0,155275.0,155420.0,96766,5,340855
WIN$D,M15,1693226700,155415.0,155585.0,155410.0,155470.0,117412,5,410517
WIN$D,M15,1693227600,155465.0,155575.0,155445.0,155470.0,66659,5,233570
WIN$D,M15,1693228500,155470.0,155505.0,155340.0,155495.0,96902,5,342978
WIN$D,M15,1693229400,155490.0,155615.0,155435.0,155560.0,83085,5,287170
WIN$D,M15,1693230300,155560.0,155650.0,155440.0,155450.0,95655,5,336939
WIN$D,M15,1693231200,155450.0,155580.0,155430.0,155500.0,84494,5,300894
WIN$D,M15,1693232100,155500.0,155515.0,155385.0,155405.0,67906,5,244959
WIN$D,M15,1693233000,155410.0,155445.0,155270.0,155330.0,88436,5,317315
WIN$D,M15,1693233900,155330.0,155355.0,155140.0,155265.0,103319,5,367555
WIN$D,M15,1693234800,155265.0,155345.0,155135.0,155345.0,108830,5,374595
WIN$D,M15,1693235700,155340.0,155555.0,155305.0,155490.0,123519,5,458566
WIN$D,M15,1693236600,155495.0,155650.0,155425.0,155500.0,111111,5,408277
WIN$D,M15,1693237500,155495.0,155745.0,155470.0,155690.0,100034,5,369145
WIN$D,M15,1693238400,155690.0,156050.0,155645.0,156000.0,153805,5,573921
WIN$D,M15,1693239300,156000.0,156160.0,155980.0,156085.0,112028,5,436881
WIN$D,M15,1693240200,156085.0,156260.0,155975.0,156225.0,116269,5,448908
WIN$D,M15,1693241100,156230.0,156405.0,156205.0,156375.0,117649,5,485133
WIN$D,M15,1693242000,156375.0,156380.0,156275.0,156360.0,48826,5,192656
WIN$D,M15,1693242900,156360.0,156360.0,156210.0,156285.0,54475,5,195718
WIN$D,M15,1693243800,156280.0,156390.0,156215.0,156390.0,47276,5,172283
WIN$D,M15,1693244700,156390.0,156450.0,156305.0,156305.0,26515,5,108996
WIN$D,M15,1693299600,156185.0,156995.0,156090.0,156805.0,249197,5,735389
WIN$D,M15,1693300500,156805.0,156885.0,156615.0,156660.0,137939,5,409116
WIN$D,M15,1693301400,156660.0,156820.0,156625.0,156790.0,116157,5,344907
WIN$D,M15,1693302300,156795.0,157060.0,156790.0,156995.0,133855,5,393490
WIN$D,M15,1693303200,157000.0,157195.0,156935.0,157135.0,220994,5,692245
WIN$D,M15,1693304100,157135.0,157165.0,156795.0,156820.0,193580,5,598290
WIN$D,M15,1693305000,156820.0,156840.0,156420.0,156540.0,269228,5,881508
WIN$D,M15,1693305900,156540.0,156695.0,156485.0,156615.0,141354,5,463227
WIN$D,M15,1693306800,156610.0,157330.0,156585.0,157190.0,332873,5,1169248
WIN$D,M15,1693307700,157185.0,157385.0,157150.0,157335.0,170066,5,568710
WIN$D,M15,1693308600,157335.0,157625.0,157300.0,157335.0,218473,5,774248
WIN$D,M15,1693309500,157330.0,157430.0,157255.0,157320.0,107565,5,379168
WIN$D,M15,1693310400,157320.0,157420.0,157215.0,157330.0,107514,5,353533
WIN$D,M15,1693311300,157330.0,157340.0,157190.0,157245.0,76158,5,246837
WIN$D,M15,1693312200,157240.0,157385.0,157190.0,157305.0,89917,5,286560
WIN$D,M15,1693313100,157300.0,157420.0,157140.0,157155.0,113587,5,382428
WIN$D,M15,1693314000,157155.0,157225.0,157030.0,157155.0,96458,5,324416
WIN$D,M15,1693314900,157155.0,157170.0,156805.0,156950.0,133490,5,451809
WIN$D,M15,1693315800,156950.0,157000.0,156770.0,156805.0,78857,5,263421
WIN$D,M15,1693316700,156805.0,156945.0,156675.0,156940.0,113364,5,392281
WIN$D,M15,1693317600,156940.0,157115.0,156915.0,157045.0,108810,5,395178
WIN$D,M15,1693318500,157045.0,157145.0,157025.0,157100.0,68137,5,229521
WIN$D,M15,1693319400,157095.0,157205.0,157075.0,157125.0,75337,5,261390
WIN$D,M15,1693320300,157125.0,157225.0,157090.0,157185.0,64912,5,234656
WIN$D,M15,1693321200,157185.0,157260.0,157075.0,157125.0,83399,5,284463
WIN$D,M15,1693322100,157130.0,157205.0,157075.0,157195.0,69478,5,244676
WIN$D,M15,1693323000,157200.0,157380.0,157135.0,157335.0,110097,5,397509
WIN$D,M15,1693323900,157340.0,157420.0,157290.0,157400.0,78363,5,276591
WIN$D,M15,1693324800,157400.0,157435.0,157285.0,157340.0,85639,5,300321
WIN$D,M15,1693325700,157340.0,157385.0,157230.0,157250.0,82430,5,290399
WIN$D,M15,1693326600,157245.0,157500.0,157245.0,157425.0,106546,5,375564
WIN$D,M15,1693327500,157420.0,157575.0,157420.0,157525.0,105185,5,382472
WIN$D,M15,1693328400,157530.0,157605.0,157470.0,157525.0,60904,5,218156
WIN$D,M15,1693329300,157525.0,157560.0,157480.0,157535.0,35474,5,121762
WIN$D,M15,1693330200,157530.0,157585.0,157385.0,157405.0,49708,5,176165
WIN$D,M15,1693331100,157405.0,157440.0,157340.0,157340.0,20982,5,76176
WIN$D,M15,1693386000,157180.0,157465.0,157125.0,157245.0,162194,5,401279
WIN$D,M15,1693386900,157245.0,157465.0,157160.0,157380.0,165750,5,444516
WIN$D,M15,1693387800,157385.0,157595.0,157360.0,157550.0,203605,5,577914
WIN$D,M15,1693388700,157545.0,157750.0,157530.0,157695.0,147063,5,454868
WIN$D,M15,1693389600,157700.0,157860.0,157620.0,157810.0,207031,5,642988
WIN$D,M15,1693390500,157810.0,157830.0,157425.0,157450.0,212898,5,652299
WIN$D,M15,1693391400,157445.0,157580.0,157260.0,157275.0,278349,5,893449
WIN$D,M15,1693392300,157270.0,157485.0,157265.0,157325.0,175609,5,575903
WIN$D,M15,1693393200,157325.0,157360.0,157120.0,157355.0,209698,5,718648
WIN$D,M15,1693394100,157355.0,157525.0,156925.0,156990.0,252681,5,858318
WIN$D,M15,1693395000,156995.0,157350.0,156990.0,157215.0,164466,5,572464
WIN$D,M15,1693395900,157215.0,157235.0,157050.0,157100.0,140800,5,474122
WIN$D,M15,1693396800,157105.0,157250.0,157075.0,157210.0,105578,5,358957
WIN$D,M15,1693397700,157205.0,157290.0,157205.0,157245.0,65896,5,240568
WIN$D,M15,1693398600,157245.0,157395.0,157190.0,157335.0,86413,5,281154
WIN$D,M15,1693399500,157330.0,157340.0,157170.0,157225.0,69546,5,232510
WIN$D,M15,1693400400,157225.0,157250.0,157045.0,157065.0,77187,5,264461
WIN$D,M15,1693401300,157070.0,157325.0,157050.0,157185.0,93145,5,319073
WIN$D,M15,1693402200,157185.0,157260.0,157080.0,157100.0,71979,5,248284
WIN$D,M15,1693403100,157100.0,157215.0,157070.0,157205.0,57633,5,197955
WIN$D,M15,1693404000,157210.0,157220.0,157105.0,157195.0,62725,5,217713
WIN$D,M15,1693404900,157200.0,157265.0,157165.0,157190.0,60967,5,213125
WIN$D,M15,1693405800,157190.0,157190.0,156975.0,157110.0,103851,5,357514
WIN$D,M15,1693406700,157110.0,157185.0,157040.0,157090.0,77473,5,264464
WIN$D,M15,1693407600,157090.0,157115.0,156530.0,156610.0,199614,5,740607
WIN$D,M15,1693408500,156610.0,156740.0,156445.0,156705.0,151072,5,553382
WIN$D,M15,1693409400,156700.0,156730.0,156515.0,156665.0,95352,5,329357
WIN$D,M15,1693410300,156670.0,156740.0,156595.0,156700.0,66487,5,222821
WIN$D,M15,1693411200,156705.0,156765.0,156615.0,156715.0,67678,5,228694
WIN$D,M15,1693412100,156710.0,156755.0,156615.0,156715.0,70955,5,242954
WIN$D,M15,1693413000,156715.0,156750.0,156540.0,156600.0,77516,5,280191
WIN$D,M15,1693413900,156600.0,156610.0,156465.0,156580.0,94980,5,336643
WIN$D,M15,1693414800,156580.0,156665.0,156535.0,156550.0,57272,5,206678
WIN$D,M15,1693415700,156545.0,156620.0,156535.0,156555.0,32772,5,112871
WIN$D,M15,1693416600,156555.0,156600.0,156355.0,156385.0,60806,5,215808
WIN$D,M15,1693417500,156380.0,156510.0,156380.0,156495.0,24793,5,97260
WIN$D,M15,1693472400,156565.0,156840.0,156385.0,156650.0,217033,5,607115
WIN$D,M15,1693473300,156650.0,156805.0,156620.0,156730.0,115984,5,328402
WIN$D,M15,1693474200,156730.0,156775.0,156275.0,156470.0,241382,5,697922
WIN$D,M15,1693475100,156470.0,156665.0,156390.0,156650.0,136426,5,398071
WIN$D,M15,1693476000,156645.0,156685.0,155820.0,156005.0,376328,5,1181300
WIN$D,M15,1693476900,156005.0,156195.0,155865.0,155920.0,252894,5,747685
WIN$D,M15,1693477800,155920.0,155925.0,155590.0,155630.0,244896,5,769568
WIN$D,M15,1693478700,155630.0,155890.0,155590.0,155850.0,174768,5,544954
WIN$D,M15,1693479600,155850.0,155855.0,155390.0,155405.0,236846,5,804733
WIN$D,M15,1693480500,155400.0,155455.0,155035.0,155200.0,230690,5,856912
WIN$D,M15,1693481400,155195.0,155505.0,155180.0,155465.0,118462,5,425901
WIN$D,M15,1693482300,155465.0,155495.0,155325.0,155435.0,103057,5,351257
WIN$D,M15,1693483200,155435.0,155520.0,155280.0,155500.0,120154,5,421858
WIN$D,M15,1693484100,155500.0,155720.0,155470.0,155700.0,121941,5,413309
WIN$D,M15,1693485000,155700.0,155750.0,155590.0,155715.0,83110,5,276696
WIN$D,M15,1693485900,155715.0,156070.0,155710.0,155880.0,154306,5,567364
WIN$D,M15,1693486800,155880.0,155980.0,155780.0,155810.0,83424,5,287730
WIN$D,M15,1693487700,155815.0,155825.0,155620.0,155630.0,89309,5,312366
WIN$D,M15,1693488600,155630.0,155725.0,155600.0,155620.0,58185,5,189280
WIN$D,M15,1693489500,155615.0,155795.0,155600.0,155705.0,73072,5,245249
WIN$D,M15,1693490400,155705.0,155730.0,155530.0,155555.0,71568,5,250295
WIN$D,M15,1693491300,155550.0,155670.0,155485.0,155505.0,80139,5,264024
WIN$D,M15,1693492200,155510.0,155555.0,155175.0,155350.0,137182,5,493962
WIN$D,M15,1693493100,155350.0,155395.0,155270.0,155350.0,65109,5,225675
WIN$D,M15,1693494000,155350.0,155445.0,155270.0,155420.0,74350,5,259625
WIN$D,M15,1693494900,155420.0,155575.0,155360.0,155535.0,86333,5,321366
WIN$D,M15,1693495800,155530.0,155550.0,155275.0,155295.0,86096,5,296659
WIN$D,M15,1693496700,155290.0,155340.0,154955.0,155055.0,147259,5,532149
WIN$D,M15,1693497600,155055.0,155110.0,154965.0,155025.0,77779,5,283386
WIN$D,M15,1693498500,155030.0,155160.0,155000.0,155105.0,71077,5,262903
WIN$D,M15,1693499400,155105.0,155115.0,154785.0,154865.0,122290,5,475797
WIN$D,M15,1693500300,154865.0,154905.0,154695.0,154705.0,105275,5,405148
WIN$D,M15,1693501200,154710.0,154875.0,154645.0,154845.0,83138,5,309614
WIN$D,M15,1693502100,154845.0,155005.0,154795.0,154915.0,55379,5,204869
WIN$D,M15,1693503000,154910.0,154970.0,154785.0,154820.0,40476,5,136835
WIN$D,M15,1693503900,154820.0,155010.0,154810.0,155005.0,23172,5,103934
WIN$D,M15,1693558800,155665.0,155795.0,155255.0,155320.0,231528,5,582779
WIN$D,M15,1693559700,155320.0,155370.0,155175.0,155250.0,91744,5,270142
WIN$D,M15,1693560600,155250.0,155765.0,155065.0,155485.0,274671,5,781501
WIN$D,M15,1693561500,155480.0,155725.0,155440.0,155720.0,135254,5,405286
WIN$D,M15,1693562400,155720.0,155830.0,155405.0,155760.0,227649,5,711855
WIN$D,M15,1693563300,155760.0,156410.0,155755.0,156350.0,274619,5,879616
WIN$D,M15,1693564200,156350.0,156535.0,156120.0,156425.0,258953,5,849146
WIN$D,M15,1693565100,156425.0,156430.0,156130.0,156325.0,197529,5,629325
WIN$D,M15,1693566000,156325.0,156740.0,156025.0,156645.0,235031,5,779892
WIN$D,M15,1693566900,156645.0,156815.0,156510.0,156815.0,159152,5,515386
WIN$D,M15,1693567800,156810.0,156810.0,156475.0,156485.0,165688,5,549284
WIN$D,M15,1693568700,156480.0,156520.0,156335.0,156500.0,123190,5,408010
WIN$D,M15,1693569600,156505.0,156540.0,156340.0,156400.0,93614,5,326829
WIN$D,M15,1693570500,156400.0,156460.0,156365.0,156375.0,62994,5,202508
WIN$D,M15,1693571400,156375.0,156425.0,156230.0,156370.0,107331,5,358518
WIN$D,M15,1693572300,156370.0,156475.0,156295.0,156425.0,68714,5,214416
WIN$D,M15,1693573200,156425.0,156465.0,156290.0,156440.0,70545,5,231883
WIN$D,M15,1693574100,156445.0,156535.0,156390.0,156395.0,78924,5,260213
WIN$D,M15,1693575000,156395.0,156500.0,156070.0,156175.0,118020,5,394336
WIN$D,M15,1693575900,156170.0,156285.0,156110.0,156200.0,73532,5,233764
WIN$D,M15,1693576800,156205.0,156405.0,156195.0,156400.0,65070,5,200939
WIN$D,M15,1693577700,156400.0,156485.0,156325.0,156465.0,81326,5,262703
WIN$D,M15,1693578600,156465.0,156515.0,156400.0,156480.0,60109,5,191347
WIN$D,M15,1693579500,156485.0,156680.0,156455.0,156650.0,77091,5,254515
WIN$D,M15,1693580400,156655.0,156715.0,156565.0,156700.0,73655,5,235811
WIN$D,M15,1693581300,156700.0,156765.0,156525.0,156560.0,96346,5,333281
WIN$D,M15,1693582200,156565.0,156665.0,156560.0,156655.0,55268,5,195341
WIN$D,M15,1693583100,156650.0,156725.0,156620.0,156630.0,61863,5,212469
WIN$D,M15,1693584000,156630.0,156755.0,156600.0,156695.0,76120,5,259409
WIN$D,M15,1693584900,156695.0,156880.0,156690.0,156795.0,93855,5,324571
WIN$D,M15,1693585800,156800.0,156850.0,156700.0,156760.0,68932,5,239321
WIN$D,M15,1693586700,156765.0,156835.0,156530.0,156605.0,89027,5,331730
WIN$D,M15,1693587600,156600.0,156745.0,156575.0,156735.0,48329,5,185059
WIN$D,M15,1693588500,156735.0,156760.0,156620.0,156690.0,36549,5,127975
WIN$D,M15,1693589400,156685.0,156700.0,156465.0,156495.0,42273,5,134081
WIN$D,M15,1693590300,156495.0,156520.0,156330.0,156330.0,32476,5,92571
WIN$D,M15,1693818000,156565.0,156780.0,156350.0,156360.0,142014,5,330555
WIN$D,M15,1693818900,156360.0,156600.0,156360.0,156580.0,107918,5,310691
WIN$D,M15,1693819800,156585.0,156650.0,156430.0,156460.0,107119,5,312680
WIN$D,M15,1693820700,156460.0,156510.0,156340.0,156350.0,104278,5,295717
WIN$D,M15,1693821600,156350.0,156655.0,156310.0,156395.0,253815,5,759643
WIN$D,M15,1693822500,156395.0,157030.0,156395.0,156965.0,330130,5,984458
WIN$D,M15,1693823400,156970.0,157175.0,156950.0,157030.0,204201,5,630048
WIN$D,M15,1693824300,157025.0,157335.0,156985.0,157270.0,209607,5,653403
WIN$D,M15,1693825200,157270.0,157400.0,157215.0,157255.0,166061,5,531696
WIN$D,M15,1693826100,157260.0,157365.0,157170.0,157220.0,135589,5,412504
WIN$D,M15,1693827000,157220.0,157325.0,157200.0,157205.0,82150,5,257446
WIN$D,M15,1693827900,157205.0,157240.0,157085.0,157130.0,130716,5,399020
WIN$D,M15,1693828800,157135.0,157200.0,157050.0,157070.0,105962,5,328392
WIN$D,M15,1693829700,157065.0,157140.0,157025.0,157100.0,72153,5,230311
WIN$D,M15,1693830600,157100.0,157115.0,157010.0,157020.0,58060,5,182279
WIN$D,M15,1693831500,157020.0,157045.0,156940.0,156975.0,66709,5,211699
WIN$D,M15,1693832400,156970.0,156990.0,156870.0,156905.0,70416,5,230525
WIN$D,M15,1693833300,156900.0,157000.0,156880.0,156940.0,76106,5,247271
WIN$D,M15,1693834200,156935.0,156990.0,156795.0,156800.0,86031,5,269389
WIN$D,M15,1693835100,156800.0,156900.0,156795.0,156900.0,59044,5,188268
WIN$D,M15,1693836000,156900.0,157100.0,156845.0,156905.0,95770,5,304815
WIN$D,M15,1693836900,156905.0,156930.0,156805.0,156835.0,61366,5,195548
WIN$D,M15,1693837800,156840.0,156840.0,156530.0,156575.0,133553,5,434274
WIN$D,M15,1693838700,156570.0,156650.0,156525.0,156550.0,64618,5,208612
WIN$D,M15,1693839600,156545.0,156605.0,156395.0,156455.0,91177,5,302153
WIN$D,M15,1693840500,156450.0,156600.0,156450.0,156590.0,72007,5,246972
WIN$D,M15,1693841400,156590.0,156630.0,156550.0,156585.0,43364,5,148495
WIN$D,M15,1693842300,156580.0,156645.0,156490.0,156500.0,69744,5,227328
WIN$D,M15,1693843200,156505.0,156715.0,156435.0,156635.0,104583,5,342066
WIN$D,M15,1693844100,156635.0,156745.0,156605.0,156720.0,72464,5,231588
WIN$D,M15,1693845000,156720.0,156745.0,156660.0,156700.0,40384,5,133206
WIN$D,M15,1693845900,156700.0,156755.0,156645.0,156685.0,51785,5,175152
WIN$D,M15,1693846800,156680.0,156715.0,156650.0,156680.0,33072,5,109501
WIN$D,M15,1693847700,156680.0,156735.0,156665.0,156680.0,30170,5,100842
WIN$D,M15,1693848600,156685.0,156690.0,156565.0,156615.0,58688,5,182759
WIN$D,M15,1693849500,156615.0,156700.0,156595.0,156700.0,21000,5,75261
WIN$D,M15,1693904400,156320.0,156615.0,156070.0,156080.0,219280,5,537974
WIN$D,M15,1693905300,156080.0,156115.0,155675.0,155695.0,210420,5,640095
WIN$D,M15,1693906200,155700.0,155860.0,155575.0,155785.0,188060,5,597115
WIN$D,M15,1693907100,155780.0,155825.0,155670.0,155740.0,129718,5,406877
WIN$D,M15,1693908000,155740.0,155935.0,155580.0,155585.0,282065,5,898657
WIN$D,M15,1693908900,155590.0,155915.0,155330.0,155830.0,341085,5,1113854
WIN$D,M15,1693909800,155825.0,156040.0,155625.0,155895.0,345911,5,1140716
WIN$D,M15,1693910700,155895.0,156145.0,155715.0,156100.0,252248,5,851592
WIN$D,M15,1693911600,156105.0,156255.0,156030.0,156175.0,201202,5,704644
WIN$D,M15,1693912500,156170.0,156435.0,156100.0,156430.0,206813,5,742216
WIN$D,M15,1693913400,156430.0,156515.0,156090.0,156125.0,191347,5,671044
WIN$D,M15,1693914300,156125.0,156455.0,156120.0,156380.0,134557,5,476976
WIN$D,M15,1693915200,156375.0,156725.0,156335.0,156660.0,198466,5,707782
WIN$D,M15,1693916100,156660.0,156740.0,156565.0,156610.0,105595,5,364702
WIN$D,M15,1693917000,156610.0,156620.0,156485.0,156505.0,76160,5,262371
WIN$D,M15,1693917900,156510.0,156555.0,156460.0,156485.0,57733,5,199347
WIN$D,M15,1693918800,156485.0,156595.0,156445.0,156580.0,63573,5,217331
WIN$D,M15,1693919700,156580.0,156715.0,156510.0,156585.0,94909,5,332484
WIN$D,M15,1693920600,156590.0,156695.0,156575.0,156590.0,80910,5,274544
WIN$D,M15,1693921500,156590.0,156595.0,156470.0,156515.0,78917,5,265280
WIN$D,M15,1693922400,156510.0,156515.0,156375.0,156385.0,73532,5,253570
WIN$D,M15,1693923300,156390.0,156405.0,156240.0,156295.0,93502,5,344159
WIN$D,M15,1693924200,156295.0,156355.0,156110.0,156160.0,111414,5,409595
WIN$D,M15,1693925100,156160.0,156395.0,156150.0,156345.0,104172,5,381679
WIN$D,M15,1693926000,156345.0,156385.0,156200.0,156295.0,98887,5,372995
WIN$D,M15,1693926900,156290.0,156370.0,156245.0,156320.0,84877,5,317902
WIN$D,M15,1693927800,156320.0,156525.0,156265.0,156490.0,106477,5,389599
WIN$D,M15,1693928700,156495.0,156515.0,156170.0,156275.0,119154,5,439305
WIN$D,M15,1693929600,156280.0,156305.0,155985.0,156070.0,144320,5,534243
WIN$D,M15,1693930500,156070.0,156280.0,156065.0,156235.0,94242,5,337633
WIN$D,M15,1693931400,156235.0,156355.0,156230.0,156275.0,75878,5,272711
WIN$D,M15,1693932300,156275.0,156295.0,156010.0,156115.0,118040,5,438279
WIN$D,M15,1693933200,156115.0,156115.0,155915.0,155970.0,75547,5,283428
WIN$D,M15,1693934100,155965.0,156120.0,155965.0,156085.0,53379,5,187587
WIN$D,M15,1693935000,156085.0,156125.0,155960.0,156045.0,59565,5,204112
WIN$D,M15,1693935900,156050.0,156315.0,156040.0,156315.0,26013,5,102044
WIN$D,M15,1693990800,156165.0,156265.0,155890.0,155990.0,184825,5,506069
WIN$D,M15,1693991700,155990.0,156000.0,155845.0,155905.0,145937,5,410727
WIN$D,M15,1693992600,155905.0,156105.0,155890.0,156025.0,140011,5,426129
WIN$D,M15,1693993500,156020.0,156210.0,155995.0,156135.0,118796,5,360519
WIN$D,M15,1693994400,156135.0,156355.0,156040.0,156255.0,285977,5,923084
WIN$D,M15,1693995300,156255.0,156270.0,155925.0,156165.0,274459,5,910874
WIN$D,M15,1693996200,156165.0,156460.0,156120.0,156420.0,304806,5,1025432
WIN$D,M15,1693997100,156415.0,156665.0,156345.0,156585.0,206776,5,712463
WIN$D,M15,1693998000,156580.0,156590.0,156065.0,156325.0,275058,5,914238
WIN$D,M15,1693998900,156325.0,156535.0,155965.0,155965.0,200312,5,680536
WIN$D,M15,1693999800,155965.0,155975.0,155605.0,155635.0,225072,5,769798
WIN$D,M15,1694000700,155640.0,155650.0,155240.0,155350.0,202817,5,737602
WIN$D,M15,1694001600,155355.0,155430.0,155145.0,155175.0,162035,5,595578
WIN$D,M15,1694002500,155175.0,155415.0,155150.0,155340.0,116094,5,424886
WIN$D,M15,1694003400,155340.0,155360.0,155220.0,155350.0,78327,5,272889
WIN$D,M15,1694004300,155355.0,155360.0,155215.0,155255.0,67829,5,230547
WIN$D,M15,1694005200,155255.0,155295.0,155020.0,155130.0,96874,5,343290
WIN$D,M15,1694006100,155130.0,155245.0,155050.0,155105.0,99645,5,347034
WIN$D,M15,1694007000,155100.0,155160.0,154890.0,154920.0,115652,5,411285
WIN$D,M15,1694007900,154925.0,155030.0,154865.0,154945.0,93874,5,341947
WIN$D,M15,1694008800,154945.0,155055.0,154885.0,155000.0,91532,5,333315
WIN$D,M15,1694009700,155005.0,155095.0,154975.0,155020.0,76145,5,279836
WIN$D,M15,1694010600,155020.0,155080.0,154995.0,155035.0,48260,5,173572
WIN$D,M15,1694011500,155040.0,155220.0,155020.0,155185.0,76124,5,282368
WIN$D,M15,1694012400,155185.0,155230.0,155020.0,155065.0,92464,5,351148
WIN$D,M15,1694013300,155070.0,155085.0,154915.0,154980.0,90003,5,337906
WIN$D,M15,1694014200,154985.0,155060.0,154915.0,154980.0,83506,5,313764
WIN$D,M15,1694015100,154985.0,155015.0,154775.0,154805.0,108382,5,405132
WIN$D,M15,1694016000,154805.0,154855.0,154720.0,154835.0,90589,5,358888
WIN$D,M15,1694016900,154840.0,154910.0,154815.0,154875.0,65029,5,253750
WIN$D,M15,1694017800,154875.0,154960.0,154810.0,154810.0,73631,5,290480
WIN$D,M15,1694018700,154810.0,154820.0,154645.0,154720.0,91679,5,359916
WIN$D,M15,1694019600,154725.0,154725.0,154570.0,154660.0,64492,5,255860
WIN$D,M15,1694020500,154655.0,154665.0,154540.0,154615.0,43539,5,163357
WIN$D,M15,1694021400,154610.0,154645.0,154540.0,154570.0,36517,5,143875
WIN$D,M15,1694022300,154575.0,154635.0,154505.0,154625.0,31265,5,117362
WIN$D,M15,1694163600,153585.0,153760.0,153295.0,153715.0,234877,5,593120
WIN$D,M15,1694164500,153720.0,153790.0,153655.0,153730.0,84607,5,234516
WIN$D,M15,1694165400,153730.0,153815.0,153635.0,153710.0,94144,5,282736
WIN$D,M15,1694166300,153710.0,153845.0,153700.0,153815.0,77714,5,233637
WIN$D,M15,1694167200,153815.0,153950.0,153635.0,153735.0,215438,5,676277
WIN$D,M15,1694168100,153730.0,154010.0,153725.0,153955.0,154641,5,501962
WIN$D,M15,1694169000,153950.0,153975.0,153490.0,153645.0,244957,5,791360
WIN$D,M15,1694169900,153650.0,153730.0,153410.0,153690.0,204889,5,674264
WIN$D,M15,1694170800,153690.0,154160.0,153675.0,154035.0,233991,5,792602
WIN$D,M15,1694171700,154035.0,154095.0,153825.0,153855.0,157042,5,517472
WIN$D,M15,1694172600,153855.0,153950.0,153815.0,153860.0,98065,5,334654
WIN$D,M15,1694173500,153860.0,153985.0,153755.0,153845.0,115421,5,393599
WIN$D,M15,1694174400,153850.0,153910.0,153735.0,153865.0,105695,5,367524
WIN$D,M15,1694175300,153865.0,153885.0,153750.0,153785.0,60542,5,202538
WIN$D,M15,1694176200,153785.0,153945.0,153780.0,153810.0,80082,5,274050
WIN$D,M15,1694177100,153810.0,154000.0,153770.0,153975.0,79108,5,280084
WIN$D,M15,1694178000,153980.0,154035.0,153845.0,154010.0,89307,5,322367
WIN$D,M15,1694178900,154010.0,154060.0,153825.0,153855.0,82148,5,293646
WIN$D,M15,1694179800,153855.0,153965.0,153745.0,153940.0,89174,5,317812
WIN$D,M15,1694180700,153940.0,154010.0,153860.0,153955.0,73263,5,257501
WIN$D,M15,1694181600,153955.0,154090.0,153875.0,154075.0,79244,5,287200
WIN$D,M15,1694182500,154075.0,154230.0,153990.0,154005.0,107298,5,377452
WIN$D,M15,1694183400,154000.0,154135.0,153940.0,153990.0,94623,5,352707
WIN$D,M15,1694184300,153995.0,154080.0,153945.0,154015.0,62644,5,235694
WIN$D,M15,1694185200,154020.0,154040.0,153825.0,153915.0,80321,5,296868
WIN$D,M15,1694186100,153915.0,153915.0,153780.0,153815.0,94831,5,365478
WIN$D,M15,1694187000,153820.0,153995.0,153795.0,153920.0,86040,5,328131
WIN$D,M15,1694187900,153920.0,153975.0,153875.0,153955.0,42503,5,157293
WIN$D,M15,1694188800,153960.0,154010.0,153840.0,153940.0,71614,5,275990
WIN$D,M15,1694189700,153940.0,153980.0,153815.0,153860.0,65026,5,243673
WIN$D,M15,1694190600,153865.0,153980.0,153710.0,153825.0,83130,5,312199
WIN$D,M15,1694191500,153825.0,153955.0,153770.0,153935.0,66265,5,257195
WIN$D,M15,1694192400,153935.0,154045.0,153915.0,153970.0,55262,5,218535
WIN$D,M15,1694193300,153965.0,153995.0,153880.0,153955.0,40229,5,148713
WIN$D,M15,1694194200,153950.0,153965.0,153835.0,153905.0,37685,5,139135
WIN$D,M15,1694195100,153900.0,154075.0,153865.0,153865.0,25606,5,84445
WIN$D,M15,1694422800,154680.0,154855.0,154330.0,154850.0,216989,5,568728
WIN$D,M15,1694423700,154845.0,155065.0,154820.0,155050.0,141287,5,455092
WIN$D,M15,1694424600,155050.0,155060.0,154930.0,155040.0,96786,5,308870
WIN$D,M15,1694425500,155040.0,155045.0,154840.0,154845.0,84983,5,267967
WIN$D,M15,1694426400,154850.0,154875.0,154630.0,154670.0,231219,5,749936
WIN$D,M15,1694427300,154675.0,154835.0,154590.0,154800.0,184640,5,580161
WIN$D,M15,1694428200,154795.0,154880.0,154640.0,154735.0,237036,5,764229
WIN$D,M15,1694429100,154735.0,154770.0,154335.0,154390.0,243697,5,838079
WIN$D,M15,1694430000,154390.0,154735.0,154380.0,154705.0,182815,5,630712
WIN$D,M15,1694430900,154710.0,154945.0,154680.0,154830.0,171123,5,603743
WIN$D,M15,1694431800,154830.0,154865.0,154545.0,154650.0,187155,5,639952
WIN$D,M15,1694432700,154655.0,154720.0,154585.0,154630.0,93060,5,311322
WIN$D,M15,1694433600,154625.0,154630.0,154210.0,154400.0,198982,5,705919
WIN$D,M15,1694434500,154400.0,154475.0,154345.0,154445.0,76469,5,268102
WIN$D,M15,1694435400,154445.0,154490.0,154310.0,154380.0,85516,5,307568
WIN$D,M15,1694436300,154380.0,154520.0,154295.0,154440.0,105452,5,370582
WIN$D,M15,1694437200,154435.0,154620.0,154435.0,154585.0,77879,5,272586
WIN$D,M15,1694438100,154580.0,154665.0,154560.0,154650.0,70118,5,267110
WIN$D,M15,1694439000,154650.0,154700.0,154600.0,154655.0,64766,5,228946
WIN$D,M15,1694439900,154660.0,154780.0,154630.0,154765.0,81107,5,303630
WIN$D,M15,1694440800,154765.0,155025.0,154715.0,155020.0,131272,5,491048
WIN$D,M15,1694441700,155020.0,155280.0,154955.0,155210.0,161561,5,625951
WIN$D,M15,1694442600,155210.0,155245.0,155080.0,155110.0,89215,5,329286
WIN$D,M15,1694443500,155110.0,155215.0,155095.0,155125.0,72560,5,260870
WIN$D,M15,1694444400,155130.0,155340.0,155095.0,155275.0,106326,5,393734
WIN$D,M15,1694445300,155275.0,155545.0,155250.0,155540.0,152826,5,608257
WIN$D,M15,1694446200,155540.0,155630.0,155505.0,155580.0,103929,5,403223
WIN$D,M15,1694447100,155580.0,155710.0,155565.0,155685.0,92608,5,349056
WIN$D,M15,1694448000,155685.0,155810.0,155660.0,155725.0,107327,5,426357
WIN$D,M15,1694448900,155725.0,155735.0,155615.0,155680.0,85224,5,335579
WIN$D,M15,1694449800,155675.0,155685.0,155590.0,155650.0,75502,5,304167
WIN$D,M15,1694450700,155650.0,155650.0,155560.0,155590.0,62334,5,249345
WIN$D,M15,1694451600,155595.0,155690.0,155525.0,155645.0,72554,5,294350
WIN$D,M15,1694452500,155645.0,155775.0,155640.0,155725.0,47201,5,170807
WIN$D,M15,1694453400,155730.0,155755.0,155650.0,155705.0,42985,5,153838
WIN$D,M15,1694454300,155700.0,155805.0,155680.0,155805.0,37249,5,136390
WIN$D,M15,1694509200,155805.0,156065.0,155620.0,155870.0,231777,5,576235
WIN$D,M15,1694510100,155870.0,156015.0,155855.0,155935.0,112851,5,331877
WIN$D,M15,1694511000,155935.0,155940.0,155685.0,155740.0,188619,5,581944
WIN$D,M15,1694511900,155740.0,155830.0,155640.0,155745.0,134576,5,425624
WIN$D,M15,1694512800,155745.0,155880.0,155600.0,155600.0,253151,5,829393
WIN$D,M15,1694513700,155600.0,155835.0,155555.0,155690.0,234814,5,763531
WIN$D,M15,1694514600,155690.0,156410.0,155660.0,156375.0,363165,5,1285251
WIN$D,M15,1694515500,156375.0,156465.0,156225.0,156430.0,179430,5,646501
WIN$D,M15,1694516400,156430.0,156660.0,156345.0,156560.0,173439,5,657489
WIN$D,M15,1694517300,156565.0,156595.0,156365.0,156475.0,160645,5,577926
WIN$D,M15,1694518200,156475.0,156625.0,156430.0,156560.0,128022,5,457304
WIN$D,M15,1694519100,156560.0,156615.0,156465.0,156545.0,95148,5,342411
WIN$D,M15,1694520000,156540.0,156725.0,156515.0,156645.0,127793,5,482806
WIN$D,M15,1694520900,156640.0,156705.0,156590.0,156660.0,71521,5,259178
WIN$D,M15,1694521800,156660.0,156680.0,156485.0,156600.0,96252,5,342758
WIN$D,M15,1694522700,156600.0,156650.0,156415.0,156490.0,87073,5,323626
WIN$D,M15,1694523600,156490.0,156515.0,156365.0,156465.0,83311,5,317925
WIN$D,M15,1694524500,156465.0,156560.0,156375.0,156490.0,80050,5,302636
WIN$D,M15,1694525400,156490.0,156495.0,156320.0,156380.0,87583,5,318765
WIN$D,M15,1694526300,156380.0,156450.0,156325.0,156430.0,74459,5,295533
WIN$D,M15,1694527200,156430.0,156550.0,156395.0,156480.0,81851,5,296707
WIN$D,M15,1694528100,156485.0,156690.0,156445.0,156660.0,100442,5,392539
WIN$D,M15,1694529000,156660.0,156755.0,156555.0,156565.0,104724,5,412662
WIN$D,M15,1694529900,156560.0,156570.0,156430.0,156515.0,93576,5,365753
WIN$D,M15,1694530800,156510.0,156600.0,156380.0,156550.0,100050,5,371657
WIN$D,M15,1694531700,156545.0,156655.0,156525.0,156605.0,80648,5,311352
WIN$D,M15,1694532600,156600.0,156680.0,156445.0,156460.0,100284,5,380506
WIN$D,M15,1694533500,156460.0,156550.0,156370.0,156385.0,84052,5,321243
WIN$D,M15,1694534400,156390.0,156500.0,156355.0,156475.0,67462,5,282250
WIN$D,M15,1694535300,156470.0,156490.0,156345.0,156425.0,71095,5,280223
WIN$D,M15,1694536200,156425.0,156445.0,156355.0,156385.0,56592,5,235713
WIN$D,M15,1694537100,156385.0,156530.0,156330.0,156445.0,78860,5,322571
WIN$D,M15,1694538000,156440.0,156610.0,156395.0,156430.0,84174,5,343173
WIN$D,M15,1694538900,156425.0,156430.0,156345.0,156405.0,51801,5,206937
WIN$D,M15,1694539800,156405.0,156485.0,156390.0,156445.0,38293,5,143175
WIN$D,M15,1694540700,156440.0,156475.0,156300.0,156300.0,21007,5,94336
WIN$D,M15,1694595600,156220.0,156385.0,156150.0,156340.0,146762,5,368525
WIN$D,M15,1694596500,156335.0,156365.0,156230.0,156285.0,79605,5,235589
WIN$D,M15,1694597400,156285.0,156585.0,156025.0,156450.0,357884,5,1065687
WIN$D,M15,1694598300,156450.0,156695.0,156375.0,156595.0,172331,5,540307
WIN$D,M15,1694599200,156600.0,156625.0,156130.0,156205.0,264920,5,852648
WIN$D,M15,1694600100,156205.0,156835.0,156185.0,156770.0,256843,5,800773
WIN$D,M15,1694601000,156770.0,157250.0,156730.0,157165.0,322407,5,1142779
WIN$D,M15,1694601900,157165.0,157450.0,157120.0,157400.0,224094,5,785916
WIN$D,M15,1694602800,157395.0,157430.0,157075.0,157100.0,171819,5,631591
WIN$D,M15,1694603700,157100.0,157315.0,156965.0,157170.0,170532,5,596151
WIN$D,M15,1694604600,157170.0,157830.0,157135.0,157740.0,258846,5,975190
WIN$D,M15,1694605500,157735.0,157890.0,157595.0,157790.0,150921,5,568680
WIN$D,M15,1694606400,157790.0,157920.0,157675.0,157885.0,115441,5,456479
WIN$D,M15,1694607300,157890.0,157905.0,157630.0,157675.0,102241,5,387946
WIN$D,M15,1694608200,157675.0,157680.0,157560.0,157580.0,58016,5,211232
WIN$D,M15,1694609100,157580.0,157645.0,157440.0,157490.0,78928,5,291069
WIN$D,M15,1694610000,157495.0,157535.0,157460.0,157470.0,37423,5,129947
WIN$D,M15,1694610900,157470.0,157615.0,157415.0,157535.0,79422,5,284410
WIN$D,M15,1694611800,157535.0,157590.0,157325.0,157370.0,86595,5,309256
WIN$D,M15,1694612700,157365.0,157480.0,157320.0,157465.0,65776,5,230362
WIN$D,M15,1694613600,157470.0,157660.0,157470.0,157600.0,91022,5,318729
WIN$D,M15,1694614500,157595.0,157680.0,157550.0,157565.0,76401,5,263594
WIN$D,M15,1694615400,157565.0,157660.0,157490.0,157610.0,77587,5,271392
WIN$D,M15,1694616300,157610.0,157620.0,157435.0,157470.0,78644,5,280180
WIN$D,M15,1694617200,157470.0,157500.0,157200.0,157255.0,133874,5,500402
WIN$D,M15,1694618100,157250.0,157295.0,157125.0,157285.0,102125,5,386298
WIN$D,M15,1694619000,157285.0,157290.0,157065.0,157130.0,100270,5,378587
WIN$D,M15,1694619900,157130.0,157160.0,156810.0,157010.0,136833,5,518760
WIN$D,M15,1694620800,157005.0,157045.0,156825.0,156850.0,97089,5,370585
WIN$D,M15,1694621700,156850.0,156935.0,156765.0,156935.0,82653,5,305281
WIN$D,M15,1694622600,156935.0,156955.0,156750.0,156775.0,76491,5,297977
WIN$D,M15,1694623500,156780.0,156840.0,156660.0,156835.0,90941,5,349344
WIN$D,M15,1694624400,156835.0,156845.0,156695.0,156745.0,56461,5,215039
WIN$D,M15,1694625300,156745.0,156790.0,156715.0,156760.0,35402,5,134827
WIN$D,M15,1694626200,156755.0,156785.0,156695.0,156765.0,32289,5,110745
WIN$D,M15,1694627100,156760.0,156775.0,156625.0,156760.0,21072,5,95988
WIN$D,M15,1694682000,157365.0,157645.0,157285.0,157370.0,204385,5,533497
WIN$D,M15,1694682900,157370.0,157575.0,157315.0,157510.0,160890,5,457782
WIN$D,M15,1694683800,157510.0,157630.0,157280.0,157590.0,204513,5,621779
WIN$D,M15,1694684700,157590.0,157785.0,157505.0,157575.0,181803,5,589577
WIN$D,M15,1694685600,157575.0,157760.0,157370.0,157685.0,279771,5,949085
WIN$D,M15,1694686500,157690.0,157690.0,157305.0,157305.0,179231,5,586458
WIN$D,M15,1694687400,157310.0,157860.0,157270.0,157685.0,289103,5,979601
WIN$D,M15,1694688300,157685.0,157705.0,157350.0,157535.0,193772,5,689046
WIN$D,M15,1694689200,157535.0,157590.0,157185.0,157230.0,205836,5,734642
WIN$D,M15,1694690100,157235.0,157530.0,157215.0,157520.0,157231,5,554455
WIN$D,M15,1694691000,157515.0,157880.0,157470.0,157795.0,187872,5,681965
WIN$D,M15,1694691900,157795.0,157920.0,157730.0,157795.0,136483,5,499575
WIN$D,M15,1694692800,157800.0,157815.0,157575.0,157750.0,127523,5,465572
WIN$D,M15,1694693700,157750.0,157770.0,157555.0,157665.0,79494,5,292430
WIN$D,M15,1694694600,157665.0,157680.0,157495.0,157520.0,67828,5,242084
WIN$D,M15,1694695500,157525.0,157610.0,157470.0,157555.0,63609,5,241276
WIN$D,M15,1694696400,157550.0,157660.0,157530.0,157645.0,64284,5,248671
WIN$D,M15,1694697300,157650.0,157700.0,157550.0,157585.0,64968,5,239985
WIN$D,M15,1694698200,157585.0,157680.0,157520.0,157615.0,65659,5,242098
WIN$D,M15,1694699100,157615.0,157715.0,157585.0,157690.0,64031,5,236645
WIN$D,M15,1694700000,157690.0,157900.0,157670.0,157875.0,85415,5,319858
WIN$D,M15,1694700900,157875.0,158020.0,157845.0,157920.0,135191,5,528253
WIN$D,M15,1694701800,157925.0,158060.0,157910.0,158045.0,74488,5,287608
WIN$D,M15,1694702700,158045.0,158195.0,157950.0,158065.0,120519,5,485125
WIN$D,M15,1694703600,158065.0,158165.0,158010.0,158145.0,82920,5,328109
WIN$D,M15,1694704500,158145.0,158150.0,157835.0,157890.0,102606,5,428042
WIN$D,M15,1694705400,157895.0,158100.0,157860.0,158035.0,122238,5,521041
WIN$D,M15,1694706300,158035.0,158075.0,157945.0,157980.0,80129,5,291554
WIN$D,M15,1694707200,157985.0,158210.0,157970.0,158155.0,103215,5,392118
WIN$D,M15,1694708100,158160.0,158190.0,157895.0,157950.0,102609,5,386936
WIN$D,M15,1694709000,157955.0,158040.0,157845.0,157970.0,100182,5,391255
WIN$D,M15,1694709900,157970.0,158015.0,157810.0,157870.0,84875,5,334991
WIN$D,M15,1694710800,157865.0,157880.0,157750.0,157820.0,59505,5,226926
WIN$D,M15,1694711700,157820.0,157835.0,157765.0,157785.0,29580,5,108477
WIN$D,M15,1694712600,157790.0,157820.0,157655.0,157705.0,47453,5,167894
WIN$D,M15,1694713500,157705.0,157765.0,157645.0,157645.0,20427,5,79483
WIN$D,M15,1694768400,158015.0,158245.0,157915.0,158085.0,191262,5,540897
WIN$D,M15,1694769300,158080.0,158115.0,157890.0,158030.0,143044,5,420195
WIN$D,M15,1694770200,158025.0,158030.0,157900.0,158020.0,106125,5,333079
WIN$D,M15,1694771100,158020.0,158085.0,157945.0,158030.0,113803,5,353051
WIN$D,M15,1694772000,158035.0,158180.0,157945.0,158080.0,191009,5,627862
WIN$D,M15,1694772900,158085.0,158090.0,157795.0,157865.0,212089,5,719478
WIN$D,M15,1694773800,157860.0,157975.0,157675.0,157805.0,241306,5,855591
WIN$D,M15,1694774700,157805.0,157825.0,157375.0,157500.0,212240,5,787472
WIN$D,M15,1694775600,157500.0,157955.0,157485.0,157620.0,271078,5,1024560
WIN$D,M15,1694776500,157615.0,157845.0,157490.0,157785.0,141076,5,514278
WIN$D,M15,1694777400,157790.0,157950.0,157700.0,157815.0,148690,5,547176
WIN$D,M15,1694778300,157815.0,157890.0,157595.0,157705.0,126714,5,464615
WIN$D,M15,1694779200,157700.0,157755.0,157580.0,157675.0,84185,5,318170
WIN$D,M15,1694780100,157675.0,157715.0,157540.0,157600.0,88233,5,357460
WIN$D,M15,1694781000,157595.0,157615.0,157365.0,157410.0,88019,5,323987
WIN$D,M15,1694781900,157410.0,157595.0,157375.0,157470.0,89351,5,324412
WIN$D,M15,1694782800,157475.0,157665.0,157465.0,157550.0,76024,5,282378
WIN$D,M15,1694783700,157550.0,157565.0,157430.0,157435.0,57682,5,205590
WIN$D,M15,1694784600,157440.0,157615.0,157395.0,157560.0,67325,5,249193
WIN$D,M15,1694785500,157555.0,157580.0,157430.0,157465.0,55939,5,204260
WIN$D,M15,1694786400,157465.0,157470.0,157270.0,157320.0,82687,5,314720
WIN$D,M15,1694787300,157315.0,157385.0,157140.0,157225.0,89181,5,350906
WIN$D,M15,1694788200,157225.0,157455.0,157140.0,157440.0,90287,5,343932
WIN$D,M15,1694789100,157435.0,157595.0,157415.0,157510.0,84457,5,324558
WIN$D,M15,1694790000,157510.0,157515.0,157225.0,157270.0,93327,5,362874
WIN$D,M15,1694790900,157275.0,157395.0,157230.0,157355.0,76221,5,301527
WIN$D,M15,1694791800,157360.0,157435.0,157265.0,157425.0,70915,5,280435
WIN$D,M15,1694792700,157425.0,157520.0,157375.0,157450.0,80980,5,324564
WIN$D,M15,1694793600,157450.0,157460.0,157190.0,157320.0,97312,5,385296
WIN$D,M15,1694794500,157325.0,157375.0,157215.0,157300.0,74036,5,297759
WIN$D,M15,1694795400,157300.0,157320.0,157050.0,157065.0,105241,5,422040
WIN$D,M15,1694796300,157060.0,157225.0,157020.0,157170.0,77965,5,310273
WIN$D,M15,1694797200,157175.0,157310.0,157150.0,157170.0,62360,5,252797
WIN$D,M15,1694798100,157170.0,157175.0,157030.0,157080.0,52337,5,196491
WIN$D,M15,1694799000,157080.0,157245.0,157045.0,157240.0,38679,5,131587
WIN$D,M15,1694799900,157235.0,157340.0,157210.0,157250.0,23352,5,83744
WIN$D,M15,1695027600,157015.0,157305.0,156990.0,157240.0,172499,5,472309
WIN$D,M15,1695028500,157235.0,157385.0,157235.0,157335.0,123404,5,363539
WIN$D,M15,1695029400,157335.0,157490.0,157335.0,157460.0,101985,5,325645
WIN$D,M15,1695030300,157455.0,157505.0,157410.0,157475.0,70600,5,228312
WIN$D,M15,1695031200,157475.0,157485.0,157210.0,157390.0,192745,5,662615
WIN$D,M15,1695032100,157390.0,157850.0,157385.0,157755.0,251078,5,854673
WIN$D,M15,1695033000,157755.0,157795.0,157045.0,157095.0,293457,5,1005275
WIN$D,M15,1695033900,157090.0,157095.0,156695.0,156875.0,280031,5,1032938
WIN$D,M15,1695034800,156875.0,157320.0,156735.0,157295.0,254047,5,905680
WIN$D,M15,1695035700,157295.0,157590.0,157295.0,157510.0,176678,5,666228
WIN$D,M15,1695036600,157505.0,157665.0,157435.0,157660.0,163522,5,592987
WIN$D,M15,1695037500,157660.0,157800.0,157580.0,157605.0,151124,5,543770
WIN$D,M15,1695038400,157600.0,157620.0,157460.0,157485.0,95144,5,333907
WIN$D,M15,1695039300,157485.0,157715.0,157470.0,157690.0,85890,5,321619
WIN$D,M15,1695040200,157690.0,157750.0,157525.0,157535.0,97206,5,346161
WIN$D,M15,1695041100,157540.0,157665.0,157485.0,157505.0,70664,5,254742
WIN$D,M15,1695042000,157505.0,157530.0,157355.0,157360.0,70550,5,259941
WIN$D,M15,1695042900,157365.0,157390.0,157065.0,157095.0,118260,5,444004
WIN$D,M15,1695043800,157095.0,157300.0,157080.0,157250.0,110876,5,431800
WIN$D,M15,1695044700,157250.0,157310.0,157175.0,157215.0,64755,5,239559
WIN$D,M15,1695045600,157215.0,157280.0,157130.0,157145.0,72004,5,262792
WIN$D,M15,1695046500,157145.0,157335.0,157130.0,157275.0,81051,5,293866
WIN$D,M15,1695047400,157275.0,157355.0,157250.0,157290.0,56621,5,212364
WIN$D,M15,1695048300,157295.0,157360.0,157245.0,157260.0,53867,5,195381
WIN$D,M15,1695049200,157265.0,157280.0,157125.0,157170.0,80036,5,284392
WIN$D,M15,1695050100,157165.0,157195.0,157020.0,157085.0,87790,5,318934
WIN$D,M15,1695051000,157080.0,157140.0,156975.0,157075.0,84139,5,305090
WIN$D,M15,1695051900,157080.0,157095.0,156775.0,156815.0,97816,5,366458
WIN$D,M15,1695052800,156820.0,156820.0,156675.0,156705.0,128625,5,514725
WIN$D,M15,1695053700,156700.0,156715.0,156425.0,156520.0,123958,5,476574
WIN$D,M15,1695054600,156520.0,156710.0,156515.0,156685.0,81673,5,334787
WIN$D,M15,1695055500,156685.0,156735.0,156660.0,156695.0,50935,5,215339
WIN$D,M15,1695056400,156700.0,156780.0,156575.0,156665.0,70026,5,281064
WIN$D,M15,1695057300,156670.0,156715.0,156630.0,156670.0,40050,5,144998
WIN$D,M15,1695058200,156670.0,156775.0,156665.0,156745.0,37336,5,129613
WIN$D,M15,1695059100,156745.0,156855.0,156710.0,156855.0,20100,5,80083
WIN$D,M15,1695114000,156945.0,156980.0,156650.0,156765.0,192278,5,542450
WIN$D,M15,1695114900,156765.0,156790.0,156545.0,156605.0,126609,5,388962
WIN$D,M15,1695115800,156605.0,156820.0,156575.0,156780.0,192347,5,598106
WIN$D,M15,1695116700,156785.0,156825.0,156570.0,156580.0,137897,5,467883
WIN$D,M15,1695117600,156580.0,156685.0,156350.0,156410.0,283096,5,938256
WIN$D,M15,1695118500,156410.0,156755.0,156290.0,156640.0,296571,5,998288
WIN$D,M15,1695119400,156640.0,156695.0,156215.0,156370.0,269951,5,939828
WIN$D,M15,1695120300,156370.0,156595.0,156295.0,156340.0,211231,5,756405
WIN$D,M15,1695121200,156340.0,156450.0,156200.0,156265.0,148876,5,550369
WIN$D,M15,1695122100,156260.0,156455.0,156185.0,156455.0,121926,5,449337
WIN$D,M15,1695123000,156455.0,156635.0,156420.0,156610.0,155926,5,575947
WIN$D,M15,1695123900,156610.0,156650.0,156410.0,156430.0,125836,5,466771
WIN$D,M15,1695124800,156435.0,156475.0,156300.0,156410.0,107958,5,417857
WIN$D,M15,1695125700,156405.0,156480.0,156310.0,156350.0,99891,5,373353
WIN$D,M15,1695126600,156350.0,156490.0,156215.0,156225.0,116755,5,452375
WIN$D,M15,1695127500,156225.0,156360.0,156190.0,156250.0,105254,5,406164
WIN$D,M15,1695128400,156250.0,156340.0,156220.0,156330.0,61414,5,237291
WIN$D,M15,1695129300,156330.0,156470.0,156305.0,156430.0,80326,5,319753
WIN$D,M15,1695130200,156430.0,156440.0,156220.0,156380.0,114838,5,473511
WIN$D,M15,1695131100,156380.0,156445.0,156220.0,156430.0,98955,5,387110
WIN$D,M15,1695132000,156425.0,156455.0,156245.0,156300.0,99158,5,414222
WIN$D,M15,1695132900,156295.0,156500.0,156275.0,156490.0,75270,5,294904
WIN$D,M15,1695133800,156495.0,156620.0,156470.0,156565.0,107956,5,430344
WIN$D,M15,1695134700,156565.0,156805.0,156560.0,156705.0,157635,5,665282
WIN$D,M15,1695135600,156710.0,156815.0,156635.0,156700.0,106570,5,439948
WIN$D,M15,1695136500,156700.0,156715.0,156450.0,156460.0,126603,5,541644
WIN$D,M15,1695137400,156460.0,156540.0,156380.0,156400.0,95088,5,429584
WIN$D,M15,1695138300,156400.0,156435.0,156225.0,156245.0,97575,5,405920
WIN$D,M15,1695139200,156245.0,156280.0,156065.0,156130.0,130171,5,533175
WIN$D,M15,1695140100,156125.0,156135.0,155885.0,155980.0,107965,5,470249
WIN$D,M15,1695141000,155980.0,156085.0,155935.0,156080.0,94079,5,400738
WIN$D,M15,1695141900,156075.0,156165.0,156030.0,156090.0,84105,5,369075
WIN$D,M15,1695142800,156090.0,156115.0,156040.0,156065.0,29344,5,130867
WIN$D,M15,1695143700,156060.0,156080.0,155935.0,155955.0,42810,5,172571
WIN$D,M15,1695144600,155955.0,156160.0,155910.0,156135.0,50548,5,180773
WIN$D,M15,1695145500,156140.0,156205.0,156080.0,156115.0,19049,5,86748
WIN$D,M15,1695200400,156300.0,156530.0,156285.0,156475.0,160075,5,416444
WIN$D,M15,1695201300,156475.0,156560.0,156440.0,156480.0,108644,5,328172
WIN$D,M15,1695202200,156480.0,156485.0,156235.0,156300.0,129633,5,444472
WIN$D,M15,1695203100,156300.0,156390.0,156260.0,156365.0,89933,5,310951
WIN$D,M15,1695204000,156365.0,156620.0,156355.0,156570.0,219708,5,753754
WIN$D,M15,1695204900,156565.0,156610.0,156420.0,156460.0,135102,5,478872
WIN$D,M15,1695205800,156460.0,157010.0,156415.0,157000.0,299576,5,1074789
WIN$D,M15,1695206700,157000.0,157140.0,156915.0,157070.0,173154,5,660713
WIN$D,M15,1695207600,157070.0,157245.0,157060.0,157075.0,179688,5,674874
WIN$D,M15,1695208500,157070.0,157375.0,157030.0,157370.0,186321,5,712840
WIN$D,M15,1695209400,157370.0,157390.0,157225.0,157330.0,118418,5,443299
WIN$D,M15,1695210300,157330.0,157540.0,157225.0,157445.0,145669,5,589937
WIN$D,M15,1695211200,157445.0,157680.0,157405.0,157560.0,151213,5,612686
WIN$D,M15,1695212100,157565.0,157620.0,157445.0,157485.0,94701,5,379367
WIN$D,M15,1695213000,157485.0,157610.0,157415.0,157455.0,81348,5,321574
WIN$D,M15,1695213900,157455.0,157530.0,157390.0,157460.0,69377,5,267129
WIN$D,M15,1695214800,157465.0,157525.0,157440.0,157505.0,46587,5,180742
WIN$D,M15,1695215700,157505.0,157575.0,157465.0,157555.0,49558,5,194869
WIN$D,M15,1695216600,157555.0,157660.0,157495.0,157645.0,65835,5,254722
WIN$D,M15,1695217500,157645.0,157725.0,157585.0,157670.0,91179,5,336377
WIN$D,M15,1695218400,157675.0,157760.0,157585.0,157605.0,91098,5,349137
WIN$D,M15,1695219300,157610.0,157610.0,157440.0,157445.0,79952,5,297931
WIN$D,M15,1695220200,157445.0,157465.0,157320.0,157420.0,102086,5,388941
WIN$D,M15,1695221100,157420.0,157715.0,157410.0,157585.0,149737,5,559174
WIN$D,M15,1695222000,157585.0,157740.0,157265.0,157535.0,273020,5,929352
WIN$D,M15,1695222900,157530.0,157665.0,157430.0,157585.0,114752,5,483107
WIN$D,M15,1695223800,157585.0,157965.0,157520.0,157695.0,232242,5,904870
WIN$D,M15,1695224700,157700.0,157715.0,157420.0,157515.0,159217,5,625061
WIN$D,M15,1695225600,157515.0,157580.0,157330.0,157350.0,102626,5,415484
WIN$D,M15,1695226500,157355.0,157515.0,157265.0,157490.0,125067,5,533023
WIN$D,M15,1695227400,157485.0,157500.0,157025.0,157050.0,160527,5,699759
WIN$D,M15,1695228300,157050.0,157130.0,156995.0,157085.0,96625,5,403945
WIN$D,M15,1695229200,157085.0,157085.0,156815.0,156845.0,95729,5,404640
WIN$D,M15,1695230100,156845.0,156955.0,156700.0,156735.0,77658,5,314809
WIN$D,M15,1695231000,156735.0,156865.0,156710.0,156770.0,51960,5,180944
WIN$D,M15,1695231900,156765.0,156870.0,156720.0,156795.0,20960,5,84424
WIN$D,M15,1695286800,155965.0,155980.0,155315.0,155360.0,278448,5,748564
WIN$D,M15,1695287700,155360.0,155385.0,155100.0,155190.0,210938,5,665656
WIN$D,M15,1695288600,155195.0,155215.0,155000.0,155175.0,187130,5,579653
WIN$D,M15,1695289500,155175.0,155235.0,155015.0,155180.0,145131,5,458063
WIN$D,M15,1695290400,155180.0,155220.0,154875.0,154955.0,209073,5,718313
WIN$D,M15,1695291300,154955.0,154970.0,154500.0,154945.0,338089,5,1183702
WIN$D,M15,1695292200,154945.0,155015.0,154635.0,154680.0,305740,5,995372
WIN$D,M15,1695293100,154680.0,154890.0,154330.0,154355.0,255049,5,869469
WIN$D,M15,1695294000,154350.0,154680.0,154310.0,154680.0,207240,5,722524
WIN$D,M15,1695294900,154680.0,154920.0,154635.0,154865.0,184797,5,665152
WIN$D,M15,1695295800,154865.0,155030.0,154765.0,154815.0,156260,5,570222
WIN$D,M15,1695296700,154815.0,154825.0,154630.0,154750.0,144606,5,500324
WIN$D,M15,1695297600,154750.0,155105.0,154745.0,154985.0,181319,5,658286
WIN$D,M15,1695298500,154985.0,154995.0,154740.0,154775.0,117403,5,443745
WIN$D,M15,1695299400,154775.0,154880.0,154715.0,154780.0,98172,5,352538
WIN$D,M15,1695300300,154785.0,154835.0,154720.0,154795.0,58799,5,207134
WIN$D,M15,1695301200,154795.0,154980.0,154705.0,154910.0,102584,5,378997
WIN$D,M15,1695302100,154915.0,154955.0,154740.0,154785.0,101502,5,372768
WIN$D,M15,1695303000,154785.0,154900.0,154735.0,154890.0,86598,5,316733
WIN$D,M15,1695303900,154890.0,155025.0,154815.0,154830.0,107648,5,396726
WIN$D,M15,1695304800,154830.0,154975.0,154775.0,154950.0,83217,5,299111
WIN$D,M15,1695305700,154950.0,155100.0,154950.0,154990.0,104032,5,375130
WIN$D,M15,1695306600,154990.0,155010.0,154905.0,154940.0,78932,5,283058
WIN$D,M15,1695307500,154945.0,155135.0,154925.0,154965.0,111726,5,422731
WIN$D,M15,1695308400,154970.0,155055.0,154870.0,154870.0,120451,5,431820
WIN$D,M15,1695309300,154875.0,154950.0,154765.0,154765.0,112161,5,411389
WIN$D,M15,1695310200,154770.0,154860.0,154675.0,154705.0,101623,5,384518
WIN$D,M15,1695311100,154710.0,154785.0,154530.0,154680.0,153406,5,640074
WIN$D,M15,1695312000,154680.0,154715.0,154490.0,154505.0,94772,5,376088
WIN$D,M15,1695312900,154505.0,154525.0,154270.0,154290.0,139082,5,603893
WIN$D,M15,1695313800,154290.0,154345.0,154125.0,154275.0,145949,5,611689
WIN$D,M15,1695314700,154280.0,154325.0,154125.0,154155.0,93952,5,388063
WIN$D,M15,1695315600,154155.0,154385.0,154130.0,154355.0,72881,5,298398
WIN$D,M15,1695316500,154350.0,154395.0,154265.0,154320.0,45491,5,162611
WIN$D,M15,1695317400,154325.0,154350.0,154145.0,154160.0,44782,5,165268
WIN$D,M15,1695318300,154160.0,154200.0,154070.0,154150.0,27722,5,129411
WIN$D,M15,1695373200,154725.0,155100.0,154635.0,155030.0,193134,5,616158
WIN$D,M15,1695374100,155030.0,155065.0,154915.0,155035.0,95255,5,304323
WIN$D,M15,1695375000,155040.0,155260.0,154985.0,154990.0,157980,5,517874
WIN$D,M15,1695375900,154995.0,155090.0,154970.0,155040.0,67552,5,225115
WIN$D,M15,1695376800,155040.0,155105.0,154790.0,155040.0,239316,5,813477
WIN$D,M15,1695377700,155040.0,155045.0,154520.0,154540.0,216945,5,740637
WIN$D,M15,1695378600,154540.0,154800.0,154400.0,154540.0,292532,5,995681
WIN$D,M15,1695379500,154540.0,154745.0,154420.0,154695.0,206341,5,717186
WIN$D,M15,1695380400,154700.0,154890.0,154560.0,154565.0,226450,5,792690
WIN$D,M15,1695381300,154565.0,154685.0,154480.0,154625.0,159464,5,570250
WIN$D,M15,1695382200,154625.0,154930.0,154595.0,154795.0,142334,5,520803
WIN$D,M15,1695383100,154795.0,154835.0,154670.0,154760.0,134026,5,481395
WIN$D,M15,1695384000,154760.0,154765.0,154490.0,154555.0,132258,5,498925
WIN$D,M15,1695384900,154560.0,154755.0,154515.0,154680.0,101587,5,387634
WIN$D,M15,1695385800,154680.0,154710.0,154565.0,154590.0,68653,5,261798
WIN$D,M15,1695386700,154590.0,154700.0,154575.0,154605.0,48472,5,178117
WIN$D,M15,1695387600,154600.0,154640.0,154520.0,154605.0,54938,5,205622
WIN$D,M15,1695388500,154600.0,154650.0,154540.0,154630.0,53781,5,198801
WIN$D,M15,1695389400,154625.0,154725.0,154620.0,154640.0,71029,5,285839
WIN$D,M15,1695390300,154645.0,154795.0,154615.0,154665.0,78297,5,305336
WIN$D,M15,1695391200,154665.0,154720.0,154470.0,154565.0,112913,5,433105
WIN$D,M15,1695392100,154565.0,154585.0,154275.0,154370.0,129131,5,516375
WIN$D,M15,1695393000,154365.0,154410.0,154095.0,154135.0,124241,5,519957
WIN$D,M15,1695393900,154140.0,154230.0,154085.0,154125.0,97310,5,394333
WIN$D,M15,1695394800,154120.0,154145.0,153900.0,153980.0,120562,5,498278
WIN$D,M15,1695395700,153980.0,154125.0,153950.0,154055.0,88394,5,355515
WIN$D,M15,1695396600,154060.0,154100.0,153920.0,153985.0,85310,5,346179
WIN$D,M15,1695397500,153990.0,154100.0,153945.0,154090.0,59322,5,239287
WIN$D,M15,1695398400,154085.0,154375.0,154065.0,154330.0,109927,5,479642
WIN$D,M15,1695399300,154330.0,154470.0,154320.0,154355.0,99361,5,447275
WIN$D,M15,1695400200,154355.0,154375.0,154150.0,154185.0,101997,5,458946
WIN$D,M15,1695401100,154185.0,154195.0,154025.0,154125.0,85703,5,399358
WIN$D,M15,1695402000,154120.0,154240.0,154085.0,154230.0,52276,5,234277
WIN$D,M15,1695402900,154230.0,154315.0,154155.0,154180.0,51587,5,200382
WIN$D,M15,1695403800,154185.0,154305.0,154160.0,154275.0,43090,5,163306
WIN$D,M15,1695404700,154280.0,154400.0,154235.0,154375.0,18674,5,81151
WIN$D,M15,1695632400,153665.0,153735.0,153440.0,153690.0,149608,5,440726
WIN$D,M15,1695633300,153685.0,153760.0,153495.0,153730.0,128323,5,379434
WIN$D,M15,1695634200,153725.0,153885.0,153700.0,153770.0,139150,5,437203
WIN$D,M15,1695635100,153775.0,153840.0,153665.0,153710.0,81101,5,258552
WIN$D,M15,1695636000,153710.0,153805.0,153480.0,153645.0,201184,5,671102
WIN$D,M15,1695636900,153645.0,153855.0,153565.0,153835.0,151867,5,493558
WIN$D,M15,1695637800,153835.0,153975.0,153635.0,153640.0,269059,5,923257
WIN$D,M15,1695638700,153640.0,154050.0,153595.0,154005.0,200902,5,670100
WIN$D,M15,1695639600,154005.0,154070.0,153700.0,153800.0,216529,5,755556
WIN$D,M15,1695640500,153805.0,153895.0,153685.0,153790.0,150142,5,515505
WIN$D,M15,1695641400,153790.0,153900.0,153730.0,153815.0,92619,5,317157
WIN$D,M15,1695642300,153820.0,153895.0,153650.0,153655.0,107045,5,360875
WIN$D,M15,1695643200,153660.0,153995.0,153595.0,153940.0,144798,5,502289
WIN$D,M15,1695644100,153940.0,154035.0,153825.0,153845.0,99992,5,366424
WIN$D,M15,1695645000,153850.0,154000.0,153845.0,153935.0,91234,5,329271
WIN$D,M15,1695645900,153935.0,153970.0,153840.0,153875.0,54341,5,190677
WIN$D,M15,1695646800,153875.0,154045.0,153845.0,153890.0,85484,5,327456
WIN$D,M15,1695647700,153890.0,153975.0,153815.0,153850.0,76716,5,280757
WIN$D,M15,1695648600,153845.0,153895.0,153750.0,153855.0,66508,5,243972
WIN$D,M15,1695649500,153860.0,153905.0,153605.0,153645.0,101586,5,394066
WIN$D,M15,1695650400,153640.0,153870.0,153620.0,153845.0,97337,5,375100
WIN$D,M15,1695651300,153850.0,153865.0,153730.0,153825.0,69956,5,260112
WIN$D,M15,1695652200,153825.0,153900.0,153780.0,153855.0,61687,5,240903
WIN$D,M15,1695653100,153855.0,153950.0,153795.0,153900.0,62902,5,242796
WIN$D,M15,1695654000,153900.0,154005.0,153875.0,153930.0,88866,5,351038
WIN$D,M15,1695654900,153935.0,153945.0,153840.0,153885.0,74885,5,306251
WIN$D,M15,1695655800,153880.0,153935.0,153770.0,153845.0,82091,5,343005
WIN$D,M15,1695656700,153845.0,153940.0,153745.0,153785.0,79720,5,333189
WIN$D,M15,1695657600,153790.0,153855.0,153710.0,153820.0,79150,5,323409
WIN$D,M15,1695658500,153820.0,153965.0,153780.0,153880.0,103209,5,426423
WIN$D,M15,1695659400,153875.0,153965.0,153820.0,153910.0,69648,5,276009
WIN$D,M15,1695660300,153910.0,154065.0,153880.0,154045.0,73789,5,297076
WIN$D,M15,1695661200,154045.0,154130.0,153965.0,154100.0,63453,5,256318
WIN$D,M15,1695662100,154105.0,154345.0,154090.0,154315.0,82145,5,340766
WIN$D,M15,1695663000,154315.0,154330.0,154210.0,154305.0,53134,5,198675
WIN$D,M15,1695663900,154310.0,154395.0,154270.0,154270.0,25366,5,109743
WIN$D,M15,1695718800,153815.0,154010.0,153290.0,153300.0,234543,5,705515
WIN$D,M15,1695719700,153305.0,153425.0,153225.0,153365.0,129993,5,421118
WIN$D,M15,1695720600,153365.0,153370.0,153235.0,153315.0,100086,5,325493
WIN$D,M15,1695721500,153315.0,153325.0,153130.0,153255.0,151510,5,514928
WIN$D,M15,1695722400,153260.0,153310.0,153095.0,153265.0,188149,5,649899
WIN$D,M15,1695723300,153265.0,153385.0,153095.0,153120.0,202379,5,701117
WIN$D,M15,1695724200,153125.0,153385.0,152930.0,153370.0,298325,5,1079872
WIN$D,M15,1695725100,153370.0,153415.0,153020.0,153230.0,235893,5,814193
WIN$D,M15,1695726000,153230.0,153350.0,152990.0,153000.0,206202,5,729387
WIN$D,M15,1695726900,153000.0,153005.0,152785.0,152940.0,225845,5,821038
WIN$D,M15,1695727800,152935.0,153195.0,152865.0,153125.0,165696,5,600121
WIN$D,M15,1695728700,153115.0,153310.0,153010.0,153280.0,143105,5,527961
WIN$D,M15,1695729600,153280.0,153285.0,152980.0,153030.0,147241,5,580734
WIN$D,M15,1695730500,153030.0,153040.0,152845.0,152865.0,109277,5,405368
WIN$D,M15,1695731400,152865.0,152985.0,152830.0,152875.0,95142,5,361094
WIN$D,M15,1695732300,152875.0,152935.0,152800.0,152900.0,89349,5,331730
WIN$D,M15,1695733200,152900.0,153005.0,152870.0,152995.0,74319,5,277785
WIN$D,M15,1695734100,152995.0,153005.0,152880.0,152915.0,68605,5,266224
WIN$D,M15,1695735000,152915.0,152940.0,152785.0,152910.0,97427,5,378559
WIN$D,M15,1695735900,152905.0,152920.0,152795.0,152830.0,68247,5,271141
WIN$D,M15,1695736800,152830.0,152840.0,152465.0,152640.0,186555,5,763441
WIN$D,M15,1695737700,152645.0,152675.0,152435.0,152480.0,107168,5,421527
WIN$D,M15,1695738600,152480.0,152510.0,152280.0,152425.0,134931,5,596452
WIN$D,M15,1695739500,152425.0,152670.0,152390.0,152630.0,119092,5,513239
WIN$D,M15,1695740400,152630.0,152685.0,152535.0,152580.0,88986,5,354560
WIN$D,M15,1695741300,152580.0,152625.0,152505.0,152530.0,63975,5,256438
WIN$D,M15,1695742200,152530.0,152560.0,152440.0,152455.0,80405,5,326762
WIN$D,M15,1695743100,152455.0,152540.0,152355.0,152440.0,107552,5,433978
WIN$D,M15,1695744000,152440.0,152500.0,152335.0,152355.0,87157,5,382151
WIN$D,M15,1695744900,152355.0,152390.0,152125.0,152185.0,140900,5,606063
WIN$D,M15,1695745800,152190.0,152260.0,152095.0,152220.0,101068,5,411830
WIN$D,M15,1695746700,152225.0,152305.0,152140.0,152235.0,84484,5,341146
WIN$D,M15,1695747600,152240.0,152295.0,152115.0,152140.0,67456,5,287977
WIN$D,M15,1695748500,152135.0,152205.0,152105.0,152160.0,46836,5,181914
WIN$D,M15,1695749400,152165.0,152210.0,152055.0,152080.0,53005,5,206274
WIN$D,M15,1695750300,152080.0,152155.0,151950.0,152070.0,34175,5,169621
WIN$D,M15,1695805200,152665.0,152795.0,152560.0,152585.0,138842,5,434447
WIN$D,M15,1695806100,152585.0,152685.0,152520.0,152590.0,107697,5,328652
WIN$D,M15,1695807000,152590.0,152760.0,152505.0,152730.0,117922,5,389123
WIN$D,M15,1695807900,152735.0,152850.0,152700.0,152845.0,98790,5,345162
WIN$D,M15,1695808800,152840.0,153035.0,152730.0,152975.0,233840,5,837187
WIN$D,M15,1695809700,152975.0,153260.0,152920.0,153090.0,207261,5,758500
WIN$D,M15,1695810600,153090.0,153195.0,152825.0,153075.0,251385,5,881102
WIN$D,M15,1695811500,153075.0,153080.0,152740.0,152795.0,197208,5,708256
WIN$D,M15,1695812400,152790.0,152875.0,152335.0,152365.0,223113,5,830566
WIN$D,M15,1695813300,152365.0,152730.0,152335.0,152675.0,165686,5,643068
WIN$D,M15,1695814200,152680.0,152780.0,152580.0,152645.0,132658,5,486814
WIN$D,M15,1695815100,152650.0,152665.0,152290.0,152435.0,153853,5,561811
WIN$D,M15,1695816000,152440.0,152585.0,152420.0,152560.0,100159,5,370406
WIN$D,M15,1695816900,152560.0,152560.0,152270.0,152550.0,122838,5,435840
WIN$D,M15,1695817800,152550.0,152580.0,152230.0,152235.0,111255,5,394463
WIN$D,M15,1695818700,152235.0,152325.0,152180.0,152220.0,104468,5,371463
WIN$D,M15,1695819600,152220.0,152275.0,152135.0,152140.0,87606,5,310638
WIN$D,M15,1695820500,152140.0,152180.0,152080.0,152085.0,72328,5,256805
WIN$D,M15,1695821400,152085.0,152250.0,152050.0,152245.0,97808,5,356514
WIN$D,M15,1695822300,152240.0,152320.0,152030.0,152075.0,102883,5,374162
WIN$D,M15,1695823200,152075.0,152150.0,151910.0,151940.0,130896,5,497833
WIN$D,M15,1695824100,151935.0,151980.0,151395.0,151405.0,209954,5,856410
WIN$D,M15,1695825000,151400.0,151600.0,151345.0,151515.0,131554,5,484934
WIN$D,M15,1695825900,151515.0,151625.0,151330.0,151460.0,146940,5,546534
WIN$D,M15,1695826800,151460.0,151575.0,151280.0,151295.0,145526,5,554527
WIN$D,M15,1695827700,151295.0,151530.0,151250.0,151530.0,144051,5,537026
WIN$D,M15,1695828600,151530.0,152035.0,151515.0,151875.0,192909,5,769063
WIN$D,M15,1695829500,151875.0,151990.0,151755.0,151830.0,115124,5,430631
WIN$D,M15,1695830400,151830.0,152220.0,151815.0,152020.0,124132,5,523722
WIN$D,M15,1695831300,152015.0,152085.0,151865.0,151935.0,105701,5,406981
WIN$D,M15,1695832200,151940.0,151945.0,151690.0,151745.0,118887,5,436322
WIN$D,M15,1695833100,151745.0,152080.0,151715.0,152070.0,111730,5,416959
WIN$D,M15,1695834000,152070.0,152200.0,151980.0,152110.0,73909,5,286007
WIN$D,M15,1695834900,152115.0,152140.0,152000.0,152030.0,46365,5,160990
WIN$D,M15,1695835800,152025.0,152240.0,152015.0,152220.0,57613,5,193622
WIN$D,M15,1695836700,152220.0,152250.0,152165.0,152235.0,18369,5,73744
WIN$D,M15,1695891600,152265.0,152400.0,151990.0,152145.0,184389,5,505081
WIN$D,M15,1695892500,152140.0,152310.0,152025.0,152040.0,109667,5,337337
WIN$D,M15,1695893400,152045.0,152735.0,152025.0,152340.0,289174,5,967531
WIN$D,M15,1695894300,152340.0,152360.0,151960.0,152100.0,247598,5,738441
WIN$D,M15,1695895200,152105.0,152345.0,152030.0,152245.0,232747,5,724985
WIN$D,M15,1695896100,152245.0,152460.0,152150.0,152205.0,209053,5,649084
WIN$D,M15,1695897000,152210.0,152355.0,151995.0,152135.0,301078,5,964822
WIN$D,M15,1695897900,152130.0,152600.0,152005.0,152585.0,237251,5,773402
WIN$D,M15,1695898800,152585.0,152900.0,152515.0,152845.0,261207,5,942915
WIN$D,M15,1695899700,152845.0,153060.0,152700.0,152955.0,232989,5,813969
WIN$D,M15,1695900600,152960.0,152980.0,152660.0,152930.0,204584,5,716622
WIN$D,M15,1695901500,152925.0,153185.0,152875.0,153170.0,174423,5,610339
WIN$D,M15,1695902400,153165.0,153220.0,152970.0,153060.0,152017,5,541250
WIN$D,M15,1695903300,153060.0,153160.0,152910.0,153100.0,124576,5,437443
WIN$D,M15,1695904200,153100.0,153355.0,153060.0,153335.0,138985,5,512618
WIN$D,M15,1695905100,153330.0,153405.0,153195.0,153355.0,121002,5,455744
WIN$D,M15,1695906000,153360.0,153490.0,153280.0,153465.0,114472,5,421576
WIN$D,M15,1695906900,153465.0,153560.0,153365.0,153520.0,95231,5,344311
WIN$D,M15,1695907800,153525.0,153525.0,153365.0,153480.0,78004,5,277005
WIN$D,M15,1695908700,153480.0,153510.0,153195.0,153340.0,115675,5,406281
WIN$D,M15,1695909600,153340.0,153410.0,153240.0,153300.0,101213,5,354649
WIN$D,M15,1695910500,153305.0,153400.0,153230.0,153280.0,85158,5,297572
WIN$D,M15,1695911400,153280.0,153290.0,153080.0,153105.0,100604,5,351838
WIN$D,M15,1695912300,153110.0,153330.0,153100.0,153325.0,85728,5,303051
WIN$D,M15,1695913200,153320.0,153350.0,153170.0,153335.0,99541,5,356258
WIN$D,M15,1695914100,153335.0,153375.0,153240.0,153295.0,74792,5,268867
WIN$D,M15,1695915000,153295.0,153400.0,153155.0,153340.0,103317,5,375529
WIN$D,M15,1695915900,153340.0,153360.0,153205.0,153295.0,78289,5,282315
WIN$D,M15,1695916800,153300.0,153490.0,153290.0,153475.0,94231,5,353076
WIN$D,M15,1695917700,153470.0,153885.0,153455.0,153855.0,154741,5,609635
WIN$D,M15,1695918600,153860.0,153880.0,153480.0,153595.0,141221,5,593829
WIN$D,M15,1695919500,153585.0,153720.0,153505.0,153655.0,108389,5,437270
WIN$D,M15,1695920400,153650.0,153750.0,153615.0,153700.0,64050,5,253584
WIN$D,M15,1695921300,153705.0,153735.0,153565.0,153595.0,41115,5,145448
WIN$D,M15,1695922200,153595.0,153715.0,153570.0,153700.0,41595,5,139771
WIN$D,M15,1695923100,153700.0,153835.0,153695.0,153835.0,23373,5,107364
WIN$D,M15,1695978000,154230.0,154620.0,154190.0,154375.0,224286,5,643470
WIN$D,M15,1695978900,154375.0,154530.0,154350.0,154490.0,106129,5,315526
WIN$D,M15,1695979800,154490.0,154960.0,154435.0,154820.0,280096,5,866504
WIN$D,M15,1695980700,154825.0,154995.0,154790.0,154920.0,141116,5,460053
WIN$D,M15,1695981600,154920.0,154930.0,154565.0,154650.0,178387,5,608645
WIN$D,M15,1695982500,154650.0,154655.0,154380.0,154595.0,193213,5,691094
WIN$D,M15,1695983400,154590.0,154665.0,154295.0,154365.0,212079,5,744803
WIN$D,M15,1695984300,154370.0,154745.0,154310.0,154610.0,205038,5,728679
WIN$D,M15,1695985200,154605.0,154635.0,154230.0,154460.0,246144,5,888136
WIN$D,M15,1695986100,154460.0,154520.0,154205.0,154405.0,177557,5,635126
WIN$D,M15,1695987000,154405.0,154610.0,154370.0,154585.0,145037,5,523540
WIN$D,M15,1695987900,154580.0,154635.0,154325.0,154390.0,140919,5,508504
WIN$D,M15,1695988800,154395.0,154500.0,154325.0,154465.0,108353,5,386542
WIN$D,M15,1695989700,154460.0,154530.0,154290.0,154315.0,113409,5,404098
WIN$D,M15,1695990600,154310.0,154390.0,154020.0,154150.0,153527,5,562686
WIN$D,M15,1695991500,154155.0,154205.0,154035.0,154115.0,103950,5,398285
WIN$D,M15,1695992400,154110.0,154235.0,154000.0,154055.0,93165,5,349246
WIN$D,M15,1695993300,154055.0,154185.0,154020.0,154120.0,68136,5,248023
WIN$D,M15,1695994200,154120.0,154205.0,154025.0,154105.0,82064,5,296160
WIN$D,M15,1695995100,154110.0,154210.0,153900.0,153975.0,117307,5,448900
WIN$D,M15,1695996000,153970.0,154010.0,153770.0,153850.0,116194,5,431044
WIN$D,M15,1695996900,153850.0,153990.0,153790.0,153945.0,94366,5,332392
WIN$D,M15,1695997800,153945.0,154040.0,153885.0,153955.0,91248,5,318965
WIN$D,M15,1695998700,153950.0,153975.0,153675.0,153705.0,140381,5,510026
WIN$D,M15,1695999600,153710.0,153960.0,153690.0,153945.0,101140,5,361042
WIN$D,M15,1696000500,153945.0,153975.0,153750.0,153770.0,91943,5,320904
WIN$D,M15,1696001400,153765.0,154125.0,153760.0,154065.0,108310,5,403889
WIN$D,M15,1696002300,154070.0,154115.0,153900.0,154105.0,104945,5,399776
WIN$D,M15,1696003200,154105.0,154295.0,153995.0,154175.0,127970,5,479152
WIN$D,M15,1696004100,154170.0,154240.0,154070.0,154210.0,83876,5,297145
WIN$D,M15,1696005000,154205.0,154325.0,154165.0,154265.0,108878,5,400932
WIN$D,M15,1696005900,154260.0,154500.0,154240.0,154395.0,140521,5,529639
WIN$D,M15,1696006800,154395.0,154580.0,154385.0,154570.0,80508,5,321578
WIN$D,M15,1696007700,154570.0,154620.0,154515.0,154530.0,49388,5,182389
WIN$D,M15,1696008600,154530.0,154610.0,154470.0,154590.0,45832,5,149438
WIN$D,M15,1696009500,154595.0,154655.0,154490.0,154490.0,27193,5,95734
WIN$D,M15,1696237200,154265.0,154425.0,154040.0,154255.0,147332,5,412042
WIN$D,M15,1696238100,154255.0,154370.0,154190.0,154345.0,123312,5,369647
WIN$D,M15,1696239000,154345.0,154460.0,154330.0,154435.0,122394,5,392395
WIN$D,M15,1696239900,154440.0,154460.0,154245.0,154295.0,101642,5,346344
WIN$D,M15,1696240800,154290.0,154295.0,153925.0,154010.0,221013,5,730489
WIN$D,M15,1696241700,154010.0,154560.0,153930.0,154375.0,270167,5,943440
WIN$D,M15,1696242600,154375.0,154400.0,153955.0,153965.0,252916,5,870122
WIN$D,M15,1696243500,153965.0,153965.0,153385.0,153525.0,291624,5,1117463
WIN$D,M15,1696244400,153525.0,153715.0,153240.0,153300.0,251948,5,942981
WIN$D,M15,1696245300,153300.0,153480.0,153105.0,153120.0,217986,5,799831
WIN$D,M15,1696246200,153115.0,153290.0,152860.0,152980.0,224853,5,843130
WIN$D,M15,1696247100,152980.0,153050.0,152890.0,152990.0,137210,5,499701
WIN$D,M15,1696248000,152985.0,153140.0,152930.0,152975.0,124936,5,452467
WIN$D,M15,1696248900,152975.0,153155.0,152960.0,153025.0,106648,5,393295
WIN$D,M15,1696249800,153025.0,153160.0,152960.0,152970.0,102773,5,372891
WIN$D,M15,1696250700,152975.0,152980.0,152790.0,152915.0,128754,5,483392
WIN$D,M15,1696251600,152920.0,153065.0,152820.0,153055.0,81198,5,293222
WIN$D,M15,1696252500,153060.0,153165.0,152995.0,153060.0,90839,5,323908
WIN$D,M15,1696253400,153055.0,153105.0,152910.0,152915.0,91627,5,331417
WIN$D,M15,1696254300,152920.0,153070.0,152875.0,153000.0,94831,5,347087
WIN$D,M15,1696255200,152995.0,153025.0,152815.0,152860.0,69560,5,258560
WIN$D,M15,1696256100,152855.0,153100.0,152845.0,153040.0,85106,5,319134
WIN$D,M15,1696257000,153035.0,153075.0,152925.0,152985.0,63904,5,240759
WIN$D,M15,1696257900,152980.0,153035.0,152900.0,152925.0,73147,5,281869
WIN$D,M15,1696258800,152925.0,153055.0,152855.0,153005.0,92946,5,355406
WIN$D,M15,1696259700,153005.0,153010.0,152695.0,152720.0,129243,5,517550
WIN$D,M15,1696260600,152715.0,152760.0,152585.0,152640.0,120334,5,492043
WIN$D,M15,1696261500,152635.0,152690.0,152495.0,152610.0,96314,5,374894
WIN$D,M15,1696262400,152620.0,152770.0,152610.0,152700.0,98111,5,378362
WIN$D,M15,1696263300,152695.0,152890.0,152685.0,152825.0,100934,5,384040
WIN$D,M15,1696264200,152825.0,152840.0,152725.0,152825.0,83378,5,338814
WIN$D,M15,1696265100,152820.0,152930.0,152780.0,152820.0,96280,5,388783
WIN$D,M15,1696266000,152825.0,152915.0,152795.0,152805.0,59618,5,243915
WIN$D,M15,1696266900,152805.0,152885.0,152795.0,152865.0,41152,5,151950
WIN$D,M15,1696267800,152860.0,152900.0,152830.0,152865.0,40006,5,151231
WIN$D,M15,1696268700,152860.0,152945.0,152835.0,152845.0,21328,5,96365
WIN$D,M15,1696323600,152265.0,152270.0,151720.0,151980.0,245910,5,745483
WIN$D,M15,1696324500,151985.0,152195.0,151825.0,152170.0,161652,5,504383
WIN$D,M15,1696325400,152170.0,152245.0,151985.0,152060.0,156121,5,514519
WIN$D,M15,1696326300,152060.0,152140.0,152005.0,152055.0,91359,5,311732
WIN$D,M15,1696327200,152055.0,152400.0,152030.0,152200.0,215488,5,742120
WIN$D,M15,1696328100,152205.0,152480.0,152190.0,152330.0,206469,5,712068
WIN$D,M15,1696329000,152325.0,152790.0,152275.0,152765.0,305075,5,1077123
WIN$D,M15,1696329900,152770.0,152785.0,152550.0,152630.0,190245,5,683647
WIN$D,M15,1696330800,152630.0,152635.0,152110.0,152515.0,362093,5,1290483
WIN$D,M15,1696331700,152515.0,152515.0,152065.0,152140.0,289542,5,1020300
WIN$D,M15,1696332600,152135.0,152475.0,152080.0,152375.0,227929,5,806256
WIN$D,M15,1696333500,152375.0,152410.0,151930.0,151965.0,186061,5,681563
WIN$D,M15,1696334400,151965.0,152005.0,151720.0,151780.0,190812,5,696032
WIN$D,M15,1696335300,151780.0,152135.0,151750.0,152115.0,131795,5,474323
WIN$D,M15,1696336200,152115.0,152175.0,151725.0,151940.0,150580,5,547436
WIN$D,M15,1696337100,151940.0,151970.0,151725.0,151790.0,103576,5,363542
WIN$D,M15,1696338000,151790.0,152105.0,151755.0,152005.0,115005,5,419382
WIN$D,M15,1696338900,152010.0,152115.0,151920.0,152000.0,97826,5,350488
WIN$D,M15,1696339800,152005.0,152130.0,151935.0,151950.0,96960,5,354862
WIN$D,M15,1696340700,151950.0,152075.0,151855.0,151890.0,94895,5,348857
WIN$D,M15,1696341600,151890.0,151975.0,151705.0,151780.0,99701,5,374753
WIN$D,M15,1696342500,151785.0,151820.0,151645.0,151765.0,105684,5,391661
WIN$D,M15,1696343400,151770.0,151810.0,151580.0,151695.0,108661,5,401292
WIN$D,M15,1696344300,151695.0,151705.0,151335.0,151415.0,164142,5,655457
WIN$D,M15,1696345200,151415.0,151560.0,151120.0,151195.0,156077,5,606832
WIN$D,M15,1696346100,151195.0,151200.0,150950.0,150995.0,154091,5,653849
WIN$D,M15,1696347000,151000.0,151160.0,150935.0,151130.0,109950,5,431539
WIN$D,M15,1696347900,151130.0,151245.0,151015.0,151015.0,99866,5,373888
WIN$D,M15,1696348800,151015.0,151110.0,150905.0,150930.0,121120,5,434370
WIN$D,M15,1696349700,150930.0,151060.0,150845.0,151025.0,120528,5,438002
WIN$D,M15,1696350600,151025.0,151085.0,150930.0,151030.0,104611,5,395871
WIN$D,M15,1696351500,151030.0,151110.0,151000.0,151070.0,66931,5,252138
WIN$D,M15,1696352400,151070.0,151215.0,151030.0,151035.0,78014,5,300981
WIN$D,M15,1696353300,151040.0,151130.0,151015.0,151110.0,45884,5,172136
WIN$D,M15,1696354200,151105.0,151135.0,150935.0,150945.0,54325,5,203582
WIN$D,M15,1696355100,150945.0,150955.0,150820.0,150885.0,33451,5,156950
WIN$D,M15,1696410000,151555.0,151680.0,151185.0,151260.0,206381,5,603252
WIN$D,M15,1696410900,151260.0,151795.0,151235.0,151355.0,279014,5,838638
WIN$D,M15,1696411800,151355.0,151440.0,151280.0,151285.0,124057,5,387695
WIN$D,M15,1696412700,151290.0,151460.0,151240.0,151260.0,134876,5,422989
WIN$D,M15,1696413600,151260.0,151465.0,151150.0,151400.0,203169,5,665385
WIN$D,M15,1696414500,151405.0,151500.0,151020.0,151185.0,261925,5,910510
WIN$D,M15,1696415400,151185.0,151325.0,150980.0,151050.0,260173,5,887460
WIN$D,M15,1696416300,151050.0,151120.0,150800.0,150960.0,248633,5,865627
WIN$D,M15,1696417200,150965.0,151110.0,150685.0,150965.0,289540,5,970817
WIN$D,M15,1696418100,150970.0,150990.0,150690.0,150730.0,182850,5,597563
WIN$D,M15,1696419000,150730.0,151290.0,150715.0,151030.0,234368,5,827868
WIN$D,M15,1696419900,151030.0,151265.0,150975.0,151165.0,158562,5,558749
WIN$D,M15,1696420800,151165.0,151315.0,151010.0,151130.0,193914,5,693815
WIN$D,M15,1696421700,151125.0,151480.0,151115.0,151420.0,152702,5,554685
WIN$D,M15,1696422600,151420.0,151445.0,151085.0,151090.0,120738,5,430135
WIN$D,M15,1696423500,151090.0,151525.0,151070.0,151475.0,160821,5,589861
WIN$D,M15,1696424400,151470.0,151635.0,151345.0,151545.0,129447,5,471558
WIN$D,M15,1696425300,151545.0,151755.0,151535.0,151745.0,100869,5,370317
WIN$D,M15,1696426200,151750.0,151810.0,151675.0,151725.0,103243,5,379388
WIN$D,M15,1696427100,151730.0,151845.0,151585.0,151595.0,101298,5,366546
WIN$D,M15,1696428000,151600.0,151625.0,151295.0,151355.0,120421,5,466914
WIN$D,M15,1696428900,151355.0,151440.0,151265.0,151300.0,85037,5,310331
WIN$D,M15,1696429800,151300.0,151390.0,151190.0,151310.0,108364,5,399174
WIN$D,M15,1696430700,151310.0,151440.0,151275.0,151315.0,101991,5,383503
WIN$D,M15,1696431600,151315.0,151370.0,151190.0,151235.0,100352,5,394065
WIN$D,M15,1696432500,151230.0,151320.0,151095.0,151130.0,92064,5,343619
WIN$D,M15,1696433400,151135.0,151240.0,151080.0,151195.0,85120,5,308925
WIN$D,M15,1696434300,151190.0,151240.0,151075.0,151205.0,81532,5,302769
WIN$D,M15,1696435200,151210.0,151365.0,151180.0,151260.0,94249,5,363956
WIN$D,M15,1696436100,151255.0,151505.0,151245.0,151465.0,106554,5,412512
WIN$D,M15,1696437000,151470.0,151550.0,151385.0,151405.0,91674,5,359712
WIN$D,M15,1696437900,151400.0,151425.0,151270.0,151275.0,82875,5,323812
WIN$D,M15,1696438800,151280.0,151415.0,151265.0,151350.0,55137,5,212829
WIN$D,M15,1696439700,151345.0,151390.0,151155.0,151220.0,51237,5,183156
WIN$D,M15,1696440600,151220.0,151275.0,151070.0,151095.0,49313,5,181255
WIN$D,M15,1696441500,151090.0,151200.0,151045.0,151045.0,15754,5,73033
WIN$D,M15,1696496400,151265.0,151285.0,150930.0,151165.0,201272,5,552012
WIN$D,M15,1696497300,151165.0,151170.0,150920.0,150950.0,135832,5,403390
WIN$D,M15,1696498200,150950.0,151020.0,150770.0,150865.0,182351,5,568589
WIN$D,M15,1696499100,150865.0,151220.0,150835.0,151175.0,166811,5,519879
WIN$D,M15,1696500000,151175.0,151365.0,151115.0,151310.0,216389,5,706071
WIN$D,M15,1696500900,151310.0,151720.0,151305.0,151605.0,258575,5,884203
WIN$D,M15,1696501800,151605.0,151770.0,151450.0,151585.0,229175,5,804571
WIN$D,M15,1696502700,151585.0,151985.0,151535.0,151890.0,239956,5,822495
WIN$D,M15,1696503600,151895.0,151905.0,151415.0,151545.0,257581,5,888655
WIN$D,M15,1696504500,151545.0,151550.0,151370.0,151455.0,157456,5,530101
WIN$D,M15,1696505400,151450.0,151525.0,150585.0,150710.0,331905,5,1194703
WIN$D,M15,1696506300,150710.0,150835.0,150560.0,150605.0,211788,5,755782
WIN$D,M15,1696507200,150605.0,150660.0,150340.0,150620.0,196424,5,743054
WIN$D,M15,1696508100,150620.0,150695.0,150470.0,150550.0,140095,5,512304
WIN$D,M15,1696509000,150545.0,150650.0,150430.0,150440.0,115460,5,399062
WIN$D,M15,1696509900,150440.0,150580.0,150390.0,150475.0,112229,5,392635
WIN$D,M15,1696510800,150475.0,150630.0,150440.0,150610.0,76684,5,259571
WIN$D,M15,1696511700,150605.0,150660.0,150480.0,150645.0,82129,5,295876
WIN$D,M15,1696512600,150650.0,150700.0,150535.0,150570.0,88669,5,316143
WIN$D,M15,1696513500,150565.0,150575.0,150385.0,150475.0,97631,5,342870
WIN$D,M15,1696514400,150480.0,150515.0,150295.0,150455.0,107746,5,390986
WIN$D,M15,1696515300,150455.0,150495.0,150355.0,150455.0,91891,5,318133
WIN$D,M15,1696516200,150450.0,150540.0,150300.0,150535.0,98117,5,352959
WIN$D,M15,1696517100,150530.0,150575.0,150495.0,150565.0,68609,5,250445
WIN$D,M15,1696518000,150565.0,150635.0,150470.0,150560.0,91280,5,345746
WIN$D,M15,1696518900,150560.0,150665.0,150525.0,150625.0,83457,5,317645
WIN$D,M15,1696519800,150625.0,150840.0,150605.0,150825.0,120205,5,456393
WIN$D,M15,1696520700,150820.0,150985.0,150810.0,150965.0,113826,5,450948
WIN$D,M15,1696521600,150965.0,151025.0,150840.0,150880.0,100207,5,386691
WIN$D,M15,1696522500,150875.0,150925.0,150785.0,150905.0,80509,5,320266
WIN$D,M15,1696523400,150910.0,150980.0,150815.0,150950.0,75184,5,286660
WIN$D,M15,1696524300,150950.0,151050.0,150885.0,150965.0,87031,5,337738
WIN$D,M15,1696525200,150960.0,150975.0,150845.0,150875.0,50737,5,198607
WIN$D,M15,1696526100,150875.0,150955.0,150850.0,150865.0,38072,5,138906
WIN$D,M15,1696527000,150865.0,151040.0,150855.0,151015.0,42262,5,157705
WIN$D,M15,1696527900,151015.0,151080.0,150990.0,151015.0,20131,5,89318
WIN$D,M15,1696582800,151065.0,151175.0,150915.0,151010.0,142301,5,386177
WIN$D,M15,1696583700,151010.0,151070.0,150915.0,151010.0,105849,5,300823
WIN$D,M15,1696584600,151005.0,151015.0,149710.0,149910.0,556716,5,1600533
WIN$D,M15,1696585500,149910.0,149940.0,149570.0,149900.0,256136,5,811551
WIN$D,M15,1696586400,149900.0,149950.0,149590.0,149905.0,285910,5,910927
WIN$D,M15,1696587300,149905.0,150260.0,149850.0,149955.0,269835,5,868925
WIN$D,M15,1696588200,149955.0,150195.0,149740.0,149920.0,343401,5,1074084
WIN$D,M15,1696589100,149920.0,150055.0,149440.0,149485.0,328798,5,1017291
WIN$D,M15,1696590000,149490.0,149505.0,149225.0,149335.0,311184,5,1028023
WIN$D,M15,1696590900,149335.0,149585.0,149125.0,149545.0,241752,5,768261
WIN$D,M15,1696591800,149540.0,150000.0,149525.0,149945.0,236813,5,820883
WIN$D,M15,1696592700,149940.0,150040.0,149740.0,149950.0,193365,5,645992
WIN$D,M15,1696593600,149955.0,150680.0,149915.0,150650.0,244939,5,906425
WIN$D,M15,1696594500,150655.0,150930.0,150630.0,150835.0,224524,5,800438
WIN$D,M15,1696595400,150840.0,151150.0,150790.0,151025.0,201256,5,747759
WIN$D,M15,1696596300,151020.0,151320.0,150975.0,151195.0,179822,5,681318
WIN$D,M15,1696597200,151200.0,151445.0,151155.0,151190.0,166100,5,621007
WIN$D,M15,1696598100,151195.0,151325.0,151105.0,151270.0,127583,5,449443
WIN$D,M15,1696599000,151270.0,151310.0,150980.0,151235.0,133954,5,484378
WIN$D,M15,1696599900,151235.0,151365.0,151205.0,151265.0,101602,5,345618
WIN$D,M15,1696600800,151270.0,151600.0,151255.0,151580.0,117437,5,419495
WIN$D,M15,1696601700,151580.0,151765.0,151460.0,151760.0,118730,5,451616
WIN$D,M15,1696602600,151755.0,151830.0,151640.0,151655.0,107730,5,404827
WIN$D,M15,1696603500,151650.0,151880.0,151600.0,151820.0,98655,5,354540
WIN$D,M15,1696604400,151815.0,151925.0,151715.0,151845.0,105875,5,372141
WIN$D,M15,1696605300,151845.0,151975.0,151835.0,151960.0,80156,5,276721
WIN$D,M15,1696606200,151955.0,152060.0,151930.0,151965.0,94426,5,362762
WIN$D,M15,1696607100,151970.0,152040.0,151830.0,151940.0,92540,5,342614
WIN$D,M15,1696608000,151945.0,152020.0,151865.0,151945.0,103162,5,395533
WIN$D,M15,1696608900,151945.0,151995.0,151790.0,151995.0,97158,5,367625
WIN$D,M15,1696609800,151990.0,152020.0,151850.0,151985.0,82110,5,316874
WIN$D,M15,1696610700,151985.0,152010.0,151660.0,151725.0,96641,5,374478
WIN$D,M15,1696611600,151725.0,151800.0,151685.0,151760.0,52595,5,201754
WIN$D,M15,1696612500,151760.0,151855.0,151720.0,151815.0,42568,5,152181
WIN$D,M15,1696613400,151815.0,151970.0,151800.0,151935.0,49160,5,164814
WIN$D,M15,1696614300,151935.0,152010.0,151885.0,151965.0,29983,5,95806
WIN$D,M15,1696842000,150885.0,151350.0,150705.0,151260.0,176576,5,463881
WIN$D,M15,1696842900,151260.0,151330.0,150850.0,150885.0,158829,5,505070
WIN$D,M15,1696843800,150885.0,150905.0,150770.0,150895.0,126520,5,386969
WIN$D,M15,1696844700,150895.0,151010.0,150845.0,151000.0,115480,5,383327
WIN$D,M15,1696845600,151000.0,151415.0,150995.0,151240.0,252607,5,847412
WIN$D,M15,1696846500,151240.0,151450.0,151155.0,151295.0,206276,5,687266
WIN$D,M15,1696847400,151295.0,151400.0,151010.0,151350.0,307318,5,1049785
WIN$D,M15,1696848300,151350.0,151380.0,151040.0,151170.0,212203,5,728377
WIN$D,M15,1696849200,151175.0,151265.0,150935.0,151070.0,191143,5,657555
WIN$D,M15,1696850100,151070.0,151300.0,151000.0,151220.0,164683,5,585312
WIN$D,M15,1696851000,151220.0,151420.0,151190.0,151345.0,146697,5,519558
WIN$D,M15,1696851900,151345.0,151440.0,151125.0,151280.0,166317,5,594937
WIN$D,M15,1696852800,151275.0,151425.0,151155.0,151420.0,135746,5,496292
WIN$D,M15,1696853700,151420.0,151500.0,151215.0,151220.0,126473,5,443349
WIN$D,M15,1696854600,151220.0,151305.0,151165.0,151265.0,89396,5,303652
WIN$D,M15,1696855500,151270.0,151400.0,151180.0,151295.0,84113,5,290282
WIN$D,M15,1696856400,151295.0,151400.0,151230.0,151285.0,84601,5,294517
WIN$D,M15,1696857300,151290.0,151475.0,151260.0,151390.0,77657,5,266901
WIN$D,M15,1696858200,151390.0,151455.0,151205.0,151360.0,94828,5,336494
WIN$D,M15,1696859100,151365.0,151465.0,151300.0,151395.0,90918,5,321818
WIN$D,M15,1696860000,151400.0,151555.0,151330.0,151505.0,99757,5,357550
WIN$D,M15,1696860900,151505.0,151610.0,151465.0,151585.0,98814,5,354429
WIN$D,M15,1696861800,151580.0,152375.0,151570.0,152310.0,242350,5,993962
WIN$D,M15,1696862700,152305.0,152705.0,152275.0,152670.0,224324,5,926655
WIN$D,M15,1696863600,152670.0,152760.0,152525.0,152710.0,138011,5,547881
WIN$D,M15,1696864500,152705.0,152760.0,152475.0,152575.0,120103,5,489501
WIN$D,M15,1696865400,152570.0,152650.0,152470.0,152585.0,101164,5,398593
WIN$D,M15,1696866300,152585.0,152665.0,152425.0,152550.0,114638,5,439574
WIN$D,M15,1696867200,152550.0,152590.0,152375.0,152410.0,98501,5,369012
WIN$D,M15,1696868100,152410.0,152510.0,152370.0,152415.0,93019,5,340345
WIN$D,M15,1696869000,152410.0,152425.0,152285.0,152415.0,94958,5,349366
WIN$D,M15,1696869900,152410.0,152735.0,152385.0,152730.0,111101,5,423212
WIN$D,M15,1696870800,152730.0,152755.0,152665.0,152730.0,55181,5,210650
WIN$D,M15,1696871700,152725.0,152840.0,152715.0,152835.0,51659,5,196116
WIN$D,M15,1696872600,152830.0,152950.0,152790.0,152945.0,53894,5,199797
WIN$D,M15,1696873500,152940.0,152960.0,152860.0,152955.0,20821,5,94129
WIN$D,M15,1696928400,153165.0,153605.0,153105.0,153285.0,277940,5,708538
WIN$D,M15,1696929300,153285.0,153365.0,153165.0,153270.0,152992,5,450204
WIN$D,M15,1696930200,153265.0,153355.0,153095.0,153120.0,132246,5,393806
WIN$D,M15,1696931100,153120.0,153180.0,153040.0,153180.0,110338,5,352311
WIN$D,M15,1696932000,153175.0,153295.0,153010.0,153290.0,211038,5,694807
WIN$D,M15,1696932900,153290.0,153400.0,153050.0,153335.0,250772,5,804476
WIN$D,M15,1696933800,153340.0,153545.0,153175.0,153490.0,300438,5,967157
WIN$D,M15,1696934700,153485.0,153845.0,153415.0,153840.0,233985,5,800305
WIN$D,M15,1696935600,153835.0,154305.0,153830.0,154160.0,247906,5,963221
WIN$D,M15,1696936500,154160.0,154255.0,154070.0,154145.0,135497,5,498201
WIN$D,M15,1696937400,154145.0,154185.0,153970.0,154080.0,162019,5,602105
WIN$D,M15,1696938300,154080.0,154125.0,153965.0,154055.0,111405,5,407906
WIN$D,M15,1696939200,154055.0,154090.0,153900.0,153970.0,123091,5,468179
WIN$D,M15,1696940100,153970.0,154220.0,153925.0,154200.0,128344,5,512003
WIN$D,M15,1696941000,154200.0,154245.0,154005.0,154070.0,108889,5,397039
WIN$D,M15,1696941900,154070.0,154140.0,153965.0,154115.0,81874,5,298582
WIN$D,M15,1696942800,154115.0,154145.0,154015.0,154115.0,75275,5,285297
WIN$D,M15,1696943700,154115.0,154185.0,154080.0,154110.0,71675,5,284763
WIN$D,M15,1696944600,154110.0,154205.0,154050.0,154110.0,72448,5,274767
WIN$D,M15,1696945500,154110.0,154210.0,154050.0,154065.0,78959,5,308264
WIN$D,M15,1696946400,154065.0,154110.0,153895.0,153900.0,127392,5,509502
WIN$D,M15,1696947300,153895.0,154030.0,153845.0,154020.0,106348,5,393876
WIN$D,M15,1696948200,154025.0,154110.0,153900.0,154100.0,98079,5,372219
WIN$D,M15,1696949100,154100.0,154210.0,154070.0,154165.0,95115,5,364933
WIN$D,M15,1696950000,154165.0,154230.0,154090.0,154105.0,81838,5,315964
WIN$D,M15,1696950900,154110.0,154360.0,154070.0,154260.0,115721,5,497020
WIN$D,M15,1696951800,154255.0,154345.0,154180.0,154245.0,99175,5,406175
WIN$D,M15,1696952700,154245.0,154300.0,154075.0,154180.0,99983,5,401964
WIN$D,M15,1696953600,154185.0,154330.0,154120.0,154275.0,93338,5,377982
WIN$D,M15,1696954500,154275.0,154380.0,154250.0,154335.0,87227,5,356953
WIN$D,M15,1696955400,154335.0,154440.0,154305.0,154395.0,97750,5,417792
WIN$D,M15,1696956300,154390.0,154445.0,154255.0,154275.0,91449,5,390197
WIN$D,M15,1696957200,154280.0,154310.0,154170.0,154225.0,67290,5,290669
WIN$D,M15,1696958100,154230.0,154260.0,154140.0,154155.0,43557,5,169798
WIN$D,M15,1696959000,154150.0,154220.0,154085.0,154205.0,42323,5,153104
WIN$D,M15,1696959900,154205.0,154240.0,154025.0,154025.0,21407,5,91794
WIN$D,M15,1697014800,154560.0,154960.0,154560.0,154660.0,197507,5,516914
WIN$D,M15,1697015700,154655.0,154890.0,154655.0,154715.0,141311,5,408378
WIN$D,M15,1697016600,154710.0,154755.0,154450.0,154520.0,208586,5,627546
WIN$D,M15,1697017500,154520.0,154520.0,154300.0,154330.0,141289,5,472980
WIN$D,M15,1697018400,154325.0,154485.0,154285.0,154310.0,194445,5,656308
WIN$D,M15,1697019300,154315.0,154445.0,154145.0,154285.0,230527,5,761708
WIN$D,M15,1697020200,154285.0,154405.0,153955.0,154205.0,304431,5,1069112
WIN$D,M15,1697021100,154205.0,154335.0,153940.0,153955.0,239993,5,839085
WIN$D,M15,1697022000,153955.0,154150.0,153940.0,153970.0,156943,5,555698
WIN$D,M15,1697022900,153970.0,154395.0,153920.0,154355.0,201742,5,726395
WIN$D,M15,1697023800,154360.0,154370.0,154115.0,154245.0,182003,5,659920
WIN$D,M15,1697024700,154240.0,154290.0,154040.0,154085.0,150805,5,550079
WIN$D,M15,1697025600,154080.0,154105.0,153870.0,153945.0,150802,5,540046
WIN$D,M15,1697026500,153950.0,153970.0,153750.0,153910.0,121210,5,440324
WIN$D,M15,1697027400,153910.0,154035.0,153895.0,153935.0,90874,5,324195
WIN$D,M15,1697028300,153940.0,154045.0,153860.0,153885.0,82481,5,292579
WIN$D,M15,1697029200,153880.0,153910.0,153760.0,153785.0,93316,5,344597
WIN$D,M15,1697030100,153780.0,153835.0,153650.0,153715.0,109951,5,427502
WIN$D,M15,1697031000,153715.0,153940.0,153695.0,153875.0,90529,5,333249
WIN$D,M15,1697031900,153880.0,153955.0,153665.0,153875.0,116323,5,441186
WIN$D,M15,1697032800,153875.0,153975.0,153765.0,153915.0,94934,5,347068
WIN$D,M15,1697033700,153920.0,153920.0,153715.0,153890.0,89437,5,321576
WIN$D,M15,1697034600,153890.0,153905.0,153690.0,153820.0,85456,5,335276
WIN$D,M15,1697035500,153825.0,153925.0,153780.0,153905.0,58064,5,229159
WIN$D,M15,1697036400,153905.0,154155.0,153890.0,153920.0,126581,5,459835
WIN$D,M15,1697037300,153920.0,154275.0,153915.0,154115.0,127480,5,495291
WIN$D,M15,1697038200,154115.0,154340.0,154100.0,154200.0,105759,5,404281
WIN$D,M15,1697039100,154200.0,154235.0,154105.0,154165.0,88974,5,344072
WIN$D,M15,1697040000,154165.0,154325.0,154125.0,154250.0,78309,5,307074
WIN$D,M15,1697040900,154250.0,154460.0,154175.0,154425.0,102788,5,411279
WIN$D,M15,1697041800,154430.0,154600.0,154300.0,154570.0,109503,5,466385
WIN$D,M15,1697042700,154570.0,154605.0,154470.0,154475.0,73361,5,308079
WIN$D,M15,1697043600,154480.0,154615.0,154440.0,154565.0,62184,5,236459
WIN$D,M15,1697044500,154565.0,154685.0,154540.0,154670.0,39494,5,157004
WIN$D,M15,1697045400,154670.0,154730.0,154575.0,154590.0,48479,5,187354
WIN$D,M15,1697046300,154590.0,154680.0,154520.0,154670.0,21735,5,84006
WIN$D,M15,1697187600,153565.0,154040.0,153480.0,153960.0,228703,5,633533
WIN$D,M15,1697188500,153965.0,154160.0,153860.0,153875.0,154268,5,475791
WIN$D,M15,1697189400,153870.0,154175.0,153845.0,154125.0,139352,5,417166
WIN$D,M15,1697190300,154130.0,154170.0,154055.0,154140.0,86383,5,258325
WIN$D,M15,1697191200,154140.0,154360.0,154035.0,154155.0,188450,5,602996
WIN$D,M15,1697192100,154155.0,154190.0,153670.0,154015.0,248946,5,846154
WIN$D,M15,1697193000,154010.0,154135.0,153875.0,153960.0,259128,5,871612
WIN$D,M15,1697193900,153955.0,154450.0,153910.0,154410.0,262541,5,895105
WIN$D,M15,1697194800,154410.0,154410.0,154035.0,154050.0,244613,5,819041
WIN$D,M15,1697195700,154050.0,154175.0,153935.0,153950.0,183423,5,627869
WIN$D,M15,1697196600,153950.0,154150.0,153870.0,154030.0,147884,5,492983
WIN$D,M15,1697197500,154030.0,154125.0,153850.0,154015.0,125439,5,432674
WIN$D,M15,1697198400,154010.0,154095.0,153805.0,153850.0,138565,5,459534
WIN$D,M15,1697199300,153850.0,153950.0,153570.0,153705.0,156992,5,566464
WIN$D,M15,1697200200,153710.0,153715.0,153490.0,153575.0,118688,5,408980
WIN$D,M15,1697201100,153580.0,153630.0,153495.0,153565.0,78637,5,268962
WIN$D,M15,1697202000,153565.0,153795.0,153505.0,153775.0,101607,5,366149
WIN$D,M15,1697202900,153775.0,153990.0,153775.0,153980.0,97594,5,368348
WIN$D,M15,1697203800,153975.0,154095.0,153935.0,153970.0,100090,5,379408
WIN$D,M15,1697204700,153970.0,154000.0,153865.0,153910.0,79650,5,290010
WIN$D,M15,1697205600,153910.0,153990.0,153625.0,153630.0,109363,5,395160
WIN$D,M15,1697206500,153625.0,153640.0,152990.0,153025.0,212167,5,851726
WIN$D,M15,1697207400,153025.0,153285.0,152975.0,153250.0,125130,5,482804
WIN$D,M15,1697208300,153250.0,153450.0,153240.0,153300.0,104466,5,402616
WIN$D,M15,1697209200,153305.0,153380.0,153180.0,153355.0,92839,5,359777
WIN$D,M15,1697210100,153355.0,153425.0,153175.0,153245.0,88713,5,338489
WIN$D,M15,1697211000,153245.0,153320.0,153025.0,153095.0,111713,5,403853
WIN$D,M15,1697211900,153090.0,153265.0,153025.0,153235.0,91466,5,332262
WIN$D,M15,1697212800,153240.0,153450.0,153220.0,153430.0,105691,5,403848
WIN$D,M15,1697213700,153430.0,153545.0,153390.0,153455.0,86534,5,326959
WIN$D,M15,1697214600,153460.0,153490.0,153190.0,153215.0,102137,5,392219
WIN$D,M15,1697215500,153220.0,153310.0,153090.0,153130.0,88897,5,322764
WIN$D,M15,1697216400,153130.0,153135.0,152950.0,153030.0,63336,5,234532
WIN$D,M15,1697217300,153025.0,153100.0,152970.0,153060.0,49967,5,174621
WIN$D,M15,1697218200,153065.0,153095.0,153000.0,153055.0,35493,5,113779
WIN$D,M15,1697219100,153050.0,153245.0,153045.0,153140.0,25149,5,88546
WIN$D,M15,1697446800,153665.0,153980.0,153615.0,153865.0,233056,5,662461
WIN$D,M15,1697447700,153865.0,154040.0,153690.0,153920.0,173499,5,513867
WIN$D,M15,1697448600,153920.0,154100.0,153905.0,153965.0,140945,5,444554
WIN$D,M15,1697449500,153960.0,154080.0,153920.0,154010.0,100634,5,308522
WIN$D,M15,1697450400,154010.0,154020.0,153365.0,153475.0,284692,5,941140
WIN$D,M15,1697451300,153480.0,153915.0,153410.0,153645.0,270704,5,927831
WIN$D,M15,1697452200,153645.0,153730.0,153470.0,153660.0,279630,5,906950
WIN$D,M15,1697453100,153655.0,154040.0,153620.0,153680.0,262847,5,904058
WIN$D,M15,1697454000,153685.0,153760.0,153360.0,153670.0,238534,5,829715
WIN$D,M15,1697454900,153670.0,154135.0,153660.0,154100.0,207329,5,738089
WIN$D,M15,1697455800,154100.0,154220.0,153930.0,154165.0,177807,5,618287
WIN$D,M15,1697456700,154170.0,154300.0,153945.0,153970.0,145893,5,511322
WIN$D,M15,1697457600,153970.0,154070.0,153850.0,153870.0,106994,5,390340
WIN$D,M15,1697458500,153870.0,153975.0,153840.0,153870.0,82041,5,286472
WIN$D,M15,1697459400,153865.0,153920.0,153720.0,153740.0,90625,5,316491
WIN$D,M15,1697460300,153735.0,153900.0,153690.0,153895.0,83078,5,295122
WIN$D,M15,1697461200,153900.0,153940.0,153800.0,153850.0,67413,5,236117
WIN$D,M15,1697462100,153855.0,153925.0,153825.0,153830.0,57080,5,190757
WIN$D,M15,1697463000,153830.0,153880.0,153780.0,153840.0,56192,5,200433
WIN$D,M15,1697463900,153835.0,154035.0,153830.0,154020.0,83050,5,289019
WIN$D,M15,1697464800,154020.0,154150.0,153995.0,154075.0,71483,5,255697
WIN$D,M15,1697465700,154075.0,154085.0,153525.0,153675.0,199845,5,744568
WIN$D,M15,1697466600,153675.0,153915.0,153595.0,153905.0,107465,5,394809
WIN$D,M15,1697467500,153900.0,154060.0,153855.0,153975.0,100208,5,393849
WIN$D,M15,1697468400,153970.0,153985.0,153855.0,153900.0,84432,5,311619
WIN$D,M15,1697469300,153895.0,153985.0,153815.0,153875.0,104294,5,396407
WIN$D,M15,1697470200,153880.0,153945.0,153795.0,153830.0,80869,5,309797
WIN$D,M15,1697471100,153830.0,153945.0,153740.0,153905.0,100483,5,391264
WIN$D,M15,1697472000,153905.0,154085.0,153865.0,154000.0,95726,5,376063
WIN$D,M15,1697472900,153995.0,154080.0,153990.0,154015.0,64514,5,249971
WIN$D,M15,1697473800,154015.0,154265.0,154000.0,154190.0,120071,5,483464
WIN$D,M15,1697474700,154185.0,154185.0,153955.0,153975.0,101422,5,395287
WIN$D,M15,1697475600,153980.0,154010.0,153825.0,153910.0,74379,5,300696
WIN$D,M15,1697476500,153910.0,153935.0,153840.0,153915.0,39354,5,155471
WIN$D,M15,1697477400,153920.0,153925.0,153740.0,153785.0,53707,5,202453
WIN$D,M15,1697478300,153785.0,153870.0,153685.0,153685.0,21354,5,92707
WIN$D,M15,1697533200,153405.0,153840.0,153365.0,153520.0,213757,5,577490
WIN$D,M15,1697534100,153520.0,153675.0,153515.0,153645.0,96506,5,284992
WIN$D,M15,1697535000,153650.0,153650.0,153180.0,153220.0,282536,5,888088
WIN$D,M15,1697535900,153220.0,153225.0,152965.0,152970.0,174415,5,554468
WIN$D,M15,1697536800,152975.0,153070.0,152890.0,152960.0,192202,5,658880
WIN$D,M15,1697537700,152965.0,153135.0,152870.0,152885.0,223825,5,748606
WIN$D,M15,1697538600,152885.0,153115.0,152825.0,152910.0,294037,5,1027043
WIN$D,M15,1697539500,152905.0,153085.0,152830.0,153080.0,181201,5,601586
WIN$D,M15,1697540400,153075.0,153445.0,153010.0,153415.0,245968,5,882004
WIN$D,M15,1697541300,153415.0,153840.0,153360.0,153830.0,245455,5,975356
WIN$D,M15,1697542200,153835.0,154000.0,153685.0,153880.0,190281,5,724262
WIN$D,M15,1697543100,153875.0,154020.0,153865.0,153980.0,146309,5,545765
WIN$D,M15,1697544000,153980.0,154130.0,153925.0,154080.0,149478,5,568342
WIN$D,M15,1697544900,154080.0,154125.0,153875.0,153920.0,110655,5,406109
WIN$D,M15,1697545800,153920.0,154160.0,153885.0,154125.0,116408,5,415856
WIN$D,M15,1697546700,154120.0,154215.0,154080.0,154175.0,83664,5,303141
WIN$D,M15,1697547600,154170.0,154195.0,154035.0,154090.0,76221,5,278712
WIN$D,M15,1697548500,154090.0,154160.0,154030.0,154150.0,71439,5,272478
WIN$D,M15,1697549400,154150.0,154215.0,154110.0,154195.0,68894,5,263818
WIN$D,M15,1697550300,154200.0,154235.0,153950.0,153975.0,109557,5,415275
WIN$D,M15,1697551200,153975.0,154010.0,153835.0,153925.0,111793,5,424138
WIN$D,M15,1697552100,153925.0,153985.0,153795.0,153810.0,83418,5,303562
WIN$D,M15,1697553000,153810.0,153850.0,153450.0,153545.0,182325,5,711479
WIN$D,M15,1697553900,153540.0,153570.0,153285.0,153360.0,149020,5,579022
WIN$D,M15,1697554800,153365.0,153475.0,153165.0,153205.0,154651,5,620232
WIN$D,M15,1697555700,153205.0,153240.0,152985.0,153010.0,138248,5,552310
WIN$D,M15,1697556600,153010.0,153185.0,152900.0,153160.0,140288,5,528845
WIN$D,M15,1697557500,153160.0,153240.0,152935.0,152970.0,117611,5,425599
WIN$D,M15,1697558400,152965.0,153170.0,152950.0,153120.0,89684,5,344850
WIN$D,M15,1697559300,153120.0,153240.0,153015.0,153225.0,100925,5,412326
WIN$D,M15,1697560200,153230.0,153250.0,153105.0,153150.0,81174,5,325785
WIN$D,M15,1697561100,153155.0,153300.0,153145.0,153230.0,80905,5,319964
WIN$D,M15,1697562000,153230.0,153250.0,153100.0,153110.0,48564,5,196165
WIN$D,M15,1697562900,153110.0,153110.0,153050.0,153085.0,38580,5,142632
WIN$D,M15,1697563800,153085.0,153190.0,153030.0,153055.0,61906,5,184439
WIN$D,M15,1697564700,153060.0,153120.0,152985.0,152985.0,22286,5,74576
WIN$D,M15,1697619600,152635.0,152885.0,152305.0,152510.0,230650,5,652735
WIN$D,M15,1697620500,152510.0,152730.0,152495.0,152685.0,132565,5,405392
WIN$D,M15,1697621400,152685.0,152685.0,152410.0,152430.0,173189,5,531450
WIN$D,M15,1697622300,152430.0,152580.0,152375.0,152555.0,130334,5,423323
WIN$D,M15,1697623200,152550.0,152655.0,152335.0,152485.0,216784,5,746201
WIN$D,M15,1697624100,152485.0,152650.0,152445.0,152550.0,135303,5,465974
WIN$D,M15,1697625000,152550.0,152630.0,152235.0,152410.0,259375,5,908734
WIN$D,M15,1697625900,152410.0,152430.0,152140.0,152240.0,189801,5,661718
WIN$D,M15,1697626800,152240.0,152295.0,152080.0,152205.0,165073,5,587774
WIN$D,M15,1697627700,152200.0,152450.0,152125.0,152135.0,182046,5,661938
WIN$D,M15,1697628600,152135.0,152200.0,151815.0,151885.0,196750,5,726058
WIN$D,M15,1697629500,151885.0,151960.0,151680.0,151770.0,143773,5,558716
WIN$D,M15,1697630400,151765.0,151930.0,151745.0,151845.0,121811,5,479169
WIN$D,M15,1697631300,151845.0,152075.0,151840.0,152015.0,109344,5,416176
WIN$D,M15,1697632200,152015.0,152215.0,151980.0,152030.0,115500,5,462738
WIN$D,M15,1697633100,152035.0,152130.0,151900.0,152035.0,110560,5,438102
WIN$D,M15,1697634000,152035.0,152145.0,151920.0,151920.0,113305,5,428521
WIN$D,M15,1697634900,151920.0,151945.0,151725.0,151920.0,116176,5,448166
WIN$D,M15,1697635800,151920.0,152155.0,151915.0,152090.0,110800,5,430788
WIN$D,M15,1697636700,152095.0,152130.0,151845.0,151870.0,82643,5,319446
WIN$D,M15,1697637600,151870.0,152460.0,151790.0,152315.0,233011,5,930614
WIN$D,M15,1697638500,152315.0,152550.0,152075.0,152130.0,142175,5,557778
WIN$D,M15,1697639400,152130.0,152130.0,151815.0,151900.0,140288,5,554092
WIN$D,M15,1697640300,151905.0,152075.0,151785.0,152055.0,132352,5,522680
WIN$D,M15,1697641200,152055.0,152090.0,151840.0,151875.0,127903,5,485101
WIN$D,M15,1697642100,151880.0,151880.0,151505.0,151580.0,151551,5,617376
WIN$D,M15,1697643000,151580.0,151675.0,151370.0,151430.0,131750,5,507262
WIN$D,M15,1697643900,151430.0,151500.0,151330.0,151445.0,111138,5,441642
WIN$D,M15,1697644800,151445.0,151460.0,151265.0,151385.0,117571,5,458865
WIN$D,M15,1697645700,151385.0,151505.0,151300.0,151330.0,108699,5,433655
WIN$D,M15,1697646600,151335.0,151360.0,151185.0,151285.0,109103,5,452394
WIN$D,M15,1697647500,151290.0,151380.0,151190.0,151295.0,111730,5,441560
WIN$D,M15,1697648400,151295.0,151380.0,151215.0,151280.0,63837,5,235022
WIN$D,M15,1697649300,151285.0,151310.0,151220.0,151265.0,35948,5,149834
WIN$D,M15,1697650200,151270.0,151345.0,151265.0,151315.0,35998,5,142392
WIN$D,M15,1697651100,151310.0,151340.0,151235.0,151235.0,19217,5,94788
WIN$D,M15,1697706000,151135.0,151440.0,151040.0,151165.0,202146,5,548671
WIN$D,M15,1697706900,151160.0,151330.0,151090.0,151280.0,136134,5,417677
WIN$D,M15,1697707800,151280.0,151345.0,151065.0,151270.0,245064,5,796651
WIN$D,M15,1697708700,151270.0,151275.0,151150.0,151210.0,98044,5,313717
WIN$D,M15,1697709600,151210.0,151420.0,151065.0,151195.0,239415,5,820282
WIN$D,M15,1697710500,151195.0,151610.0,151195.0,151320.0,276655,5,946243
WIN$D,M15,1697711400,151325.0,151590.0,151190.0,151550.0,297742,5,1008782
WIN$D,M15,1697712300,151545.0,151635.0,151420.0,151575.0,186273,5,627152
WIN$D,M15,1697713200,151575.0,151775.0,151410.0,151760.0,220436,5,755948
WIN$D,M15,1697714100,151765.0,151775.0,151360.0,151370.0,201563,5,696477
WIN$D,M15,1697715000,151375.0,151535.0,151320.0,151365.0,158784,5,583146
WIN$D,M15,1697715900,151365.0,151430.0,151295.0,151415.0,119739,5,431232
WIN$D,M15,1697716800,151410.0,151780.0,151330.0,151730.0,179213,5,668162
WIN$D,M15,1697717700,151735.0,151980.0,151530.0,151895.0,192115,5,705114
WIN$D,M15,1697718600,151895.0,152030.0,151880.0,151995.0,110043,5,402077
WIN$D,M15,1697719500,151995.0,152080.0,151775.0,151825.0,120612,5,454377
WIN$D,M15,1697720400,151825.0,152195.0,151625.0,152115.0,291366,5,1042055
WIN$D,M15,1697721300,152115.0,152405.0,151950.0,152005.0,234491,5,889914
WIN$D,M15,1697722200,152010.0,152025.0,151505.0,151790.0,272628,5,1051829
WIN$D,M15,1697723100,151790.0,152265.0,151760.0,152110.0,215288,5,802631
WIN$D,M15,1697724000,152110.0,152385.0,152110.0,152285.0,181221,5,662753
WIN$D,M15,1697724900,152285.0,152400.0,152030.0,152145.0,168604,5,612506
WIN$D,M15,1697725800,152140.0,152300.0,151905.0,151920.0,162555,5,616548
WIN$D,M15,1697726700,151925.0,152000.0,151840.0,151895.0,116195,5,430986
WIN$D,M15,1697727600,151890.0,152080.0,151860.0,152045.0,119166,5,431319
WIN$D,M15,1697728500,152045.0,152075.0,151780.0,151800.0,132834,5,490385
WIN$D,M15,1697729400,151805.0,151810.0,151400.0,151515.0,161289,5,665552
WIN$D,M15,1697730300,151520.0,151730.0,151340.0,151645.0,134367,5,568528
WIN$D,M15,1697731200,151650.0,151785.0,151510.0,151530.0,115216,5,485085
WIN$D,M15,1697732100,151525.0,151555.0,151340.0,151535.0,109109,5,454799
WIN$D,M15,1697733000,151535.0,151550.0,151265.0,151320.0,99696,5,416474
WIN$D,M15,1697733900,151320.0,151540.0,151300.0,151315.0,106496,5,459186
WIN$D,M15,1697734800,151315.0,151340.0,151175.0,151240.0,68851,5,290520
WIN$D,M15,1697735700,151235.0,151370.0,151235.0,151290.0,38458,5,154456
WIN$D,M15,1697736600,151290.0,151300.0,151105.0,151150.0,49151,5,204648
WIN$D,M15,1697737500,151155.0,151195.0,151040.0,151160.0,16650,5,78613
WIN$D,M15,1697792400,150955.0,151060.0,150505.0,150555.0,199603,5,579693
WIN$D,M15,1697793300,150555.0,150595.0,150375.0,150495.0,156981,5,521908
WIN$D,M15,1697794200,150495.0,150520.0,150325.0,150420.0,128403,5,434104
WIN$D,M15,1697795100,150420.0,150510.0,150340.0,150505.0,116980,5,407583
WIN$D,M15,1697796000,150510.0,151080.0,150510.0,151060.0,288188,5,1088936
WIN$D,M15,1697796900,151060.0,151310.0,150960.0,151095.0,262397,5,1006908
WIN$D,M15,1697797800,151090.0,151135.0,150695.0,150725.0,259147,5,936831
WIN$D,M15,1697798700,150730.0,151195.0,150705.0,150835.0,257594,5,965197
WIN$D,M15,1697799600,150835.0,150880.0,150455.0,150465.0,215338,5,788964
WIN$D,M15,1697800500,150465.0,150490.0,149715.0,149720.0,297149,5,1195442
WIN$D,M15,1697801400,149720.0,149960.0,149675.0,149880.0,206253,5,808174
WIN$D,M15,1697802300,149875.0,150080.0,149825.0,149890.0,166582,5,615244
WIN$D,M15,1697803200,149890.0,150145.0,149865.0,150100.0,146835,5,544296
WIN$D,M15,1697804100,150100.0,150135.0,149880.0,150055.0,131237,5,490843
WIN$D,M15,1697805000,150055.0,150055.0,149870.0,149995.0,101398,5,361631
WIN$D,M15,1697805900,149995.0,150175.0,149970.0,150130.0,121808,5,483622
WIN$D,M15,1697806800,150135.0,150145.0,149790.0,149795.0,109438,5,435790
WIN$D,M15,1697807700,149800.0,150085.0,149775.0,150030.0,117503,5,465271
WIN$D,M15,1697808600,150035.0,150170.0,150030.0,150130.0,90566,5,346383
WIN$D,M15,1697809500,150130.0,150270.0,150100.0,150205.0,137248,5,541750
WIN$D,M15,1697810400,150210.0,150285.0,150100.0,150275.0,100415,5,403275
WIN$D,M15,1697811300,150275.0,150740.0,150260.0,150685.0,216218,5,858088
WIN$D,M15,1697812200,150690.0,150785.0,150435.0,150645.0,144255,5,579280
WIN$D,M15,1697813100,150650.0,150710.0,150485.0,150690.0,116133,5,445134
WIN$D,M15,1697814000,150695.0,150845.0,150530.0,150540.0,154568,5,607090
WIN$D,M15,1697814900,150545.0,150580.0,150325.0,150345.0,123430,5,486471
WIN$D,M15,1697815800,150345.0,150515.0,150280.0,150395.0,120745,5,471930
WIN$D,M15,1697816700,150390.0,150450.0,150245.0,150390.0,96176,5,395287
WIN$D,M15,1697817600,150395.0,150475.0,150315.0,150370.0,78089,5,311720
WIN$D,M15,1697818500,150365.0,150445.0,150270.0,150355.0,90154,5,360251
WIN$D,M15,1697819400,150350.0,150390.0,150215.0,150240.0,96477,5,387547
WIN$D,M15,1697820300,150245.0,150345.0,150230.0,150310.0,74842,5,318397
WIN$D,M15,1697821200,150305.0,150360.0,150190.0,150195.0,54421,5,225456
WIN$D,M15,1697822100,150200.0,150215.0,150100.0,150120.0,42502,5,186334
WIN$D,M15,1697823000,150115.0,150160.0,150010.0,150105.0,46015,5,183822
WIN$D,M15,1697823900,150100.0,150300.0,150070.0,150255.0,24380,5,92826
WIN$D,M15,1698051600,149775.0,149800.0,149335.0,149700.0,218732,5,644582
WIN$D,M15,1698052500,149700.0,149775.0,149615.0,149635.0,132011,5,413559
WIN$D,M15,1698053400,149630.0,149775.0,149590.0,149620.0,110051,5,360796
WIN$D,M15,1698054300,149615.0,149655.0,149465.0,149470.0,114166,5,383940
WIN$D,M15,1698055200,149475.0,149655.0,149290.0,149385.0,227974,5,824043
WIN$D,M15,1698056100,149390.0,149765.0,149345.0,149475.0,256696,5,926770
WIN$D,M15,1698057000,149475.0,149615.0,149270.0,149310.0,275864,5,969523
WIN$D,M15,1698057900,149310.0,150005.0,149280.0,149960.0,372070,5,1330550
WIN$D,M15,1698058800,149960.0,150085.0,149830.0,150040.0,221487,5,779804
WIN$D,M15,1698059700,150040.0,150195.0,149895.0,149950.0,205232,5,747761
WIN$D,M15,1698060600,149950.0,150255.0,149825.0,150245.0,215876,5,788018
WIN$D,M15,1698061500,150245.0,150355.0,150090.0,150240.0,170857,5,631265
WIN$D,M15,1698062400,150245.0,150645.0,150220.0,150500.0,175234,5,680068
WIN$D,M15,1698063300,150500.0,150645.0,150435.0,150645.0,128149,5,466590
WIN$D,M15,1698064200,150645.0,150740.0,150525.0,150665.0,138605,5,510203
WIN$D,M15,1698065100,150665.0,150755.0,150575.0,150655.0,97141,5,353516
WIN$D,M15,1698066000,150650.0,150670.0,150495.0,150510.0,84154,5,289948
WIN$D,M15,1698066900,150505.0,150510.0,150315.0,150470.0,123356,5,455276
WIN$D,M15,1698067800,150470.0,150575.0,150435.0,150495.0,91502,5,329582
WIN$D,M15,1698068700,150495.0,150850.0,150490.0,150820.0,121633,5,450651
WIN$D,M15,1698069600,150825.0,150860.0,150655.0,150730.0,127451,5,474962
WIN$D,M15,1698070500,150730.0,150805.0,150445.0,150540.0,145724,5,518674
WIN$D,M15,1698071400,150540.0,150565.0,150415.0,150475.0,107705,5,389067
WIN$D,M15,1698072300,150475.0,150515.0,150265.0,150350.0,126728,5,455318
WIN$D,M15,1698073200,150355.0,150495.0,150265.0,150410.0,128580,5,460693
WIN$D,M15,1698074100,150405.0,150420.0,150140.0,150335.0,155348,5,559703
WIN$D,M15,1698075000,150330.0,150435.0,150175.0,150175.0,110171,5,388672
WIN$D,M15,1698075900,150180.0,150335.0,150135.0,150285.0,124504,5,434994
WIN$D,M15,1698076800,150285.0,150360.0,149995.0,150070.0,145848,5,544579
WIN$D,M15,1698077700,150065.0,150160.0,149810.0,149875.0,164516,5,620467
WIN$D,M15,1698078600,149875.0,149905.0,149790.0,149875.0,102134,5,370048
WIN$D,M15,1698079500,149875.0,150010.0,149825.0,149875.0,128100,5,487461
WIN$D,M15,1698080400,149870.0,150005.0,149860.0,149925.0,62194,5,232185
WIN$D,M15,1698081300,149930.0,150130.0,149865.0,149930.0,84205,5,295492
WIN$D,M15,1698082200,149935.0,150045.0,149905.0,150025.0,44684,5,137729
WIN$D,M15,1698083100,150025.0,150260.0,150020.0,150100.0,27853,5,113069
WIN$D,M15,1698138000,150880.0,150980.0,150515.0,150870.0,258918,5,819797
WIN$D,M15,1698138900,150870.0,151040.0,150825.0,150970.0,151810,5,472660
WIN$D,M15,1698139800,150970.0,151010.0,150825.0,150935.0,147717,5,456394
WIN$D,M15,1698140700,150935.0,151025.0,150895.0,150995.0,93419,5,304199
WIN$D,M15,1698141600,151000.0,151070.0,150885.0,150945.0,163817,5,552174
WIN$D,M15,1698142500,150940.0,150950.0,150565.0,150580.0,246577,5,823249
WIN$D,M15,1698143400,150580.0,150925.0,150505.0,150830.0,314300,5,1099016
WIN$D,M15,1698144300,150830.0,151250.0,150635.0,151205.0,320632,5,1107092
WIN$D,M15,1698145200,151210.0,151210.0,150815.0,151165.0,294954,5,1024325
WIN$D,M15,1698146100,151165.0,151335.0,151030.0,151330.0,233518,5,791779
WIN$D,M15,1698147000,151330.0,151345.0,150865.0,150945.0,228886,5,814743
WIN$D,M15,1698147900,150945.0,151060.0,150875.0,150910.0,144411,5,487796
WIN$D,M15,1698148800,150915.0,150985.0,150775.0,150875.0,166794,5,584818
WIN$D,M15,1698149700,150875.0,150945.0,150595.0,150650.0,176509,5,646586
WIN$D,M15,1698150600,150650.0,150685.0,150410.0,150615.0,156364,5,597332
WIN$D,M15,1698151500,150620.0,150700.0,150505.0,150640.0,124673,5,484889
WIN$D,M15,1698152400,150635.0,150680.0,150405.0,150495.0,119978,5,401136
WIN$D,M15,1698153300,150495.0,150505.0,150125.0,150210.0,171984,5,661217
WIN$D,M15,1698154200,150205.0,150285.0,149955.0,149995.0,130200,5,493700
WIN$D,M15,1698155100,149995.0,150055.0,149840.0,150020.0,141878,5,557806
WIN$D,M15,1698156000,150020.0,150055.0,149885.0,149930.0,121481,5,433228
WIN$D,M15,1698156900,149930.0,150255.0,149885.0,150250.0,122122,5,436329
WIN$D,M15,1698157800,150250.0,150480.0,150230.0,150475.0,133726,5,515541
WIN$D,M15,1698158700,150475.0,150555.0,150340.0,150445.0,125937,5,492438
WIN$D,M15,1698159600,150440.0,150525.0,150370.0,150475.0,99268,5,361122
WIN$D,M15,1698160500,150475.0,150550.0,150395.0,150545.0,85476,5,313664
WIN$D,M15,1698161400,150545.0,150665.0,150500.0,150555.0,125397,5,482674
WIN$D,M15,1698162300,150555.0,150585.0,150490.0,150510.0,66225,5,257952
WIN$D,M15,1698163200,150505.0,150655.0,150470.0,150535.0,116418,5,455331
WIN$D,M15,1698164100,150535.0,151005.0,150535.0,150940.0,168579,5,700007
WIN$D,M15,1698165000,150945.0,151315.0,150940.0,151200.0,176782,5,742125
WIN$D,M15,1698165900,151205.0,151290.0,150980.0,150995.0,122789,5,482832
WIN$D,M15,1698166800,150995.0,151220.0,150890.0,151010.0,154565,5,614196
WIN$D,M15,1698167700,151010.0,151045.0,150895.0,151000.0,56752,5,219451
WIN$D,M15,1698168600,151005.0,151080.0,150920.0,151045.0,48779,5,176960
WIN$D,M15,1698169500,151050.0,151050.0,150890.0,150935.0,21897,5,101987
WIN$D,M15,1698224400,150885.0,150885.0,150620.0,150750.0,182471,5,505563
WIN$D,M15,1698225300,150750.0,150835.0,150705.0,150795.0,117984,5,335443
WIN$D,M15,1698226200,150790.0,150905.0,150725.0,150880.0,138678,5,410607
WIN$D,M15,1698227100,150885.0,151010.0,150870.0,150955.0,117515,5,379471
WIN$D,M15,1698228000,150950.0,151180.0,150925.0,151035.0,257341,5,864571
WIN$D,M15,1698228900,151035.0,151165.0,150755.0,150780.0,243763,5,837942
WIN$D,M15,1698229800,150775.0,150910.0,150215.0,150455.0,349443,5,1201416
WIN$D,M15,1698230700,150460.0,150580.0,150215.0,150570.0,203711,5,679155
WIN$D,M15,1698231600,150575.0,150580.0,150020.0,150065.0,279470,5,970652
WIN$D,M15,1698232500,150060.0,150230.0,150040.0,150210.0,149592,5,502962
WIN$D,M15,1698233400,150210.0,150460.0,150120.0,150425.0,233303,5,812489
WIN$D,M15,1698234300,150425.0,150565.0,150345.0,150435.0,172338,5,596609
WIN$D,M15,1698235200,150430.0,150730.0,150425.0,150605.0,210701,5,752568
WIN$D,M15,1698236100,150610.0,150635.0,150410.0,150605.0,140866,5,509590
WIN$D,M15,1698237000,150610.0,150700.0,150475.0,150580.0,133146,5,481993
WIN$D,M15,1698237900,150575.0,150740.0,150510.0,150515.0,130098,5,478169
WIN$D,M15,1698238800,150520.0,150555.0,150415.0,150450.0,85539,5,296882
WIN$D,M15,1698239700,150450.0,150460.0,150245.0,150390.0,112860,5,391143
WIN$D,M15,1698240600,150390.0,150470.0,150200.0,150345.0,122803,5,425610
WIN$D,M15,1698241500,150340.0,150360.0,150005.0,150030.0,143069,5,529330
WIN$D,M15,1698242400,150030.0,150065.0,149835.0,150050.0,159231,5,599107
WIN$D,M15,1698243300,150050.0,150100.0,149890.0,149930.0,155533,5,550900
WIN$D,M15,1698244200,149935.0,149935.0,149725.0,149755.0,143471,5,512865
WIN$D,M15,1698245100,149755.0,149940.0,149710.0,149925.0,143397,5,551456
WIN$D,M15,1698246000,149925.0,149930.0,149665.0,149815.0,143430,5,545993
WIN$D,M15,1698246900,149815.0,149895.0,149720.0,149765.0,125378,5,476578
WIN$D,M15,1698247800,149765.0,149835.0,149710.0,149780.0,88598,5,320804
WIN$D,M15,1698248700,149785.0,149905.0,149680.0,149865.0,118730,5,448262
WIN$D,M15,1698249600,149865.0,149925.0,149740.0,149840.0,106410,5,399716
WIN$D,M15,1698250500,149840.0,150035.0,149835.0,149960.0,119393,5,454132
WIN$D,M15,1698251400,149960.0,150100.0,149765.0,149785.0,119280,5,445775
WIN$D,M15,1698252300,149785.0,149950.0,149765.0,149930.0,92286,5,340960
WIN$D,M15,1698253200,149935.0,150030.0,149860.0,149910.0,73449,5,273525
WIN$D,M15,1698254100,149905.0,149955.0,149860.0,149920.0,41209,5,149515
WIN$D,M15,1698255000,149925.0,149960.0,149815.0,149870.0,47780,5,146122
WIN$D,M15,1698255900,149865.0,149980.0,149795.0,149795.0,25100,5,94821
WIN$D,M15,1698310800,149305.0,149625.0,149165.0,149515.0,192124,5,558725
WIN$D,M15,1698311700,149515.0,149705.0,149445.0,149675.0,135702,5,356167
WIN$D,M15,1698312600,149675.0,150005.0,149545.0,149905.0,234121,5,684862
WIN$D,M15,1698313500,149900.0,150225.0,149895.0,150205.0,199813,5,619197
WIN$D,M15,1698314400,150200.0,150225.0,150040.0,150085.0,180309,5,550867
WIN$D,M15,1698315300,150085.0,150310.0,149995.0,150240.0,262132,5,802897
WIN$D,M15,1698316200,150240.0,150700.0,150200.0,150675.0,374856,5,1242851
WIN$D,M15,1698317100,150675.0,150685.0,150345.0,150490.0,242968,5,753245
WIN$D,M15,1698318000,150495.0,150535.0,150285.0,150445.0,263629,5,840310
WIN$D,M15,1698318900,150445.0,150780.0,150335.0,150760.0,235785,5,773379
WIN$D,M15,1698319800,150760.0,150940.0,150570.0,150875.0,241391,5,833913
WIN$D,M15,1698320700,150870.0,151005.0,150845.0,150960.0,159737,5,574009
WIN$D,M15,1698321600,150955.0,150980.0,150720.0,150730.0,156638,5,560285
WIN$D,M15,1698322500,150725.0,150845.0,150660.0,150665.0,121359,5,411543
WIN$D,M15,1698323400,150665.0,150740.0,150600.0,150615.0,96551,5,336715
WIN$D,M15,1698324300,150615.0,150775.0,150610.0,150690.0,101532,5,360505
WIN$D,M15,1698325200,150695.0,150705.0,150465.0,150575.0,128933,5,446530
WIN$D,M15,1698326100,150575.0,150605.0,150460.0,150585.0,106426,5,356278
WIN$D,M15,1698327000,150585.0,150645.0,150490.0,150500.0,118494,5,415019
WIN$D,M15,1698327900,150505.0,150590.0,150345.0,150565.0,124602,5,448558
WIN$D,M15,1698328800,150565.0,150940.0,150520.0,150805.0,211405,5,760422
WIN$D,M15,1698329700,150805.0,150850.0,150495.0,150515.0,136127,5,483917
WIN$D,M15,1698330600,150515.0,150710.0,150395.0,150685.0,171104,5,611867
WIN$D,M15,1698331500,150690.0,150830.0,150630.0,150785.0,156242,5,560722
WIN$D,M15,1698332400,150785.0,151155.0,150780.0,151115.0,184680,5,680488
WIN$D,M15,1698333300,151120.0,151180.0,151015.0,151170.0,132396,5,485198
WIN$D,M15,1698334200,151165.0,151425.0,151120.0,151330.0,182477,5,706734
WIN$D,M15,1698335100,151335.0,151555.0,151300.0,151530.0,127366,5,485787
WIN$D,M15,1698336000,151530.0,151940.0,151520.0,151830.0,203349,5,834755
WIN$D,M15,1698336900,151830.0,152240.0,151755.0,151990.0,205840,5,781942
WIN$D,M15,1698337800,151990.0,152035.0,151775.0,151795.0,130906,5,473534
WIN$D,M15,1698338700,151795.0,151950.0,151705.0,151845.0,142233,5,500870
WIN$D,M15,1698339600,151840.0,152100.0,151820.0,152045.0,118805,5,453894
WIN$D,M15,1698340500,152040.0,152060.0,151925.0,151970.0,56926,5,190765
WIN$D,M15,1698341400,151965.0,152090.0,151905.0,152085.0,70599,5,230808
WIN$D,M15,1698342300,152080.0,152205.0,152055.0,152205.0,33474,5,129442
WIN$D,M15,1698397200,152150.0,152265.0,151895.0,151975.0,169373,5,479782
WIN$D,M15,1698398100,151975.0,152115.0,151975.0,152015.0,98658,5,301649
WIN$D,M15,1698399000,152010.0,152260.0,151955.0,152035.0,186579,5,575058
WIN$D,M15,1698399900,152040.0,152105.0,151895.0,151915.0,152754,5,498669
WIN$D,M15,1698400800,151920.0,152300.0,151840.0,151925.0,297058,5,1032501
WIN$D,M15,1698401700,151920.0,152310.0,151865.0,152175.0,253870,5,856138
WIN$D,M15,1698402600,152175.0,152345.0,151620.0,151700.0,332801,5,1182394
WIN$D,M15,1698403500,151700.0,151840.0,151630.0,151785.0,178774,5,619557
WIN$D,M15,1698404400,151785.0,152040.0,151585.0,151990.0,261529,5,908150
WIN$D,M15,1698405300,151990.0,151990.0,151700.0,151720.0,207647,5,715430
WIN$D,M15,1698406200,151715.0,151865.0,151550.0,151555.0,189555,5,660786
WIN$D,M15,1698407100,151555.0,151890.0,151550.0,151685.0,164345,5,595537
WIN$D,M15,1698408000,151680.0,151925.0,151665.0,151915.0,135748,5,500952
WIN$D,M15,1698408900,151915.0,152105.0,151880.0,151970.0,155631,5,584081
WIN$D,M15,1698409800,151965.0,152040.0,151840.0,151925.0,123893,5,440807
WIN$D,M15,1698410700,151925.0,151985.0,151820.0,151905.0,96387,5,345281
WIN$D,M15,1698411600,151905.0,151905.0,151705.0,151715.0,96913,5,360923
WIN$D,M15,1698412500,151715.0,151780.0,151435.0,151575.0,131735,5,505768
WIN$D,M15,1698413400,151570.0,151625.0,151415.0,151435.0,117369,5,438964
WIN$D,M15,1698414300,151440.0,151460.0,150910.0,150980.0,200299,5,805667
WIN$D,M15,1698415200,150975.0,151095.0,150540.0,150590.0,247399,5,994622
WIN$D,M15,1698416100,150590.0,150680.0,150435.0,150505.0,189827,5,731208
WIN$D,M15,1698417000,150505.0,150560.0,150355.0,150535.0,156446,5,593879
WIN$D,M15,1698417900,150530.0,150545.0,150145.0,150270.0,173477,5,675145
WIN$D,M15,1698418800,150265.0,150320.0,150110.0,150200.0,149091,5,551055
WIN$D,M15,1698419700,150200.0,150280.0,149825.0,149910.0,187941,5,737282
WIN$D,M15,1698420600,149910.0,150230.0,149895.0,150125.0,164955,5,638791
WIN$D,M15,1698421500,150125.0,150185.0,149930.0,149985.0,148707,5,566676
WIN$D,M15,1698422400,149990.0,150250.0,149945.0,150195.0,135874,5,509330
WIN$D,M15,1698423300,150190.0,150335.0,150135.0,150315.0,111734,5,417388
WIN$D,M15,1698424200,150310.0,150360.0,150025.0,150100.0,125100,5,469373
WIN$D,M15,1698425100,150100.0,150335.0,150100.0,150240.0,108487,5,402584
WIN$D,M15,1698426000,150240.0,150390.0,150130.0,150170.0,81795,5,329607
WIN$D,M15,1698426900,150170.0,150325.0,150115.0,150250.0,54255,5,207704
WIN$D,M15,1698427800,150250.0,150445.0,150240.0,150430.0,45081,5,152415
WIN$D,M15,1698428700,150435.0,150465.0,150325.0,150445.0,29764,5,110739
WIN$D,M15,1698656400,151035.0,151370.0,150865.0,151320.0,178260,5,594289
WIN$D,M15,1698657300,151325.0,151395.0,151010.0,151095.0,153303,5,497136
WIN$D,M15,1698658200,151090.0,151210.0,150975.0,151005.0,126861,5,388800
WIN$D,M15,1698659100,151005.0,151065.0,150925.0,150980.0,111693,5,375509
WIN$D,M15,1698660000,150980.0,151045.0,150660.0,150885.0,216904,5,760287
WIN$D,M15,1698660900,150890.0,151115.0,150690.0,150965.0,199335,5,680580
WIN$D,M15,1698661800,150970.0,151050.0,150725.0,150950.0,252739,5,846681
WIN$D,M15,1698662700,150955.0,151070.0,150785.0,150840.0,181288,5,648782
WIN$D,M15,1698663600,150840.0,150905.0,150555.0,150665.0,236227,5,853898
WIN$D,M15,1698664500,150670.0,150720.0,150200.0,150315.0,224537,5,866470
WIN$D,M15,1698665400,150310.0,150555.0,150235.0,150450.0,181389,5,697744
WIN$D,M15,1698666300,150450.0,150520.0,149940.0,150485.0,298733,5,1207392
WIN$D,M15,1698667200,150485.0,150735.0,150435.0,150465.0,201028,5,811468
WIN$D,M15,1698668100,150465.0,150545.0,149910.0,150205.0,214343,5,833543
WIN$D,M15,1698669000,150210.0,150210.0,149260.0,149600.0,229331,5,863362
WIN$D,M15,1698669900,149600.0,149795.0,149475.0,149780.0,137346,5,504405
WIN$D,M15,1698670800,149780.0,149880.0,149515.0,149690.0,128609,5,465517
WIN$D,M15,1698671700,149695.0,149770.0,149540.0,149620.0,95668,5,324492
WIN$D,M15,1698672600,149620.0,149810.0,149485.0,149505.0,104568,5,344865
WIN$D,M15,1698673500,149505.0,149570.0,149130.0,149400.0,168521,5,611976
WIN$D,M15,1698674400,149400.0,149575.0,149365.0,149525.0,93723,5,328812
WIN$D,M15,1698675300,149520.0,149575.0,149440.0,149480.0,73364,5,242260
WIN$D,M15,1698676200,149480.0,149620.0,149440.0,149570.0,105749,5,376269
WIN$D,M15,1698677100,149575.0,149645.0,149485.0,149590.0,77533,5,278831
WIN$D,M15,1698678000,149595.0,149690.0,149520.0,149555.0,88076,5,317845
WIN$D,M15,1698678900,149555.0,149560.0,149255.0,149265.0,151238,5,545347
WIN$D,M15,1698679800,149270.0,149570.0,149265.0,149485.0,100464,5,354285
WIN$D,M15,1698680700,149490.0,149550.0,149380.0,149420.0,85256,5,298140
WIN$D,M15,1698681600,149425.0,149650.0,149425.0,149495.0,132499,5,492918
WIN$D,M15,1698682500,149495.0,149525.0,149315.0,149450.0,102707,5,380005
WIN$D,M15,1698683400,149445.0,149475.0,149085.0,149140.0,137563,5,535059
WIN$D,M15,1698684300,149135.0,149335.0,149100.0,149255.0,110283,5,410939
WIN$D,M15,1698685200,149255.0,149430.0,149190.0,149240.0,85497,5,318910
WIN$D,M15,1698686100,149240.0,149300.0,149165.0,149230.0,56345,5,204233
WIN$D,M15,1698687000,149230.0,149345.0,149225.0,149280.0,51268,5,180579
WIN$D,M15,1698687900,149285.0,149335.0,149135.0,149285.0,28560,5,114779
WIN$D,M15,1698742800,149735.0,149920.0,149510.0,149855.0,210682,5,607893
WIN$D,M15,1698743700,149855.0,150055.0,149840.0,149870.0,147959,5,460439
WIN$D,M15,1698744600,149870.0,149935.0,149525.0,149655.0,236405,5,755697
WIN$D,M15,1698745500,149655.0,149780.0,149595.0,149680.0,138424,5,444424
WIN$D,M15,1698746400,149675.0,149690.0,148955.0,149040.0,299975,5,1003853
WIN$D,M15,1698747300,149040.0,149225.0,148900.0,149130.0,236752,5,812372
WIN$D,M15,1698748200,149130.0,149570.0,149035.0,149470.0,295969,5,1048158
WIN$D,M15,1698749100,149470.0,149730.0,149285.0,149605.0,269729,5,966108
WIN$D,M15,1698750000,149605.0,150280.0,149455.0,150240.0,280288,5,1016831
WIN$D,M15,1698750900,150245.0,150410.0,149830.0,149915.0,235433,5,914636
WIN$D,M15,1698751800,149915.0,150105.0,149670.0,150080.0,191626,5,730389
WIN$D,M15,1698752700,150080.0,150265.0,149850.0,150065.0,198453,5,746361
WIN$D,M15,1698753600,150070.0,150395.0,150040.0,150320.0,180628,5,677891
WIN$D,M15,1698754500,150320.0,150420.0,150115.0,150270.0,159817,5,579228
WIN$D,M15,1698755400,150270.0,150405.0,150045.0,150135.0,130162,5,458195
WIN$D,M15,1698756300,150130.0,150465.0,150060.0,150440.0,137752,5,506271
WIN$D,M15,1698757200,150445.0,150445.0,150200.0,150235.0,126324,5,450059
WIN$D,M15,1698758100,150235.0,150275.0,150095.0,150155.0,91984,5,317720
WIN$D,M15,1698759000,150155.0,150340.0,150100.0,150220.0,129595,5,466003
WIN$D,M15,1698759900,150225.0,150400.0,150060.0,150080.0,124691,5,484618
WIN$D,M15,1698760800,150080.0,150215.0,149940.0,149975.0,139570,5,522649
WIN$D,M15,1698761700,149975.0,150020.0,149750.0,149835.0,124945,5,495662
WIN$D,M15,1698762600,149835.0,150045.0,149810.0,150000.0,114053,5,454020
WIN$D,M15,1698763500,149995.0,150230.0,149955.0,150045.0,108111,5,422873
WIN$D,M15,1698764400,150040.0,150080.0,149825.0,149895.0,135453,5,534457
WIN$D,M15,1698765300,149895.0,149945.0,149605.0,149610.0,127843,5,498428
WIN$D,M15,1698766200,149610.0,149985.0,149585.0,149930.0,139529,5,556428
WIN$D,M15,1698767100,149930.0,150065.0,149860.0,149950.0,98359,5,381493
WIN$D,M15,1698768000,149950.0,150035.0,149880.0,149900.0,90153,5,348108
WIN$D,M15,1698768900,149905.0,149990.0,149740.0,149835.0,101073,5,390078
WIN$D,M15,1698769800,149840.0,149990.0,149715.0,149980.0,101419,5,381938
WIN$D,M15,1698770700,149975.0,150220.0,149860.0,150210.0,133662,5,552831
WIN$D,M15,1698771600,150205.0,150210.0,149975.0,150040.0,78914,5,311161
WIN$D,M15,1698772500,150040.0,150070.0,149865.0,149960.0,61712,5,232651
WIN$D,M15,1698773400,149965.0,150190.0,149925.0,150120.0,64693,5,221939
WIN$D,M15,1698774300,150125.0,150285.0,150070.0,150155.0,21123,5,86141
WIN$D,M15,1698829200,150015.0,150115.0,149705.0,149875.0,205018,5,558778
WIN$D,M15,1698830100,149875.0,150310.0,149825.0,150210.0,196786,5,625244
WIN$D,M15,1698831000,150210.0,150550.0,150210.0,150410.0,225306,5,718083
WIN$D,M15,1698831900,150410.0,150670.0,150410.0,150620.0,169202,5,563101
WIN$D,M15,1698832800,150615.0,150715.0,150415.0,150635.0,214167,5,721524
WIN$D,M15,1698833700,150635.0,150770.0,150590.0,150680.0,177136,5,624098
WIN$D,M15,1698834600,150675.0,151125.0,150670.0,150865.0,272825,5,963714
WIN$D,M15,1698835500,150865.0,151305.0,150855.0,151125.0,222982,5,809086
WIN$D,M15,1698836400,151125.0,151540.0,151115.0,151480.0,267798,5,944459
WIN$D,M15,1698837300,151480.0,151650.0,151365.0,151540.0,185059,5,657262
WIN$D,M15,1698838200,151540.0,151775.0,151460.0,151770.0,153061,5,521046
WIN$D,M15,1698839100,151775.0,151820.0,151530.0,151585.0,171101,5,618503
WIN$D,M15,1698840000,151585.0,151685.0,151375.0,151410.0,169608,5,579669
WIN$D,M15,1698840900,151410.0,151685.0,151340.0,151590.0,139146,5,484271
WIN$D,M15,1698841800,151595.0,151715.0,151545.0,151635.0,99759,5,357580
WIN$D,M15,1698842700,151635.0,151670.0,151370.0,151490.0,117637,5,418082
WIN$D,M15,1698843600,151490.0,151495.0,151340.0,151405.0,81216,5,307801
WIN$D,M15,1698844500,151405.0,151430.0,151295.0,151310.0,81997,5,292803
WIN$D,M15,1698845400,151305.0,151415.0,151140.0,151205.0,109885,5,404518
WIN$D,M15,1698846300,151200.0,151545.0,151195.0,151475.0,118933,5,447423
WIN$D,M15,1698847200,151470.0,151605.0,151410.0,151565.0,118641,5,443953
WIN$D,M15,1698848100,151565.0,151625.0,151420.0,151495.0,104598,5,381894
WIN$D,M15,1698849000,151495.0,151500.0,151320.0,151475.0,98323,5,353901
WIN$D,M15,1698849900,151475.0,151985.0,151450.0,151865.0,175033,5,617635
WIN$D,M15,1698850800,151865.0,152120.0,151525.0,151535.0,215528,5,693739
WIN$D,M15,1698851700,151530.0,151695.0,151350.0,151635.0,158164,5,578684
WIN$D,M15,1698852600,151635.0,151990.0,151305.0,151470.0,269420,5,1018286
WIN$D,M15,1698853500,151475.0,151930.0,151415.0,151865.0,197383,5,758380
WIN$D,M15,1698854400,151860.0,152080.0,151815.0,151870.0,183222,5,727212
WIN$D,M15,1698855300,151865.0,152080.0,151840.0,152045.0,111290,5,407773
WIN$D,M15,1698856200,152040.0,152315.0,151975.0,152170.0,156102,5,624028
WIN$D,M15,1698857100,152170.0,152250.0,152000.0,152140.0,109635,5,425081
WIN$D,M15,1698858000,152140.0,152230.0,151950.0,152055.0,85546,5,333321
WIN$D,M15,1698858900,152055.0,152205.0,151960.0,152120.0,65248,5,248792
WIN$D,M15,1698859800,152115.0,152385.0,152075.0,152315.0,74435,5,270132
WIN$D,M15,1698860700,152315.0,152390.0,152230.0,152390.0,25641,5,104700
WIN$D,M15,1699002000,153250.0,153640.0,153200.0,153420.0,221623,5,650496
WIN$D,M15,1699002900,153425.0,153965.0,153395.0,153700.0,151896,5,439708
WIN$D,M15,1699003800,153705.0,154275.0,153675.0,154140.0,304485,5,908332
WIN$D,M15,1699004700,154140.0,154445.0,154050.0,154415.0,166890,5,558593
WIN$D,M15,1699005600,154410.0,154500.0,154135.0,154320.0,206616,5,750916
WIN$D,M15,1699006500,154320.0,154325.0,153805.0,153975.0,218044,5,794517
WIN$D,M15,1699007400,153970.0,154710.0,153900.0,154655.0,283157,5,1019178
WIN$D,M15,1699008300,154660.0,154940.0,154655.0,154780.0,200757,5,710426
WIN$D,M15,1699009200,154775.0,155025.0,154410.0,154445.0,226376,5,818492
WIN$D,M15,1699010100,154440.0,154655.0,153995.0,154115.0,221431,5,792816
WIN$D,M15,1699011000,154115.0,154405.0,154080.0,154385.0,139904,5,498129
WIN$D,M15,1699011900,154385.0,154550.0,154265.0,154500.0,141841,5,511132
WIN$D,M15,1699012800,154500.0,154545.0,154350.0,154495.0,110166,5,399485
WIN$D,M15,1699013700,154500.0,154730.0,154490.0,154645.0,121853,5,439427
WIN$D,M15,1699014600,154645.0,154770.0,154635.0,154725.0,78461,5,291753
WIN$D,M15,1699015500,154725.0,154855.0,154560.0,154575.0,102397,5,383913
WIN$D,M15,1699016400,154575.0,154975.0,154560.0,154930.0,111292,5,428654
WIN$D,M15,1699017300,154930.0,155090.0,154845.0,154845.0,125944,5,486996
WIN$D,M15,1699018200,154850.0,155070.0,154845.0,155020.0,99975,5,387739
WIN$D,M15,1699019100,155020.0,155180.0,154935.0,154965.0,115922,5,443337
WIN$D,M15,1699020000,154965.0,155170.0,154930.0,155040.0,103222,5,382574
WIN$D,M15,1699020900,155035.0,155050.0,154750.0,154825.0,114770,5,421703
WIN$D,M15,1699021800,154830.0,154980.0,154815.0,154840.0,87638,5,323474
WIN$D,M15,1699022700,154835.0,155025.0,154830.0,155005.0,78216,5,299267
WIN$D,M15,1699023600,155005.0,155135.0,154985.0,155120.0,100173,5,379572
WIN$D,M15,1699024500,155120.0,155230.0,155020.0,155195.0,109198,5,406591
WIN$D,M15,1699025400,155195.0,155360.0,155100.0,155265.0,102852,5,410505
WIN$D,M15,1699026300,155265.0,155300.0,155165.0,155225.0,83022,5,313600
WIN$D,M15,1699027200,155225.0,155270.0,155170.0,155240.0,61246,5,234305
WIN$D,M15,1699028100,155240.0,155300.0,155070.0,155140.0,77194,5,302521
WIN$D,M15,1699029000,155135.0,155155.0,155025.0,155150.0,63696,5,265328
WIN$D,M15,1699029900,155150.0,155210.0,154985.0,155150.0,82141,5,366810
WIN$D,M15,1699030800,155145.0,155300.0,155110.0,155200.0,72292,5,326481
WIN$D,M15,1699031700,155195.0,155260.0,155165.0,155165.0,31929,5,138274
WIN$D,M15,1699032600,155165.0,155255.0,155130.0,155225.0,32440,5,141020
WIN$D,M15,1699033500,155230.0,155330.0,155195.0,155270.0,30010,5,130196
WIN$D,M15,1699261200,155135.0,155610.0,155135.0,155285.0,203170,5,603959
WIN$D,M15,1699262100,155290.0,155445.0,155280.0,155395.0,120912,5,351173
WIN$D,M15,1699263000,155390.0,155420.0,155285.0,155410.0,97685,5,312014
WIN$D,M15,1699263900,155410.0,155470.0,155345.0,155445.0,79084,5,265096
WIN$D,M15,1699264800,155445.0,155610.0,155090.0,155175.0,263773,5,914592
WIN$D,M15,1699265700,155170.0,155230.0,154975.0,155045.0,169997,5,574281
WIN$D,M15,1699266600,155045.0,155275.0,155030.0,155150.0,176772,5,604249
WIN$D,M15,1699267500,155155.0,155255.0,155070.0,155230.0,136797,5,473114
WIN$D,M15,1699268400,155225.0,155370.0,155105.0,155255.0,180073,5,655896
WIN$D,M15,1699269300,155255.0,155395.0,155110.0,155160.0,176406,5,666958
WIN$D,M15,1699270200,155165.0,155295.0,154975.0,155170.0,219776,5,825942
WIN$D,M15,1699271100,155170.0,155215.0,154940.0,155100.0,180854,5,667631
WIN$D,M15,1699272000,155100.0,155135.0,154775.0,154835.0,158698,5,588413
WIN$D,M15,1699272900,154835.0,155210.0,154830.0,155190.0,135165,5,510177
WIN$D,M15,1699273800,155190.0,155485.0,155105.0,155300.0,161267,5,629655
WIN$D,M15,1699274700,155300.0,155520.0,155250.0,155495.0,131996,5,469990
WIN$D,M15,1699275600,155495.0,155505.0,155250.0,155270.0,107326,5,423661
WIN$D,M15,1699276500,155275.0,155275.0,155110.0,155150.0,87853,5,330961
WIN$D,M15,1699277400,155145.0,155180.0,155075.0,155085.0,66923,5,239891
WIN$D,M15,1699278300,155080.0,155245.0,154995.0,155210.0,100752,5,392131
WIN$D,M15,1699279200,155210.0,155355.0,155145.0,155200.0,107863,5,416762
WIN$D,M15,1699280100,155195.0,155250.0,155080.0,155175.0,92657,5,374868
WIN$D,M15,1699281000,155175.0,155270.0,155135.0,155225.0,79970,5,320419
WIN$D,M15,1699281900,155225.0,155310.0,155140.0,155215.0,78836,5,315050
WIN$D,M15,1699282800,155215.0,155220.0,155020.0,155030.0,103530,5,407697
WIN$D,M15,1699283700,155030.0,155035.0,154870.0,155010.0,107618,5,420223
WIN$D,M15,1699284600,155015.0,155185.0,154995.0,155165.0,95412,5,383048
WIN$D,M15,1699285500,155165.0,155175.0,154980.0,155100.0,89714,5,355445
WIN$D,M15,1699286400,155100.0,155125.0,154935.0,154955.0,84835,5,339235
WIN$D,M15,1699287300,154955.0,155160.0,154950.0,155150.0,84408,5,354414
WIN$D,M15,1699288200,155145.0,155300.0,155090.0,155250.0,110053,5,468294
WIN$D,M15,1699289100,155250.0,155355.0,155165.0,155345.0,82748,5,337086
WIN$D,M15,1699290000,155350.0,155380.0,155275.0,155305.0,66003,5,268444
WIN$D,M15,1699290900,155300.0,155350.0,155195.0,155235.0,60748,5,241202
WIN$D,M15,1699291800,155235.0,155305.0,155200.0,155250.0,53550,5,215502
WIN$D,M15,1699292700,155250.0,155360.0,155225.0,155310.0,39052,5,145388
WIN$D,M15,1699293600,155315.0,155345.0,155185.0,155235.0,26766,5,100091
WIN$D,M15,1699294500,155240.0,155345.0,155225.0,155345.0,17919,5,108213
WIN$D,M15,1699347600,154835.0,154905.0,154480.0,154710.0,193537,5,514677
WIN$D,M15,1699348500,154710.0,154900.0,154680.0,154730.0,152014,5,467598
WIN$D,M15,1699349400,154735.0,154860.0,154660.0,154760.0,115861,5,373965
WIN$D,M15,1699350300,154760.0,154775.0,154645.0,154750.0,80679,5,273444
WIN$D,M15,1699351200,154755.0,155090.0,154735.0,155025.0,265025,5,943356
WIN$D,M15,1699352100,155030.0,155230.0,154990.0,155190.0,202900,5,687342
WIN$D,M15,1699353000,155190.0,155665.0,155180.0,155575.0,231167,5,879153
WIN$D,M15,1699353900,155570.0,155750.0,155505.0,155690.0,177663,5,662940
WIN$D,M15,1699354800,155690.0,155820.0,155575.0,155750.0,156743,5,591623
WIN$D,M15,1699355700,155750.0,155980.0,155705.0,155965.0,201221,5,800387
WIN$D,M15,1699356600,155960.0,155965.0,155375.0,155465.0,236055,5,913295
WIN$D,M15,1699357500,155470.0,155825.0,155300.0,155795.0,218185,5,863551
WIN$D,M15,1699358400,155795.0,155840.0,155620.0,155785.0,155892,5,610420
WIN$D,M15,1699359300,155780.0,155790.0,155605.0,155715.0,107588,5,396215
WIN$D,M15,1699360200,155720.0,155780.0,155630.0,155720.0,77628,5,286822
WIN$D,M15,1699361100,155720.0,155830.0,155655.0,155775.0,76603,5,281049
WIN$D,M15,1699362000,155770.0,155865.0,155650.0,155795.0,112551,5,425254
WIN$D,M15,1699362900,155790.0,155855.0,155600.0,155600.0,86866,5,313765
WIN$D,M15,1699363800,155600.0,155915.0,155585.0,155860.0,110652,5,420947
WIN$D,M15,1699364700,155855.0,155960.0,155710.0,155840.0,123726,5,471344
WIN$D,M15,1699365600,155835.0,155870.0,155715.0,155815.0,88803,5,343807
WIN$D,M15,1699366500,155815.0,155895.0,155750.0,155775.0,81529,5,322000
WIN$D,M15,1699367400,155770.0,155810.0,155645.0,155710.0,95335,5,369279
WIN$D,M15,1699368300,155705.0,155825.0,155680.0,155820.0,84641,5,333044
WIN$D,M15,1699369200,155815.0,156155.0,155790.0,156100.0,156514,5,638195
WIN$D,M15,1699370100,156100.0,156220.0,156055.0,156160.0,103399,5,404725
WIN$D,M15,1699371000,156160.0,156320.0,156105.0,156210.0,124062,5,508991
WIN$D,M15,1699371900,156205.0,156335.0,156200.0,156275.0,79156,5,333116
WIN$D,M15,1699372800,156270.0,156360.0,156220.0,156235.0,84633,5,350310
WIN$D,M15,1699373700,156240.0,156325.0,156160.0,156195.0,94771,5,380921
WIN$D,M15,1699374600,156195.0,156225.0,156075.0,156125.0,86522,5,378217
WIN$D,M15,1699375500,156130.0,156200.0,156045.0,156080.0,72977,5,303443
WIN$D,M15,1699376400,156080.0,156095.0,155935.0,156015.0,82748,5,358490
WIN$D,M15,1699377300,156015.0,156090.0,155955.0,156055.0,71392,5,304424
WIN$D,M15,1699378200,156055.0,156210.0,156040.0,156200.0,69063,5,304600
WIN$D,M15,1699379100,156200.0,156210.0,156005.0,156100.0,71693,5,312312
WIN$D,M15,1699380000,156105.0,156105.0,155965.0,155985.0,33605,5,139610
WIN$D,M15,1699380900,155990.0,156030.0,155890.0,155930.0,18864,5,96897
WIN$D,M15,1699434000,155695.0,156050.0,155585.0,155795.0,207905,5,547853
WIN$D,M15,1699434900,155795.0,155970.0,155725.0,155925.0,112888,5,362921
WIN$D,M15,1699435800,155920.0,156030.0,155885.0,156005.0,114851,5,377522
WIN$D,M15,1699436700,156005.0,156190.0,155990.0,156120.0,122235,5,434156
WIN$D,M15,1699437600,156115.0,156260.0,156045.0,156085.0,185498,5,700805
WIN$D,M15,1699438500,156080.0,156150.0,155865.0,156140.0,254835,5,950974
WIN$D,M15,1699439400,156135.0,156315.0,156095.0,156240.0,229420,5,881259
WIN$D,M15,1699440300,156245.0,156440.0,156075.0,156375.0,195662,5,751586
WIN$D,M15,1699441200,156375.0,156575.0,156310.0,156515.0,166800,5,663518
WIN$D,M15,1699442100,156515.0,156725.0,156365.0,156425.0,205905,5,788905
WIN$D,M15,1699443000,156425.0,156430.0,156230.0,156240.0,201319,5,771110
WIN$D,M15,1699443900,156240.0,156385.0,156090.0,156120.0,165780,5,626055
WIN$D,M15,1699444800,156125.0,156185.0,155950.0,156020.0,157582,5,639068
WIN$D,M15,1699445700,156015.0,156110.0,155810.0,155890.0,151661,5,602857
WIN$D,M15,1699446600,155890.0,156000.0,155745.0,155985.0,143202,5,580326
WIN$D,M15,1699447500,155990.0,156040.0,155755.0,155760.0,103106,5,396113
WIN$D,M15,1699448400,155760.0,155945.0,155715.0,155935.0,100624,5,407136
WIN$D,M15,1699449300,155930.0,156020.0,155745.0,155815.0,109829,5,419955
WIN$D,M15,1699450200,155815.0,155835.0,155630.0,155775.0,123684,5,496026
WIN$D,M15,1699451100,155770.0,155870.0,155510.0,155595.0,127432,5,503960
WIN$D,M15,1699452000,155595.0,155645.0,155345.0,155470.0,157794,5,660121
WIN$D,M15,1699452900,155470.0,155490.0,155270.0,155290.0,116216,5,476922
WIN$D,M15,1699453800,155290.0,155395.0,155150.0,155325.0,130157,5,544095
WIN$D,M15,1699454700,155320.0,155395.0,155205.0,155255.0,97048,5,369393
WIN$D,M15,1699455600,155255.0,155815.0,155210.0,155520.0,195242,5,818818
WIN$D,M15,1699456500,155525.0,155910.0,155385.0,155855.0,145891,5,613761
WIN$D,M15,1699457400,155850.0,155890.0,155690.0,155735.0,101269,5,420482
WIN$D,M15,1699458300,155730.0,155790.0,155650.0,155725.0,75323,5,306975
WIN$D,M15,1699459200,155725.0,155910.0,155645.0,155665.0,93479,5,376073
WIN$D,M15,1699460100,155665.0,155850.0,155640.0,155775.0,81727,5,332466
WIN$D,M15,1699461000,155775.0,155840.0,155705.0,155840.0,55606,5,225838
WIN$D,M15,1699461900,155840.0,155965.0,155775.0,155780.0,101490,5,424808
WIN$D,M15,1699462800,155780.0,155935.0,155780.0,155910.0,65189,5,269735
WIN$D,M15,1699463700,155910.0,155950.0,155785.0,155805.0,57490,5,231515
WIN$D,M15,1699464600,155800.0,155900.0,155755.0,155865.0,56637,5,238972
WIN$D,M15,1699465500,155870.0,155910.0,155775.0,155815.0,44512,5,166441
WIN$D,M15,1699466400,155815.0,155840.0,155735.0,155805.0,28117,5,110348
WIN$D,M15,1699467300,155805.0,155845.0,155765.0,155840.0,15169,5,72076
WIN$D,M15,1699520400,156030.0,156150.0,155785.0,156095.0,186416,5,496464
WIN$D,M15,1699521300,156095.0,156175.0,155970.0,156130.0,125024,5,385534
WIN$D,M15,1699522200,156130.0,156255.0,156100.0,156245.0,107522,5,370817
WIN$D,M15,1699523100,156245.0,156420.0,156230.0,156350.0,108118,5,401864
WIN$D,M15,1699524000,156350.0,156395.0,156100.0,156100.0,218677,5,778600
WIN$D,M15,1699524900,156100.0,156220.0,155945.0,156060.0,218103,5,808307
WIN$D,M15,1699525800,156060.0,156250.0,155920.0,156085.0,231340,5,843796
WIN$D,M15,1699526700,156090.0,156350.0,156040.0,156090.0,191384,5,702945
WIN$D,M15,1699527600,156090.0,156655.0,156075.0,156595.0,219567,5,831541
WIN$D,M15,1699528500,156590.0,156645.0,156385.0,156560.0,169784,5,633392
WIN$D,M15,1699529400,156560.0,156870.0,156525.0,156845.0,237897,5,875494
WIN$D,M15,1699530300,156850.0,156950.0,156735.0,156895.0,151671,5,583461
WIN$D,M15,1699531200,156900.0,156910.0,156525.0,156590.0,175445,5,661828
WIN$D,M15,1699532100,156595.0,156825.0,156525.0,156730.0,134137,5,509719
WIN$D,M15,1699533000,156735.0,156825.0,156570.0,156730.0,132260,5,501312
WIN$D,M15,1699533900,156730.0,156790.0,156535.0,156570.0,110718,5,418315
WIN$D,M15,1699534800,156570.0,156725.0,156455.0,156645.0,110232,5,416412
WIN$D,M15,1699535700,156650.0,156795.0,156625.0,156645.0,83523,5,315009
WIN$D,M15,1699536600,156645.0,156790.0,156625.0,156775.0,65980,5,247226
WIN$D,M15,1699537500,156780.0,156805.0,156605.0,156615.0,84071,5,321956
WIN$D,M15,1699538400,156620.0,156690.0,156535.0,156605.0,84274,5,322034
WIN$D,M15,1699539300,156605.0,156615.0,156375.0,156400.0,99256,5,387331
WIN$D,M15,1699540200,156395.0,156410.0,156210.0,156215.0,121757,5,494835
WIN$D,M15,1699541100,156220.0,156410.0,156215.0,156310.0,104689,5,433970
WIN$D,M15,1699542000,156310.0,156355.0,155415.0,156065.0,320024,5,1377772
WIN$D,M15,1699542900,156065.0,156320.0,155870.0,156205.0,176580,5,744272
WIN$D,M15,1699543800,156205.0,156215.0,155965.0,156015.0,120130,5,501762
WIN$D,M15,1699544700,156020.0,156205.0,156005.0,156100.0,87903,5,349270
WIN$D,M15,1699545600,156105.0,156105.0,155650.0,155675.0,186406,5,758580
WIN$D,M15,1699546500,155675.0,155680.0,155330.0,155650.0,170744,5,714222
WIN$D,M15,1699547400,155650.0,155680.0,155155.0,155245.0,144133,5,580032
WIN$D,M15,1699548300,155245.0,155380.0,155170.0,155290.0,114791,5,472685
WIN$D,M15,1699549200,155290.0,155800.0,155010.0,155695.0,174088,5,738849
WIN$D,M15,1699550100,155695.0,155770.0,155575.0,155640.0,75788,5,294005
WIN$D,M15,1699551000,155645.0,155755.0,155530.0,155600.0,60485,5,242381
WIN$D,M15,1699551900,155600.0,155790.0,155570.0,155645.0,57127,5,218487
WIN$D,M15,1699552800,155645.0,155645.0,155535.0,155605.0,24562,5,97951
WIN$D,M15,1699553700,155600.0,155780.0,155550.0,155780.0,13578,5,65469
WIN$D,M15,1699606800,156030.0,156335.0,155795.0,156220.0,232652,5,617335
WIN$D,M15,1699607700,156220.0,156355.0,155985.0,156350.0,153588,5,489857
WIN$D,M15,1699608600,156345.0,156515.0,156335.0,156445.0,129929,5,452889
WIN$D,M15,1699609500,156450.0,156455.0,156335.0,156390.0,75648,5,265248
WIN$D,M15,1699610400,156390.0,156460.0,156185.0,156320.0,218690,5,727863
WIN$D,M15,1699611300,156320.0,156615.0,156280.0,156585.0,277473,5,940996
WIN$D,M15,1699612200,156580.0,156720.0,156450.0,156600.0,209934,5,740681
WIN$D,M15,1699613100,156600.0,156820.0,156470.0,156645.0,187320,5,671801
WIN$D,M15,1699614000,156645.0,156835.0,156530.0,156820.0,154426,5,550621
WIN$D,M15,1699614900,156825.0,156860.0,156680.0,156830.0,150833,5,564915
WIN$D,M15,1699615800,156830.0,156910.0,156575.0,156910.0,218927,5,815141
WIN$D,M15,1699616700,156910.0,156965.0,156760.0,156800.0,148108,5,552530
WIN$D,M15,1699617600,156800.0,156930.0,156585.0,156875.0,204273,5,731438
WIN$D,M15,1699618500,156870.0,156960.0,156725.0,156830.0,123475,5,439054
WIN$D,M15,1699619400,156830.0,156965.0,156765.0,156870.0,112271,5,421790
WIN$D,M15,1699620300,156870.0,157125.0,156805.0,157100.0,146493,5,542445
WIN$D,M15,1699621200,157100.0,157160.0,156995.0,157075.0,117522,5,441349
WIN$D,M15,1699622100,157080.0,157145.0,157030.0,157130.0,67351,5,247606
WIN$D,M15,1699623000,157130.0,157320.0,157075.0,157300.0,115468,5,433658
WIN$D,M15,1699623900,157295.0,157325.0,157105.0,157125.0,86874,5,317908
WIN$D,M15,1699624800,157125.0,157340.0,157120.0,157255.0,98113,5,358490
WIN$D,M15,1699625700,157250.0,157320.0,157115.0,157155.0,79212,5,287599
WIN$D,M15,1699626600,157155.0,157495.0,157145.0,157395.0,147623,5,592746
WIN$D,M15,1699627500,157395.0,157450.0,157265.0,157295.0,97557,5,384554
WIN$D,M15,1699628400,157295.0,157365.0,157120.0,157130.0,88733,5,324526
WIN$D,M15,1699629300,157135.0,157330.0,157025.0,157270.0,122344,5,481887
WIN$D,M15,1699630200,157270.0,157320.0,157115.0,157175.0,96849,5,379869
WIN$D,M15,1699631100,157175.0,157315.0,157160.0,157225.0,75851,5,311713
WIN$D,M15,1699632000,157230.0,157325.0,157130.0,157260.0,81039,5,325145
WIN$D,M15,1699632900,157255.0,157320.0,157175.0,157220.0,56324,5,219134
WIN$D,M15,1699633800,157215.0,157285.0,157075.0,157105.0,70626,5,289542
WIN$D,M15,1699634700,157105.0,157160.0,156960.0,157060.0,101989,5,421280
WIN$D,M15,1699635600,157060.0,157100.0,156980.0,157075.0,59895,5,231410
WIN$D,M15,1699636500,157075.0,157255.0,157040.0,157240.0,62061,5,255257
WIN$D,M15,1699637400,157235.0,157365.0,157210.0,157270.0,70118,5,282755
WIN$D,M15,1699638300,157265.0,157305.0,157215.0,157290.0,46762,5,176298
WIN$D,M15,1699639200,157295.0,157330.0,157200.0,157265.0,30605,5,116529
WIN$D,M15,1699640100,157265.0,157395.0,157250.0,157335.0,23329,5,91183
WIN$D,M15,1699866000,157040.0,157105.0,156875.0,156950.0,129110,5,383139
WIN$D,M15,1699866900,156950.0,156980.0,156810.0,156825.0,106453,5,344141
WIN$D,M15,1699867800,156825.0,156860.0,156795.0,156835.0,54865,5,187774
WIN$D,M15,1699868700,156830.0,156880.0,156745.0,156850.0,100436,5,349846
WIN$D,M15,1699869600,156850.0,157005.0,156755.0,156880.0,204766,5,700032
WIN$D,M15,1699870500,156880.0,156975.0,156685.0,156720.0,232003,5,799621
WIN$D,M15,1699871400,156720.0,156990.0,156545.0,156585.0,249189,5,896564
WIN$D,M15,1699872300,156585.0,156810.0,156575.0,156805.0,156981,5,570077
WIN$D,M15,1699873200,156800.0,156920.0,156720.0,156915.0,133536,5,482674
WIN$D,M15,1699874100,156910.0,156925.0,156655.0,156760.0,150252,5,549299
WIN$D,M15,1699875000,156760.0,156795.0,156435.0,156700.0,239854,5,898504
WIN$D,M15,1699875900,156705.0,156725.0,156385.0,156420.0,171138,5,648780
WIN$D,M15,1699876800,156425.0,156640.0,156350.0,156620.0,142238,5,535040
WIN$D,M15,1699877700,156615.0,156800.0,156580.0,156730.0,125297,5,466780
WIN$D,M15,1699878600,156730.0,156865.0,156595.0,156820.0,117912,5,439086
WIN$D,M15,1699879500,156815.0,156995.0,156765.0,156930.0,109106,5,424429
WIN$D,M15,1699880400,156925.0,157110.0,156825.0,157070.0,120096,5,458154
WIN$D,M15,1699881300,157065.0,157075.0,156850.0,156920.0,98026,5,383421
WIN$D,M15,1699882200,156920.0,157005.0,156770.0,156985.0,99433,5,399085
WIN$D,M15,1699883100,156985.0,157055.0,156890.0,156920.0,87337,5,352907
WIN$D,M15,1699884000,156920.0,156950.0,156600.0,156770.0,116128,5,477999
WIN$D,M15,1699884900,156770.0,156935.0,156750.0,156855.0,93200,5,395587
WIN$D,M15,1699885800,156860.0,156865.0,156675.0,156745.0,91004,5,382583
WIN$D,M15,1699886700,156740.0,156840.0,156630.0,156745.0,90539,5,387522
WIN$D,M15,1699887600,156745.0,156895.0,156600.0,156865.0,110396,5,421133
WIN$D,M15,1699888500,156870.0,156920.0,156770.0,156780.0,68593,5,278877
WIN$D,M15,1699889400,156775.0,157100.0,156710.0,157055.0,103551,5,416839
WIN$D,M15,1699890300,157060.0,157075.0,156830.0,156845.0,70917,5,280770
WIN$D,M15,1699891200,156850.0,156945.0,156795.0,156905.0,67730,5,281079
WIN$D,M15,1699892100,156905.0,156935.0,156740.0,156875.0,75592,5,322007
WIN$D,M15,1699893000,156875.0,157070.0,156875.0,156940.0,80281,5,362423
WIN$D,M15,1699893900,156940.0,157050.0,156905.0,156975.0,53304,5,252076
WIN$D,M15,1699894800,156975.0,157035.0,156915.0,157010.0,40646,5,192688
WIN$D,M15,1699895700,157005.0,157015.0,156925.0,156960.0,28234,5,134487
WIN$D,M15,1699896600,156955.0,157070.0,156950.0,157035.0,37745,5,184208
WIN$D,M15,1699897500,157040.0,157100.0,156985.0,157005.0,39818,5,170949
WIN$D,M15,1699898400,157005.0,157090.0,156945.0,156995.0,33502,5,123686
WIN$D,M15,1699899300,156995.0,157145.0,156970.0,157100.0,16043,5,69104
WIN$D,M15,1699952400,157060.0,157420.0,157035.0,157175.0,206865,5,605236
WIN$D,M15,1699953300,157180.0,157185.0,157065.0,157075.0,70746,5,206695
WIN$D,M15,1699954200,157075.0,157250.0,157070.0,157230.0,92430,5,294664
WIN$D,M15,1699955100,157230.0,157430.0,157190.0,157415.0,94395,5,317090
WIN$D,M15,1699956000,157410.0,157640.0,157375.0,157545.0,206035,5,719601
WIN$D,M15,1699956900,157545.0,157770.0,157450.0,157635.0,187689,5,626317
WIN$D,M15,1699957800,157635.0,160275.0,157535.0,159090.0,474169,5,1400606
WIN$D,M15,1699958700,159090.0,159235.0,158735.0,158955.0,247938,5,767910
WIN$D,M15,1699959600,158950.0,159075.0,158835.0,158950.0,154169,5,535819
WIN$D,M15,1699960500,158950.0,159355.0,158905.0,159315.0,144307,5,528795
WIN$D,M15,1699961400,159315.0,159765.0,159245.0,159695.0,212021,5,797305
WIN$D,M15,1699962300,159690.0,159900.0,159600.0,159730.0,196937,5,754324
WIN$D,M15,1699963200,159725.0,159780.0,159370.0,159670.0,171583,5,618682
WIN$D,M15,1699964100,159675.0,159775.0,159480.0,159730.0,118574,5,438056
WIN$D,M15,1699965000,159735.0,159745.0,159410.0,159550.0,119667,5,443716
WIN$D,M15,1699965900,159550.0,159635.0,159485.0,159595.0,74027,5,270137
WIN$D,M15,1699966800,159600.0,159815.0,159560.0,159800.0,92840,5,358058
WIN$D,M15,1699967700,159795.0,159875.0,159760.0,159865.0,74860,5,275661
WIN$D,M15,1699968600,159865.0,159875.0,159670.0,159710.0,88382,5,351952
WIN$D,M15,1699969500,159705.0,159765.0,159540.0,159555.0,88767,5,346482
WIN$D,M15,1699970400,159560.0,159630.0,159415.0,159470.0,90572,5,342453
WIN$D,M15,1699971300,159465.0,159510.0,159385.0,159390.0,85179,5,315456
WIN$D,M15,1699972200,159395.0,159545.0,159390.0,159420.0,79481,5,304859
WIN$D,M15,1699973100,159425.0,159655.0,159390.0,159620.0,93358,5,360121
WIN$D,M15,1699974000,159615.0,159825.0,159615.0,159675.0,102865,5,404851
WIN$D,M15,1699974900,159680.0,159795.0,159660.0,159735.0,69497,5,272750
WIN$D,M15,1699975800,159730.0,159795.0,159675.0,159735.0,64095,5,242619
WIN$D,M15,1699976700,159730.0,159850.0,159695.0,159785.0,78732,5,312327
WIN$D,M15,1699977600,159785.0,159790.0,159595.0,159755.0,94835,5,374783
WIN$D,M15,1699978500,159755.0,159810.0,159695.0,159775.0,61460,5,231716
WIN$D,M15,1699979400,159775.0,159830.0,159705.0,159760.0,63282,5,242696
WIN$D,M15,1699980300,159760.0,159805.0,159730.0,159780.0,42595,5,159687
WIN$D,M15,1699981200,159780.0,159950.0,159750.0,159885.0,73997,5,303086
WIN$D,M15,1699982100,159890.0,159905.0,159795.0,159845.0,53528,5,206893
WIN$D,M15,1699983000,159850.0,159945.0,159840.0,159885.0,57466,5,233682
WIN$D,M15,1699983900,159880.0,159930.0,159820.0,159905.0,68094,5,250860
WIN$D,M15,1699984800,159910.0,159935.0,159810.0,159850.0,37901,5,137646
WIN$D,M15,1699985700,159850.0,160185.0,159835.0,160100.0,37491,5,159979
WIN$D,M15,1700125200,159960.0,160205.0,159675.0,159715.0,224398,5,670387
WIN$D,M15,1700126100,159710.0,159800.0,159610.0,159655.0,103559,5,303912
WIN$D,M15,1700127000,159650.0,159755.0,159620.0,159730.0,74943,5,241991
WIN$D,M15,1700127900,159735.0,159825.0,159645.0,159650.0,91604,5,311330
WIN$D,M15,1700128800,159650.0,160000.0,159640.0,159835.0,186498,5,623415
WIN$D,M15,1700129700,159840.0,160370.0,159725.0,160275.0,280672,5,933254
WIN$D,M15,1700130600,160270.0,160560.0,160195.0,160365.0,261424,5,858765
WIN$D,M15,1700131500,160365.0,160630.0,160360.0,160605.0,188530,5,697062
WIN$D,M15,1700132400,160605.0,160665.0,160435.0,160460.0,190605,5,697281
WIN$D,M15,1700133300,160460.0,160580.0,160235.0,160290.0,183428,5,675131
WIN$D,M15,1700134200,160295.0,160680.0,160285.0,160615.0,212529,5,792113
WIN$D,M15,1700135100,160615.0,160720.0,160235.0,160265.0,186845,5,684446
WIN$D,M15,1700136000,160260.0,160495.0,160195.0,160270.0,168329,5,614250
WIN$D,M15,1700136900,160270.0,160415.0,160155.0,160395.0,134228,5,471544
WIN$D,M15,1700137800,160395.0,160580.0,160320.0,160380.0,149895,5,541922
WIN$D,M15,1700138700,160385.0,160555.0,160315.0,160550.0,110697,5,402351
WIN$D,M15,1700139600,160550.0,160595.0,160415.0,160535.0,103408,5,385087
WIN$D,M15,1700140500,160535.0,160540.0,160100.0,160135.0,126676,5,489361
WIN$D,M15,1700141400,160135.0,160290.0,159995.0,160065.0,149097,5,584251
WIN$D,M15,1700142300,160065.0,160245.0,160060.0,160235.0,100521,5,366924
WIN$D,M15,1700143200,160240.0,160615.0,160220.0,160575.0,134057,5,515270
WIN$D,M15,1700144100,160570.0,160705.0,160530.0,160625.0,104334,5,393987
WIN$D,M15,1700145000,160625.0,160830.0,160525.0,160760.0,124916,5,498540
WIN$D,M15,1700145900,160755.0,160795.0,160585.0,160680.0,94458,5,378314
WIN$D,M15,1700146800,160685.0,160830.0,160610.0,160795.0,121320,5,480144
WIN$D,M15,1700147700,160795.0,160970.0,160725.0,160920.0,122294,5,467062
WIN$D,M15,1700148600,160925.0,161040.0,160855.0,160870.0,109720,5,443950
WIN$D,M15,1700149500,160865.0,160980.0,160740.0,160940.0,98590,5,393045
WIN$D,M15,1700150400,160935.0,161105.0,160910.0,161065.0,100513,5,397415
WIN$D,M15,1700151300,161060.0,161145.0,161005.0,161060.0,75700,5,299528
WIN$D,M15,1700152200,161060.0,161265.0,161040.0,161255.0,83302,5,328776
WIN$D,M15,1700153100,161255.0,161255.0,161050.0,161165.0,83106,5,347645
WIN$D,M15,1700154000,161170.0,161175.0,161075.0,161145.0,53599,5,217024
WIN$D,M15,1700154900,161150.0,161165.0,161090.0,161095.0,44475,5,187779
WIN$D,M15,1700155800,161095.0,161250.0,161040.0,161230.0,75153,5,327214
WIN$D,M15,1700156700,161225.0,161265.0,161145.0,161250.0,67702,5,268863
WIN$D,M15,1700157600,161255.0,161260.0,161110.0,161195.0,37299,5,157121
WIN$D,M15,1700158500,161200.0,161315.0,161175.0,161315.0,21195,5,126288
WIN$D,M15,1700211600,161320.0,161390.0,160990.0,161010.0,174959,5,496351
WIN$D,M15,1700212500,161015.0,161165.0,160950.0,161140.0,129502,5,404581
WIN$D,M15,1700213400,161140.0,161365.0,161055.0,161330.0,163236,5,537075
WIN$D,M15,1700214300,161325.0,161460.0,161275.0,161445.0,119280,5,415807
WIN$D,M15,1700215200,161440.0,161635.0,161435.0,161510.0,170136,5,603156
WIN$D,M15,1700216100,161510.0,161515.0,161070.0,161170.0,212700,5,706527
WIN$D,M15,1700217000,161175.0,161410.0,161075.0,161290.0,245996,5,816522
WIN$D,M15,1700217900,161285.0,161310.0,161070.0,161220.0,144546,5,486676
WIN$D,M15,1700218800,161220.0,161355.0,161155.0,161265.0,153077,5,535542
WIN$D,M15,1700219700,161265.0,161325.0,161015.0,161040.0,125808,5,429990
WIN$D,M15,1700220600,161040.0,161355.0,161020.0,161355.0,217649,5,775161
WIN$D,M15,1700221500,161355.0,161445.0,161190.0,161350.0,166059,5,598202
WIN$D,M15,1700222400,161355.0,161505.0,161310.0,161480.0,147444,5,545359
WIN$D,M15,1700223300,161480.0,161725.0,161455.0,161535.0,156169,5,585654
WIN$D,M15,1700224200,161535.0,161570.0,161390.0,161480.0,105870,5,383485
WIN$D,M15,1700225100,161480.0,161525.0,161400.0,161435.0,71208,5,243012
WIN$D,M15,1700226000,161435.0,161475.0,161260.0,161400.0,117572,5,421067
WIN$D,M15,1700226900,161400.0,161470.0,161340.0,161415.0,69621,5,230743
WIN$D,M15,1700227800,161410.0,161415.0,161250.0,161325.0,82055,5,279134
WIN$D,M15,1700228700,161325.0,161480.0,161260.0,161450.0,83939,5,299217
WIN$D,M15,1700229600,161450.0,161670.0,161445.0,161650.0,95754,5,334195
WIN$D,M15,1700230500,161655.0,161850.0,161640.0,161710.0,120062,5,463397
WIN$D,M15,1700231400,161710.0,161835.0,161710.0,161780.0,74762,5,283832
WIN$D,M15,1700232300,161775.0,161815.0,161710.0,161765.0,56060,5,215841
WIN$D,M15,1700233200,161765.0,161880.0,161760.0,161845.0,73825,5,292731
WIN$D,M15,1700234100,161845.0,161925.0,161730.0,161760.0,85810,5,326911
WIN$D,M15,1700235000,161755.0,161835.0,161690.0,161780.0,73931,5,281437
WIN$D,M15,1700235900,161775.0,161785.0,161595.0,161615.0,73246,5,274931
WIN$D,M15,1700236800,161615.0,161730.0,161580.0,161675.0,71250,5,271900
WIN$D,M15,1700237700,161670.0,161690.0,161555.0,161610.0,66884,5,256355
WIN$D,M15,1700238600,161605.0,161615.0,161300.0,161435.0,109798,5,446501
WIN$D,M15,1700239500,161435.0,161500.0,161340.0,161445.0,78634,5,319310
WIN$D,M15,1700240400,161440.0,161565.0,161365.0,161485.0,71728,5,285755
WIN$D,M15,1700241300,161490.0,161605.0,161475.0,161540.0,48325,5,186667
WIN$D,M15,1700242200,161540.0,161580.0,161280.0,161315.0,87034,5,353559
WIN$D,M15,1700243100,161310.0,161370.0,161195.0,161260.0,73489,5,282514
WIN$D,M15,1700244000,161255.0,161310.0,161215.0,161275.0,34306,5,104141
WIN$D,M15,1700244900,161275.0,161430.0,161260.0,161380.0,16525,5,73632
WIN$D,M15,1700470800,161650.0,161675.0,161380.0,161595.0,137484,5,350130
WIN$D,M15,1700471700,161590.0,161685.0,161545.0,161620.0,82916,5,263671
WIN$D,M15,1700472600,161620.0,161625.0,161425.0,161465.0,96346,5,323321
WIN$D,M15,1700473500,161465.0,161800.0,161435.0,161750.0,119849,5,418875
WIN$D,M15,1700474400,161750.0,161880.0,161690.0,161835.0,150686,5,517712
WIN$D,M15,1700475300,161840.0,161850.0,161550.0,161575.0,159045,5,544647
WIN$D,M15,1700476200,161575.0,161690.0,161330.0,161635.0,197459,5,677158
WIN$D,M15,1700477100,161635.0,161715.0,161550.0,161680.0,115982,5,403863
WIN$D,M15,1700478000,161680.0,161865.0,161580.0,161725.0,160093,5,559964
WIN$D,M15,1700478900,161730.0,161760.0,161545.0,161560.0,99085,5,356452
WIN$D,M15,1700479800,161555.0,162000.0,161495.0,161925.0,233624,5,848498
WIN$D,M15,1700480700,161920.0,162085.0,161750.0,162000.0,200089,5,739205
WIN$D,M15,1700481600,162000.0,162135.0,161885.0,162110.0,141487,5,490155
WIN$D,M15,1700482500,162110.0,162215.0,162030.0,162090.0,106822,5,384241
WIN$D,M15,1700483400,162095.0,162100.0,161905.0,161930.0,91882,5,316101
WIN$D,M15,1700484300,161925.0,162010.0,161885.0,161965.0,65025,5,229198
WIN$D,M15,1700485200,161970.0,162015.0,161830.0,161940.0,83841,5,298394
WIN$D,M15,1700486100,161935.0,162015.0,161925.0,161985.0,57968,5,219291
WIN$D,M15,1700487000,161990.0,162060.0,161915.0,162010.0,69278,5,249529
WIN$D,M15,1700487900,162010.0,162075.0,161895.0,161900.0,65553,5,239028
WIN$D,M15,1700488800,161900.0,162070.0,161880.0,162030.0,63999,5,236813
WIN$D,M15,1700489700,162035.0,162155.0,162005.0,162125.0,64444,5,256961
WIN$D,M15,1700490600,162125.0,162215.0,162050.0,162065.0,76522,5,290451
WIN$D,M15,1700491500,162065.0,162245.0,162045.0,162195.0,73162,5,280896
WIN$D,M15,1700492400,162195.0,162485.0,162190.0,162445.0,146972,5,584645
WIN$D,M15,1700493300,162445.0,162570.0,162390.0,162535.0,94588,5,363080
WIN$D,M15,1700494200,162540.0,162590.0,162470.0,162475.0,58418,5,227540
WIN$D,M15,1700495100,162475.0,162555.0,162435.0,162510.0,65876,5,254990
WIN$D,M15,1700496000,162510.0,162525.0,162305.0,162380.0,85004,5,333937
WIN$D,M15,1700496900,162385.0,162500.0,162345.0,162370.0,85666,5,342445
WIN$D,M15,1700497800,162370.0,162555.0,162105.0,162505.0,181230,5,761302
WIN$D,M15,1700498700,162505.0,162515.0,162355.0,162360.0,67393,5,258921
WIN$D,M15,1700499600,162365.0,162480.0,162305.0,162470.0,67094,5,261505
WIN$D,M15,1700500500,162465.0,162555.0,162440.0,162500.0,51061,5,194680
WIN$D,M15,1700501400,162500.0,162500.0,162395.0,162415.0,47848,5,181699
WIN$D,M15,1700502300,162415.0,162445.0,162335.0,162435.0,51496,5,202693
WIN$D,M15,1700503200,162435.0,162445.0,162350.0,162430.0,34552,5,131376
WIN$D,M15,1700504100,162425.0,162600.0,162420.0,162585.0,23164,5,107523
WIN$D,M15,1700557200,162275.0,162475.0,162125.0,162195.0,161881,5,452417
WIN$D,M15,1700558100,162200.0,162225.0,162090.0,162140.0,91630,5,276823
WIN$D,M15,1700559000,162140.0,162165.0,161895.0,161970.0,123290,5,424146
WIN$D,M15,1700559900,161970.0,162000.0,161925.0,161995.0,54897,5,176010
WIN$D,M15,1700560800,162000.0,162005.0,161645.0,161685.0,205974,5,751818
WIN$D,M15,1700561700,161685.0,162075.0,161670.0,161965.0,210641,5,743546
WIN$D,M15,1700562600,161965.0,162205.0,161915.0,161975.0,234175,5,778168
WIN$D,M15,1700563500,161970.0,162085.0,161875.0,161975.0,149010,5,517322
WIN$D,M15,1700564400,161975.0,162255.0,161865.0,162225.0,204920,5,757581
WIN$D,M15,1700565300,162220.0,162270.0,162055.0,162070.0,169791,5,613395
WIN$D,M15,1700566200,162070.0,162295.0,162015.0,162050.0,225196,5,818432
WIN$D,M15,1700567100,162055.0,162185.0,161930.0,161980.0,153008,5,554324
WIN$D,M15,1700568000,161985.0,162055.0,161650.0,161675.0,190707,5,669025
WIN$D,M15,1700568900,161675.0,161790.0,161505.0,161550.0,165483,5,606004
WIN$D,M15,1700569800,161550.0,161670.0,161465.0,161655.0,124727,5,477934
WIN$D,M15,1700570700,161660.0,161830.0,161600.0,161810.0,107365,5,418045
WIN$D,M15,1700571600,161810.0,161880.0,161730.0,161785.0,83323,5,318316
WIN$D,M15,1700572500,161785.0,161870.0,161760.0,161790.0,62555,5,232107
WIN$D,M15,1700573400,161795.0,161850.0,161655.0,161805.0,82445,5,323273
WIN$D,M15,1700574300,161805.0,161840.0,161720.0,161820.0,61768,5,234574
WIN$D,M15,1700575200,161825.0,161935.0,161790.0,161815.0,73986,5,277340
WIN$D,M15,1700576100,161815.0,162065.0,161790.0,162055.0,94800,5,377971
WIN$D,M15,1700577000,162050.0,162205.0,161890.0,162075.0,126533,5,498288
WIN$D,M15,1700577900,162080.0,162185.0,161995.0,162065.0,85758,5,332049
WIN$D,M15,1700578800,162070.0,162090.0,161705.0,161740.0,129258,5,505005
WIN$D,M15,1700579700,161740.0,161780.0,161545.0,161600.0,103342,5,420811
WIN$D,M15,1700580600,161600.0,161690.0,161355.0,161605.0,146419,5,585764
WIN$D,M15,1700581500,161605.0,161645.0,161525.0,161560.0,67499,5,256601
WIN$D,M15,1700582400,161560.0,161770.0,161410.0,161750.0,122662,5,450024
WIN$D,M15,1700583300,161755.0,161805.0,161670.0,161785.0,76096,5,284594
WIN$D,M15,1700584200,161785.0,161815.0,161705.0,161805.0,53876,5,199464
WIN$D,M15,1700585100,161810.0,161870.0,161710.0,161825.0,70679,5,282927
WIN$D,M15,1700586000,161820.0,161865.0,161780.0,161805.0,43058,5,175220
WIN$D,M15,1700586900,161805.0,161980.0,161795.0,161960.0,70092,5,255746
WIN$D,M15,1700587800,161960.0,162085.0,161895.0,162075.0,59050,5,239212
WIN$D,M15,1700588700,162080.0,162130.0,162045.0,162075.0,50722,5,192309
WIN$D,M15,1700589600,162080.0,162085.0,161935.0,161995.0,41224,5,158464
WIN$D,M15,1700590500,161995.0,162055.0,161950.0,162010.0,16736,5,90908
WIN$D,M15,1700643600,162105.0,162495.0,162105.0,162475.0,146180,5,431593
WIN$D,M15,1700644500,162475.0,162560.0,162365.0,162370.0,101813,5,326314
WIN$D,M15,1700645400,162370.0,162590.0,162325.0,162525.0,137267,5,456047
WIN$D,M15,1700646300,162530.0,162680.0,162520.0,162600.0,86684,5,293620
WIN$D,M15,1700647200,162600.0,162630.0,162270.0,162310.0,258653,5,859787
WIN$D,M15,1700648100,162310.0,162900.0,162300.0,162875.0,294629,5,1055189
WIN$D,M15,1700649000,162875.0,163055.0,162740.0,162950.0,225433,5,783433
WIN$D,M15,1700649900,162945.0,163075.0,162900.0,163030.0,141996,5,499210
WIN$D,M15,1700650800,163030.0,163120.0,162965.0,162995.0,151132,5,535188
WIN$D,M15,1700651700,163000.0,163180.0,162975.0,163170.0,125844,5,445706
WIN$D,M15,1700652600,163175.0,163215.0,162905.0,162960.0,240511,5,856981
WIN$D,M15,1700653500,162960.0,162990.0,162680.0,162855.0,209511,5,779650
WIN$D,M15,1700654400,162860.0,162860.0,162600.0,162655.0,182698,5,644140
WIN$D,M15,1700655300,162655.0,162720.0,162540.0,162690.0,139882,5,490154
WIN$D,M15,1700656200,162685.0,162775.0,162570.0,162700.0,116893,5,387458
WIN$D,M15,1700657100,162695.0,162730.0,162515.0,162525.0,118275,5,384876
WIN$D,M15,1700658000,162525.0,162625.0,162425.0,162560.0,128905,5,461883
WIN$D,M15,1700658900,162555.0,162770.0,162520.0,162730.0,101009,5,348752
WIN$D,M15,1700659800,162730.0,162835.0,162690.0,162830.0,91606,5,318413
WIN$D,M15,1700660700,162825.0,162885.0,162795.0,162870.0,70495,5,248965
WIN$D,M15,1700661600,162870.0,162915.0,162755.0,162800.0,81508,5,270196
WIN$D,M15,1700662500,162795.0,162930.0,162745.0,162755.0,98304,5,358142
WIN$D,M15,1700663400,162750.0,162800.0,162085.0,162090.0,201252,5,847921
WIN$D,M15,1700664300,162095.0,162315.0,161915.0,162160.0,204457,5,876862
WIN$D,M15,1700665200,162165.0,162555.0,162145.0,162535.0,132969,5,538227
WIN$D,M15,1700666100,162535.0,162550.0,162350.0,162495.0,96127,5,362051
WIN$D,M15,1700667000,162495.0,162585.0,162395.0,162455.0,97719,5,362761
WIN$D,M15,1700667900,162455.0,162530.0,162405.0,162430.0,55658,5,207725
WIN$D,M15,1700668800,162430.0,162445.0,162180.0,162185.0,103232,5,415373
WIN$D,M15,1700669700,162185.0,162255.0,162055.0,162205.0,93405,5,368006
WIN$D,M15,1700670600,162205.0,162220.0,161825.0,161875.0,119884,5,467888
WIN$D,M15,1700671500,161875.0,162070.0,161730.0,162025.0,104708,5,439636
WIN$D,M15,1700672400,162030.0,162155.0,162020.0,162140.0,65208,5,259360
WIN$D,M15,1700673300,162140.0,162205.0,162045.0,162090.0,62257,5,252828
WIN$D,M15,1700674200,162090.0,162155.0,162015.0,162030.0,43312,5,171849
WIN$D,M15,1700675100,162035.0,162285.0,162025.0,162260.0,57463,5,238899
WIN$D,M15,1700676000,162265.0,162275.0,162195.0,162255.0,27943,5,118160
WIN$D,M15,1700676900,162260.0,162370.0,162245.0,162340.0,16398,5,89453
WIN$D,M15,1700730000,162085.0,162270.0,161875.0,162220.0,174307,5,500332
WIN$D,M15,1700730900,162220.0,162300.0,162115.0,162255.0,94212,5,283807
WIN$D,M15,1700731800,162250.0,162330.0,162220.0,162245.0,62227,5,200162
WIN$D,M15,1700732700,162240.0,162270.0,162145.0,162235.0,77616,5,246185
WIN$D,M15,1700733600,162240.0,162345.0,161955.0,162090.0,218957,5,734969
WIN$D,M15,1700734500,162085.0,162550.0,162075.0,162540.0,223188,5,765635
WIN$D,M15,1700735400,162545.0,162575.0,162345.0,162440.0,153963,5,518593
WIN$D,M15,1700736300,162440.0,162535.0,162260.0,162450.0,142042,5,476401
WIN$D,M15,1700737200,162450.0,162705.0,162395.0,162660.0,177529,5,624417
WIN$D,M15,1700738100,162660.0,162855.0,162595.0,162845.0,132430,5,469271
WIN$D,M15,1700739000,162850.0,162945.0,162800.0,162915.0,115884,5,431124
WIN$D,M15,1700739900,162915.0,162965.0,162865.0,162915.0,61332,5,210029
WIN$D,M15,1700740800,162920.0,162975.0,162870.0,162925.0,62566,5,229211
WIN$D,M15,1700741700,162920.0,163030.0,162915.0,162970.0,63674,5,236454
WIN$D,M15,1700742600,162970.0,162990.0,162860.0,162915.0,53127,5,180315
WIN$D,M15,1700743500,162910.0,162940.0,162820.0,162850.0,50395,5,161662
WIN$D,M15,1700744400,162845.0,162850.0,162715.0,162735.0,56483,5,204160
WIN$D,M15,1700745300,162740.0,162835.0,162735.0,162765.0,46888,5,161396
WIN$D,M15,1700746200,162770.0,162815.0,162715.0,162775.0,45969,5,153792
WIN$D,M15,1700747100,162770.0,162885.0,162755.0,162785.0,52430,5,186566
WIN$D,M15,1700748000,162790.0,162825.0,162730.0,162750.0,43286,5,146108
WIN$D,M15,1700748900,162745.0,162755.0,162660.0,162735.0,53048,5,183064
WIN$D,M15,1700749800,162740.0,162830.0,162685.0,162800.0,55573,5,197820
WIN$D,M15,1700750700,162800.0,162830.0,162760.0,162795.0,36084,5,127042
WIN$D,M15,1700751600,162795.0,162880.0,162790.0,162840.0,36105,5,133280
WIN$D,M15,1700752500,162840.0,162850.0,162640.0,162660.0,60253,5,226630
WIN$D,M15,1700753400,162655.0,162755.0,162605.0,162740.0,55883,5,221704
WIN$D,M15,1700754300,162735.0,162780.0,162695.0,162740.0,37008,5,144966
WIN$D,M15,1700755200,162740.0,162835.0,162725.0,162765.0,40427,5,152373
WIN$D,M15,1700756100,162770.0,162835.0,162740.0,162830.0,30626,5,116944
WIN$D,M15,1700757000,162835.0,162920.0,162805.0,162865.0,35807,5,139792
WIN$D,M15,1700757900,162865.0,162875.0,162700.0,162720.0,50806,5,187244
WIN$D,M15,1700758800,162720.0,162760.0,162645.0,162725.0,44706,5,182680
WIN$D,M15,1700759700,162725.0,162800.0,162700.0,162790.0,27392,5,112417
WIN$D,M15,1700760600,162790.0,162835.0,162740.0,162795.0,36537,5,144358
WIN$D,M15,1700761500,162795.0,162905.0,162760.0,162860.0,28252,5,107602
WIN$D,M15,1700762400,162865.0,162890.0,162815.0,162865.0,17231,5,77313
WIN$D,M15,1700763300,162865.0,162980.0,162860.0,162980.0,11052,5,71180
WIN$D,M15,1700816400,162835.0,162845.0,162405.0,162420.0,197194,5,481890
WIN$D,M15,1700817300,162420.0,162465.0,162310.0,162380.0,106411,5,310458
WIN$D,M15,1700818200,162380.0,162450.0,162270.0,162300.0,93310,5,302060
WIN$D,M15,1700819100,162295.0,162365.0,162275.0,162340.0,64320,5,207013
WIN$D,M15,1700820000,162340.0,162425.0,162030.0,162035.0,237439,5,781570
WIN$D,M15,1700820900,162035.0,162065.0,161865.0,161945.0,159619,5,559728
WIN$D,M15,1700821800,161940.0,162035.0,161880.0,162000.0,95560,5,345479
WIN$D,M15,1700822700,162005.0,162025.0,161800.0,161855.0,131729,5,487942
WIN$D,M15,1700823600,161860.0,162005.0,161755.0,161935.0,149767,5,544333
WIN$D,M15,1700824500,161930.0,162030.0,161845.0,161865.0,117119,5,417555
WIN$D,M15,1700825400,161870.0,162235.0,161835.0,162200.0,178039,5,668216
WIN$D,M15,1700826300,162195.0,162255.0,162060.0,162210.0,145100,5,523257
WIN$D,M15,1700827200,162205.0,162360.0,162145.0,162195.0,142122,5,528432
WIN$D,M15,1700828100,162195.0,162345.0,162130.0,162320.0,104642,5,384227
WIN$D,M15,1700829000,162325.0,162400.0,162175.0,162215.0,101182,5,371907
WIN$D,M15,1700829900,162210.0,162270.0,162140.0,162225.0,83100,5,305826
WIN$D,M15,1700830800,162225.0,162235.0,161960.0,161980.0,99620,5,381245
WIN$D,M15,1700831700,161985.0,162160.0,161970.0,162135.0,77399,5,289265
WIN$D,M15,1700832600,162130.0,162175.0,162080.0,162085.0,54385,5,191612
WIN$D,M15,1700833500,162080.0,162095.0,161710.0,161740.0,105672,5,430121
WIN$D,M15,1700834400,161740.0,161830.0,161570.0,161805.0,120966,5,489326
WIN$D,M15,1700835300,161810.0,161915.0,161785.0,161815.0,80820,5,328121
WIN$D,M15,1700836200,161815.0,161820.0,161690.0,161695.0,75420,5,296535
WIN$D,M15,1700837100,161695.0,161815.0,161585.0,161810.0,86420,5,335047
WIN$D,M15,1700838000,161810.0,161895.0,161770.0,161880.0,56095,5,222766
WIN$D,M15,1700838900,161880.0,161905.0,161745.0,161760.0,60167,5,227710
WIN$D,M15,1700839800,161760.0,161800.0,161625.0,161720.0,71550,5,266742
WIN$D,M15,1700840700,161720.0,161735.0,161615.0,161625.0,45369,5,177584
WIN$D,M15,1700841600,161620.0,161660.0,161525.0,161630.0,61459,5,243936
WIN$D,M15,1700842500,161630.0,161745.0,161585.0,161705.0,51554,5,200298
WIN$D,M15,1700843400,161700.0,161715.0,161585.0,161630.0,42329,5,173805
WIN$D,M15,1700844300,161630.0,161785.0,161615.0,161785.0,45136,5,185319
WIN$D,M15,1700845200,161785.0,161850.0,161715.0,161810.0,48948,5,186604
WIN$D,M15,1700846100,161810.0,161820.0,161690.0,161730.0,37322,5,142356
WIN$D,M15,1700847000,161735.0,161755.0,161595.0,161615.0,32820,5,148115
WIN$D,M15,1700847900,161610.0,161730.0,161605.0,161715.0,25873,5,116905
WIN$D,M15,1700848800,161715.0,161740.0,161620.0,161695.0,24063,5,108198
WIN$D,M15,1700849700,161695.0,161825.0,161615.0,161825.0,18875,5,82590
WIN$D,M15,1701075600,161580.0,161955.0,161545.0,161920.0,164965,5,414803
WIN$D,M15,1701076500,161915.0,162005.0,161840.0,161890.0,113411,5,395437
WIN$D,M15,1701077400,161890.0,162030.0,161885.0,161975.0,82593,5,289993
WIN$D,M15,1701078300,161975.0,162090.0,161925.0,162000.0,92521,5,330796
WIN$D,M15,1701079200,162005.0,162130.0,161755.0,161805.0,227647,5,812645
WIN$D,M15,1701080100,161800.0,162000.0,161640.0,161660.0,230676,5,819194
WIN$D,M15,1701081000,161665.0,161910.0,161540.0,161805.0,274036,5,992656
WIN$D,M15,1701081900,161810.0,161920.0,161570.0,161615.0,165319,5,587468
WIN$D,M15,1701082800,161610.0,161730.0,161380.0,161400.0,176220,5,629737
WIN$D,M15,1701083700,161400.0,161695.0,161380.0,161600.0,152039,5,536306
WIN$D,M15,1701084600,161600.0,161710.0,161450.0,161455.0,231813,5,860662
WIN$D,M15,1701085500,161450.0,161720.0,161450.0,161650.0,187717,5,675491
WIN$D,M15,1701086400,161650.0,161720.0,161280.0,161375.0,193547,5,693636
WIN$D,M15,1701087300,161375.0,161445.0,161110.0,161170.0,147233,5,556643
WIN$D,M15,1701088200,161170.0,161300.0,161090.0,161275.0,93866,5,324530
WIN$D,M15,1701089100,161275.0,161295.0,161145.0,161195.0,73193,5,243033
WIN$D,M15,1701090000,161195.0,161200.0,161020.0,161040.0,99990,5,373491
WIN$D,M15,1701090900,161035.0,161160.0,160970.0,161130.0,80142,5,279742
WIN$D,M15,1701091800,161130.0,161175.0,161025.0,161155.0,72145,5,237625
WIN$D,M15,1701092700,161160.0,161310.0,161135.0,161240.0,84579,5,284696
WIN$D,M15,1701093600,161235.0,161305.0,161155.0,161205.0,76248,5,257783
WIN$D,M15,1701094500,161205.0,161270.0,161170.0,161245.0,56894,5,206068
WIN$D,M15,1701095400,161250.0,161395.0,161165.0,161340.0,96501,5,347036
WIN$D,M15,1701096300,161345.0,161565.0,161285.0,161500.0,94209,5,348996
WIN$D,M15,1701097200,161500.0,161820.0,161430.0,161775.0,137293,5,523137
WIN$D,M15,1701098100,161775.0,161885.0,161730.0,161805.0,84742,5,330226
WIN$D,M15,1701099000,161805.0,161955.0,161800.0,161850.0,90114,5,363627
WIN$D,M15,1701099900,161845.0,161895.0,161765.0,161785.0,64001,5,254233
WIN$D,M15,1701100800,161785.0,161895.0,161705.0,161865.0,76967,5,313236
WIN$D,M15,1701101700,161865.0,161930.0,161790.0,161830.0,63873,5,253665
WIN$D,M15,1701102600,161835.0,161890.0,161745.0,161770.0,66125,5,272673
WIN$D,M15,1701103500,161775.0,161800.0,161635.0,161745.0,75699,5,298128
WIN$D,M15,1701104400,161750.0,161755.0,161610.0,161680.0,56369,5,232788
WIN$D,M15,1701105300,161680.0,161865.0,161660.0,161795.0,64560,5,274126
WIN$D,M15,1701106200,161800.0,161845.0,161695.0,161760.0,52695,5,228200
WIN$D,M15,1701107100,161755.0,161890.0,161720.0,161870.0,43853,5,178079
WIN$D,M15,1701108000,161870.0,161920.0,161840.0,161910.0,31194,5,132342
WIN$D,M15,1701108900,161910.0,161965.0,161865.0,161965.0,15006,5,86622
WIN$D,M15,1701162000,161600.0,161920.0,161480.0,161820.0,230000,5,584363
WIN$D,M15,1701162900,161820.0,161825.0,161650.0,161740.0,86010,5,276707
WIN$D,M15,1701163800,161740.0,161905.0,161600.0,161650.0,147281,5,514098
WIN$D,M15,1701164700,161650.0,161695.0,161525.0,161580.0,90419,5,312482
WIN$D,M15,1701165600,161580.0,161800.0,161495.0,161765.0,204058,5,726125
WIN$D,M15,1701166500,161770.0,162100.0,161765.0,162060.0,212799,5,788599
WIN$D,M15,1701167400,162060.0,162205.0,161760.0,161825.0,206677,5,770816
WIN$D,M15,1701168300,161820.0,162030.0,161725.0,161740.0,203227,5,761646
WIN$D,M15,1701169200,161745.0,161795.0,161530.0,161555.0,197754,5,759280
WIN$D,M15,1701170100,161550.0,161700.0,161445.0,161695.0,152125,5,564947
WIN$D,M15,1701171000,161695.0,162050.0,161565.0,161985.0,222560,5,868260
WIN$D,M15,1701171900,161985.0,162440.0,161980.0,162370.0,186171,5,758945
WIN$D,M15,1701172800,162365.0,162585.0,162320.0,162465.0,156012,5,633803
WIN$D,M15,1701173700,162460.0,162575.0,162420.0,162540.0,80251,5,303667
WIN$D,M15,1701174600,162540.0,162755.0,162510.0,162715.0,135578,5,567881
WIN$D,M15,1701175500,162720.0,162845.0,162670.0,162815.0,96102,5,397899
WIN$D,M15,1701176400,162815.0,162865.0,162730.0,162780.0,78165,5,328256
WIN$D,M15,1701177300,162780.0,162795.0,162680.0,162685.0,58728,5,224454
WIN$D,M15,1701178200,162690.0,162865.0,162685.0,162815.0,74595,5,301663
WIN$D,M15,1701179100,162815.0,162980.0,162755.0,162940.0,91957,5,388941
WIN$D,M15,1701180000,162940.0,163010.0,162870.0,162900.0,73900,5,322348
WIN$D,M15,1701180900,162900.0,163010.0,162810.0,162875.0,84930,5,362065
WIN$D,M15,1701181800,162875.0,162885.0,162790.0,162830.0,59584,5,231672
WIN$D,M15,1701182700,162835.0,162880.0,162735.0,162865.0,75934,5,305948
WIN$D,M15,1701183600,162865.0,162880.0,162660.0,162815.0,111109,5,461317
WIN$D,M15,1701184500,162820.0,162840.0,162715.0,162735.0,72744,5,293956
WIN$D,M15,1701185400,162735.0,162765.0,162540.0,162550.0,80189,5,329913
WIN$D,M15,1701186300,162545.0,162665.0,162545.0,162580.0,63636,5,268419
WIN$D,M15,1701187200,162580.0,162640.0,162550.0,162595.0,46935,5,196309
WIN$D,M15,1701188100,162595.0,162625.0,162355.0,162470.0,101362,5,437478
WIN$D,M15,1701189000,162470.0,162730.0,162455.0,162710.0,96971,5,419980
WIN$D,M15,1701189900,162710.0,162745.0,162650.0,162695.0,57308,5,236603
WIN$D,M15,1701190800,162695.0,162785.0,162675.0,162690.0,60323,5,246238
WIN$D,M15,1701191700,162690.0,162720.0,162620.0,162685.0,47906,5,194912
WIN$D,M15,1701192600,162680.0,162730.0,162600.0,162615.0,44669,5,189223
WIN$D,M15,1701193500,162615.0,162665.0,162550.0,162570.0,41738,5,171731
WIN$D,M15,1701194400,162570.0,162700.0,162545.0,162675.0,36109,5,148964
WIN$D,M15,1701195300,162680.0,162735.0,162585.0,162685.0,17209,5,91877
WIN$D,M15,1701248400,162885.0,163115.0,162700.0,163040.0,170407,5,514083
WIN$D,M15,1701249300,163040.0,163165.0,163000.0,163055.0,95037,5,336490
WIN$D,M15,1701250200,163055.0,163185.0,163040.0,163130.0,81638,5,278006
WIN$D,M15,1701251100,163125.0,163145.0,163055.0,163100.0,57313,5,198355
WIN$D,M15,1701252000,163105.0,163370.0,163085.0,163295.0,195047,5,721902
WIN$D,M15,1701252900,163300.0,163300.0,162990.0,163000.0,166602,5,607283
WIN$D,M15,1701253800,163010.0,163070.0,162525.0,162620.0,255422,5,970461
WIN$D,M15,1701254700,162625.0,162675.0,162460.0,162480.0,133281,5,504886
WIN$D,M15,1701255600,162485.0,162730.0,162430.0,162650.0,149654,5,565740
WIN$D,M15,1701256500,162655.0,162745.0,162545.0,162575.0,101640,5,372189
WIN$D,M15,1701257400,162575.0,162730.0,162410.0,162430.0,192030,5,762169
WIN$D,M15,1701258300,162430.0,162640.0,162330.0,162610.0,166711,5,671818
WIN$D,M15,1701259200,162605.0,162705.0,162335.0,162460.0,156614,5,630421
WIN$D,M15,1701260100,162460.0,162635.0,162290.0,162490.0,170269,5,672518
WIN$D,M15,1701261000,162495.0,162580.0,162380.0,162570.0,99265,5,379122
WIN$D,M15,1701261900,162575.0,162870.0,162535.0,162855.0,115022,5,483540
WIN$D,M15,1701262800,162850.0,162860.0,162490.0,162535.0,118929,5,500999
WIN$D,M15,1701263700,162535.0,162565.0,162290.0,162300.0,102729,5,442975
WIN$D,M15,1701264600,162305.0,162440.0,162170.0,162420.0,121802,5,511671
WIN$D,M15,1701265500,162420.0,162650.0,162415.0,162585.0,100988,5,423189
WIN$D,M15,1701266400,162585.0,162655.0,162480.0,162485.0,76052,5,297921
WIN$D,M15,1701267300,162485.0,162610.0,162460.0,162585.0,67739,5,268013
WIN$D,M15,1701268200,162585.0,162700.0,162505.0,162670.0,95964,5,409073
WIN$D,M15,1701269100,162675.0,162815.0,162665.0,162715.0,74025,5,315245
WIN$D,M15,1701270000,162720.0,162745.0,162510.0,162555.0,99150,5,405502
WIN$D,M15,1701270900,162555.0,162715.0,162480.0,162700.0,79324,5,328381
WIN$D,M15,1701271800,162700.0,162740.0,162550.0,162710.0,92985,5,385393
WIN$D,M15,1701272700,162710.0,162780.0,162660.0,162710.0,71277,5,309283
WIN$D,M15,1701273600,162705.0,162810.0,162605.0,162700.0,89163,5,385381
WIN$D,M15,1701274500,162700.0,162765.0,162550.0,162580.0,69244,5,284584
WIN$D,M15,1701275400,162580.0,162590.0,162340.0,162365.0,86956,5,371670
WIN$D,M15,1701276300,162365.0,162460.0,162315.0,162440.0,60034,5,249840
WIN$D,M15,1701277200,162440.0,162450.0,162300.0,162305.0,54912,5,223141
WIN$D,M15,1701278100,162305.0,162325.0,162015.0,162040.0,91968,5,415078
WIN$D,M15,1701279000,162040.0,162185.0,162035.0,162170.0,58781,5,237158
WIN$D,M15,1701279900,162175.0,162205.0,161950.0,162000.0,59359,5,252494
WIN$D,M15,1701280800,162000.0,162175.0,161975.0,162055.0,36245,5,141004
WIN$D,M15,1701281700,162060.0,162180.0,161990.0,162180.0,16311,5,92664
WIN$D,M15,1701334800,162485.0,162555.0,162310.0,162420.0,164809,5,486567
WIN$D,M15,1701335700,162420.0,162575.0,162410.0,162510.0,104593,5,353652
WIN$D,M15,1701336600,162510.0,162655.0,162475.0,162645.0,78572,5,270817
WIN$D,M15,1701337500,162645.0,162820.0,162615.0,162795.0,91960,5,347505
WIN$D,M15,1701338400,162800.0,162910.0,162625.0,162870.0,175201,5,637063
WIN$D,M15,1701339300,162875.0,163135.0,162870.0,163090.0,160999,5,618124
WIN$D,M15,1701340200,163085.0,163240.0,162810.0,162905.0,248662,5,879295
WIN$D,M15,1701341100,162905.0,163050.0,162865.0,163010.0,140295,5,495111
WIN$D,M15,1701342000,163015.0,163025.0,162705.0,162840.0,180971,5,620582
WIN$D,M15,1701342900,162840.0,162880.0,162760.0,162835.0,80871,5,297039
WIN$D,M15,1701343800,162830.0,162835.0,162315.0,162390.0,276982,5,1056737
WIN$D,M15,1701344700,162395.0,162525.0,162235.0,162480.0,161387,5,588271
WIN$D,M15,1701345600,162480.0,162485.0,162250.0,162410.0,155651,5,562063
WIN$D,M15,1701346500,162405.0,162445.0,162110.0,162205.0,143470,5,517772
WIN$D,M15,1701347400,162205.0,162430.0,162190.0,162345.0,130947,5,475033
WIN$D,M15,1701348300,162345.0,162620.0,162255.0,162595.0,117694,5,433719
WIN$D,M15,1701349200,162600.0,162730.0,162515.0,162695.0,103728,5,385733
WIN$D,M15,1701350100,162695.0,162730.0,162495.0,162605.0,90829,5,329673
WIN$D,M15,1701351000,162605.0,162680.0,162480.0,162625.0,88944,5,314242
WIN$D,M15,1701351900,162620.0,162705.0,162545.0,162600.0,76358,5,287861
WIN$D,M15,1701352800,162600.0,162765.0,162520.0,162745.0,80630,5,308797
WIN$D,M15,1701353700,162750.0,162770.0,162610.0,162650.0,68361,5,259114
WIN$D,M15,1701354600,162650.0,162920.0,162625.0,162905.0,81733,5,320248
WIN$D,M15,1701355500,162895.0,163050.0,162840.0,163025.0,94381,5,400239
WIN$D,M15,1701356400,163020.0,163155.0,162915.0,162940.0,105016,5,423872
WIN$D,M15,1701357300,162935.0,163125.0,162920.0,163030.0,83116,5,348504
WIN$D,M15,1701358200,163025.0,163065.0,162960.0,163010.0,60465,5,253498
WIN$D,M15,1701359100,163010.0,163070.0,162895.0,163060.0,72868,5,309131
WIN$D,M15,1701360000,163060.0,163375.0,163000.0,163315.0,122908,5,520287
WIN$D,M15,1701360900,163315.0,163400.0,163255.0,163275.0,68168,5,289999
WIN$D,M15,1701361800,163275.0,163380.0,163250.0,163305.0,59596,5,246317
WIN$D,M15,1701362700,163300.0,163315.0,163175.0,163195.0,53098,5,238630
WIN$D,M15,1701363600,163195.0,163225.0,163105.0,163115.0,59652,5,245536
WIN$D,M15,1701364500,163120.0,163180.0,163070.0,163140.0,58294,5,244244
WIN$D,M15,1701365400,163145.0,163285.0,163085.0,163280.0,50107,5,218449
WIN$D,M15,1701366300,163275.0,163380.0,163230.0,163355.0,60854,5,266923
WIN$D,M15,1701367200,163355.0,163365.0,163270.0,163310.0,40986,5,169314
WIN$D,M15,1701368100,163315.0,163450.0,163300.0,163300.0,24345,5,136910
WIN$D,M15,1701421200,163575.0,163735.0,163495.0,163555.0,183460,5,512852
WIN$D,M15,1701422100,163555.0,163660.0,163520.0,163520.0,86557,5,257310
WIN$D,M15,1701423000,163520.0,163540.0,163375.0,163425.0,89162,5,299148
WIN$D,M15,1701423900,163430.0,163460.0,163290.0,163290.0,92419,5,306294
WIN$D,M15,1701424800,163290.0,163405.0,163190.0,163220.0,173094,5,573558
WIN$D,M15,1701425700,163225.0,163445.0,163205.0,163370.0,189991,5,630630
WIN$D,M15,1701426600,163365.0,163370.0,163010.0,163135.0,206797,5,704228
WIN$D,M15,1701427500,163135.0,163170.0,162845.0,162860.0,159064,5,570702
WIN$D,M15,1701428400,162865.0,162950.0,162690.0,162705.0,146287,5,538098
WIN$D,M15,1701429300,162705.0,162840.0,162645.0,162680.0,145249,5,519841
WIN$D,M15,1701430200,162675.0,162865.0,162555.0,162855.0,199386,5,693991
WIN$D,M15,1701431100,162855.0,162960.0,162715.0,162860.0,152339,5,553261
WIN$D,M15,1701432000,162865.0,163145.0,162785.0,162915.0,228640,5,867905
WIN$D,M15,1701432900,162915.0,163020.0,162760.0,162915.0,148034,5,538287
WIN$D,M15,1701433800,162915.0,163180.0,162865.0,163135.0,125574,5,460403
WIN$D,M15,1701434700,163135.0,163350.0,163095.0,163110.0,122721,5,473166
WIN$D,M15,1701435600,163110.0,163565.0,162925.0,163515.0,247420,5,974123
WIN$D,M15,1701436500,163515.0,163795.0,163480.0,163745.0,162740,5,605737
WIN$D,M15,1701437400,163745.0,163770.0,163380.0,163640.0,162794,5,618439
WIN$D,M15,1701438300,163640.0,163765.0,163545.0,163745.0,97509,5,353207
WIN$D,M15,1701439200,163740.0,163955.0,163700.0,163895.0,111025,5,411910
WIN$D,M15,1701440100,163895.0,163960.0,163750.0,163920.0,97140,5,360108
WIN$D,M15,1701441000,163915.0,163985.0,163855.0,163930.0,89777,5,340702
WIN$D,M15,1701441900,163935.0,164045.0,163920.0,164010.0,73252,5,272688
WIN$D,M15,1701442800,164005.0,164075.0,163765.0,163810.0,94981,5,358973
WIN$D,M15,1701443700,163815.0,163865.0,163750.0,163780.0,67254,5,245978
WIN$D,M15,1701444600,163780.0,163865.0,163755.0,163830.0,63888,5,235293
WIN$D,M15,1701445500,163830.0,163930.0,163785.0,163820.0,73786,5,270542
WIN$D,M15,1701446400,163820.0,163990.0,163785.0,163975.0,81188,5,305989
WIN$D,M15,1701447300,163975.0,164100.0,163940.0,163980.0,78885,5,315003
WIN$D,M15,1701448200,163975.0,164000.0,163910.0,163970.0,58461,5,226863
WIN$D,M15,1701449100,163975.0,163985.0,163865.0,163900.0,54172,5,205817
WIN$D,M15,1701450000,163900.0,164030.0,163815.0,164010.0,63726,5,257119
WIN$D,M15,1701450900,164010.0,164135.0,163970.0,164080.0,59315,5,245549
WIN$D,M15,1701451800,164080.0,164085.0,163870.0,163925.0,57590,5,234555
WIN$D,M15,1701452700,163930.0,164020.0,163900.0,163985.0,46089,5,183733
WIN$D,M15,1701453600,163990.0,164075.0,163975.0,164030.0,37540,5,134186
WIN$D,M15,1701454500,164030.0,164130.0,163950.0,163950.0,20189,5,92638
WIN$D,M15,1701680400,163420.0,163495.0,163140.0,163230.0,189217,5,482171
WIN$D,M15,1701681300,163235.0,163250.0,163195.0,163220.0,44862,5,126456
WIN$D,M15,1701682200,163220.0,163265.0,163185.0,163230.0,54607,5,160121
WIN$D,M15,1701683100,163225.0,163260.0,163160.0,163245.0,52603,5,166514
WIN$D,M15,1701684000,163240.0,163370.0,163080.0,163145.0,217619,5,719864
WIN$D,M15,1701684900,163145.0,163415.0,163095.0,163215.0,200616,5,691912
WIN$D,M15,1701685800,163215.0,163340.0,163145.0,163315.0,136427,5,454143
WIN$D,M15,1701686700,163320.0,163450.0,163235.0,163365.0,117136,5,373049
WIN$D,M15,1701687600,163360.0,163445.0,163235.0,163270.0,138710,5,456169
WIN$D,M15,1701688500,163265.0,163435.0,163200.0,163405.0,116681,5,396531
WIN$D,M15,1701689400,163405.0,163660.0,163360.0,163605.0,224315,5,789553
WIN$D,M15,1701690300,163610.0,163680.0,163220.0,163275.0,191702,5,675332
WIN$D,M15,1701691200,163275.0,163400.0,163150.0,163205.0,167874,5,613899
WIN$D,M15,1701692100,163200.0,163290.0,163030.0,163055.0,156415,5,563977
WIN$D,M15,1701693000,163050.0,163115.0,162725.0,162850.0,171815,5,644580
WIN$D,M15,1701693900,162845.0,162890.0,162755.0,162820.0,86811,5,313308
WIN$D,M15,1701694800,162815.0,162970.0,162770.0,162965.0,84033,5,314146
WIN$D,M15,1701695700,162965.0,163030.0,162895.0,163020.0,92755,5,347788
WIN$D,M15,1701696600,163020.0,163035.0,162795.0,162820.0,89188,5,332066
WIN$D,M15,1701697500,162820.0,163060.0,162820.0,163050.0,84124,5,316919
WIN$D,M15,1701698400,163045.0,163060.0,162870.0,163030.0,90036,5,347053
WIN$D,M15,1701699300,163030.0,163080.0,162895.0,162905.0,83365,5,322769
WIN$D,M15,1701700200,162905.0,162935.0,162670.0,162760.0,142103,5,536200
WIN$D,M15,1701701100,162760.0,162980.0,162715.0,162980.0,83758,5,311403
WIN$D,M15,1701702000,162975.0,162985.0,162645.0,162690.0,107666,5,405153
WIN$D,M15,1701702900,162690.0,162805.0,162625.0,162660.0,99567,5,382517
WIN$D,M15,1701703800,162665.0,162805.0,162625.0,162720.0,89815,5,337742
WIN$D,M15,1701704700,162715.0,162750.0,162575.0,162610.0,88258,5,334674
WIN$D,M15,1701705600,162610.0,162685.0,162495.0,162675.0,105069,5,431162
WIN$D,M15,1701706500,162675.0,162685.0,162555.0,162590.0,59520,5,234415
WIN$D,M15,1701707400,162590.0,162630.0,162525.0,162580.0,48197,5,184843
WIN$D,M15,1701708300,162580.0,162775.0,162575.0,162735.0,88545,5,352614
WIN$D,M15,1701709200,162735.0,162790.0,162565.0,162580.0,64442,5,247502
WIN$D,M15,1701710100,162585.0,162655.0,162565.0,162640.0,52258,5,200247
WIN$D,M15,1701711000,162640.0,162755.0,162640.0,162740.0,60895,5,237181
WIN$D,M15,1701711900,162745.0,162815.0,162700.0,162720.0,57910,5,237074
WIN$D,M15,1701712800,162720.0,162740.0,162650.0,162685.0,36942,5,118121
WIN$D,M15,1701713700,162685.0,162795.0,162660.0,162795.0,17058,5,79245
WIN$D,M15,1701766800,162585.0,162765.0,162310.0,162640.0,202579,5,467305
WIN$D,M15,1701767700,162635.0,162735.0,162440.0,162510.0,124917,5,376011
WIN$D,M15,1701768600,162510.0,162675.0,162505.0,162555.0,116221,5,352624
WIN$D,M15,1701769500,162555.0,162780.0,162540.0,162775.0,99287,5,307850
WIN$D,M15,1701770400,162770.0,162905.0,162510.0,162760.0,268637,5,901764
WIN$D,M15,1701771300,162760.0,163230.0,162745.0,163200.0,283967,5,1032521
WIN$D,M15,1701772200,163195.0,163345.0,163105.0,163215.0,186537,5,678938
WIN$D,M15,1701773100,163215.0,163275.0,163115.0,163140.0,107364,5,370907
WIN$D,M15,1701774000,163140.0,163190.0,162905.0,162970.0,158867,5,566389
WIN$D,M15,1701774900,162970.0,163005.0,162580.0,162600.0,160513,5,623238
WIN$D,M15,1701775800,162600.0,162865.0,162325.0,162390.0,244657,5,930466
WIN$D,M15,1701776700,162390.0,162775.0,162310.0,162730.0,201779,5,727044
WIN$D,M15,1701777600,162730.0,163275.0,162625.0,162635.0,299534,5,1097594
WIN$D,M15,1701778500,162635.0,162835.0,162590.0,162825.0,159934,5,576460
WIN$D,M15,1701779400,162825.0,162855.0,162265.0,162375.0,194250,5,730137
WIN$D,M15,1701780300,162375.0,162710.0,162345.0,162680.0,115216,5,425216
WIN$D,M15,1701781200,162685.0,162760.0,162525.0,162545.0,107379,5,401397
WIN$D,M15,1701782100,162545.0,162610.0,162325.0,162455.0,118324,5,442933
WIN$D,M15,1701783000,162455.0,162610.0,162355.0,162580.0,100854,5,362879
WIN$D,M15,1701783900,162575.0,162830.0,162495.0,162615.0,129327,5,497084
WIN$D,M15,1701784800,162615.0,162950.0,162600.0,162705.0,128332,5,492873
WIN$D,M15,1701785700,162710.0,162865.0,162665.0,162855.0,92977,5,338333
WIN$D,M15,1701786600,162850.0,162885.0,162405.0,162455.0,120015,5,461608
WIN$D,M15,1701787500,162455.0,162895.0,162445.0,162850.0,116710,5,473494
WIN$D,M15,1701788400,162850.0,162925.0,162700.0,162900.0,120406,5,502231
WIN$D,M15,1701789300,162900.0,163210.0,162890.0,163065.0,126745,5,523214
WIN$D,M15,1701790200,163065.0,163135.0,162985.0,163105.0,82762,5,314507
WIN$D,M15,1701791100,163110.0,163155.0,162955.0,162970.0,66960,5,252661
WIN$D,M15,1701792000,162970.0,163285.0,162930.0,163140.0,109830,5,431767
WIN$D,M15,1701792900,163140.0,163140.0,162950.0,163095.0,71126,5,270710
WIN$D,M15,1701793800,163095.0,163135.0,163005.0,163015.0,49104,5,206065
WIN$D,M15,1701794700,163015.0,163070.0,162915.0,163025.0,58440,5,246809
WIN$D,M15,1701795600,163030.0,163120.0,162995.0,163050.0,48503,5,204052
WIN$D,M15,1701796500,163050.0,163070.0,162845.0,162875.0,58438,5,225508
WIN$D,M15,1701797400,162875.0,162975.0,162715.0,162750.0,62575,5,234766
WIN$D,M15,1701798300,162745.0,162830.0,162635.0,162650.0,66781,5,249631
WIN$D,M15,1701799200,162650.0,162720.0,162595.0,162630.0,54706,5,191091
WIN$D,M15,1701800100,162635.0,162685.0,162555.0,162585.0,31347,5,134079
WIN$D,M15,1701853200,162980.0,163225.0,162965.0,163200.0,134833,5,349540
WIN$D,M15,1701854100,163200.0,163285.0,163145.0,163255.0,99112,5,304441
WIN$D,M15,1701855000,163255.0,163310.0,163195.0,163210.0,99908,5,302409
WIN$D,M15,1701855900,163210.0,163300.0,163180.0,163210.0,85241,5,268793
WIN$D,M15,1701856800,163210.0,163225.0,163030.0,163200.0,179518,5,613369
WIN$D,M15,1701857700,163210.0,163365.0,162910.0,163070.0,275032,5,911106
WIN$D,M15,1701858600,163065.0,163135.0,162665.0,162695.0,250292,5,830500
WIN$D,M15,1701859500,162695.0,162755.0,162600.0,162645.0,152654,5,506659
WIN$D,M15,1701860400,162645.0,162840.0,162550.0,162750.0,188745,5,642953
WIN$D,M15,1701861300,162750.0,162900.0,162715.0,162770.0,132504,5,445279
WIN$D,M15,1701862200,162770.0,162775.0,162365.0,162470.0,267055,5,947327
WIN$D,M15,1701863100,162470.0,162545.0,162370.0,162425.0,133128,5,468624
WIN$D,M15,1701864000,162430.0,162510.0,162340.0,162445.0,129376,5,442347
WIN$D,M15,1701864900,162445.0,162505.0,162200.0,162330.0,156883,5,529392
WIN$D,M15,1701865800,162325.0,162500.0,162295.0,162310.0,131339,5,446100
WIN$D,M15,1701866700,162310.0,162415.0,162140.0,162160.0,117199,5,410943
WIN$D,M15,1701867600,162165.0,162195.0,161970.0,162085.0,126492,5,483020
WIN$D,M15,1701868500,162080.0,162140.0,161960.0,162015.0,114440,5,415034
WIN$D,M15,1701869400,162015.0,162045.0,161750.0,161775.0,151970,5,594568
WIN$D,M15,1701870300,161770.0,161880.0,161765.0,161835.0,77396,5,305232
WIN$D,M15,1701871200,161840.0,161840.0,161670.0,161775.0,110392,5,419819
WIN$D,M15,1701872100,161775.0,161860.0,161670.0,161680.0,93953,5,349801
WIN$D,M15,1701873000,161685.0,161755.0,161635.0,161730.0,85578,5,322654
WIN$D,M15,1701873900,161730.0,161740.0,161555.0,161635.0,94664,5,372670
WIN$D,M15,1701874800,161635.0,161725.0,161575.0,161630.0,88471,5,344089
WIN$D,M15,1701875700,161630.0,161830.0,161565.0,161795.0,88386,5,342418
WIN$D,M15,1701876600,161800.0,161860.0,161725.0,161825.0,91424,5,364878
WIN$D,M15,1701877500,161825.0,161860.0,161785.0,161810.0,52007,5,203123
WIN$D,M15,1701878400,161810.0,161900.0,161645.0,161680.0,102589,5,416436
WIN$D,M15,1701879300,161675.0,161720.0,161490.0,161550.0,112796,5,484620
WIN$D,M15,1701880200,161550.0,161685.0,161550.0,161660.0,85320,5,380723
WIN$D,M15,1701881100,161655.0,161810.0,161630.0,161645.0,95015,5,399857
WIN$D,M15,1701882000,161645.0,161690.0,161550.0,161600.0,67213,5,285930
WIN$D,M15,1701882900,161605.0,161625.0,161375.0,161410.0,88535,5,396774
WIN$D,M15,1701883800,161415.0,161555.0,161385.0,161500.0,72141,5,286462
WIN$D,M15,1701884700,161500.0,161535.0,161435.0,161475.0,71765,5,269978
WIN$D,M15,1701885600,161475.0,161495.0,161315.0,161330.0,50175,5,198117
WIN$D,M15,1701886500,161335.0,161355.0,161220.0,161220.0,26571,5,144066
WIN$D,M15,1701939600,161420.0,161720.0,161315.0,161670.0,182990,5,491103
WIN$D,M15,1701940500,161675.0,161730.0,161625.0,161705.0,88583,5,267948
WIN$D,M15,1701941400,161705.0,161790.0,161705.0,161745.0,74890,5,238775
WIN$D,M15,1701942300,161750.0,161820.0,161725.0,161810.0,68492,5,224054
WIN$D,M15,1701943200,161815.0,161875.0,161685.0,161720.0,159817,5,543761
WIN$D,M15,1701944100,161720.0,161935.0,161705.0,161905.0,170430,5,610128
WIN$D,M15,1701945000,161905.0,162160.0,161740.0,162100.0,214629,5,802859
WIN$D,M15,1701945900,162095.0,162255.0,162070.0,162210.0,119390,5,458259
WIN$D,M15,1701946800,162205.0,162245.0,162120.0,162220.0,116121,5,403736
WIN$D,M15,1701947700,162215.0,162240.0,162065.0,162200.0,110096,5,382700
WIN$D,M15,1701948600,162205.0,162320.0,161880.0,161910.0,234329,5,882430
WIN$D,M15,1701949500,161915.0,162075.0,161770.0,161815.0,215443,5,812460
WIN$D,M15,1701950400,161810.0,162030.0,161670.0,161765.0,185314,5,682390
WIN$D,M15,1701951300,161760.0,161930.0,161690.0,161790.0,128161,5,462129
WIN$D,M15,1701952200,161790.0,161800.0,161515.0,161610.0,119234,5,429762
WIN$D,M15,1701953100,161615.0,161720.0,161555.0,161615.0,89257,5,329966
WIN$D,M15,1701954000,161620.0,161690.0,161360.0,161400.0,122640,5,458996
WIN$D,M15,1701954900,161400.0,161470.0,161240.0,161460.0,123878,5,496884
WIN$D,M15,1701955800,161455.0,161715.0,161440.0,161690.0,116698,5,471488
WIN$D,M15,1701956700,161690.0,161775.0,161645.0,161750.0,90691,5,361022
WIN$D,M15,1701957600,161745.0,161805.0,161610.0,161615.0,90013,5,344085
WIN$D,M15,1701958500,161620.0,161780.0,161605.0,161670.0,86646,5,327680
WIN$D,M15,1701959400,161675.0,161720.0,161560.0,161670.0,82677,5,313593
WIN$D,M15,1701960300,161665.0,161805.0,161605.0,161750.0,112512,5,422451
WIN$D,M15,1701961200,161755.0,161760.0,161590.0,161665.0,95518,5,366850
WIN$D,M15,1701962100,161660.0,161920.0,161585.0,161795.0,124859,5,508903
WIN$D,M15,1701963000,161795.0,161805.0,161620.0,161630.0,85065,5,324785
WIN$D,M15,1701963900,161625.0,161685.0,161520.0,161560.0,104614,5,418509
WIN$D,M15,1701964800,161555.0,161740.0,161540.0,161615.0,83301,5,327406
WIN$D,M15,1701965700,161610.0,161795.0,161600.0,161750.0,95040,5,377881
WIN$D,M15,1701966600,161745.0,161835.0,161570.0,161665.0,96563,5,400004
WIN$D,M15,1701967500,161665.0,161665.0,161535.0,161555.0,58874,5,223929
WIN$D,M15,1701968400,161555.0,161730.0,161550.0,161710.0,60660,5,229470
WIN$D,M15,1701969300,161710.0,161765.0,161575.0,161595.0,66553,5,264319
WIN$D,M15,1701970200,161595.0,161605.0,161425.0,161490.0,78890,5,320323
WIN$D,M15,1701971100,161490.0,161625.0,161440.0,161595.0,64356,5,229969
WIN$D,M15,1701972000,161600.0,161760.0,161585.0,161755.0,47434,5,157592
WIN$D,M15,1701972900,161755.0,161790.0,161635.0,161780.0,23465,5,79227
WIN$D,M15,1702026000,161900.0,161915.0,161590.0,161825.0,165950,5,448033
WIN$D,M15,1702026900,161820.0,161965.0,161695.0,161940.0,116019,5,361512
WIN$D,M15,1702027800,161940.0,162040.0,161935.0,161970.0,89248,5,290993
WIN$D,M15,1702028700,161965.0,161985.0,161865.0,161950.0,91754,5,314723
WIN$D,M15,1702029600,161950.0,162075.0,161895.0,161955.0,156534,5,564569
WIN$D,M15,1702030500,161955.0,162075.0,161595.0,161780.0,194335,5,625008
WIN$D,M15,1702031400,161750.0,162150.0,161340.0,162090.0,371044,5,1276157
WIN$D,M15,1702032300,162090.0,162185.0,161505.0,161535.0,255245,5,867007
WIN$D,M15,1702033200,161530.0,161635.0,161155.0,161205.0,249183,5,921889
WIN$D,M15,1702034100,161200.0,161575.0,161175.0,161560.0,158618,5,619802
WIN$D,M15,1702035000,161560.0,162310.0,161480.0,162255.0,272926,5,1089437
WIN$D,M15,1702035900,162255.0,162485.0,162235.0,162305.0,167071,5,694818
WIN$D,M15,1702036800,162310.0,162885.0,162305.0,162840.0,244473,5,947821
WIN$D,M15,1702037700,162845.0,162885.0,162665.0,162730.0,99516,5,346922
WIN$D,M15,1702038600,162735.0,162750.0,162525.0,162570.0,95784,5,338833
WIN$D,M15,1702039500,162565.0,162610.0,162475.0,162560.0,75274,5,268078
WIN$D,M15,1702040400,162555.0,162585.0,162205.0,162250.0,115035,5,411959
WIN$D,M15,1702041300,162245.0,162270.0,162000.0,162180.0,132814,5,489941
WIN$D,M15,1702042200,162180.0,162335.0,162075.0,162185.0,118388,5,442821
WIN$D,M15,1702043100,162190.0,162315.0,162140.0,162150.0,86633,5,301849
WIN$D,M15,1702044000,162150.0,162205.0,161540.0,161595.0,143130,5,549370
WIN$D,M15,1702044900,161600.0,161970.0,161430.0,161955.0,168855,5,586096
WIN$D,M15,1702045800,161960.0,162025.0,161880.0,161980.0,80031,5,280038
WIN$D,M15,1702046700,161980.0,162160.0,161970.0,162100.0,96892,5,360045
WIN$D,M15,1702047600,162095.0,162180.0,162040.0,162110.0,76084,5,257670
WIN$D,M15,1702048500,162110.0,162310.0,162055.0,162260.0,74627,5,263449
WIN$D,M15,1702049400,162260.0,162295.0,162095.0,162115.0,82704,5,287760
WIN$D,M15,1702050300,162120.0,162215.0,162095.0,162125.0,67919,5,232904
WIN$D,M15,1702051200,162125.0,162375.0,162075.0,162250.0,99353,5,363786
WIN$D,M15,1702052100,162245.0,162275.0,162145.0,162235.0,69756,5,242646
WIN$D,M15,1702053000,162235.0,162465.0,162115.0,162445.0,89683,5,343091
WIN$D,M15,1702053900,162440.0,162920.0,162335.0,162860.0,158755,5,671317
WIN$D,M15,1702054800,162865.0,162890.0,162740.0,162835.0,59049,5,251110
WIN$D,M15,1702055700,162840.0,162980.0,162820.0,162925.0,58709,5,237473
WIN$D,M15,1702056600,162920.0,162960.0,162805.0,162830.0,53359,5,213243
WIN$D,M15,1702057500,162830.0,162895.0,162770.0,162845.0,44123,5,178977
WIN$D,M15,1702058400,162845.0,162860.0,162675.0,162705.0,34813,5,144071
WIN$D,M15,1702059300,162705.0,162755.0,162590.0,162725.0,17542,5,94571
WIN$D,M15,1702285200,162610.0,162785.0,162270.0,162300.0,146696,5,385600
WIN$D,M15,1702286100,162295.0,162320.0,162170.0,162175.0,87151,5,293902
WIN$D,M15,1702287000,162175.0,162225.0,162130.0,162195.0,74473,5,254898
WIN$D,M15,1702287900,162195.0,162215.0,162095.0,162205.0,72803,5,265300
WIN$D,M15,1702288800,162205.0,162250.0,162050.0,162120.0,161018,5,585734
WIN$D,M15,1702289700,162125.0,162315.0,162120.0,162210.0,167623,5,618541
WIN$D,M15,1702290600,162210.0,162430.0,162100.0,162155.0,206410,5,782017
WIN$D,M15,1702291500,162150.0,162625.0,162150.0,162610.0,184051,5,711997
WIN$D,M15,1702292400,162610.0,162700.0,162525.0,162580.0,138146,5,520842
WIN$D,M15,1702293300,162580.0,162720.0,162450.0,162525.0,140062,5,522751
WIN$D,M15,1702294200,162525.0,162665.0,162340.0,162460.0,233497,5,913064
WIN$D,M15,1702295100,162460.0,162700.0,162425.0,162475.0,155232,5,583263
WIN$D,M15,1702296000,162480.0,162655.0,162365.0,162625.0,127070,5,498384
WIN$D,M15,1702296900,162620.0,162630.0,162220.0,162265.0,115008,5,447853
WIN$D,M15,1702297800,162265.0,162580.0,162255.0,162555.0,118992,5,471401
WIN$D,M15,1702298700,162560.0,162675.0,162500.0,162605.0,89365,5,339524
WIN$D,M15,1702299600,162605.0,162705.0,162520.0,162590.0,98248,5,366238
WIN$D,M15,1702300500,162595.0,162640.0,162525.0,162580.0,69099,5,269311
WIN$D,M15,1702301400,162580.0,162605.0,162435.0,162485.0,83488,5,334363
WIN$D,M15,1702302300,162485.0,162545.0,162370.0,162425.0,78716,5,319442
WIN$D,M15,1702303200,162425.0,162450.0,162245.0,162260.0,84856,5,354388
WIN$D,M15,1702304100,162260.0,162320.0,162145.0,162320.0,93499,5,396105
WIN$D,M15,1702305000,162315.0,162355.0,162165.0,162335.0,108668,5,463771
WIN$D,M15,1702305900,162335.0,162355.0,162205.0,162260.0,73590,5,302725
WIN$D,M15,1702306800,162260.0,162460.0,162205.0,162395.0,128657,5,554211
WIN$D,M15,1702307700,162390.0,162550.0,162345.0,162380.0,95964,5,397751
WIN$D,M15,1702308600,162385.0,162450.0,162295.0,162350.0,89340,5,385185
WIN$D,M15,1702309500,162350.0,162445.0,162320.0,162400.0,63343,5,277428
WIN$D,M15,1702310400,162400.0,162420.0,162265.0,162335.0,74114,5,319149
WIN$D,M15,1702311300,162340.0,162440.0,162285.0,162380.0,65691,5,306306
WIN$D,M15,1702312200,162380.0,162470.0,162300.0,162420.0,67173,5,299195
WIN$D,M15,1702313100,162415.0,162555.0,162400.0,162540.0,60026,5,255550
WIN$D,M15,1702314000,162540.0,162600.0,162505.0,162580.0,52535,5,225539
WIN$D,M15,1702314900,162580.0,162630.0,162460.0,162470.0,62463,5,253685
WIN$D,M15,1702315800,162470.0,162585.0,162465.0,162570.0,39503,5,158824
WIN$D,M15,1702316700,162575.0,162615.0,162495.0,162555.0,44914,5,160619
WIN$D,M15,1702317600,162555.0,162595.0,162520.0,162585.0,24565,5,89975
WIN$D,M15,1702318500,162585.0,162670.0,162545.0,162650.0,11615,5,66207
WIN$D,M15,1702371600,162895.0,163075.0,162800.0,163025.0,154337,5,448875
WIN$D,M15,1702372500,163020.0,163035.0,162800.0,162860.0,102280,5,316905
WIN$D,M15,1702373400,162860.0,162870.0,162785.0,162845.0,56619,5,177652
WIN$D,M15,1702374300,162840.0,162860.0,162685.0,162735.0,77754,5,247640
WIN$D,M15,1702375200,162730.0,162795.0,162620.0,162720.0,128079,5,426823
WIN$D,M15,1702376100,162715.0,162785.0,162540.0,162700.0,143542,5,477600
WIN$D,M15,1702377000,162705.0,162930.0,162275.0,162320.0,337679,5,995175
WIN$D,M15,1702377900,162325.0,162415.0,162195.0,162265.0,166290,5,579904
WIN$D,M15,1702378800,162265.0,162420.0,162165.0,162415.0,123021,5,428174
WIN$D,M15,1702379700,162420.0,162490.0,162310.0,162350.0,118751,5,415261
WIN$D,M15,1702380600,162350.0,162380.0,161710.0,161740.0,267534,5,1054286
WIN$D,M15,1702381500,161735.0,161855.0,161655.0,161770.0,140089,5,542645
WIN$D,M15,1702382400,161770.0,161925.0,161640.0,161770.0,129489,5,482511
WIN$D,M15,1702383300,161765.0,161885.0,161695.0,161840.0,82522,5,306293
WIN$D,M15,1702384200,161845.0,161955.0,161770.0,161940.0,77819,5,296566
WIN$D,M15,1702385100,161940.0,162115.0,161930.0,162075.0,81588,5,316647
WIN$D,M15,1702386000,162075.0,162130.0,162015.0,162065.0,71073,5,282166
WIN$D,M15,1702386900,162065.0,162080.0,161935.0,161960.0,72259,5,271290
WIN$D,M15,1702387800,161965.0,161995.0,161820.0,161845.0,74231,5,267813
WIN$D,M15,1702388700,161845.0,161940.0,161805.0,161855.0,73971,5,262395
WIN$D,M15,1702389600,161850.0,161870.0,161495.0,161685.0,135913,5,535682
WIN$D,M15,1702390500,161690.0,161750.0,161625.0,161630.0,69976,5,261430
WIN$D,M15,1702391400,161635.0,161715.0,161520.0,161525.0,89944,5,364998
WIN$D,M15,1702392300,161530.0,161605.0,161500.0,161575.0,59514,5,241350
WIN$D,M15,1702393200,161580.0,161775.0,161555.0,161685.0,97335,5,353394
WIN$D,M15,1702394100,161680.0,161800.0,161680.0,161775.0,64826,5,265321
WIN$D,M15,1702395000,161775.0,161845.0,161680.0,161815.0,61851,5,239277
WIN$D,M15,1702395900,161820.0,161850.0,161770.0,161845.0,50247,5,183633
WIN$D,M15,1702396800,161840.0,161925.0,161750.0,161890.0,65659,5,244784
WIN$D,M15,1702397700,161895.0,162025.0,161850.0,162020.0,81005,5,309100
WIN$D,M15,1702398600,162020.0,162085.0,161955.0,161975.0,69320,5,248620
WIN$D,M15,1702399500,161975.0,162065.0,161960.0,162035.0,46354,5,163356
WIN$D,M15,1702400400,162030.0,162050.0,161915.0,162005.0,65506,5,233723
WIN$D,M15,1702401300,162010.0,162025.0,161920.0,161930.0,60726,5,216619
WIN$D,M15,1702402200,161925.0,161955.0,161825.0,161895.0,66088,5,229460
WIN$D,M15,1702403100,161895.0,162050.0,161865.0,162015.0,65749,5,197541
WIN$D,M15,1702404000,162015.0,162050.0,161915.0,161985.0,54382,5,130320
WIN$D,M15,1702404900,161985.0,162100.0,161955.0,162010.0,24054,5,75309
WIN$D,M15,1702458000,162010.0,162070.0,161635.0,161750.0,150292,5,374772
WIN$D,M15,1702458900,161750.0,161925.0,161720.0,161915.0,79206,5,230345
WIN$D,M15,1702459800,161920.0,161980.0,161855.0,161890.0,83726,5,247721
WIN$D,M15,1702460700,161890.0,161895.0,161750.0,161820.0,79503,5,253850
WIN$D,M15,1702461600,161815.0,161940.0,161710.0,161795.0,157342,5,527759
WIN$D,M15,1702462500,161800.0,162250.0,161765.0,162210.0,210211,5,714766
WIN$D,M15,1702463400,162215.0,162380.0,162165.0,162175.0,178811,5,620401
WIN$D,M15,1702464300,162175.0,162550.0,162140.0,162505.0,155111,5,547860
WIN$D,M15,1702465200,162500.0,162605.0,162380.0,162585.0,135680,5,484778
WIN$D,M15,1702466100,162580.0,162630.0,162415.0,162425.0,107736,5,358463
WIN$D,M15,1702467000,162420.0,162435.0,162200.0,162280.0,152679,5,549296
WIN$D,M15,1702467900,162280.0,162390.0,162140.0,162225.0,126762,5,460208
WIN$D,M15,1702468800,162220.0,162285.0,162080.0,162110.0,103752,5,375118
WIN$D,M15,1702469700,162110.0,162185.0,161960.0,162000.0,101824,5,371126
WIN$D,M15,1702470600,162005.0,162180.0,161890.0,162105.0,113444,5,417655
WIN$D,M15,1702471500,162110.0,162160.0,161975.0,162120.0,81332,5,295291
WIN$D,M15,1702472400,162115.0,162140.0,161900.0,162025.0,81451,5,298185
WIN$D,M15,1702473300,162025.0,162055.0,161835.0,161915.0,78114,5,281318
WIN$D,M15,1702474200,161910.0,161985.0,161825.0,161970.0,75161,5,282784
WIN$D,M15,1702475100,161970.0,162095.0,161905.0,162010.0,82606,5,313813
WIN$D,M15,1702476000,162010.0,162105.0,161985.0,162100.0,60673,5,235143
WIN$D,M15,1702476900,162095.0,162150.0,162025.0,162055.0,63943,5,236046
WIN$D,M15,1702477800,162055.0,162155.0,161935.0,161995.0,93524,5,346247
WIN$D,M15,1702478700,161995.0,162215.0,161980.0,162055.0,76531,5,296978
WIN$D,M15,1702479600,162050.0,162150.0,161960.0,162145.0,79954,5,316476
WIN$D,M15,1702480500,162150.0,162170.0,161960.0,162020.0,66085,5,251309
WIN$D,M15,1702481400,162020.0,162170.0,161995.0,162155.0,57263,5,226481
WIN$D,M15,1702482300,162160.0,162455.0,162155.0,162355.0,94151,5,357323
WIN$D,M15,1702483200,162360.0,163240.0,162355.0,163195.0,276413,5,949248
WIN$D,M15,1702484100,163195.0,163415.0,163135.0,163385.0,157862,5,626746
WIN$D,M15,1702485000,163385.0,164040.0,163225.0,163975.0,234433,5,974025
WIN$D,M15,1702485900,163980.0,164250.0,163770.0,164160.0,228624,5,965880
WIN$D,M15,1702486800,164160.0,165300.0,164100.0,164770.0,260759,5,1016337
WIN$D,M15,1702487700,164770.0,165090.0,164555.0,165055.0,130263,5,465486
WIN$D,M15,1702488600,165060.0,165275.0,164820.0,164980.0,117380,5,467897
WIN$D,M15,1702489500,164985.0,165305.0,164855.0,165230.0,91718,5,341986
WIN$D,M15,1702490400,165230.0,165450.0,165070.0,165445.0,54522,5,219908
WIN$D,M15,1702491300,165445.0,165645.0,165415.0,165530.0,28544,5,148789
WIN$D,M15,1702544400,165945.0,166085.0,165725.0,165980.0,214795,5,556770
WIN$D,M15,1702545300,165985.0,166250.0,165945.0,166205.0,132085,5,402249
WIN$D,M15,1702546200,166205.0,166285.0,166165.0,166270.0,77950,5,243546
WIN$D,M15,1702547100,166270.0,166330.0,166230.0,166245.0,73606,5,252890
WIN$D,M15,1702548000,166240.0,166545.0,166155.0,166475.0,190797,5,657213
WIN$D,M15,1702548900,166475.0,166670.0,166235.0,166355.0,212006,5,744119
WIN$D,M15,1702549800,166355.0,166365.0,166025.0,166230.0,217601,5,747573
WIN$D,M15,1702550700,166235.0,166435.0,166150.0,166300.0,174097,5,615342
WIN$D,M15,1702551600,166305.0,166360.0,166120.0,166160.0,134382,5,487274
WIN$D,M15,1702552500,166165.0,166185.0,166000.0,166080.0,116167,5,419773
WIN$D,M15,1702553400,166075.0,166555.0,166065.0,166550.0,201777,5,757370
WIN$D,M15,1702554300,166545.0,166640.0,166200.0,166275.0,183084,5,704584
WIN$D,M15,1702555200,166270.0,166420.0,166210.0,166265.0,134677,5,514504
WIN$D,M15,1702556100,166265.0,166300.0,166150.0,166260.0,105768,5,405512
WIN$D,M15,1702557000,166260.0,166365.0,166085.0,166280.0,122505,5,491580
WIN$D,M15,1702557900,166275.0,166305.0,166120.0,166160.0,76342,5,282065
WIN$D,M15,1702558800,166165.0,166330.0,166100.0,166115.0,91072,5,345109
WIN$D,M15,1702559700,166120.0,166185.0,165970.0,166095.0,94997,5,341510
WIN$D,M15,1702560600,166095.0,166225.0,166045.0,166210.0,90979,5,321166
WIN$D,M15,1702561500,166215.0,166310.0,166140.0,166255.0,63619,5,233311
WIN$D,M15,1702562400,166255.0,166295.0,166160.0,166195.0,69387,5,257727
WIN$D,M15,1702563300,166195.0,166345.0,166160.0,166245.0,70529,5,267667
WIN$D,M15,1702564200,166245.0,166375.0,166145.0,166315.0,72149,5,271893
WIN$D,M15,1702565100,166310.0,166355.0,166150.0,166335.0,79668,5,308254
WIN$D,M15,1702566000,166340.0,166360.0,166060.0,166090.0,90216,5,353368
WIN$D,M15,1702566900,166095.0,166105.0,166030.0,166050.0,52534,5,210483
WIN$D,M15,1702567800,166050.0,166160.0,166000.0,166005.0,78239,5,311107
WIN$D,M15,1702568700,166010.0,166020.0,165775.0,165890.0,132581,5,532613
WIN$D,M15,1702569600,165895.0,166110.0,165880.0,166040.0,102029,5,408597
WIN$D,M15,1702570500,166040.0,166130.0,166000.0,166065.0,66707,5,251108
WIN$D,M15,1702571400,166065.0,166115.0,165960.0,166035.0,83602,5,340351
WIN$D,M15,1702572300,166040.0,166065.0,165865.0,165975.0,75028,5,312199
WIN$D,M15,1702573200,165975.0,166020.0,165845.0,165965.0,69854,5,296511
WIN$D,M15,1702574100,165965.0,166205.0,165925.0,166060.0,72647,5,307395
WIN$D,M15,1702575000,166065.0,166170.0,166040.0,166115.0,48551,5,199260
WIN$D,M15,1702575900,166115.0,166370.0,166090.0,166300.0,80530,5,337673
WIN$D,M15,1702576800,166300.0,166350.0,166210.0,166260.0,34731,5,126477
WIN$D,M15,1702577700,166255.0,166310.0,166170.0,166230.0,16151,5,74205
WIN$D,M15,1702630800,166420.0,166640.0,166390.0,166535.0,139533,5,338688
WIN$D,M15,1702631700,166535.0,166695.0,166530.0,166630.0,99232,5,261622
WIN$D,M15,1702632600,166630.0,166720.0,166600.0,166685.0,69677,5,189002
WIN$D,M15,1702633500,166685.0,166715.0,166590.0,166665.0,69090,5,217354
WIN$D,M15,1702634400,166670.0,166680.0,166515.0,166565.0,121394,5,425191
WIN$D,M15,1702635300,166565.0,166995.0,166500.0,166845.0,179446,5,625520
WIN$D,M15,1702636200,166845.0,167080.0,166225.0,166415.0,342508,5,1244241
WIN$D,M15,1702637100,166410.0,166685.0,166345.0,166580.0,153397,5,546735
WIN$D,M15,1702638000,166575.0,166595.0,166410.0,166465.0,102739,5,375627
WIN$D,M15,1702638900,166460.0,166600.0,166240.0,166255.0,115333,5,431075
WIN$D,M15,1702639800,166255.0,166260.0,165925.0,165935.0,206596,5,760304
WIN$D,M15,1702640700,165935.0,166045.0,165610.0,165705.0,193882,5,696653
WIN$D,M15,1702641600,165705.0,165805.0,165630.0,165775.0,112980,5,418691
WIN$D,M15,1702642500,165775.0,165780.0,165630.0,165680.0,79466,5,301776
WIN$D,M15,1702643400,165680.0,165755.0,165485.0,165510.0,80088,5,290957
WIN$D,M15,1702644300,165510.0,165885.0,165500.0,165845.0,118217,5,438098
WIN$D,M15,1702645200,165845.0,165875.0,165640.0,165845.0,92736,5,328550
WIN$D,M15,1702646100,165845.0,165905.0,165690.0,165895.0,82081,5,292036
WIN$D,M15,1702647000,165895.0,165935.0,165835.0,165860.0,61344,5,210047
WIN$D,M15,1702647900,165860.0,165870.0,165695.0,165750.0,67177,5,244237
WIN$D,M15,1702648800,165750.0,165845.0,165700.0,165770.0,58213,5,212055
WIN$D,M15,1702649700,165765.0,165985.0,165760.0,165900.0,73043,5,263799
WIN$D,M15,1702650600,165900.0,165900.0,165710.0,165760.0,64581,5,233236
WIN$D,M15,1702651500,165760.0,165820.0,165640.0,165650.0,77502,5,276925
WIN$D,M15,1702652400,165645.0,165810.0,165570.0,165785.0,89613,5,326016
WIN$D,M15,1702653300,165785.0,165855.0,165750.0,165800.0,56787,5,206021
WIN$D,M15,1702654200,165795.0,165820.0,165585.0,165595.0,90301,5,335259
WIN$D,M15,1702655100,165595.0,165630.0,165355.0,165450.0,115472,5,448443
WIN$D,M15,1702656000,165450.0,165590.0,165375.0,165570.0,73809,5,289672
WIN$D,M15,1702656900,165570.0,165605.0,165340.0,165345.0,74941,5,286895
WIN$D,M15,1702657800,165350.0,165405.0,165250.0,165275.0,63681,5,246637
WIN$D,M15,1702658700,165275.0,165665.0,165265.0,165650.0,86372,5,353552
WIN$D,M15,1702659600,165650.0,165860.0,165600.0,165765.0,83607,5,343740
WIN$D,M15,1702660500,165765.0,165805.0,165635.0,165645.0,54835,5,219599
WIN$D,M15,1702661400,165640.0,165730.0,165555.0,165565.0,56809,5,212235
WIN$D,M15,1702662300,165565.0,165695.0,165480.0,165535.0,75048,5,250064
WIN$D,M15,1702663200,165540.0,165695.0,165535.0,165685.0,46145,5,138298
WIN$D,M15,1702664100,165675.0,165720.0,165565.0,165640.0,16465,5,75631
WIN$D,M15,1702890000,165770.0,166065.0,165765.0,166050.0,116257,5,332458
WIN$D,M15,1702890900,166045.0,166120.0,166035.0,166070.0,60264,5,183773
WIN$D,M15,1702891800,166070.0,166170.0,166050.0,166150.0,68706,5,221939
WIN$D,M15,1702892700,166150.0,166235.0,166140.0,166215.0,48892,5,165488
WIN$D,M15,1702893600,166220.0,166280.0,166035.0,166180.0,139034,5,500069
WIN$D,M15,1702894500,166185.0,166360.0,166130.0,166145.0,179615,5,646843
WIN$D,M15,1702895400,166145.0,166285.0,166025.0,166100.0,142876,5,491591
WIN$D,M15,1702896300,166100.0,166245.0,166085.0,166125.0,113948,5,395149
WIN$D,M15,1702897200,166125.0,166150.0,165850.0,165870.0,129353,5,474696
WIN$D,M15,1702898100,165875.0,166195.0,165865.0,166155.0,117278,5,425371
WIN$D,M15,1702899000,166145.0,166305.0,165965.0,166205.0,224899,5,827262
WIN$D,M15,1702899900,166205.0,166230.0,165975.0,166130.0,140618,5,522536
WIN$D,M15,1702900800,166130.0,166275.0,166085.0,166150.0,112376,5,405160
WIN$D,M15,1702901700,166150.0,166255.0,166055.0,166240.0,78194,5,285874
WIN$D,M15,1702902600,166240.0,166455.0,166190.0,166240.0,132897,5,498102
WIN$D,M15,1702903500,166235.0,166330.0,166150.0,166210.0,87601,5,312922
WIN$D,M15,1702904400,166210.0,166360.0,166190.0,166315.0,66627,5,237883
WIN$D,M15,1702905300,166320.0,166360.0,166255.0,166340.0,47733,5,162907
WIN$D,M15,1702906200,166340.0,166390.0,166270.0,166390.0,63882,5,227313
WIN$D,M15,1702907100,166390.0,166430.0,166345.0,166410.0,54171,5,199779
WIN$D,M15,1702908000,166410.0,166595.0,166410.0,166565.0,90497,5,368537
WIN$D,M15,1702908900,166560.0,166655.0,166555.0,166625.0,58235,5,229244
WIN$D,M15,1702909800,166620.0,166800.0,166585.0,166765.0,97801,5,401438
WIN$D,M15,1702910700,166765.0,166810.0,166695.0,166735.0,64041,5,259999
WIN$D,M15,1702911600,166730.0,166735.0,166630.0,166650.0,55739,5,213276
WIN$D,M15,1702912500,166650.0,166795.0,166630.0,166730.0,61284,5,238482
WIN$D,M15,1702913400,166735.0,166755.0,166645.0,166695.0,65149,5,256250
WIN$D,M15,1702914300,166690.0,166750.0,166655.0,166735.0,37243,5,149177
WIN$D,M15,1702915200,166735.0,166765.0,166650.0,166675.0,46382,5,176619
WIN$D,M15,1702916100,166680.0,166815.0,166675.0,166705.0,52374,5,207232
WIN$D,M15,1702917000,166705.0,166750.0,166640.0,166655.0,47102,5,189981
WIN$D,M15,1702917900,166655.0,166725.0,166565.0,166645.0,80478,5,329164
WIN$D,M15,1702918800,166645.0,166645.0,166550.0,166605.0,49014,5,190244
WIN$D,M15,1702919700,166610.0,166650.0,166545.0,166595.0,50501,5,205588
WIN$D,M15,1702920600,166595.0,166595.0,166465.0,166495.0,54108,5,211207
WIN$D,M15,1702921500,166495.0,166640.0,166485.0,166605.0,55412,5,195335
WIN$D,M15,1702922400,166605.0,166610.0,166450.0,166470.0,43351,5,145431
WIN$D,M15,1702923300,166465.0,166590.0,166435.0,166435.0,19187,5,90215
WIN$D,M15,1702976400,166470.0,166595.0,166340.0,166360.0,133569,5,366110
WIN$D,M15,1702977300,166360.0,166630.0,166330.0,166585.0,125508,5,384881
WIN$D,M15,1702978200,166585.0,166750.0,166540.0,166740.0,87120,5,284690
WIN$D,M15,1702979100,166740.0,166880.0,166715.0,166835.0,90551,5,330829
WIN$D,M15,1702980000,166835.0,167295.0,166825.0,167130.0,193548,5,770253
WIN$D,M15,1702980900,167125.0,167205.0,167050.0,167150.0,106724,5,401250
WIN$D,M15,1702981800,167155.0,167245.0,167060.0,167100.0,105455,5,372337
WIN$D,M15,1702982700,167095.0,167210.0,167075.0,167205.0,62104,5,207213
WIN$D,M15,1702983600,167205.0,167215.0,167090.0,167130.0,76783,5,265527
WIN$D,M15,1702984500,167135.0,167205.0,167080.0,167105.0,67016,5,232641
WIN$D,M15,1702985400,167100.0,167280.0,167065.0,167175.0,136776,5,516450
WIN$D,M15,1702986300,167180.0,167365.0,167155.0,167250.0,131182,5,477087
WIN$D,M15,1702987200,167245.0,167275.0,166985.0,167040.0,133359,5,523487
WIN$D,M15,1702988100,167040.0,167135.0,166985.0,167045.0,103104,5,407549
WIN$D,M15,1702989000,167045.0,167105.0,166940.0,167060.0,107628,5,416738
WIN$D,M15,1702989900,167065.0,167200.0,167040.0,167140.0,83131,5,321523
WIN$D,M15,1702990800,167145.0,167145.0,167000.0,167040.0,90141,5,346218
WIN$D,M15,1702991700,167040.0,167050.0,166885.0,166915.0,82423,5,325121
WIN$D,M15,1702992600,166910.0,167020.0,166860.0,166905.0,92144,5,358383
WIN$D,M15,1702993500,166900.0,166905.0,166660.0,166735.0,111018,5,464373
WIN$D,M15,1702994400,166730.0,166755.0,166640.0,166685.0,66508,5,275138
WIN$D,M15,1702995300,166685.0,166760.0,166665.0,166700.0,63291,5,259284
WIN$D,M15,1702996200,166700.0,166830.0,166685.0,166795.0,70123,5,286756
WIN$D,M15,1702997100,166795.0,166805.0,166695.0,166795.0,62604,5,254765
WIN$D,M15,1702998000,166790.0,166800.0,166540.0,166585.0,102061,5,425023
WIN$D,M15,1702998900,166590.0,166660.0,166545.0,166635.0,66517,5,283175
WIN$D,M15,1702999800,166635.0,167340.0,166610.0,167030.0,233481,5,1033742
WIN$D,M15,1703000700,167030.0,167070.0,166925.0,167050.0,76730,5,316498
WIN$D,M15,1703001600,167055.0,167180.0,166980.0,167145.0,79480,5,334388
WIN$D,M15,1703002500,167145.0,167240.0,167110.0,167200.0,73324,5,307260
WIN$D,M15,1703003400,167205.0,167335.0,167135.0,167145.0,77425,5,322432
WIN$D,M15,1703004300,167145.0,167205.0,167065.0,167100.0,62375,5,263316
WIN$D,M15,1703005200,167105.0,167165.0,167025.0,167085.0,55080,5,237529
WIN$D,M15,1703006100,167080.0,167145.0,167045.0,167120.0,45411,5,176513
WIN$D,M15,1703007000,167125.0,167195.0,167080.0,167160.0,43490,5,172423
WIN$D,M15,1703007900,167160.0,167270.0,167110.0,167255.0,49341,5,198426
WIN$D,M15,1703008800,167250.0,167300.0,167170.0,167270.0,45283,5,168948
WIN$D,M15,1703009700,167270.0,167340.0,167255.0,167310.0,21461,5,90209
WIN$D,M15,1703062800,166930.0,167225.0,166860.0,166990.0,164530,5,429100
WIN$D,M15,1703063700,166990.0,167160.0,166985.0,167060.0,97599,5,298716
WIN$D,M15,1703064600,167055.0,167115.0,167000.0,167095.0,80688,5,254527
WIN$D,M15,1703065500,167100.0,167125.0,166985.0,166985.0,61651,5,218111
WIN$D,M15,1703066400,166990.0,167075.0,166890.0,166935.0,129169,5,442638
WIN$D,M15,1703067300,166930.0,167355.0,166900.0,167290.0,216251,5,745946
WIN$D,M15,1703068200,167290.0,167510.0,167265.0,167430.0,169335,5,623536
WIN$D,M15,1703069100,167425.0,167645.0,167365.0,167595.0,145045,5,529579
WIN$D,M15,1703070000,167600.0,167615.0,167165.0,167255.0,158654,5,591002
WIN$D,M15,1703070900,167250.0,167290.0,166970.0,167025.0,124067,5,466216
WIN$D,M15,1703071800,167020.0,167170.0,166935.0,167070.0,170597,5,617064
WIN$D,M15,1703072700,167065.0,167070.0,166725.0,166870.0,140561,5,502817
WIN$D,M15,1703073600,166865.0,166935.0,166730.0,166780.0,128899,5,462893
WIN$D,M15,1703074500,166775.0,166820.0,166675.0,166745.0,89214,5,336564
WIN$D,M15,1703075400,166745.0,166855.0,166725.0,166795.0,86292,5,309900
WIN$D,M15,1703076300,166795.0,166890.0,166765.0,166820.0,61375,5,224933
WIN$D,M15,1703077200,166820.0,167175.0,166755.0,167025.0,135602,5,512761
WIN$D,M15,1703078100,167025.0,167050.0,166930.0,167000.0,63548,5,232011
WIN$D,M15,1703079000,167000.0,167115.0,166935.0,166990.0,82730,5,301022
WIN$D,M15,1703079900,166990.0,167110.0,166880.0,167015.0,98188,5,367915
WIN$D,M15,1703080800,167015.0,167105.0,166955.0,167040.0,65852,5,240388
WIN$D,M15,1703081700,167040.0,167085.0,166945.0,166995.0,77263,5,296668
WIN$D,M15,1703082600,166995.0,167075.0,166825.0,166980.0,103527,5,380475
WIN$D,M15,1703083500,166975.0,167260.0,166975.0,167220.0,109112,5,404208
WIN$D,M15,1703084400,167225.0,167270.0,167090.0,167145.0,74271,5,262932
WIN$D,M15,1703085300,167150.0,167185.0,167020.0,167125.0,67393,5,245916
WIN$D,M15,1703086200,167125.0,167180.0,167030.0,167075.0,69932,5,258342
WIN$D,M15,1703087100,167075.0,167090.0,166930.0,166955.0,66287,5,253638
WIN$D,M15,1703088000,166955.0,167005.0,166885.0,166990.0,75928,5,283482
WIN$D,M15,1703088900,166985.0,167065.0,166890.0,166945.0,82938,5,312417
WIN$D,M15,1703089800,166945.0,166955.0,166545.0,166560.0,138732,5,545762
WIN$D,M15,1703090700,166560.0,166600.0,166040.0,166260.0,197460,5,810210
WIN$D,M15,1703091600,166265.0,166305.0,165850.0,166055.0,159468,5,643853
WIN$D,M15,1703092500,166055.0,166390.0,165995.0,166055.0,142820,5,594201
WIN$D,M15,1703093400,166065.0,166350.0,166055.0,166170.0,101521,5,395299
WIN$D,M15,1703094300,166165.0,166295.0,165995.0,166025.0,89936,5,318942
WIN$D,M15,1703095200,166025.0,166090.0,165895.0,165955.0,67899,5,233134
WIN$D,M15,1703096100,165955.0,166050.0,165895.0,166050.0,24279,5,100512
WIN$D,M15,1703149200,166695.0,166885.0,166590.0,166865.0,137434,5,369706
WIN$D,M15,1703150100,166860.0,167010.0,166860.0,166975.0,78902,5,268941
WIN$D,M15,1703151000,166980.0,167020.0,166950.0,167000.0,49692,5,162025
WIN$D,M15,1703151900,166995.0,167015.0,166945.0,166995.0,43369,5,135534
WIN$D,M15,1703152800,167000.0,167050.0,166830.0,166910.0,148208,5,507881
WIN$D,M15,1703153700,166905.0,167030.0,166850.0,166905.0,131317,5,442482
WIN$D,M15,1703154600,166905.0,167265.0,166775.0,166975.0,300550,5,963676
WIN$D,M15,1703155500,166980.0,167080.0,166850.0,167050.0,140772,5,454867
WIN$D,M15,1703156400,167045.0,167105.0,166790.0,166815.0,146770,5,491977
WIN$D,M15,1703157300,166815.0,167095.0,166805.0,167090.0,132490,5,455704
WIN$D,M15,1703158200,167090.0,167505.0,167090.0,167345.0,235334,5,808859
WIN$D,M15,1703159100,167345.0,167370.0,166920.0,166970.0,155647,5,544388
WIN$D,M15,1703160000,166975.0,167055.0,166735.0,167000.0,165084,5,592560
WIN$D,M15,1703160900,166995.0,167180.0,166920.0,166955.0,134817,5,471660
WIN$D,M15,1703161800,166955.0,167105.0,166930.0,167035.0,104352,5,354740
WIN$D,M15,1703162700,167035.0,167170.0,166925.0,167130.0,87280,5,300800
WIN$D,M15,1703163600,167125.0,167345.0,167025.0,167340.0,124575,5,445493
WIN$D,M15,1703164500,167340.0,167420.0,167215.0,167335.0,106041,5,369214
WIN$D,M15,1703165400,167330.0,167365.0,167205.0,167270.0,82488,5,294301
WIN$D,M15,1703166300,167270.0,167320.0,167065.0,167085.0,77393,5,279332
WIN$D,M15,1703167200,167080.0,167200.0,167000.0,167110.0,120359,5,436536
WIN$D,M15,1703168100,167110.0,167195.0,166935.0,167035.0,90612,5,319814
WIN$D,M15,1703169000,167035.0,167145.0,166890.0,166940.0,125119,5,453625
WIN$D,M15,1703169900,166945.0,167075.0,166810.0,166905.0,98678,5,346077
WIN$D,M15,1703170800,166900.0,167045.0,166825.0,166840.0,97928,5,343485
WIN$D,M15,1703171700,166840.0,167015.0,166640.0,166965.0,151257,5,553022
WIN$D,M15,1703172600,166960.0,167035.0,166880.0,166895.0,76565,5,263727
WIN$D,M15,1703173500,166900.0,167015.0,166825.0,166995.0,73853,5,265632
WIN$D,M15,1703174400,166995.0,167075.0,166895.0,166915.0,77696,5,286332
WIN$D,M15,1703175300,166915.0,167060.0,166880.0,167015.0,68496,5,248856
WIN$D,M15,1703176200,167015.0,167185.0,166995.0,167010.0,83701,5,309953
WIN$D,M15,1703177100,167005.0,167020.0,166825.0,167000.0,71321,5,272599
WIN$D,M15,1703178000,166995.0,167105.0,166915.0,167085.0,67554,5,250625
WIN$D,M15,1703178900,167085.0,167250.0,167040.0,167240.0,64429,5,245789
WIN$D,M15,1703179800,167240.0,167330.0,167190.0,167275.0,54169,5,214856
WIN$D,M15,1703180700,167275.0,167400.0,167235.0,167355.0,59370,5,219155
WIN$D,M15,1703181600,167355.0,167455.0,167350.0,167450.0,34245,5,114234
WIN$D,M15,1703182500,167450.0,167560.0,167425.0,167560.0,18666,5,81164
WIN$D,M15,1703235600,167420.0,167515.0,167345.0,167450.0,133170,5,343286
WIN$D,M15,1703236500,167445.0,167605.0,167445.0,167565.0,71024,5,240753
WIN$D,M15,1703237400,167570.0,167630.0,167555.0,167590.0,45312,5,152973
WIN$D,M15,1703238300,167585.0,167680.0,167540.0,167660.0,60486,5,214124
WIN$D,M15,1703239200,167665.0,167740.0,167590.0,167635.0,115461,5,421507
WIN$D,M15,1703240100,167635.0,167815.0,167525.0,167645.0,178799,5,652367
WIN$D,M15,1703241000,167650.0,167800.0,167460.0,167480.0,197426,5,712454
WIN$D,M15,1703241900,167480.0,167655.0,167360.0,167600.0,149635,5,555159
WIN$D,M15,1703242800,167595.0,167635.0,167450.0,167455.0,108919,5,393164
WIN$D,M15,1703243700,167460.0,167555.0,167340.0,167370.0,87835,5,322847
WIN$D,M15,1703244600,167365.0,167680.0,167350.0,167610.0,156996,5,585990
WIN$D,M15,1703245500,167605.0,167610.0,167260.0,167300.0,134132,5,517388
WIN$D,M15,1703246400,167300.0,167700.0,167230.0,167690.0,157452,5,610402
WIN$D,M15,1703247300,167685.0,167740.0,167565.0,167650.0,113297,5,434602
WIN$D,M15,1703248200,167655.0,167800.0,167625.0,167760.0,85854,5,319238
WIN$D,M15,1703249100,167755.0,167785.0,167600.0,167665.0,65389,5,247090
WIN$D,M15,1703250000,167670.0,167905.0,167610.0,167895.0,92245,5,348127
WIN$D,M15,1703250900,167895.0,168030.0,167875.0,168005.0,82868,5,326970
WIN$D,M15,1703251800,168005.0,168100.0,167915.0,167935.0,66777,5,264913
WIN$D,M15,1703252700,167935.0,167985.0,167840.0,167970.0,63485,5,261057
WIN$D,M15,1703253600,167970.0,168085.0,167935.0,168060.0,75621,5,308575
WIN$D,M15,1703254500,168065.0,168205.0,168050.0,168160.0,72134,5,298458
WIN$D,M15,1703255400,168160.0,168200.0,168070.0,168195.0,54410,5,220248
WIN$D,M15,1703256300,168195.0,168240.0,168140.0,168215.0,57208,5,238524
WIN$D,M15,1703257200,168210.0,168210.0,168000.0,168010.0,58718,5,258436
WIN$D,M15,1703258100,168015.0,168015.0,167930.0,167950.0,48722,5,217250
WIN$D,M15,1703259000,167955.0,168005.0,167865.0,167910.0,50764,5,215079
WIN$D,M15,1703259900,167905.0,167970.0,167875.0,167940.0,42272,5,172272
WIN$D,M15,1703260800,167935.0,167945.0,167770.0,167840.0,82064,5,360809
WIN$D,M15,1703261700,167840.0,167870.0,167630.0,167675.0,94753,5,403673
WIN$D,M15,1703262600,167675.0,167910.0,167600.0,167900.0,87061,5,368607
WIN$D,M15,1703263500,167895.0,168000.0,167870.0,167950.0,53241,5,229497
WIN$D,M15,1703264400,167955.0,167995.0,167860.0,167900.0,43874,5,187421
WIN$D,M15,1703265300,167900.0,167905.0,167780.0,167810.0,45301,5,214117
WIN$D,M15,1703266200,167810.0,167810.0,167680.0,167765.0,45142,5,197781
WIN$D,M15,1703267100,167765.0,167860.0,167680.0,167825.0,44492,5,179993
WIN$D,M15,1703268000,167830.0,167990.0,167825.0,167960.0,36751,5,137766
WIN$D,M15,1703268900,167970.0,168045.0,167815.0,167815.0,15725,5,69394
WIN$D,M15,1703581200,168080.0,168100.0,167840.0,167955.0,110854,5,268502
WIN$D,M15,1703582100,167950.0,168075.0,167945.0,168050.0,64666,5,188016
WIN$D,M15,1703583000,168055.0,168155.0,168025.0,168140.0,72731,5,214034
WIN$D,M15,1703583900,168140.0,168260.0,168125.0,168235.0,61901,5,209582
WIN$D,M15,1703584800,168235.0,168385.0,168165.0,168340.0,96800,5,336854
WIN$D,M15,1703585700,168335.0,168570.0,168275.0,168510.0,119236,5,435252
WIN$D,M15,1703586600,168510.0,168560.0,168320.0,168360.0,84401,5,286731
WIN$D,M15,1703587500,168355.0,168640.0,168355.0,168555.0,99556,5,350981
WIN$D,M15,1703588400,168560.0,168575.0,168365.0,168400.0,83121,5,279540
WIN$D,M15,1703589300,168400.0,168485.0,168350.0,168375.0,72818,5,243407
WIN$D,M15,1703590200,168380.0,168530.0,168270.0,168425.0,143620,5,480706
WIN$D,M15,1703591100,168425.0,168585.0,168285.0,168565.0,129147,5,411900
WIN$D,M15,1703592000,168560.0,168715.0,168525.0,168690.0,96022,5,317055
WIN$D,M15,1703592900,168695.0,168780.0,168615.0,168650.0,71499,5,254086
WIN$D,M15,1703593800,168645.0,168740.0,168640.0,168700.0,52008,5,174665
WIN$D,M15,1703594700,168700.0,168710.0,168635.0,168670.0,37385,5,120915
WIN$D,M15,1703595600,168665.0,168720.0,168640.0,168710.0,27429,5,95776
WIN$D,M15,1703596500,168705.0,168710.0,168625.0,168660.0,33010,5,118506
WIN$D,M15,1703597400,168660.0,168690.0,168595.0,168660.0,37347,5,137663
WIN$D,M15,1703598300,168655.0,168700.0,168645.0,168700.0,20621,5,77158
WIN$D,M15,1703599200,168695.0,168800.0,168660.0,168775.0,48335,5,182478
WIN$D,M15,1703600100,168775.0,168820.0,168690.0,168715.0,57025,5,199361
WIN$D,M15,1703601000,168720.0,168740.0,168660.0,168715.0,40899,5,150961
WIN$D,M15,1703601900,168715.0,168725.0,168565.0,168580.0,53444,5,195169
WIN$D,M15,1703602800,168580.0,168700.0,168580.0,168620.0,60636,5,214431
WIN$D,M15,1703603700,168625.0,168655.0,168540.0,168615.0,64085,5,241408
WIN$D,M15,1703604600,168615.0,168675.0,168595.0,168645.0,39481,5,148359
WIN$D,M15,1703605500,168640.0,168665.0,168530.0,168560.0,39371,5,154041
WIN$D,M15,1703606400,168555.0,168660.0,168535.0,168615.0,46472,5,186635
WIN$D,M15,1703607300,168615.0,168640.0,168450.0,168455.0,63940,5,249193
WIN$D,M15,1703608200,168450.0,168540.0,168440.0,168530.0,56017,5,217985
WIN$D,M15,1703609100,168530.0,168645.0,168505.0,168615.0,53652,5,210885
WIN$D,M15,1703610000,168615.0,168700.0,168525.0,168685.0,64251,5,250555
WIN$D,M15,1703610900,168680.0,168750.0,168620.0,168730.0,49257,5,192177
WIN$D,M15,1703611800,168735.0,168755.0,168660.0,168715.0,41338,5,166026
WIN$D,M15,1703612700,168710.0,168735.0,168650.0,168710.0,39096,5,143230
WIN$D,M15,1703613600,168715.0,168755.0,168675.0,168735.0,25497,5,91447
WIN$D,M15,1703614500,168735.0,168870.0,168725.0,168800.0,21780,5,111201
WIN$D,M15,1703667600,168720.0,168975.0,168680.0,168685.0,156813,5,417854
WIN$D,M15,1703668500,168685.0,168735.0,168625.0,168665.0,66429,5,213956
WIN$D,M15,1703669400,168665.0,168675.0,168555.0,168560.0,59118,5,195736
WIN$D,M15,1703670300,168560.0,168565.0,168440.0,168465.0,68275,5,261571
WIN$D,M15,1703671200,168465.0,168545.0,168390.0,168515.0,128679,5,470254
WIN$D,M15,1703672100,168515.0,168555.0,168435.0,168495.0,78568,5,268275
WIN$D,M15,1703673000,168495.0,168600.0,168450.0,168590.0,90335,5,321757
WIN$D,M15,1703673900,168585.0,168680.0,168550.0,168615.0,93241,5,346197
WIN$D,M15,1703674800,168615.0,168815.0,168505.0,168780.0,146149,5,545059
WIN$D,M15,1703675700,168785.0,168840.0,168585.0,168595.0,124759,5,469412
WIN$D,M15,1703676600,168590.0,168715.0,168525.0,168635.0,143108,5,512945
WIN$D,M15,1703677500,168635.0,168870.0,168615.0,168750.0,120906,5,450128
WIN$D,M15,1703678400,168745.0,168945.0,168735.0,168870.0,106057,5,404262
WIN$D,M15,1703679300,168870.0,169090.0,168850.0,169065.0,103518,5,402151
WIN$D,M15,1703680200,169065.0,169120.0,169020.0,169090.0,69916,5,270170
WIN$D,M15,1703681100,169090.0,169170.0,169065.0,169145.0,55266,5,218141
WIN$D,M15,1703682000,169145.0,169155.0,169075.0,169095.0,42494,5,164330
WIN$D,M15,1703682900,169095.0,169160.0,169090.0,169120.0,39349,5,152569
WIN$D,M15,1703683800,169120.0,169260.0,169110.0,169225.0,58669,5,237677
WIN$D,M15,1703684700,169225.0,169255.0,169075.0,169140.0,62687,5,251483
WIN$D,M15,1703685600,169140.0,169185.0,169090.0,169110.0,42908,5,165487
WIN$D,M15,1703686500,169110.0,169135.0,169065.0,169105.0,39745,5,161015
WIN$D,M15,1703687400,169100.0,169130.0,169045.0,169080.0,43219,5,176030
WIN$D,M15,1703688300,169075.0,169125.0,169060.0,169080.0,36080,5,148023
WIN$D,M15,1703689200,169080.0,169220.0,169075.0,169200.0,79553,5,329741
WIN$D,M15,1703690100,169200.0,169210.0,168980.0,168990.0,83232,5,349787
WIN$D,M15,1703691000,168990.0,169015.0,168955.0,169000.0,49810,5,207456
WIN$D,M15,1703691900,169005.0,169050.0,168940.0,168950.0,58972,5,243721
WIN$D,M15,1703692800,168950.0,168995.0,168850.0,168965.0,106229,5,437699
WIN$D,M15,1703693700,168965.0,169115.0,168935.0,169090.0,72287,5,305374
WIN$D,M15,1703694600,169090.0,169115.0,169045.0,169080.0,44675,5,174099
WIN$D,M15,1703695500,169075.0,169100.0,168930.0,169000.0,62823,5,248957
WIN$D,M15,1703696400,169000.0,169140.0,168960.0,169110.0,51111,5,209789
WIN$D,M15,1703697300,169105.0,169170.0,169090.0,169140.0,43571,5,176736
WIN$D,M15,1703698200,169140.0,169205.0,169120.0,169135.0,38218,5,165150
WIN$D,M15,1703699100,169140.0,169275.0,169110.0,169250.0,44301,5,181079
WIN$D,M15,1703700000,169255.0,169315.0,169235.0,169295.0,28339,5,107292
WIN$D,M15,1703700900,169300.0,169420.0,169295.0,169390.0,20666,5,96852
WIN$D,M15,1703754000,169100.0,169280.0,168960.0,169005.0,136897,5,408417
WIN$D,M15,1703754900,169000.0,169100.0,168745.0,168780.0,107161,5,348704
WIN$D,M15,1703755800,168780.0,168855.0,168750.0,168815.0,64922,5,215425
WIN$D,M15,1703756700,168810.0,168910.0,168795.0,168875.0,46913,5,155605
WIN$D,M15,1703757600,168875.0,169070.0,168845.0,169060.0,98344,5,344473
WIN$D,M15,1703758500,169060.0,169215.0,169010.0,169020.0,130654,5,446440
WIN$D,M15,1703759400,169020.0,169075.0,168850.0,168850.0,142012,5,481908
WIN$D,M15,1703760300,168850.0,168985.0,168810.0,168935.0,109152,5,362920
WIN$D,M15,1703761200,168940.0,169105.0,168940.0,168990.0,106225,5,352651
WIN$D,M15,1703762100,168985.0,169150.0,168950.0,168990.0,95063,5,322856
WIN$D,M15,1703763000,168990.0,169095.0,168775.0,168900.0,190407,5,661670
WIN$D,M15,1703763900,168900.0,169065.0,168870.0,169015.0,93219,5,348862
WIN$D,M15,1703764800,169010.0,169175.0,168935.0,169150.0,85223,5,313889
WIN$D,M15,1703765700,169155.0,169255.0,169100.0,169235.0,78425,5,291551
WIN$D,M15,1703766600,169240.0,169265.0,169140.0,169240.0,64605,5,243998
WIN$D,M15,1703767500,169235.0,169405.0,169195.0,169380.0,93923,5,354001
WIN$D,M15,1703768400,169375.0,169405.0,169275.0,169280.0,59746,5,232774
WIN$D,M15,1703769300,169285.0,169315.0,169165.0,169225.0,72525,5,283933
WIN$D,M15,1703770200,169220.0,169250.0,169155.0,169170.0,40956,5,163931
WIN$D,M15,1703771100,169165.0,169215.0,169095.0,169120.0,49305,5,198868
WIN$D,M15,1703772000,169115.0,169215.0,169110.0,169170.0,54762,5,220873
WIN$D,M15,1703772900,169170.0,169265.0,169070.0,169080.0,70516,5,281067
WIN$D,M15,1703773800,169075.0,169205.0,169060.0,169170.0,51313,5,206097
WIN$D,M15,1703774700,169175.0,169190.0,169040.0,169175.0,60550,5,244833
WIN$D,M15,1703775600,169175.0,169225.0,168965.0,169170.0,106457,5,430192
WIN$D,M15,1703776500,169175.0,169285.0,169160.0,169265.0,55792,5,221313
WIN$D,M15,1703777400,169265.0,169325.0,169195.0,169235.0,63862,5,258702
WIN$D,M15,1703778300,169235.0,169305.0,169195.0,169220.0,53779,5,216697
WIN$D,M15,1703779200,169215.0,169280.0,169160.0,169175.0,53548,5,218399
WIN$D,M15,1703780100,169170.0,169190.0,169125.0,169145.0,41795,5,167127
WIN$D,M15,1703781000,169150.0,169205.0,169085.0,169100.0,46318,5,187187
WIN$D,M15,1703781900,169100.0,169155.0,169045.0,169115.0,44991,5,175412
WIN$D,M15,1703782800,169110.0,169125.0,168945.0,168995.0,51809,5,217557
WIN$D,M15,1703783700,168995.0,169115.0,168960.0,169045.0,44074,5,175046
WIN$D,M15,1703784600,169045.0,169190.0,169030.0,169170.0,36574,5,166048
WIN$D,M15,1703785500,169175.0,169230.0,169095.0,169115.0,37995,5,160112
WIN$D,M15,1703786400,169115.0,169200.0,169045.0,169170.0,34076,5,129612
WIN$D,M15,1703787300,169175.0,169255.0,169150.0,169170.0,10830,5,58458
WIN$D,M15,1704186000,168570.0,168585.0,168075.0,168125.0,123125,5,368589
WIN$D,M15,1704186900,168125.0,168400.0,168095.0,168370.0,75116,5,259104
WIN$D,M15,1704187800,168370.0,168435.0,168320.0,168380.0,58290,5,199373
WIN$D,M15,1704188700,168385.0,168500.0,168375.0,168410.0,63995,5,207827
WIN$D,M15,1704189600,168415.0,168525.0,168300.0,168305.0,129786,5,454578
WIN$D,M15,1704190500,168310.0,168435.0,167980.0,168010.0,184016,5,643914
WIN$D,M15,1704191400,168010.0,168470.0,167915.0,168390.0,190841,5,678865
WIN$D,M15,1704192300,168390.0,168395.0,168155.0,168190.0,92344,5,315774
WIN$D,M15,1704193200,168195.0,168415.0,168165.0,168340.0,93845,5,322262
WIN$D,M15,1704194100,168335.0,168350.0,168195.0,168230.0,70384,5,244479
WIN$D,M15,1704195000,168225.0,168670.0,168140.0,168270.0,262678,5,933043
WIN$D,M15,1704195900,168270.0,168645.0,168225.0,168590.0,182255,5,632458
WIN$D,M15,1704196800,168590.0,168615.0,168170.0,168215.0,150716,5,516085
WIN$D,M15,1704197700,168215.0,168240.0,167780.0,167895.0,149563,5,564634
WIN$D,M15,1704198600,167890.0,168010.0,167760.0,167905.0,108613,5,383754
WIN$D,M15,1704199500,167900.0,167970.0,167775.0,167830.0,66664,5,231247
WIN$D,M15,1704200400,167825.0,168095.0,167810.0,168055.0,94942,5,343857
WIN$D,M15,1704201300,168050.0,168105.0,167985.0,168050.0,55996,5,192724
WIN$D,M15,1704202200,168050.0,168055.0,167660.0,167785.0,97675,5,373396
WIN$D,M15,1704203100,167780.0,168000.0,167750.0,167985.0,70693,5,253615
WIN$D,M15,1704204000,167985.0,168175.0,167960.0,168145.0,58712,5,215879
WIN$D,M15,1704204900,168150.0,168280.0,168060.0,168070.0,83609,5,325841
WIN$D,M15,1704205800,168070.0,168245.0,168045.0,168210.0,60658,5,227307
WIN$D,M15,1704206700,168205.0,168220.0,167950.0,167960.0,69623,5,273542
WIN$D,M15,1704207600,167960.0,167980.0,167375.0,167580.0,142418,5,599142
WIN$D,M15,1704208500,167580.0,167770.0,167540.0,167705.0,67720,5,283701
WIN$D,M15,1704209400,167700.0,167730.0,167330.0,167365.0,103988,5,423349
WIN$D,M15,1704210300,167365.0,167395.0,167135.0,167165.0,92237,5,387377
WIN$D,M15,1704211200,167165.0,167200.0,166870.0,167110.0,112125,5,500747
WIN$D,M15,1704212100,167110.0,167185.0,167055.0,167135.0,55002,5,235604
WIN$D,M15,1704213000,167135.0,167175.0,166985.0,167035.0,64804,5,277542
WIN$D,M15,1704213900,167030.0,167075.0,166950.0,167055.0,50126,5,215373
WIN$D,M15,1704214800,167055.0,167185.0,167050.0,167150.0,55997,5,241524
WIN$D,M15,1704215700,167150.0,167230.0,167115.0,167140.0,50452,5,203086
WIN$D,M15,1704216600,167140.0,167305.0,167130.0,167285.0,52191,5,217280
WIN$D,M15,1704217500,167285.0,167615.0,167280.0,167545.0,71701,5,322885
WIN$D,M15,1704218400,167545.0,167585.0,167475.0,167495.0,35931,5,147856
WIN$D,M15,1704219300,167495.0,167625.0,167480.0,167550.0,19623,5,87414
WIN$D,M15,1704272400,167245.0,167340.0,166940.0,167145.0,178877,5,487491
WIN$D,M15,1704273300,167145.0,167150.0,167035.0,167140.0,75356,5,226366
WIN$D,M15,1704274200,167145.0,167300.0,167130.0,167290.0,75814,5,247877
WIN$D,M15,1704275100,167290.0,167415.0,167265.0,167265.0,88713,5,306770
WIN$D,M15,1704276000,167265.0,167400.0,167225.0,167380.0,120022,5,420014
WIN$D,M15,1704276900,167380.0,167635.0,167380.0,167565.0,154079,5,565760
WIN$D,M15,1704277800,167560.0,167660.0,167330.0,167340.0,139455,5,500368
WIN$D,M15,1704278700,167345.0,167375.0,167010.0,167095.0,185853,5,701725
WIN$D,M15,1704279600,167095.0,167300.0,167080.0,167185.0,115807,5,421550
WIN$D,M15,1704280500,167185.0,167405.0,167185.0,167255.0,117677,5,431898
WIN$D,M15,1704281400,167255.0,167840.0,167220.0,167575.0,242354,5,923074
WIN$D,M15,1704282300,167570.0,167905.0,167430.0,167460.0,177431,5,671265
WIN$D,M15,1704283200,167465.0,167915.0,167385.0,167720.0,223222,5,802491
WIN$D,M15,1704284100,167720.0,168065.0,167620.0,167930.0,179969,5,640029
WIN$D,M15,1704285000,167935.0,167975.0,167580.0,167645.0,135204,5,499475
WIN$D,M15,1704285900,167650.0,167975.0,167605.0,167815.0,121919,5,453912
WIN$D,M15,1704286800,167815.0,168015.0,167815.0,167945.0,95141,5,330778
WIN$D,M15,1704287700,167945.0,167990.0,167735.0,167785.0,81969,5,305198
WIN$D,M15,1704288600,167790.0,167935.0,167685.0,167775.0,79155,5,296739
WIN$D,M15,1704289500,167775.0,167915.0,167755.0,167850.0,60097,5,216279
WIN$D,M15,1704290400,167850.0,167880.0,167630.0,167715.0,72473,5,261761
WIN$D,M15,1704291300,167715.0,168150.0,167710.0,168095.0,115304,5,453903
WIN$D,M15,1704292200,168100.0,168165.0,168005.0,168055.0,86784,5,327201
WIN$D,M15,1704293100,168055.0,168295.0,168020.0,168270.0,80326,5,318725
WIN$D,M15,1704294000,168265.0,168365.0,168200.0,168290.0,89381,5,344068
WIN$D,M15,1704294900,168285.0,168470.0,168225.0,168395.0,88513,5,356200
WIN$D,M15,1704295800,168395.0,168420.0,168095.0,168135.0,87329,5,348756
WIN$D,M15,1704296700,168135.0,168195.0,168010.0,168115.0,75570,5,299381
WIN$D,M15,1704297600,168115.0,168135.0,167875.0,167940.0,136749,5,504991
WIN$D,M15,1704298500,167945.0,168390.0,167900.0,168335.0,132096,5,488329
WIN$D,M15,1704299400,168340.0,168430.0,168045.0,168070.0,109458,5,419118
WIN$D,M15,1704300300,168070.0,168095.0,167930.0,167955.0,59690,5,235590
WIN$D,M15,1704301200,167955.0,168050.0,167885.0,168020.0,66277,5,249512
WIN$D,M15,1704302100,168025.0,168025.0,167885.0,168005.0,58761,5,225016
WIN$D,M15,1704303000,168005.0,168060.0,167740.0,167785.0,84245,5,347512
WIN$D,M15,1704303900,167785.0,167870.0,167690.0,167780.0,62446,5,237283
WIN$D,M15,1704304800,167780.0,167785.0,167650.0,167770.0,38069,5,126179
WIN$D,M15,1704305700,167770.0,167920.0,167690.0,167920.0,16405,5,80788
WIN$D,M15,1704358800,167970.0,168035.0,167540.0,167625.0,132678,5,383689
WIN$D,M15,1704359700,167630.0,167715.0,167585.0,167700.0,56893,5,190006
WIN$D,M15,1704360600,167700.0,167745.0,167600.0,167605.0,73562,5,248002
WIN$D,M15,1704361500,167610.0,167635.0,167425.0,167515.0,66399,5,234608
WIN$D,M15,1704362400,167515.0,167535.0,167190.0,167205.0,135370,5,516709
WIN$D,M15,1704363300,167205.0,167350.0,167160.0,167265.0,123455,5,431121
WIN$D,M15,1704364200,167255.0,167260.0,166945.0,166950.0,147627,5,550414
WIN$D,M15,1704365100,166950.0,166965.0,166785.0,166895.0,128941,5,528431
WIN$D,M15,1704366000,166895.0,166915.0,166120.0,166370.0,258412,5,1083257
WIN$D,M15,1704366900,166370.0,166530.0,166130.0,166130.0,141645,5,550956
WIN$D,M15,1704367800,166130.0,166450.0,165975.0,166330.0,201054,5,773432
WIN$D,M15,1704368700,166335.0,166510.0,166210.0,166500.0,124512,5,467906
WIN$D,M15,1704369600,166500.0,166765.0,166485.0,166630.0,138082,5,560175
WIN$D,M15,1704370500,166630.0,166650.0,166425.0,166610.0,104591,5,385533
WIN$D,M15,1704371400,166615.0,166790.0,166595.0,166770.0,91047,5,330410
WIN$D,M15,1704372300,166770.0,166775.0,166600.0,166620.0,80786,5,296014
WIN$D,M15,1704373200,166620.0,166710.0,166565.0,166680.0,92123,5,332669
WIN$D,M15,1704374100,166680.0,166770.0,166630.0,166675.0,79007,5,286184
WIN$D,M15,1704375000,166670.0,166685.0,166400.0,166475.0,130565,5,495318
WIN$D,M15,1704375900,166480.0,166520.0,166240.0,166350.0,104978,5,408459
WIN$D,M15,1704376800,166350.0,166380.0,166180.0,166230.0,87305,5,353779
WIN$D,M15,1704377700,166230.0,166260.0,166110.0,166180.0,85247,5,347757
WIN$D,M15,1704378600,166180.0,166315.0,166045.0,166120.0,117802,5,476562
WIN$D,M15,1704379500,166125.0,166150.0,165840.0,165935.0,118556,5,494366
WIN$D,M15,1704380400,165945.0,166005.0,165800.0,165990.0,110172,5,465286
WIN$D,M15,1704381300,165990.0,166105.0,165915.0,166075.0,65383,5,265676
WIN$D,M15,1704382200,166075.0,166185.0,166040.0,166135.0,75849,5,315610
WIN$D,M15,1704383100,166130.0,166150.0,165990.0,166060.0,70072,5,286816
WIN$D,M15,1704384000,166060.0,166120.0,165710.0,165800.0,118999,5,511611
WIN$D,M15,1704384900,165800.0,166020.0,165780.0,165995.0,92001,5,401615
WIN$D,M15,1704385800,165995.0,166015.0,165760.0,165775.0,75423,5,322388
WIN$D,M15,1704386700,165780.0,166115.0,165765.0,166080.0,100111,5,434902
WIN$D,M15,1704387600,166075.0,166115.0,165890.0,165900.0,68103,5,284144
WIN$D,M15,1704388500,165900.0,166085.0,165785.0,166075.0,71114,5,286220
WIN$D,M15,1704389400,166080.0,166170.0,165950.0,166010.0,72184,5,310688
WIN$D,M15,1704390300,166010.0,166100.0,165840.0,165905.0,90648,5,372076
WIN$D,M15,1704391200,165910.0,166030.0,165855.0,165860.0,57563,5,216947
WIN$D,M15,1704392100,165860.0,165960.0,165830.0,165850.0,18218,5,93843
WIN$D,M15,1704445200,165630.0,165795.0,165490.0,165765.0,152560,5,382596
WIN$D,M15,1704446100,165770.0,165770.0,165530.0,165535.0,83288,5,257995
WIN$D,M15,1704447000,165535.0,165605.0,165470.0,165585.0,74847,5,245692
WIN$D,M15,1704447900,165585.0,165610.0,165435.0,165470.0,72781,5,241891
WIN$D,M15,1704448800,165470.0,165905.0,165415.0,165875.0,173056,5,615271
WIN$D,M15,1704449700,165875.0,166090.0,165655.0,165860.0,175313,5,604841
WIN$D,M15,1704450600,165860.0,166070.0,165160.0,165975.0,395561,5,1307343
WIN$D,M15,1704451500,165970.0,166350.0,165870.0,166340.0,202058,5,759750
WIN$D,M15,1704452400,166335.0,166410.0,165990.0,166040.0,145502,5,558011
WIN$D,M15,1704453300,166035.0,166345.0,166030.0,166265.0,139475,5,510398
WIN$D,M15,1704454200,166260.0,166530.0,166100.0,166435.0,239955,5,896846
WIN$D,M15,1704455100,166430.0,166600.0,166360.0,166490.0,127697,5,507170
WIN$D,M15,1704456000,166490.0,167170.0,166485.0,167100.0,232699,5,931408
WIN$D,M15,1704456900,167105.0,167255.0,166990.0,167235.0,125460,5,477201
WIN$D,M15,1704457800,167235.0,167360.0,167145.0,167215.0,120585,5,475461
WIN$D,M15,1704458700,167215.0,167245.0,167000.0,167005.0,99928,5,365663
WIN$D,M15,1704459600,167005.0,167020.0,166855.0,166970.0,100487,5,372843
WIN$D,M15,1704460500,166970.0,166995.0,166730.0,166745.0,91565,5,345508
WIN$D,M15,1704461400,166750.0,166965.0,166740.0,166845.0,84556,5,310912
WIN$D,M15,1704462300,166840.0,166865.0,166625.0,166640.0,77628,5,289549
WIN$D,M15,1704463200,166640.0,166670.0,166390.0,166625.0,110542,5,433632
WIN$D,M15,1704464100,166630.0,166675.0,166395.0,166435.0,90211,5,347682
WIN$D,M15,1704465000,166435.0,166525.0,166330.0,166330.0,104999,5,403488
WIN$D,M15,1704465900,166330.0,166435.0,166200.0,166300.0,107260,5,444179
WIN$D,M15,1704466800,166305.0,166380.0,166225.0,166260.0,83461,5,320114
WIN$D,M15,1704467700,166265.0,166505.0,166140.0,166500.0,131074,5,512093
WIN$D,M15,1704468600,166500.0,166690.0,166490.0,166560.0,110138,5,423934
WIN$D,M15,1704469500,166565.0,166750.0,166560.0,166650.0,82780,5,314876
WIN$D,M15,1704470400,166650.0,166805.0,166610.0,166650.0,75714,5,284983
WIN$D,M15,1704471300,166645.0,166655.0,166345.0,166560.0,116270,5,449152
WIN$D,M15,1704472200,166555.0,166615.0,166395.0,166500.0,87086,5,333913
WIN$D,M15,1704473100,166500.0,166585.0,166220.0,166330.0,98857,5,390577
WIN$D,M15,1704474000,166330.0,166555.0,166255.0,166485.0,89451,5,344217
WIN$D,M15,1704474900,166485.0,166585.0,166370.0,166465.0,63860,5,240462
WIN$D,M15,1704475800,166465.0,166505.0,166360.0,166490.0,49563,5,180980
WIN$D,M15,1704476700,166490.0,166785.0,166485.0,166740.0,61467,5,229134
WIN$D,M15,1704477600,166740.0,166795.0,166670.0,166760.0,33907,5,125140
WIN$D,M15,1704478500,166760.0,166855.0,166755.0,166840.0,14418,5,71279
WIN$D,M15,1704704400,166160.0,166210.0,165740.0,166015.0,188473,5,513300
WIN$D,M15,1704705300,166010.0,166080.0,165910.0,166010.0,112052,5,338425
WIN$D,M15,1704706200,166010.0,166080.0,165930.0,166025.0,85968,5,271275
WIN$D,M15,1704707100,166025.0,166120.0,166020.0,166070.0,64678,5,192720
WIN$D,M15,1704708000,166070.0,166140.0,165770.0,165785.0,184532,5,614329
WIN$D,M15,1704708900,165785.0,165955.0,165625.0,165705.0,226197,5,744456
WIN$D,M15,1704709800,165710.0,165885.0,165690.0,165830.0,135836,5,448405
WIN$D,M15,1704710700,165830.0,165945.0,165740.0,165900.0,127560,5,427199
WIN$D,M15,1704711600,165900.0,166060.0,165840.0,165890.0,183520,5,610427
WIN$D,M15,1704712500,165895.0,166070.0,165885.0,165990.0,103119,5,356244
WIN$D,M15,1704713400,165990.0,166355.0,165875.0,165930.0,263798,5,945480
WIN$D,M15,1704714300,165930.0,166285.0,165925.0,166270.0,192983,5,682248
WIN$D,M15,1704715200,166275.0,166535.0,166085.0,166450.0,196642,5,710666
WIN$D,M15,1704716100,166450.0,166635.0,166335.0,166625.0,129163,5,469993
WIN$D,M15,1704717000,166620.0,166780.0,166585.0,166720.0,126502,5,472354
WIN$D,M15,1704717900,166725.0,166810.0,166670.0,166725.0,79925,5,296187
WIN$D,M15,1704718800,166725.0,166785.0,166605.0,166680.0,109323,5,391760
WIN$D,M15,1704719700,166675.0,166770.0,166555.0,166730.0,95660,5,346561
WIN$D,M15,1704720600,166735.0,166920.0,166730.0,166815.0,108623,5,400306
WIN$D,M15,1704721500,166820.0,166865.0,166580.0,166630.0,93030,5,365050
WIN$D,M15,1704722400,166625.0,166710.0,166570.0,166700.0,67264,5,266783
WIN$D,M15,1704723300,166695.0,166780.0,166605.0,166765.0,83713,5,323758
WIN$D,M15,1704724200,166760.0,166820.0,166680.0,166715.0,74556,5,291801
WIN$D,M15,1704725100,166715.0,166765.0,166645.0,166730.0,60512,5,241136
WIN$D,M15,1704726000,166725.0,166805.0,166675.0,166685.0,60232,5,254185
WIN$D,M15,1704726900,166680.0,166800.0,166625.0,166765.0,77612,5,324768
WIN$D,M15,1704727800,166765.0,166860.0,166635.0,166685.0,90557,5,368915
WIN$D,M15,1704728700,166685.0,166710.0,166535.0,166685.0,89608,5,364797
WIN$D,M15,1704729600,166685.0,166985.0,166660.0,166940.0,105192,5,440818
WIN$D,M15,1704730500,166935.0,167030.0,166835.0,166990.0,76059,5,290864
WIN$D,M15,1704731400,166995.0,167185.0,166970.0,167035.0,86023,5,361358
WIN$D,M15,1704732300,167030.0,167055.0,166915.0,166965.0,73872,5,305275
WIN$D,M15,1704733200,166970.0,166980.0,166830.0,166915.0,68783,5,281531
WIN$D,M15,1704734100,166915.0,167060.0,166895.0,167020.0,61543,5,250454
WIN$D,M15,1704735000,167020.0,167180.0,167010.0,167105.0,62254,5,244010
WIN$D,M15,1704735900,167110.0,167125.0,166925.0,167075.0,72174,5,289693
WIN$D,M15,1704736800,167080.0,167220.0,166995.0,167195.0,46368,5,166491
WIN$D,M15,1704737700,167195.0,167370.0,167150.0,167370.0,20961,5,94179
WIN$D,M15,1704790800,166810.0,166815.0,166380.0,166480.0,165897,5,457384
WIN$D,M15,1704791700,166485.0,166485.0,166305.0,166370.0,101648,5,314008
WIN$D,M15,1704792600,166365.0,166450.0,166275.0,166370.0,108729,5,353397
WIN$D,M15,1704793500,166365.0,166440.0,166285.0,166425.0,70743,5,244063
WIN$D,M15,1704794400,166425.0,166425.0,166150.0,166255.0,172717,5,606422
WIN$D,M15,1704795300,166250.0,166255.0,165930.0,166085.0,200931,5,706521
WIN$D,M15,1704796200,166090.0,166245.0,165995.0,166130.0,167983,5,579461
WIN$D,M15,1704797100,166130.0,166410.0,166080.0,166330.0,200155,5,695996
WIN$D,M15,1704798000,166330.0,166395.0,166095.0,166260.0,194022,5,674872
WIN$D,M15,1704798900,166255.0,166340.0,165990.0,166060.0,142474,5,533493
WIN$D,M15,1704799800,166060.0,166175.0,165780.0,165845.0,280525,5,1036220
WIN$D,M15,1704800700,165845.0,165950.0,165680.0,165900.0,192608,5,718198
WIN$D,M15,1704801600,165905.0,165945.0,165730.0,165795.0,141773,5,534793
WIN$D,M15,1704802500,165795.0,166060.0,165770.0,165960.0,133295,5,482113
WIN$D,M15,1704803400,165960.0,166050.0,165875.0,165920.0,93665,5,327492
WIN$D,M15,1704804300,165920.0,166135.0,165875.0,166095.0,94696,5,351182
WIN$D,M15,1704805200,166095.0,166190.0,166015.0,166145.0,99713,5,371607
WIN$D,M15,1704806100,166150.0,166205.0,166070.0,166100.0,77253,5,288086
WIN$D,M15,1704807000,166095.0,166210.0,166060.0,166070.0,81151,5,311237
WIN$D,M15,1704807900,166075.0,166105.0,166015.0,166065.0,66132,5,254290
WIN$D,M15,1704808800,166070.0,166235.0,165955.0,166220.0,108367,5,429138
WIN$D,M15,1704809700,166225.0,166250.0,165955.0,166025.0,99762,5,400821
WIN$D,M15,1704810600,166030.0,166180.0,165905.0,166175.0,99348,5,392916
WIN$D,M15,1704811500,166170.0,166225.0,166070.0,166100.0,84595,5,339949
WIN$D,M15,1704812400,166105.0,166345.0,166075.0,166155.0,127917,5,514460
WIN$D,M15,1704813300,166150.0,166165.0,165975.0,166020.0,85941,5,342951
WIN$D,M15,1704814200,166015.0,166155.0,165935.0,166135.0,100476,5,404816
WIN$D,M15,1704815100,166135.0,166235.0,166070.0,166150.0,91414,5,366126
WIN$D,M15,1704816000,166155.0,166305.0,166120.0,166130.0,79201,5,311356
WIN$D,M15,1704816900,166130.0,166215.0,166045.0,166095.0,93357,5,381270
WIN$D,M15,1704817800,166095.0,166175.0,165975.0,166010.0,69904,5,286923
WIN$D,M15,1704818700,166010.0,166090.0,165925.0,166060.0,80315,5,338870
WIN$D,M15,1704819600,166065.0,166175.0,165970.0,166045.0,84480,5,351902
WIN$D,M15,1704820500,166045.0,166145.0,165985.0,166035.0,62342,5,244911
WIN$D,M15,1704821400,166035.0,166065.0,165955.0,166015.0,47033,5,183475
WIN$D,M15,1704822300,166015.0,166040.0,165950.0,166005.0,54903,5,205358
WIN$D,M15,1704823200,166005.0,166105.0,165950.0,166065.0,39345,5,142086
WIN$D,M15,1704824100,166065.0,166095.0,165880.0,165880.0,19550,5,98202
WIN$D,M15,1704877200,166020.0,166245.0,165805.0,166205.0,191351,5,552659
WIN$D,M15,1704878100,166205.0,166380.0,166150.0,166240.0,110789,5,370683
WIN$D,M15,1704879000,166240.0,166290.0,166080.0,166100.0,87096,5,284716
WIN$D,M15,1704879900,166100.0,166120.0,165930.0,165950.0,86687,5,312504
WIN$D,M15,1704880800,165950.0,165985.0,165610.0,165805.0,223529,5,806656
WIN$D,M15,1704881700,165800.0,166155.0,165775.0,166030.0,205700,5,735019
WIN$D,M15,1704882600,166030.0,166120.0,165835.0,165850.0,197857,5,694314
WIN$D,M15,1704883500,165845.0,165885.0,165660.0,165730.0,167027,5,610347
WIN$D,M15,1704884400,165735.0,165785.0,165645.0,165760.0,109849,5,392440
WIN$D,M15,1704885300,165765.0,165785.0,165335.0,165540.0,216603,5,840683
WIN$D,M15,1704886200,165535.0,165550.0,165200.0,165455.0,218908,5,818273
WIN$D,M15,1704887100,165455.0,165475.0,165255.0,165330.0,120297,5,413257
WIN$D,M15,1704888000,165325.0,165360.0,164975.0,165010.0,167002,5,626128
WIN$D,M15,1704888900,165015.0,165100.0,164915.0,165025.0,111488,5,398623
WIN$D,M15,1704889800,165020.0,165165.0,164935.0,165130.0,88172,5,318672
WIN$D,M15,1704890700,165135.0,165165.0,165010.0,165165.0,79284,5,290425
WIN$D,M15,1704891600,165160.0,165200.0,164985.0,165045.0,79795,5,308310
WIN$D,M15,1704892500,165050.0,165190.0,164985.0,165125.0,70787,5,258134
WIN$D,M15,1704893400,165125.0,165170.0,164995.0,165105.0,76276,5,288899
WIN$D,M15,1704894300,165105.0,165205.0,165080.0,165130.0,72302,5,275647
WIN$D,M15,1704895200,165125.0,165150.0,165050.0,165135.0,52542,5,201827
WIN$D,M15,1704896100,165130.0,165140.0,164980.0,165090.0,68647,5,264345
WIN$D,M15,1704897000,165085.0,165240.0,165065.0,165230.0,62292,5,240735
WIN$D,M15,1704897900,165225.0,165385.0,165185.0,165295.0,98947,5,397495
WIN$D,M15,1704898800,165290.0,165310.0,165035.0,165125.0,125498,5,477989
WIN$D,M15,1704899700,165130.0,165205.0,164960.0,165070.0,94707,5,365721
WIN$D,M15,1704900600,165070.0,165160.0,165010.0,165015.0,64836,5,253036
WIN$D,M15,1704901500,165020.0,165185.0,165005.0,165165.0,63773,5,249981
WIN$D,M15,1704902400,165165.0,165295.0,165155.0,165245.0,90091,5,365548
WIN$D,M15,1704903300,165245.0,165375.0,165205.0,165330.0,77868,5,313278
WIN$D,M15,1704904200,165325.0,165345.0,165200.0,165250.0,55952,5,217218
WIN$D,M15,1704905100,165250.0,165465.0,165230.0,165460.0,78220,5,310163
WIN$D,M15,1704906000,165460.0,165545.0,165385.0,165420.0,85054,5,351769
WIN$D,M15,1704906900,165420.0,165515.0,165240.0,165300.0,93011,5,382162
WIN$D,M15,1704907800,165305.0,165310.0,165170.0,165210.0,54057,5,228980
WIN$D,M15,1704908700,165215.0,165310.0,165140.0,165240.0,62779,5,254502
WIN$D,M15,1704909600,165240.0,165355.0,165205.0,165315.0,31325,5,112854
WIN$D,M15,1704910500,165320.0,165360.0,165230.0,165230.0,12813,5,76620
WIN$D,M15,1704963600,165370.0,165370.0,164890.0,165055.0,207674,5,581047
WIN$D,M15,1704964500,165055.0,165320.0,165015.0,165295.0,122288,5,376220
WIN$D,M15,1704965400,165295.0,165345.0,165180.0,165245.0,100917,5,310158
WIN$D,M15,1704966300,165240.0,165280.0,165145.0,165160.0,59685,5,176195
WIN$D,M15,1704967200,165160.0,165565.0,165080.0,165305.0,254984,5,855768
WIN$D,M15,1704968100,165305.0,165415.0,164960.0,165110.0,166408,5,519301
WIN$D,M15,1704969000,165110.0,165345.0,164675.0,165060.0,431176,5,1282112
WIN$D,M15,1704969900,165065.0,165230.0,164755.0,164950.0,225783,5,730058
WIN$D,M15,1704970800,164955.0,165490.0,164930.0,165450.0,221291,5,743530
WIN$D,M15,1704971700,165455.0,165750.0,165445.0,165530.0,203438,5,716575
WIN$D,M15,1704972600,165530.0,165700.0,165080.0,165095.0,294243,5,1017664
WIN$D,M15,1704973500,165095.0,165240.0,164875.0,165105.0,227851,5,788879
WIN$D,M15,1704974400,165105.0,165160.0,164305.0,164310.0,276965,5,960680
WIN$D,M15,1704975300,164310.0,164570.0,164270.0,164555.0,159373,5,541450
WIN$D,M15,1704976200,164555.0,164955.0,164545.0,164935.0,146053,5,491622
WIN$D,M15,1704977100,164935.0,164950.0,164680.0,164730.0,112757,5,392373
WIN$D,M15,1704978000,164730.0,164800.0,164550.0,164555.0,114015,5,377738
WIN$D,M15,1704978900,164550.0,164660.0,164485.0,164595.0,86230,5,283319
WIN$D,M15,1704979800,164600.0,164805.0,164580.0,164670.0,95611,5,317733
WIN$D,M15,1704980700,164670.0,164875.0,164595.0,164695.0,132546,5,435523
WIN$D,M15,1704981600,164695.0,164900.0,164670.0,164780.0,87421,5,280978
WIN$D,M15,1704982500,164780.0,164830.0,164690.0,164700.0,85243,5,284058
WIN$D,M15,1704983400,164705.0,164835.0,164570.0,164755.0,98759,5,330192
WIN$D,M15,1704984300,164760.0,164925.0,164715.0,164790.0,94849,5,316530
WIN$D,M15,1704985200,164795.0,165175.0,164695.0,165105.0,153195,5,532292
WIN$D,M15,1704986100,165110.0,165200.0,165000.0,165010.0,89677,5,315065
WIN$D,M15,1704987000,165015.0,165130.0,164975.0,165025.0,81186,5,278658
WIN$D,M15,1704987900,165025.0,165230.0,164950.0,165205.0,92945,5,333937
WIN$D,M15,1704988800,165205.0,165330.0,165145.0,165240.0,95363,5,337865
WIN$D,M15,1704989700,165240.0,165300.0,165110.0,165285.0,74969,5,267187
WIN$D,M15,1704990600,165285.0,165305.0,165140.0,165250.0,72603,5,259036
WIN$D,M15,1704991500,165255.0,165360.0,165225.0,165260.0,69389,5,253382
WIN$D,M15,1704992400,165255.0,165285.0,165075.0,165160.0,66203,5,243851
WIN$D,M15,1704993300,165160.0,165285.0,165125.0,165220.0,59423,5,215693
WIN$D,M15,1704994200,165225.0,165255.0,165085.0,165140.0,49425,5,196556
WIN$D,M15,1704995100,165145.0,165215.0,165070.0,165185.0,53067,5,194586
WIN$D,M15,1704996000,165190.0,165220.0,165035.0,165065.0,28371,5,116251
WIN$D,M15,1704996900,165065.0,165130.0,164995.0,165050.0,12850,5,74104
WIN$D,M15,1705050000,164900.0,165005.0,164700.0,164900.0,150669,5,443996
WIN$D,M15,1705050900,164895.0,164955.0,164805.0,164945.0,69717,5,217537
WIN$D,M15,1705051800,164945.0,165060.0,164910.0,165050.0,102891,5,370288
WIN$D,M15,1705052700,165045.0,165160.0,165015.0,165155.0,86060,5,306743
WIN$D,M15,1705053600,165150.0,165265.0,164950.0,165020.0,209900,5,749216
WIN$D,M15,1705054500,165025.0,165230.0,164780.0,164920.0,188958,5,661599
WIN$D,M15,1705055400,164920.0,165680.0,164895.0,165555.0,319552,5,1186813
WIN$D,M15,1705056300,165555.0,165775.0,165480.0,165715.0,191845,5,679203
WIN$D,M15,1705057200,165715.0,165960.0,165570.0,165895.0,141731,5,529988
WIN$D,M15,1705058100,165900.0,166195.0,165810.0,166190.0,161983,5,597608
WIN$D,M15,1705059000,166190.0,166360.0,166070.0,166330.0,163490,5,638293
WIN$D,M15,1705059900,166330.0,166340.0,165820.0,165840.0,157481,5,560940
WIN$D,M15,1705060800,165835.0,166005.0,165755.0,165880.0,143371,5,510625
WIN$D,M15,1705061700,165875.0,165905.0,165585.0,165630.0,113639,5,383777
WIN$D,M15,1705062600,165635.0,165700.0,165305.0,165415.0,144721,5,512891
WIN$D,M15,1705063500,165415.0,165425.0,165110.0,165325.0,125126,5,438716
WIN$D,M15,1705064400,165325.0,165325.0,165205.0,165250.0,71045,5,228360
WIN$D,M15,1705065300,165245.0,165540.0,165220.0,165470.0,89594,5,313699
WIN$D,M15,1705066200,165465.0,165500.0,165245.0,165320.0,85821,5,309984
WIN$D,M15,1705067100,165325.0,165565.0,165265.0,165430.0,87875,5,316643
WIN$D,M15,1705068000,165435.0,165495.0,165350.0,165465.0,75819,5,266077
WIN$D,M15,1705068900,165470.0,165610.0,165405.0,165475.0,96570,5,347244
WIN$D,M15,1705069800,165480.0,165605.0,165405.0,165595.0,74707,5,260323
WIN$D,M15,1705070700,165595.0,165790.0,165545.0,165710.0,92772,5,344880
WIN$D,M15,1705071600,165715.0,165725.0,165580.0,165645.0,56925,5,203008
WIN$D,M15,1705072500,165645.0,165645.0,165480.0,165500.0,61928,5,227436
WIN$D,M15,1705073400,165500.0,165670.0,165470.0,165620.0,56279,5,223917
WIN$D,M15,1705074300,165620.0,165640.0,165520.0,165575.0,45842,5,173905
WIN$D,M15,1705075200,165570.0,165685.0,165510.0,165650.0,53483,5,198901
WIN$D,M15,1705076100,165645.0,165715.0,165520.0,165685.0,60373,5,224072
WIN$D,M15,1705077000,165685.0,165695.0,165485.0,165505.0,67907,5,258145
WIN$D,M15,1705077900,165500.0,165515.0,165425.0,165465.0,55214,5,213899
WIN$D,M15,1705078800,165460.0,165545.0,165270.0,165330.0,79551,5,321280
WIN$D,M15,1705079700,165335.0,165440.0,165285.0,165410.0,58771,5,228022
WIN$D,M15,1705080600,165405.0,165475.0,165400.0,165465.0,38775,5,145549
WIN$D,M15,1705081500,165470.0,165520.0,165390.0,165425.0,47775,5,161472
WIN$D,M15,1705082400,165425.0,165505.0,165365.0,165480.0,32424,5,111032
WIN$D,M15,1705083300,165470.0,165565.0,165325.0,165325.0,16528,5,83606
WIN$D,M15,1705309200,165015.0,165305.0,165000.0,165275.0,108726,5,308478
WIN$D,M15,1705310100,165280.0,165300.0,164935.0,165100.0,113187,5,388796
WIN$D,M15,1705311000,165100.0,165105.0,164875.0,164900.0,68388,5,236547
WIN$D,M15,1705311900,164905.0,164910.0,164775.0,164820.0,72809,5,264706
WIN$D,M15,1705312800,164820.0,164820.0,164645.0,164760.0,117696,5,413326
WIN$D,M15,1705313700,164765.0,164830.0,164580.0,164755.0,160159,5,601952
WIN$D,M15,1705314600,164750.0,164980.0,164655.0,164965.0,149435,5,539443
WIN$D,M15,1705315500,164965.0,165125.0,164925.0,165005.0,131075,5,497576
WIN$D,M15,1705316400,165000.0,165045.0,164850.0,164990.0,112551,5,417479
WIN$D,M15,1705317300,164995.0,165200.0,164870.0,165170.0,111490,5,432079
WIN$D,M15,1705318200,165170.0,165215.0,165025.0,165055.0,99582,5,392077
WIN$D,M15,1705319100,165050.0,165125.0,164965.0,165065.0,74404,5,285017
WIN$D,M15,1705320000,165065.0,165065.0,164875.0,164910.0,82397,5,327763
WIN$D,M15,1705320900,164915.0,165080.0,164775.0,164960.0,105000,5,392203
WIN$D,M15,1705321800,164960.0,165035.0,164890.0,165020.0,58757,5,220312
WIN$D,M15,1705322700,165015.0,165170.0,164995.0,165150.0,60129,5,229140
WIN$D,M15,1705323600,165150.0,165210.0,165110.0,165205.0,45212,5,173683
WIN$D,M15,1705324500,165205.0,165465.0,165170.0,165425.0,106109,5,453412
WIN$D,M15,1705325400,165425.0,165550.0,165355.0,165500.0,100766,5,407024
WIN$D,M15,1705326300,165500.0,165510.0,165405.0,165490.0,56137,5,224520
WIN$D,M15,1705327200,165495.0,165665.0,165405.0,165565.0,98509,5,421274
WIN$D,M15,1705328100,165570.0,165660.0,165530.0,165585.0,57908,5,242821
WIN$D,M15,1705329000,165585.0,165625.0,165495.0,165520.0,52576,5,211668
WIN$D,M15,1705329900,165515.0,165760.0,165495.0,165720.0,75169,5,319317
WIN$D,M15,1705330800,165720.0,165780.0,165590.0,165610.0,79334,5,305749
WIN$D,M15,1705331700,165610.0,165645.0,165505.0,165525.0,56129,5,223975
WIN$D,M15,1705332600,165525.0,165595.0,165495.0,165530.0,44727,5,172547
WIN$D,M15,1705333500,165525.0,165625.0,165505.0,165610.0,29587,5,117702
WIN$D,M15,1705334400,165615.0,165615.0,165520.0,165540.0,38209,5,148120
WIN$D,M15,1705335300,165545.0,165675.0,165540.0,165640.0,39322,5,152621
WIN$D,M15,1705336200,165640.0,165965.0,165635.0,165885.0,89321,5,391256
WIN$D,M15,1705337100,165880.0,165945.0,165805.0,165815.0,50367,5,203384
WIN$D,M15,1705338000,165815.0,165875.0,165755.0,165805.0,41757,5,167848
WIN$D,M15,1705338900,165805.0,166005.0,165775.0,165985.0,51677,5,219838
WIN$D,M15,1705339800,165985.0,165985.0,165875.0,165925.0,37151,5,145894
WIN$D,M15,1705340700,165930.0,166020.0,165875.0,165995.0,42269,5,152967
WIN$D,M15,1705341600,166000.0,166100.0,165925.0,166085.0,37461,5,134034
WIN$D,M15,1705342500,166085.0,166150.0,165985.0,165985.0,18151,5,92104
WIN$D,M15,1705395600,165265.0,165330.0,164875.0,164885.0,170604,5,490111
WIN$D,M15,1705396500,164890.0,164905.0,164700.0,164780.0,143453,5,468964
WIN$D,M15,1705397400,164780.0,164875.0,164730.0,164850.0,86929,5,283931
WIN$D,M15,1705398300,164855.0,165060.0,164835.0,165030.0,96848,5,347928
WIN$D,M15,1705399200,165030.0,165175.0,164925.0,164950.0,186857,5,685593
WIN$D,M15,1705400100,164950.0,165000.0,164450.0,164615.0,238996,5,900956
WIN$D,M15,1705401000,164615.0,164920.0,164610.0,164795.0,200944,5,736872
WIN$D,M15,1705401900,164795.0,164845.0,164420.0,164595.0,208691,5,777835
WIN$D,M15,1705402800,164590.0,164885.0,164525.0,164870.0,146101,5,539467
WIN$D,M15,1705403700,164870.0,164880.0,164630.0,164795.0,127940,5,473821
WIN$D,M15,1705404600,164795.0,164850.0,164200.0,164255.0,270043,5,1019042
WIN$D,M15,1705405500,164255.0,164325.0,164030.0,164100.0,191333,5,754348
WIN$D,M15,1705406400,164100.0,164180.0,164025.0,164120.0,103759,5,397182
WIN$D,M15,1705407300,164115.0,164300.0,163935.0,164120.0,149292,5,593026
WIN$D,M15,1705408200,164120.0,164165.0,163830.0,164095.0,160970,5,665725
WIN$D,M15,1705409100,164095.0,164240.0,164030.0,164135.0,97531,5,380132
WIN$D,M15,1705410000,164135.0,164165.0,163625.0,163705.0,274983,5,1048879
WIN$D,M15,1705410900,163700.0,163925.0,163645.0,163725.0,137771,5,488827
WIN$D,M15,1705411800,163725.0,163970.0,163725.0,163945.0,89836,5,329763
WIN$D,M15,1705412700,163945.0,164000.0,163855.0,163880.0,73823,5,267816
WIN$D,M15,1705413600,163880.0,163910.0,163745.0,163815.0,89423,5,319644
WIN$D,M15,1705414500,163815.0,163845.0,163400.0,163465.0,159791,5,644758
WIN$D,M15,1705415400,163470.0,163615.0,163375.0,163560.0,107441,5,416488
WIN$D,M15,1705416300,163560.0,163650.0,163445.0,163550.0,98866,5,367364
WIN$D,M15,1705417200,163550.0,163660.0,163500.0,163650.0,63453,5,237454
WIN$D,M15,1705418100,163650.0,163730.0,163575.0,163710.0,82500,5,323605
WIN$D,M15,1705419000,163705.0,163790.0,163575.0,163610.0,78484,5,307049
WIN$D,M15,1705419900,163605.0,163660.0,163345.0,163565.0,119316,5,490511
WIN$D,M15,1705420800,163565.0,163650.0,163380.0,163405.0,91742,5,348528
WIN$D,M15,1705421700,163405.0,163635.0,163360.0,163600.0,78539,5,302346
WIN$D,M15,1705422600,163600.0,163760.0,163550.0,163710.0,62912,5,253758
WIN$D,M15,1705423500,163715.0,163905.0,163705.0,163865.0,80591,5,347634
WIN$D,M15,1705424400,163860.0,163910.0,163630.0,163650.0,81953,5,338719
WIN$D,M15,1705425300,163655.0,163735.0,163580.0,163640.0,62638,5,254710
WIN$D,M15,1705426200,163645.0,163690.0,163525.0,163635.0,63822,5,261901
WIN$D,M15,1705427100,163640.0,163720.0,163500.0,163575.0,67325,5,259762
WIN$D,M15,1705428000,163570.0,163610.0,163440.0,163455.0,42140,5,150763
WIN$D,M15,1705428900,163450.0,163465.0,163335.0,163390.0,20877,5,95548
WIN$D,M15,1705482000,162920.0,162990.0,162300.0,162970.0,231697,5,642619
WIN$D,M15,1705482900,162970.0,163235.0,162920.0,163220.0,122633,5,415516
WIN$D,M15,1705483800,163215.0,163280.0,162785.0,162795.0,168522,5,602613
WIN$D,M15,1705484700,162800.0,163110.0,162675.0,162980.0,140588,5,476738
WIN$D,M15,1705485600,162985.0,163385.0,162915.0,163365.0,168544,5,603531
WIN$D,M15,1705486500,163360.0,163485.0,163120.0,163235.0,185031,5,637588
WIN$D,M15,1705487400,163240.0,163345.0,162945.0,163025.0,230974,5,812115
WIN$D,M15,1705488300,163030.0,163250.0,162795.0,162980.0,196442,5,698888
WIN$D,M15,1705489200,162980.0,163065.0,162845.0,163035.0,129601,5,478357
WIN$D,M15,1705490100,163035.0,163185.0,162995.0,163025.0,123276,5,469752
WIN$D,M15,1705491000,163030.0,163265.0,162935.0,162995.0,197701,5,742163
WIN$D,M15,1705491900,162995.0,163265.0,162955.0,163120.0,124414,5,466368
WIN$D,M15,1705492800,163120.0,163330.0,162955.0,163195.0,156367,5,587031
WIN$D,M15,1705493700,163190.0,163215.0,162970.0,163190.0,109688,5,389323
WIN$D,M15,1705494600,163190.0,163265.0,162990.0,163030.0,117399,5,441671
WIN$D,M15,1705495500,163030.0,163070.0,162745.0,162795.0,121172,5,448698
WIN$D,M15,1705496400,162790.0,163020.0,162780.0,162980.0,90202,5,337711
WIN$D,M15,1705497300,162980.0,162995.0,162705.0,162710.0,80510,5,298413
WIN$D,M15,1705498200,162705.0,162940.0,162670.0,162915.0,85112,5,318696
WIN$D,M15,1705499100,162915.0,162975.0,162765.0,162800.0,65712,5,239533
WIN$D,M15,1705500000,162800.0,162880.0,162745.0,162870.0,69095,5,263666
WIN$D,M15,1705500900,162865.0,162895.0,162495.0,162595.0,111940,5,464781
WIN$D,M15,1705501800,162595.0,162700.0,162535.0,162660.0,72364,5,283518
WIN$D,M15,1705502700,162660.0,162900.0,162625.0,162800.0,83191,5,315858
WIN$D,M15,1705503600,162805.0,162865.0,162730.0,162795.0,65624,5,259921
WIN$D,M15,1705504500,162795.0,162800.0,162570.0,162695.0,87271,5,347114
WIN$D,M15,1705505400,162695.0,162710.0,162570.0,162590.0,61041,5,231031
WIN$D,M15,1705506300,162590.0,162740.0,162460.0,162705.0,82887,5,333016
WIN$D,M15,1705507200,162705.0,162745.0,162570.0,162630.0,67465,5,266040
WIN$D,M15,1705508100,162630.0,162965.0,162625.0,162870.0,91244,5,376033
WIN$D,M15,1705509000,162875.0,163050.0,162870.0,163025.0,72539,5,284339
WIN$D,M15,1705509900,163025.0,163045.0,162775.0,162820.0,66747,5,284473
WIN$D,M15,1705510800,162815.0,162860.0,162725.0,162770.0,52642,5,210275
WIN$D,M15,1705511700,162770.0,162830.0,162685.0,162735.0,44003,5,179621
WIN$D,M15,1705512600,162735.0,162870.0,162705.0,162785.0,52054,5,218029
WIN$D,M15,1705513500,162785.0,162925.0,162775.0,162840.0,52624,5,200855
WIN$D,M15,1705514400,162845.0,162845.0,162580.0,162640.0,46616,5,169784
WIN$D,M15,1705515300,162640.0,162650.0,162470.0,162490.0,15417,5,88703
WIN$D,M15,1705568400,163050.0,163485.0,163015.0,163355.0,233962,5,710567
WIN$D,M15,1705569300,163355.0,163520.0,163210.0,163500.0,124500,5,410195
WIN$D,M15,1705570200,163500.0,163510.0,163340.0,163440.0,103085,5,347835
WIN$D,M15,1705571100,163435.0,163465.0,163330.0,163435.0,82998,5,295910
WIN$D,M15,1705572000,163435.0,163445.0,162970.0,163020.0,191456,5,715435
WIN$D,M15,1705572900,163020.0,163020.0,162730.0,162810.0,171402,5,677448
WIN$D,M15,1705573800,162800.0,162895.0,162410.0,162485.0,233739,5,912850
WIN$D,M15,1705574700,162485.0,162565.0,162345.0,162420.0,109836,5,452048
WIN$D,M15,1705575600,162420.0,162675.0,162415.0,162560.0,116921,5,467512
WIN$D,M15,1705576500,162560.0,162580.0,162155.0,162215.0,194780,5,795013
WIN$D,M15,1705577400,162215.0,162395.0,161895.0,161940.0,213576,5,848311
WIN$D,M15,1705578300,161940.0,162220.0,161920.0,162190.0,145992,5,608331
WIN$D,M15,1705579200,162185.0,162190.0,161975.0,162090.0,145657,5,599566
WIN$D,M15,1705580100,162090.0,162160.0,161815.0,161910.0,127448,5,519516
WIN$D,M15,1705581000,161910.0,162090.0,161860.0,162035.0,95664,5,376229
WIN$D,M15,1705581900,162035.0,162065.0,161675.0,161745.0,121206,5,498506
WIN$D,M15,1705582800,161745.0,161800.0,161590.0,161765.0,83850,5,331771
WIN$D,M15,1705583700,161765.0,161935.0,161740.0,161915.0,66820,5,274135
WIN$D,M15,1705584600,161915.0,161955.0,161795.0,161875.0,85981,5,337183
WIN$D,M15,1705585500,161875.0,161905.0,161555.0,161680.0,117857,5,474153
WIN$D,M15,1705586400,161685.0,161705.0,161480.0,161605.0,114415,5,465168
WIN$D,M15,1705587300,161600.0,161690.0,161525.0,161640.0,75676,5,289626
WIN$D,M15,1705588200,161640.0,161715.0,161525.0,161700.0,67991,5,258357
WIN$D,M15,1705589100,161700.0,161715.0,161450.0,161550.0,78279,5,305860
WIN$D,M15,1705590000,161545.0,161715.0,161475.0,161570.0,91960,5,361396
WIN$D,M15,1705590900,161570.0,161690.0,161500.0,161600.0,69622,5,267007
WIN$D,M15,1705591800,161605.0,161795.0,161595.0,161770.0,72077,5,283466
WIN$D,M15,1705592700,161770.0,161805.0,161605.0,161665.0,78412,5,325983
WIN$D,M15,1705593600,161665.0,161825.0,161645.0,161795.0,57202,5,249809
WIN$D,M15,1705594500,161795.0,161895.0,161725.0,161855.0,74035,5,328523
WIN$D,M15,1705595400,161855.0,161900.0,161700.0,161725.0,73964,5,329296
WIN$D,M15,1705596300,161730.0,161910.0,161700.0,161825.0,65080,5,285476
WIN$D,M15,1705597200,161830.0,161900.0,161790.0,161805.0,51399,5,217258
WIN$D,M15,1705598100,161805.0,161825.0,161710.0,161725.0,49553,5,213332
WIN$D,M15,1705599000,161730.0,161840.0,161715.0,161765.0,50434,5,221672
WIN$D,M15,1705599900,161770.0,161780.0,161460.0,161475.0,69979,5,295847
WIN$D,M15,1705600800,161470.0,161540.0,161420.0,161445.0,47846,5,183332
WIN$D,M15,1705601700,161445.0,161495.0,161360.0,161370.0,21121,5,104531
WIN$D,M15,1705654800,162010.0,162155.0,161710.0,162145.0,190445,5,547950
WIN$D,M15,1705655700,162150.0,162210.0,162050.0,162075.0,92358,5,305847
WIN$D,M15,1705656600,162080.0,162090.0,161875.0,161900.0,98496,5,338504
WIN$D,M15,1705657500,161900.0,161970.0,161775.0,161860.0,85007,5,303073
WIN$D,M15,1705658400,161855.0,161870.0,161590.0,161645.0,194284,5,748633
WIN$D,M15,1705659300,161645.0,161905.0,161400.0,161440.0,242205,5,896534
WIN$D,M15,1705660200,161445.0,161715.0,161435.0,161645.0,177291,5,666828
WIN$D,M15,1705661100,161645.0,161735.0,161545.0,161615.0,123937,5,464355
WIN$D,M15,1705662000,161615.0,161625.0,161020.0,161145.0,250704,5,978031
WIN$D,M15,1705662900,161150.0,161180.0,160785.0,160835.0,147875,5,609748
WIN$D,M15,1705663800,160835.0,161010.0,160755.0,160935.0,153306,5,625275
WIN$D,M15,1705664700,160935.0,161035.0,160860.0,161000.0,83954,5,306222
WIN$D,M15,1705665600,161005.0,161080.0,160675.0,160920.0,185802,5,732231
WIN$D,M15,1705666500,160920.0,161090.0,160880.0,160970.0,105152,5,391078
WIN$D,M15,1705667400,160970.0,161120.0,160840.0,161065.0,95920,5,367621
WIN$D,M15,1705668300,161070.0,161080.0,160875.0,160935.0,73302,5,289289
WIN$D,M15,1705669200,160935.0,160990.0,160700.0,160850.0,104475,5,440775
WIN$D,M15,1705670100,160855.0,160925.0,160805.0,160915.0,50710,5,195322
WIN$D,M15,1705671000,160915.0,160955.0,160750.0,160820.0,72930,5,293217
WIN$D,M15,1705671900,160820.0,160865.0,160615.0,160835.0,90519,5,380510
WIN$D,M15,1705672800,160830.0,160885.0,160730.0,160850.0,59747,5,235700
WIN$D,M15,1705673700,160855.0,161160.0,160835.0,161130.0,86915,5,377878
WIN$D,M15,1705674600,161130.0,161245.0,161080.0,161165.0,88074,5,388030
WIN$D,M15,1705675500,161165.0,161240.0,160980.0,161140.0,93453,5,402846
WIN$D,M15,1705676400,161140.0,161290.0,161085.0,161205.0,78433,5,346918
WIN$D,M15,1705677300,161210.0,161560.0,161185.0,161545.0,90580,5,411284
WIN$D,M15,1705678200,161550.0,161575.0,161385.0,161435.0,77287,5,332869
WIN$D,M15,1705679100,161435.0,161475.0,161345.0,161350.0,53602,5,233146
WIN$D,M15,1705680000,161355.0,161550.0,161335.0,161535.0,74631,5,337736
WIN$D,M15,1705680900,161535.0,161695.0,161475.0,161585.0,75861,5,327956
WIN$D,M15,1705681800,161580.0,161770.0,161485.0,161765.0,84463,5,374613
WIN$D,M15,1705682700,161760.0,161885.0,161665.0,161865.0,80808,5,367991
WIN$D,M15,1705683600,161870.0,161920.0,161790.0,161820.0,54847,5,247326
WIN$D,M15,1705684500,161820.0,161895.0,161710.0,161720.0,55892,5,243052
WIN$D,M15,1705685400,161715.0,161830.0,161675.0,161710.0,44050,5,185773
WIN$D,M15,1705686300,161705.0,161835.0,161680.0,161805.0,45776,5,211679
WIN$D,M15,1705687200,161805.0,161890.0,161705.0,161725.0,37670,5,150141
WIN$D,M15,1705688100,161730.0,161735.0,161550.0,161570.0,17637,5,93942
WIN$D,M15,1705914000,161770.0,161780.0,161430.0,161485.0,144677,5,463948
WIN$D,M15,1705914900,161485.0,161710.0,161450.0,161655.0,100360,5,329676
WIN$D,M15,1705915800,161655.0,161745.0,161600.0,161700.0,82453,5,274137
WIN$D,M15,1705916700,161695.0,161790.0,161560.0,161750.0,91574,5,310202
WIN$D,M15,1705917600,161750.0,161840.0,161200.0,161210.0,228253,5,892092
WIN$D,M15,1705918500,161215.0,161885.0,161195.0,161875.0,230460,5,884135
WIN$D,M15,1705919400,161875.0,161935.0,161610.0,161680.0,149382,5,549323
WIN$D,M15,1705920300,161685.0,161780.0,161535.0,161740.0,137148,5,509128
WIN$D,M15,1705921200,161735.0,161815.0,161465.0,161475.0,139983,5,525931
WIN$D,M15,1705922100,161475.0,161570.0,161155.0,161270.0,181357,5,718506
WIN$D,M15,1705923000,161275.0,161580.0,161000.0,161515.0,223729,5,878489
WIN$D,M15,1705923900,161515.0,161860.0,161460.0,161830.0,158198,5,610586
WIN$D,M15,1705924800,161830.0,161950.0,161635.0,161890.0,156819,5,607230
WIN$D,M15,1705925700,161895.0,161965.0,161615.0,161635.0,118287,5,455791
WIN$D,M15,1705926600,161640.0,161650.0,161315.0,161365.0,135586,5,521712
WIN$D,M15,1705927500,161365.0,161420.0,161175.0,161305.0,115447,5,453334
WIN$D,M15,1705928400,161305.0,161315.0,160925.0,161040.0,151716,5,607021
WIN$D,M15,1705929300,161040.0,161075.0,160860.0,160945.0,81362,5,316144
WIN$D,M15,1705930200,160940.0,160985.0,160700.0,160725.0,97958,5,392543
WIN$D,M15,1705931100,160725.0,160950.0,160650.0,160915.0,102154,5,415741
WIN$D,M15,1705932000,160915.0,160945.0,160765.0,160910.0,77134,5,317127
WIN$D,M15,1705932900,160910.0,161095.0,160885.0,161040.0,78724,5,328838
WIN$D,M15,1705933800,161035.0,161055.0,160845.0,160945.0,78473,5,322784
WIN$D,M15,1705934700,160940.0,160980.0,160800.0,160845.0,71558,5,307746
WIN$D,M15,1705935600,160845.0,160850.0,160495.0,160620.0,151776,5,630696
WIN$D,M15,1705936500,160620.0,160625.0,160200.0,160205.0,120542,5,503842
WIN$D,M15,1705937400,160205.0,160355.0,160155.0,160270.0,94977,5,405931
WIN$D,M15,1705938300,160270.0,160460.0,160260.0,160435.0,56432,5,242916
WIN$D,M15,1705939200,160435.0,160480.0,160150.0,160160.0,72169,5,286107
WIN$D,M15,1705940100,160160.0,160200.0,159900.0,160190.0,115197,5,480059
WIN$D,M15,1705941000,160190.0,160470.0,160175.0,160445.0,65877,5,267602
WIN$D,M15,1705941900,160450.0,160490.0,160360.0,160455.0,58317,5,245952
WIN$D,M15,1705942800,160450.0,160625.0,160450.0,160585.0,61616,5,257639
WIN$D,M15,1705943700,160580.0,160685.0,160550.0,160650.0,42424,5,183865
WIN$D,M15,1705944600,160645.0,160765.0,160635.0,160680.0,48498,5,223307
WIN$D,M15,1705945500,160680.0,160720.0,160590.0,160720.0,45495,5,189025
WIN$D,M15,1705946400,160720.0,160725.0,160435.0,160445.0,41756,5,170482
WIN$D,M15,1705947300,160445.0,160570.0,160390.0,160570.0,13506,5,69704
WIN$D,M15,1706000400,160920.0,161295.0,160800.0,161270.0,167921,5,520269
WIN$D,M15,1706001300,161275.0,161450.0,161260.0,161400.0,116241,5,432285
WIN$D,M15,1706002200,161400.0,161425.0,161215.0,161290.0,98384,5,352011
WIN$D,M15,1706003100,161290.0,161500.0,161260.0,161480.0,118975,5,437049
WIN$D,M15,1706004000,161480.0,161495.0,161050.0,161115.0,207805,5,772228
WIN$D,M15,1706004900,161120.0,161145.0,160980.0,161125.0,150846,5,578154
WIN$D,M15,1706005800,161120.0,161530.0,161105.0,161420.0,228434,5,868728
WIN$D,M15,1706006700,161420.0,161620.0,161375.0,161595.0,138146,5,545439
WIN$D,M15,1706007600,161595.0,161600.0,161200.0,161355.0,176250,5,673309
WIN$D,M15,1706008500,161350.0,161690.0,161285.0,161645.0,149664,5,585024
WIN$D,M15,1706009400,161650.0,161690.0,161095.0,161245.0,263146,5,1030421
WIN$D,M15,1706010300,161250.0,161480.0,161120.0,161375.0,187493,5,698392
WIN$D,M15,1706011200,161370.0,161745.0,161315.0,161735.0,143443,5,546619
WIN$D,M15,1706012100,161730.0,161890.0,161660.0,161830.0,145953,5,566618
WIN$D,M15,1706013000,161835.0,161850.0,161310.0,161335.0,122840,5,464179
WIN$D,M15,1706013900,161335.0,161430.0,161070.0,161295.0,150764,5,572305
WIN$D,M15,1706014800,161295.0,161555.0,161260.0,161455.0,93926,5,354966
WIN$D,M15,1706015700,161460.0,161530.0,161255.0,161475.0,102667,5,399287
WIN$D,M15,1706016600,161480.0,161685.0,161420.0,161680.0,79247,5,308260
WIN$D,M15,1706017500,161680.0,161820.0,161500.0,161800.0,105306,5,406300
WIN$D,M15,1706018400,161800.0,161955.0,161785.0,161910.0,101392,5,399668
WIN$D,M15,1706019300,161910.0,162005.0,161820.0,161975.0,87336,5,353673
WIN$D,M15,1706020200,161980.0,162035.0,161895.0,162015.0,79575,5,325298
WIN$D,M15,1706021100,162020.0,162150.0,161925.0,162110.0,84864,5,360867
WIN$D,M15,1706022000,162105.0,162115.0,161990.0,162060.0,72167,5,309570
WIN$D,M15,1706022900,162060.0,162190.0,162030.0,162160.0,70192,5,287166
WIN$D,M15,1706023800,162160.0,162245.0,162095.0,162175.0,79541,5,334743
WIN$D,M15,1706024700,162175.0,162280.0,162125.0,162165.0,73523,5,309651
WIN$D,M15,1706025600,162165.0,162225.0,161985.0,162000.0,84139,5,347417
WIN$D,M15,1706026500,162000.0,162040.0,161870.0,161890.0,71199,5,306819
WIN$D,M15,1706027400,161890.0,162035.0,161875.0,162030.0,56126,5,237328
WIN$D,M15,1706028300,162035.0,162255.0,162015.0,162210.0,89445,5,396966
WIN$D,M15,1706029200,162215.0,162330.0,162135.0,162295.0,69092,5,304164
WIN$D,M15,1706030100,162295.0,162325.0,162175.0,162190.0,47082,5,188722
WIN$D,M15,1706031000,162185.0,162185.0,162080.0,162140.0,43472,5,164077
WIN$D,M15,1706031900,162140.0,162365.0,162135.0,162355.0,64021,5,261219
WIN$D,M15,1706032800,162350.0,162440.0,162270.0,162435.0,38668,5,155963
WIN$D,M15,1706033700,162435.0,162475.0,162265.0,162350.0,16775,5,82998
WIN$D,M15,1706086800,163080.0,163535.0,163075.0,163185.0,195674,5,620599
WIN$D,M15,1706087700,163185.0,163250.0,163125.0,163165.0,72301,5,273348
WIN$D,M15,1706088600,163165.0,163250.0,163085.0,163220.0,75806,5,306507
WIN$D,M15,1706089500,163220.0,163405.0,163170.0,163360.0,116578,5,440281
WIN$D,M15,1706090400,163365.0,163365.0,163100.0,163270.0,158519,5,605619
WIN$D,M15,1706091300,163265.0,163355.0,163170.0,163195.0,118972,5,462480
WIN$D,M15,1706092200,163195.0,163225.0,162905.0,162995.0,180626,5,708264
WIN$D,M15,1706093100,162995.0,163345.0,162960.0,163295.0,150624,5,571243
WIN$D,M15,1706094000,163295.0,163435.0,163200.0,163220.0,137042,5,515976
WIN$D,M15,1706094900,163220.0,163305.0,163090.0,163140.0,114551,5,442812
WIN$D,M15,1706095800,163140.0,163170.0,162760.0,162890.0,180923,5,714422
WIN$D,M15,1706096700,162890.0,162900.0,162545.0,162555.0,220068,5,909842
WIN$D,M15,1706097600,162550.0,162635.0,162330.0,162400.0,180233,5,748627
WIN$D,M15,1706098500,162400.0,162485.0,162330.0,162375.0,90823,5,367110
WIN$D,M15,1706099400,162370.0,162625.0,162255.0,162580.0,140384,5,583142
WIN$D,M15,1706100300,162580.0,162590.0,162295.0,162425.0,118099,5,436792
WIN$D,M15,1706101200,162425.0,162505.0,162185.0,162390.0,135412,5,515748
WIN$D,M15,1706102100,162390.0,162550.0,162345.0,162525.0,94264,5,371596
WIN$D,M15,1706103000,162530.0,162535.0,162360.0,162365.0,68936,5,283330
WIN$D,M15,1706103900,162365.0,162510.0,162310.0,162490.0,82560,5,340884
WIN$D,M15,1706104800,162490.0,162510.0,162285.0,162355.0,85456,5,350017
WIN$D,M15,1706105700,162350.0,162515.0,162240.0,162475.0,94717,5,389786
WIN$D,M15,1706106600,162470.0,162655.0,162435.0,162645.0,90938,5,378117
WIN$D,M15,1706107500,162645.0,162805.0,162565.0,162765.0,105778,5,454822
WIN$D,M15,1706108400,162770.0,162850.0,162490.0,162495.0,128404,5,543646
WIN$D,M15,1706109300,162495.0,162570.0,162385.0,162415.0,97158,5,407392
WIN$D,M15,1706110200,162420.0,162425.0,162040.0,162080.0,119953,5,525354
WIN$D,M15,1706111100,162075.0,162180.0,161920.0,162030.0,122479,5,525976
WIN$D,M15,1706112000,162030.0,162050.0,161740.0,161755.0,111204,5,467154
WIN$D,M15,1706112900,161755.0,161840.0,161675.0,161795.0,99481,5,432912
WIN$D,M15,1706113800,161800.0,161840.0,161630.0,161835.0,103663,5,456494
WIN$D,M15,1706114700,161835.0,161960.0,161775.0,161835.0,90482,5,402079
WIN$D,M15,1706115600,161830.0,161915.0,161740.0,161770.0,79288,5,341267
WIN$D,M15,1706116500,161770.0,161830.0,161675.0,161725.0,67658,5,289586
WIN$D,M15,1706117400,161725.0,161905.0,161685.0,161870.0,51187,5,220356
WIN$D,M15,1706118300,161865.0,161880.0,161620.0,161715.0,79341,5,334870
WIN$D,M15,1706119200,161715.0,161770.0,161605.0,161615.0,41119,5,167078
WIN$D,M15,1706120100,161625.0,161695.0,161570.0,161635.0,17547,5,74505
WIN$D,M15,1706173200,162060.0,162240.0,161840.0,162045.0,137573,5,414463
WIN$D,M15,1706174100,162045.0,162170.0,162010.0,162135.0,94421,5,349343
WIN$D,M15,1706175000,162140.0,162260.0,162040.0,162260.0,86054,5,322450
WIN$D,M15,1706175900,162260.0,162285.0,162090.0,162115.0,74635,5,266334
WIN$D,M15,1706176800,162110.0,162140.0,161760.0,161825.0,151749,5,572421
WIN$D,M15,1706177700,161825.0,162230.0,161820.0,162170.0,174578,5,667478
WIN$D,M15,1706178600,162175.0,162550.0,161780.0,162325.0,270532,5,1013094
WIN$D,M15,1706179500,162330.0,162395.0,162065.0,162170.0,141968,5,543166
WIN$D,M15,1706180400,162165.0,162260.0,161995.0,162160.0,140038,5,531382
WIN$D,M15,1706181300,162160.0,162225.0,161970.0,162140.0,108875,5,408897
WIN$D,M15,1706182200,162135.0,162245.0,161940.0,162045.0,182138,5,664525
WIN$D,M15,1706183100,162045.0,162585.0,161990.0,162575.0,177425,5,677379
WIN$D,M15,1706184000,162580.0,162635.0,162135.0,162275.0,185863,5,713089
WIN$D,M15,1706184900,162275.0,162370.0,162160.0,162295.0,103003,5,387258
WIN$D,M15,1706185800,162290.0,162345.0,161890.0,162330.0,145837,5,562943
WIN$D,M15,1706186700,162330.0,162385.0,162040.0,162090.0,99708,5,377370
WIN$D,M15,1706187600,162095.0,162095.0,161845.0,162025.0,116025,5,436727
WIN$D,M15,1706188500,162025.0,162135.0,161975.0,162130.0,63114,5,238991
WIN$D,M15,1706189400,162135.0,162230.0,162000.0,162090.0,94447,5,358530
WIN$D,M15,1706190300,162090.0,162245.0,162030.0,162195.0,77866,5,301156
WIN$D,M15,1706191200,162195.0,162230.0,161960.0,162090.0,85716,5,340861
WIN$D,M15,1706192100,162090.0,162375.0,162065.0,162285.0,112953,5,458410
WIN$D,M15,1706193000,162285.0,162310.0,162040.0,162185.0,85281,5,333202
WIN$D,M15,1706193900,162185.0,162280.0,162075.0,162215.0,71774,5,281171
WIN$D,M15,1706194800,162215.0,162430.0,162075.0,162340.0,101083,5,404953
WIN$D,M15,1706195700,162335.0,162415.0,162175.0,162405.0,83282,5,334464
WIN$D,M15,1706196600,162405.0,162480.0,162315.0,162410.0,70178,5,266881
WIN$D,M15,1706197500,162415.0,162530.0,162185.0,162195.0,96611,5,381490
WIN$D,M15,1706198400,162200.0,162360.0,162055.0,162300.0,101907,5,424012
WIN$D,M15,1706199300,162300.0,162430.0,162235.0,162390.0,79232,5,328975
WIN$D,M15,1706200200,162385.0,162540.0,162370.0,162395.0,67998,5,274101
WIN$D,M15,1706201100,162395.0,162455.0,162155.0,162170.0,64057,5,268735
WIN$D,M15,1706202000,162175.0,162200.0,161845.0,161920.0,87052,5,376588
WIN$D,M15,1706202900,161920.0,162015.0,161720.0,161985.0,77746,5,332636
WIN$D,M15,1706203800,161990.0,162035.0,161850.0,161960.0,53780,5,222093
WIN$D,M15,1706204700,161960.0,162130.0,161850.0,162075.0,58330,5,229206
WIN$D,M15,1706205600,162075.0,162150.0,162015.0,162060.0,43167,5,176822
WIN$D,M15,1706206500,162060.0,162120.0,161900.0,161990.0,13571,5,70200
WIN$D,M15,1706259600,162445.0,163045.0,162410.0,162420.0,183595,5,510835
WIN$D,M15,1706260500,162425.0,162510.0,162245.0,162330.0,99601,5,313983
WIN$D,M15,1706261400,162335.0,162355.0,162255.0,162260.0,43889,5,153218
WIN$D,M15,1706262300,162260.0,162280.0,162105.0,162115.0,67726,5,233504
WIN$D,M15,1706263200,162115.0,162180.0,161925.0,162045.0,150414,5,516197
WIN$D,M15,1706264100,162050.0,162170.0,161985.0,162005.0,109194,5,370723
WIN$D,M15,1706265000,162000.0,162215.0,161690.0,162195.0,297573,5,1044054
WIN$D,M15,1706265900,162200.0,162395.0,162055.0,162100.0,224746,5,821392
WIN$D,M15,1706266800,162100.0,162140.0,161730.0,161905.0,212958,5,777146
WIN$D,M15,1706267700,161905.0,162650.0,161885.0,162640.0,203303,5,773101
WIN$D,M15,1706268600,162640.0,162840.0,162515.0,162700.0,214864,5,812801
WIN$D,M15,1706269500,162695.0,162720.0,162350.0,162430.0,154575,5,577372
WIN$D,M15,1706270400,162425.0,162425.0,162055.0,162335.0,158641,5,579814
WIN$D,M15,1706271300,162340.0,162520.0,162230.0,162500.0,116694,5,448723
WIN$D,M15,1706272200,162495.0,162855.0,162380.0,162845.0,110078,5,418290
WIN$D,M15,1706273100,162850.0,162850.0,162330.0,162380.0,105259,5,391097
WIN$D,M15,1706274000,162375.0,162415.0,162275.0,162300.0,76740,5,295395
WIN$D,M15,1706274900,162300.0,162540.0,162240.0,162485.0,74610,5,280754
WIN$D,M15,1706275800,162490.0,162650.0,162455.0,162615.0,77533,5,302577
WIN$D,M15,1706276700,162615.0,162980.0,162575.0,162950.0,97830,5,399091
WIN$D,M15,1706277600,162955.0,163075.0,162670.0,162740.0,111486,5,437217
WIN$D,M15,1706278500,162740.0,162850.0,162720.0,162795.0,55492,5,208517
WIN$D,M15,1706279400,162795.0,162870.0,162685.0,162785.0,95985,5,384820
WIN$D,M15,1706280300,162780.0,162855.0,162615.0,162695.0,89076,5,359006
WIN$D,M15,1706281200,162690.0,162985.0,162645.0,162895.0,85818,5,335066
WIN$D,M15,1706282100,162895.0,163025.0,162845.0,162890.0,82306,5,323021
WIN$D,M15,1706283000,162890.0,162980.0,162755.0,162795.0,70577,5,268695
WIN$D,M15,1706283900,162795.0,162990.0,162780.0,162940.0,74476,5,275189
WIN$D,M15,1706284800,162940.0,162980.0,162835.0,162905.0,62388,5,243622
WIN$D,M15,1706285700,162905.0,162970.0,162780.0,162900.0,65667,5,254900
WIN$D,M15,1706286600,162895.0,162915.0,162715.0,162905.0,69745,5,266790
WIN$D,M15,1706287500,162905.0,163125.0,162880.0,163080.0,90671,5,352247
WIN$D,M15,1706288400,163085.0,163095.0,162945.0,163080.0,50424,5,187806
WIN$D,M15,1706289300,163080.0,163085.0,162790.0,162830.0,59272,5,225338
WIN$D,M15,1706290200,162835.0,162920.0,162685.0,162785.0,75151,5,294011
WIN$D,M15,1706291100,162780.0,162885.0,162745.0,162770.0,50916,5,185171
WIN$D,M15,1706292000,162765.0,162850.0,162700.0,162725.0,38286,5,135502
WIN$D,M15,1706292900,162730.0,162805.0,162645.0,162645.0,17954,5,80239
WIN$D,M15,1706518800,162950.0,162975.0,162720.0,162790.0,124281,5,354153
WIN$D,M15,1706519700,162790.0,162905.0,162695.0,162850.0,99022,5,335776
WIN$D,M15,1706520600,162855.0,162855.0,162730.0,162765.0,57953,5,208415
WIN$D,M15,1706521500,162760.0,162830.0,162520.0,162560.0,105861,5,377493
WIN$D,M15,1706522400,162555.0,162610.0,162275.0,162355.0,152769,5,585755
WIN$D,M15,1706523300,162350.0,162575.0,162275.0,162465.0,157508,5,579928
WIN$D,M15,1706524200,162460.0,162815.0,162420.0,162690.0,172450,5,628892
WIN$D,M15,1706525100,162695.0,162900.0,162665.0,162715.0,167489,5,585872
WIN$D,M15,1706526000,162710.0,162790.0,162515.0,162540.0,168895,5,589285
WIN$D,M15,1706526900,162540.0,162685.0,162255.0,162285.0,213346,5,757213
WIN$D,M15,1706527800,162290.0,162350.0,161885.0,161985.0,228534,5,889333
WIN$D,M15,1706528700,161985.0,162170.0,161945.0,162130.0,109028,5,389529
WIN$D,M15,1706529600,162130.0,162270.0,161960.0,162235.0,143480,5,509966
WIN$D,M15,1706530500,162235.0,162310.0,162045.0,162115.0,119997,5,432010
WIN$D,M15,1706531400,162120.0,162290.0,162090.0,162180.0,91143,5,333596
WIN$D,M15,1706532300,162180.0,162250.0,161820.0,162010.0,139610,5,530040
WIN$D,M15,1706533200,162005.0,162220.0,161975.0,162070.0,124076,5,466382
WIN$D,M15,1706534100,162065.0,162085.0,161880.0,161990.0,103285,5,369473
WIN$D,M15,1706535000,161990.0,162065.0,161925.0,161955.0,65901,5,243281
WIN$D,M15,1706535900,161955.0,162090.0,161910.0,162025.0,70317,5,254722
WIN$D,M15,1706536800,162025.0,162050.0,161795.0,161955.0,97501,5,371049
WIN$D,M15,1706537700,161955.0,162030.0,161885.0,161930.0,79782,5,298546
WIN$D,M15,1706538600,161930.0,162045.0,161915.0,161955.0,60119,5,231348
WIN$D,M15,1706539500,161955.0,161975.0,161770.0,161920.0,103560,5,411895
WIN$D,M15,1706540400,161920.0,161965.0,161640.0,161705.0,138025,5,530219
WIN$D,M15,1706541300,161710.0,161900.0,161685.0,161860.0,85607,5,323605
WIN$D,M15,1706542200,161855.0,161950.0,161785.0,161940.0,80417,5,305830
WIN$D,M15,1706543100,161935.0,161945.0,161800.0,161930.0,69663,5,280649
WIN$D,M15,1706544000,161925.0,162080.0,161870.0,162015.0,95370,5,397465
WIN$D,M15,1706544900,162010.0,162065.0,161885.0,161995.0,86563,5,365262
WIN$D,M15,1706545800,161995.0,162065.0,161915.0,162050.0,78222,5,333742
WIN$D,M15,1706546700,162055.0,162070.0,161940.0,161955.0,57899,5,247948
WIN$D,M15,1706547600,161960.0,162255.0,161955.0,162080.0,135131,5,570587
WIN$D,M15,1706548500,162075.0,162440.0,162055.0,162270.0,107069,5,453153
WIN$D,M15,1706549400,162270.0,162315.0,162185.0,162270.0,61757,5,242058
WIN$D,M15,1706550300,162275.0,162405.0,162185.0,162395.0,60980,5,227629
WIN$D,M15,1706551200,162400.0,162405.0,162205.0,162285.0,44606,5,171036
WIN$D,M15,1706552100,162290.0,162420.0,162265.0,162420.0,14999,5,69296
WIN$D,M15,1706605200,162140.0,162460.0,162095.0,162410.0,134364,5,423507
WIN$D,M15,1706606100,162410.0,162520.0,162350.0,162425.0,111890,5,401681
WIN$D,M15,1706607000,162425.0,162580.0,162330.0,162355.0,159282,5,553194
WIN$D,M15,1706607900,162360.0,162430.0,162030.0,162070.0,141447,5,507198
WIN$D,M15,1706608800,162070.0,162155.0,161850.0,161885.0,200132,5,774923
WIN$D,M15,1706609700,161880.0,161880.0,161575.0,161630.0,201158,5,780072
WIN$D,M15,1706610600,161635.0,161775.0,161490.0,161625.0,195311,5,739159
WIN$D,M15,1706611500,161620.0,161710.0,161425.0,161530.0,144168,5,551717
WIN$D,M15,1706612400,161525.0,161620.0,161470.0,161525.0,110959,5,423089
WIN$D,M15,1706613300,161525.0,161580.0,161390.0,161455.0,127234,5,470495
WIN$D,M15,1706614200,161455.0,161580.0,161190.0,161260.0,219172,5,902719
WIN$D,M15,1706615100,161260.0,161510.0,161245.0,161470.0,127593,5,504179
WIN$D,M15,1706616000,161475.0,161510.0,160925.0,160935.0,257731,5,1043348
WIN$D,M15,1706616900,160930.0,161020.0,160815.0,160985.0,167571,5,672277
WIN$D,M15,1706617800,160980.0,161110.0,160870.0,160980.0,121505,5,474235
WIN$D,M15,1706618700,160980.0,161125.0,160925.0,161105.0,91485,5,351348
WIN$D,M15,1706619600,161105.0,161145.0,160975.0,161070.0,91309,5,344568
WIN$D,M15,1706620500,161070.0,161225.0,161000.0,161150.0,101420,5,391599
WIN$D,M15,1706621400,161150.0,161280.0,161110.0,161250.0,92891,5,383280
WIN$D,M15,1706622300,161245.0,161420.0,161205.0,161410.0,114671,5,479273
WIN$D,M15,1706623200,161415.0,161470.0,161345.0,161410.0,90627,5,369567
WIN$D,M15,1706624100,161405.0,161415.0,161245.0,161295.0,100529,5,405164
WIN$D,M15,1706625000,161295.0,161370.0,161210.0,161330.0,98850,5,422491
WIN$D,M15,1706625900,161330.0,161330.0,161055.0,161160.0,126647,5,528857
WIN$D,M15,1706626800,161165.0,161180.0,161045.0,161090.0,82685,5,354697
WIN$D,M15,1706627700,161085.0,161275.0,161075.0,161145.0,89812,5,388479
WIN$D,M15,1706628600,161140.0,161260.0,161050.0,161180.0,84662,5,358996
WIN$D,M15,1706629500,161180.0,161325.0,161150.0,161215.0,81531,5,338731
WIN$D,M15,1706630400,161215.0,161300.0,161140.0,161235.0,76578,5,306262
WIN$D,M15,1706631300,161230.0,161425.0,161185.0,161380.0,79144,5,326439
WIN$D,M15,1706632200,161380.0,161425.0,161260.0,161340.0,69795,5,287610
WIN$D,M15,1706633100,161335.0,161405.0,161195.0,161260.0,85534,5,362976
WIN$D,M15,1706634000,161260.0,161375.0,161105.0,161150.0,72433,5,295596
WIN$D,M15,1706634900,161155.0,161310.0,161150.0,161285.0,51653,5,208399
WIN$D,M15,1706635800,161285.0,161300.0,161205.0,161235.0,46940,5,184649
WIN$D,M15,1706636700,161235.0,161330.0,161150.0,161240.0,57042,5,229735
WIN$D,M15,1706637600,161240.0,161245.0,161035.0,161040.0,51090,5,199686
WIN$D,M15,1706638500,161045.0,161115.0,160980.0,160980.0,21703,5,104651
WIN$D,M15,1706691600,160915.0,161250.0,160850.0,161225.0,216513,5,706410
WIN$D,M15,1706692500,161220.0,161380.0,161150.0,161350.0,115959,5,442600
WIN$D,M15,1706693400,161350.0,161370.0,161265.0,161340.0,67118,5,251268
WIN$D,M15,1706694300,161335.0,161405.0,161270.0,161275.0,75621,5,282822
WIN$D,M15,1706695200,161275.0,161530.0,161150.0,161435.0,217169,5,842385
WIN$D,M15,1706696100,161435.0,161960.0,161430.0,161890.0,212014,5,803463
WIN$D,M15,1706697000,161895.0,162080.0,161805.0,161850.0,234049,5,886957
WIN$D,M15,1706697900,161850.0,162145.0,161840.0,162090.0,140643,5,532081
WIN$D,M15,1706698800,162090.0,162320.0,161975.0,162310.0,172763,5,699592
WIN$D,M15,1706699700,162310.0,162315.0,162145.0,162300.0,115561,5,463249
WIN$D,M15,1706700600,162300.0,162660.0,162300.0,162555.0,194926,5,784823
WIN$D,M15,1706701500,162555.0,162625.0,162325.0,162350.0,168796,5,670889
WIN$D,M15,1706702400,162350.0,162505.0,162320.0,162375.0,124039,5,486399
WIN$D,M15,1706703300,162375.0,162630.0,162375.0,162505.0,111410,5,425020
WIN$D,M15,1706704200,162510.0,162525.0,162330.0,162360.0,102571,5,399260
WIN$D,M15,1706705100,162365.0,162570.0,162350.0,162545.0,83081,5,318883
WIN$D,M15,1706706000,162540.0,162605.0,162450.0,162535.0,83610,5,334403
WIN$D,M15,1706706900,162530.0,162555.0,162420.0,162435.0,57248,5,222101
WIN$D,M15,1706707800,162435.0,162465.0,162185.0,162250.0,99262,5,398964
WIN$D,M15,1706708700,162250.0,162415.0,162225.0,162375.0,88251,5,345584
WIN$D,M15,1706709600,162380.0,162495.0,162355.0,162385.0,75831,5,314855
WIN$D,M15,1706710500,162380.0,162515.0,162345.0,162470.0,64458,5,263016
WIN$D,M15,1706711400,162475.0,162490.0,162290.0,162415.0,75197,5,306313
WIN$D,M15,1706712300,162415.0,162470.0,162370.0,162445.0,49627,5,200038
WIN$D,M15,1706713200,162445.0,162460.0,162285.0,162325.0,65710,5,277977
WIN$D,M15,1706714100,162325.0,162485.0,162295.0,162435.0,76908,5,323054
WIN$D,M15,1706715000,162435.0,162485.0,162340.0,162410.0,54204,5,233463
WIN$D,M15,1706715900,162410.0,162800.0,162370.0,162735.0,119966,5,495385
WIN$D,M15,1706716800,162735.0,163035.0,162450.0,162660.0,254785,5,901556
WIN$D,M15,1706717700,162660.0,162720.0,162340.0,162490.0,142778,5,556861
WIN$D,M15,1706718600,162490.0,163170.0,162380.0,163080.0,278249,5,1111484
WIN$D,M15,1706719500,163075.0,163380.0,162810.0,162860.0,208599,5,878664
WIN$D,M15,1706720400,162855.0,162880.0,162000.0,162175.0,307049,5,1319614
WIN$D,M15,1706721300,162170.0,162270.0,161840.0,162050.0,174567,5,714206
WIN$D,M15,1706722200,162050.0,162060.0,161535.0,161660.0,139677,5,605178
WIN$D,M15,1706723100,161665.0,161750.0,161570.0,161670.0,68421,5,278098
WIN$D,M15,1706724000,161665.0,161685.0,161280.0,161315.0,64996,5,267499
WIN$D,M15,1706724900,161325.0,161390.0,161220.0,161310.0,14651,5,70695
WIN$D,M15,1706778000,161805.0,161830.0,161370.0,161395.0,168517,5,515244
WIN$D,M15,1706778900,161395.0,161655.0,161390.0,161575.0,110606,5,380240
WIN$D,M15,1706779800,161570.0,161630.0,161480.0,161605.0,75782,5,264244
WIN$D,M15,1706780700,161605.0,161745.0,161555.0,161735.0,81370,5,301721
WIN$D,M15,1706781600,161735.0,161780.0,161520.0,161750.0,165567,5,642650
WIN$D,M15,1706782500,161750.0,161790.0,161570.0,161645.0,134229,5,522369
WIN$D,M15,1706783400,161645.0,161885.0,161530.0,161650.0,202771,5,766740
WIN$D,M15,1706784300,161645.0,161735.0,161470.0,161620.0,155515,5,592316
WIN$D,M15,1706785200,161620.0,161790.0,161410.0,161640.0,182255,5,687923
WIN$D,M15,1706786100,161640.0,161940.0,161585.0,161610.0,165437,5,622621
WIN$D,M15,1706787000,161605.0,162005.0,161535.0,162005.0,193402,5,768659
WIN$D,M15,1706787900,162005.0,162045.0,161560.0,161660.0,191085,5,736413
WIN$D,M15,1706788800,161665.0,161710.0,161165.0,161565.0,251376,5,980937
WIN$D,M15,1706789700,161565.0,161660.0,161295.0,161495.0,139994,5,523333
WIN$D,M15,1706790600,161495.0,161715.0,161415.0,161710.0,112435,5,442180
WIN$D,M15,1706791500,161710.0,161745.0,161215.0,161230.0,120323,5,480863
WIN$D,M15,1706792400,161225.0,161325.0,160865.0,161005.0,156498,5,644846
WIN$D,M15,1706793300,161010.0,161210.0,160930.0,161195.0,91971,5,348286
WIN$D,M15,1706794200,161190.0,161505.0,161180.0,161495.0,100880,5,406905
WIN$D,M15,1706795100,161495.0,161620.0,161445.0,161565.0,77085,5,315079
WIN$D,M15,1706796000,161560.0,162035.0,161555.0,161850.0,149331,5,622380
WIN$D,M15,1706796900,161850.0,161855.0,161480.0,161530.0,107877,5,424077
WIN$D,M15,1706797800,161530.0,161615.0,161330.0,161410.0,103157,5,369569
WIN$D,M15,1706798700,161405.0,161820.0,161350.0,161540.0,143693,5,561839
WIN$D,M15,1706799600,161540.0,161675.0,161260.0,161600.0,128665,5,535482
WIN$D,M15,1706800500,161605.0,161785.0,161590.0,161725.0,87853,5,339807
WIN$D,M15,1706801400,161730.0,161845.0,161610.0,161645.0,106816,5,438739
WIN$D,M15,1706802300,161645.0,161865.0,161645.0,161805.0,79104,5,304061
WIN$D,M15,1706803200,161805.0,161965.0,161745.0,161765.0,88179,5,342267
WIN$D,M15,1706804100,161770.0,161825.0,161700.0,161745.0,67004,5,252297
WIN$D,M15,1706805000,161750.0,161805.0,161510.0,161755.0,102048,5,407402
WIN$D,M15,1706805900,161755.0,161835.0,161670.0,161805.0,71971,5,280146
WIN$D,M15,1706806800,161800.0,161850.0,161665.0,161750.0,64059,5,254326
WIN$D,M15,1706807700,161750.0,161990.0,161725.0,161990.0,54059,5,210692
WIN$D,M15,1706808600,161985.0,162030.0,161905.0,161930.0,47904,5,181509
WIN$D,M15,1706809500,161930.0,162035.0,161835.0,162015.0,59168,5,215214
WIN$D,M15,1706810400,162020.0,162225.0,161980.0,162200.0,44992,5,181136
WIN$D,M15,1706811300,162205.0,162270.0,162110.0,162110.0,16371,5,82709
WIN$D,M15,1706864400,162355.0,162395.0,161925.0,162085.0,130405,5,403872
WIN$D,M15,1706865300,162080.0,162145.0,161970.0,162110.0,85490,5,281060
WIN$D,M15,1706866200,162105.0,162185.0,162050.0,162100.0,62362,5,212819
WIN$D,M15,1706867100,162105.0,162215.0,162010.0,162120.0,91826,5,331779
WIN$D,M15,1706868000,162120.0,162380.0,162085.0,162220.0,157397,5,573558
WIN$D,M15,1706868900,162220.0,162600.0,162135.0,162495.0,152881,5,552205
WIN$D,M15,1706869800,162500.0,162535.0,161000.0,161525.0,418433,5,1609869
WIN$D,M15,1706870700,161520.0,161545.0,160760.0,160865.0,252097,5,967841
WIN$D,M15,1706871600,160865.0,161085.0,160820.0,161040.0,181484,5,714940
WIN$D,M15,1706872500,161040.0,161050.0,160680.0,160700.0,164801,5,655962
WIN$D,M15,1706873400,160695.0,160865.0,160475.0,160690.0,228877,5,935710
WIN$D,M15,1706874300,160695.0,160810.0,160550.0,160635.0,147923,5,576073
WIN$D,M15,1706875200,160630.0,160705.0,160230.0,160295.0,163829,5,691258
WIN$D,M15,1706876100,160295.0,160475.0,160260.0,160375.0,122130,5,499033
WIN$D,M15,1706877000,160375.0,160500.0,160230.0,160380.0,110193,5,423070
WIN$D,M15,1706877900,160380.0,160470.0,160250.0,160420.0,86407,5,327557
WIN$D,M15,1706878800,160425.0,160455.0,160280.0,160305.0,66040,5,245522
WIN$D,M15,1706879700,160300.0,160440.0,160230.0,160425.0,67488,5,263633
WIN$D,M15,1706880600,160430.0,160455.0,160290.0,160340.0,63068,5,235734
WIN$D,M15,1706881500,160340.0,160415.0,160265.0,160345.0,57134,5,218589
WIN$D,M15,1706882400,160350.0,160430.0,160180.0,160250.0,98016,5,389775
WIN$D,M15,1706883300,160245.0,160405.0,160235.0,160390.0,59341,5,223058
WIN$D,M15,1706884200,160395.0,160560.0,160345.0,160375.0,91999,5,367568
WIN$D,M15,1706885100,160375.0,160435.0,160260.0,160430.0,99238,5,388312
WIN$D,M15,1706886000,160430.0,160515.0,160395.0,160490.0,72343,5,277790
WIN$D,M15,1706886900,160490.0,160645.0,160460.0,160510.0,95761,5,397620
WIN$D,M15,1706887800,160510.0,160655.0,160470.0,160600.0,77291,5,313055
WIN$D,M15,1706888700,160605.0,160780.0,160585.0,160760.0,91219,5,391408
WIN$D,M15,1706889600,160765.0,160860.0,160670.0,160850.0,94883,5,402614
WIN$D,M15,1706890500,160850.0,160915.0,160765.0,160875.0,83481,5,335065
WIN$D,M15,1706891400,160880.0,161000.0,160780.0,160975.0,78692,5,323387
WIN$D,M15,1706892300,160970.0,161115.0,160945.0,161055.0,95383,5,425203
WIN$D,M15,1706893200,161055.0,161065.0,160785.0,160965.0,90253,5,369364
WIN$D,M15,1706894100,160960.0,161030.0,160855.0,160975.0,61514,5,251991
WIN$D,M15,1706895000,160975.0,160990.0,160720.0,160790.0,83229,5,370567
WIN$D,M15,1706895900,160795.0,160970.0,160780.0,160805.0,57856,5,242450
WIN$D,M15,1706896800,160805.0,160855.0,160710.0,160710.0,38274,5,144993
WIN$D,M15,1706897700,160715.0,160915.0,160700.0,160900.0,17832,5,77810
WIN$D,M15,1707123600,160640.0,160860.0,160515.0,160625.0,179241,5,519496
WIN$D,M15,1707124500,160630.0,160715.0,160535.0,160595.0,98209,5,340489
WIN$D,M15,1707125400,160590.0,160760.0,160505.0,160725.0,98875,5,340898
WIN$D,M15,1707126300,160730.0,160825.0,160665.0,160675.0,80469,5,259670
WIN$D,M15,1707127200,160675.0,160995.0,160640.0,160930.0,204790,5,753243
WIN$D,M15,1707128100,160930.0,161055.0,160865.0,161045.0,152144,5,581119
WIN$D,M15,1707129000,161045.0,161290.0,161015.0,161245.0,141888,5,544512
WIN$D,M15,1707129900,161245.0,161335.0,161175.0,161315.0,123477,5,467250
WIN$D,M15,1707130800,161310.0,161395.0,161200.0,161335.0,132461,5,501874
WIN$D,M15,1707131700,161340.0,161360.0,161130.0,161165.0,108967,5,425016
WIN$D,M15,1707132600,161165.0,161170.0,160755.0,160955.0,220552,5,865096
WIN$D,M15,1707133500,160960.0,161115.0,160830.0,160840.0,152428,5,575466
WIN$D,M15,1707134400,160850.0,160855.0,160130.0,160300.0,262750,5,1072770
WIN$D,M15,1707135300,160295.0,160330.0,159940.0,160160.0,158509,5,639285
WIN$D,M15,1707136200,160160.0,160225.0,160020.0,160120.0,108230,5,415085
WIN$D,M15,1707137100,160115.0,160180.0,159985.0,160070.0,84674,5,338648
WIN$D,M15,1707138000,160070.0,160115.0,159930.0,160100.0,82071,5,343572
WIN$D,M15,1707138900,160105.0,160220.0,160065.0,160110.0,75452,5,298557
WIN$D,M15,1707139800,160110.0,160215.0,160100.0,160170.0,55303,5,222700
WIN$D,M15,1707140700,160165.0,160330.0,160130.0,160275.0,70955,5,282318
WIN$D,M15,1707141600,160270.0,160540.0,160270.0,160475.0,92743,5,404961
WIN$D,M15,1707142500,160475.0,160560.0,160435.0,160520.0,75524,5,333504
WIN$D,M15,1707143400,160525.0,160790.0,160470.0,160740.0,114287,5,494952
WIN$D,M15,1707144300,160745.0,160790.0,160625.0,160730.0,84185,5,344599
WIN$D,M15,1707145200,160730.0,160850.0,160595.0,160800.0,100366,5,432704
WIN$D,M15,1707146100,160805.0,160900.0,160655.0,160785.0,106349,5,450885
WIN$D,M15,1707147000,160790.0,160975.0,160695.0,160950.0,108560,5,464495
WIN$D,M15,1707147900,160950.0,161015.0,160890.0,160960.0,77337,5,348148
WIN$D,M15,1707148800,160960.0,161165.0,160905.0,161035.0,93674,5,410761
WIN$D,M15,1707149700,161035.0,161355.0,161005.0,161285.0,104063,5,476529
WIN$D,M15,1707150600,161290.0,161330.0,161200.0,161240.0,71086,5,293212
WIN$D,M15,1707151500,161235.0,161390.0,161230.0,161280.0,68984,5,285360
WIN$D,M15,1707152400,161280.0,161310.0,161055.0,161080.0,77583,5,322674
WIN$D,M15,1707153300,161080.0,161355.0,161060.0,161305.0,74457,5,299525
WIN$D,M15,1707154200,161305.0,161365.0,161090.0,161155.0,67627,5,270627
WIN$D,M15,1707155100,161150.0,161305.0,161125.0,161160.0,73305,5,282521
WIN$D,M15,1707156000,161160.0,161270.0,161080.0,161255.0,45672,5,172814
WIN$D,M15,1707156900,161255.0,161285.0,161120.0,161120.0,16342,5,82998
WIN$D,M15,1707210000,161315.0,161660.0,161190.0,161435.0,196223,5,604629
WIN$D,M15,1707210900,161435.0,161455.0,161280.0,161290.0,88908,5,298342
WIN$D,M15,1707211800,161290.0,161430.0,161220.0,161410.0,95332,5,324674
WIN$D,M15,1707212700,161410.0,161505.0,161375.0,161415.0,75747,5,260224
WIN$D,M15,1707213600,161415.0,162130.0,161355.0,162050.0,250257,5,990635
WIN$D,M15,1707214500,162055.0,162985.0,162050.0,162930.0,287643,5,1102493
WIN$D,M15,1707215400,162930.0,163030.0,162660.0,162850.0,206812,5,752190
WIN$D,M15,1707216300,162855.0,163055.0,162720.0,163005.0,159937,5,596604
WIN$D,M15,1707217200,163005.0,163100.0,162870.0,163050.0,129224,5,500636
WIN$D,M15,1707218100,163050.0,163085.0,162680.0,162715.0,129065,5,513110
WIN$D,M15,1707219000,162710.0,162980.0,162625.0,162980.0,195424,5,760213
WIN$D,M15,1707219900,162975.0,163290.0,162895.0,163230.0,174577,5,723632
WIN$D,M15,1707220800,163230.0,163510.0,163050.0,163490.0,182796,5,709067
WIN$D,M15,1707221700,163485.0,163665.0,163430.0,163575.0,123208,5,524143
WIN$D,M15,1707222600,163575.0,163710.0,163505.0,163590.0,100837,5,387748
WIN$D,M15,1707223500,163595.0,163650.0,163435.0,163470.0,83190,5,314081
WIN$D,M15,1707224400,163475.0,163585.0,163450.0,163495.0,70739,5,254791
WIN$D,M15,1707225300,163495.0,163655.0,163470.0,163610.0,68732,5,278099
WIN$D,M15,1707226200,163610.0,163655.0,163440.0,163490.0,75391,5,298249
WIN$D,M15,1707227100,163485.0,163530.0,163395.0,163430.0,75617,5,293574
WIN$D,M15,1707228000,163430.0,163465.0,163375.0,163455.0,58446,5,223104
WIN$D,M15,1707228900,163455.0,163560.0,163410.0,163480.0,80148,5,329738
WIN$D,M15,1707229800,163480.0,163515.0,163395.0,163490.0,65315,5,279825
WIN$D,M15,1707230700,163490.0,163555.0,163430.0,163450.0,70397,5,315399
WIN$D,M15,1707231600,163450.0,163595.0,163405.0,163520.0,77328,5,342354
WIN$D,M15,1707232500,163525.0,163615.0,163460.0,163515.0,84031,5,375348
WIN$D,M15,1707233400,163515.0,163660.0,163490.0,163615.0,89279,5,414840
WIN$D,M15,1707234300,163610.0,163840.0,163605.0,163775.0,104114,5,471667
WIN$D,M15,1707235200,163775.0,163785.0,163595.0,163610.0,84038,5,379096
WIN$D,M15,1707236100,163610.0,163700.0,163570.0,163690.0,66686,5,291594
WIN$D,M15,1707237000,163685.0,163795.0,163660.0,163780.0,87103,5,374749
WIN$D,M15,1707237900,163785.0,163825.0,163680.0,163715.0,61643,5,262344
WIN$D,M15,1707238800,163710.0,163810.0,163655.0,163755.0,62615,5,253391
WIN$D,M15,1707239700,163755.0,163790.0,163670.0,163725.0,57345,5,224027
WIN$D,M15,1707240600,163720.0,163800.0,163675.0,163770.0,52588,5,219114
WIN$D,M15,1707241500,163765.0,164150.0,163760.0,164110.0,114652,5,505332
WIN$D,M15,1707242400,164120.0,164280.0,164035.0,164245.0,82986,5,314775
WIN$D,M15,1707243300,164245.0,164430.0,164220.0,164430.0,34187,5,156835
WIN$D,M15,1707296400,163970.0,163970.0,163585.0,163605.0,200398,5,633317
WIN$D,M15,1707297300,163600.0,163670.0,163460.0,163475.0,112301,5,419063
WIN$D,M15,1707298200,163475.0,163665.0,163465.0,163645.0,96158,5,346596
WIN$D,M15,1707299100,163650.0,163740.0,163555.0,163555.0,114864,5,397906
WIN$D,M15,1707300000,163555.0,163690.0,163435.0,163485.0,197814,5,733471
WIN$D,M15,1707300900,163485.0,163770.0,163475.0,163555.0,192747,5,718451
WIN$D,M15,1707301800,163555.0,163580.0,163405.0,163425.0,143162,5,579467
WIN$D,M15,1707302700,163425.0,163465.0,163230.0,163250.0,147233,5,578554
WIN$D,M15,1707303600,163245.0,163395.0,163230.0,163285.0,115571,5,456449
WIN$D,M15,1707304500,163285.0,163360.0,163090.0,163150.0,144215,5,570996
WIN$D,M15,1707305400,163150.0,163455.0,162965.0,163380.0,278706,5,1081825
WIN$D,M15,1707306300,163385.0,163525.0,163170.0,163355.0,207541,5,791487
WIN$D,M15,1707307200,163360.0,163490.0,163220.0,163455.0,135452,5,540045
WIN$D,M15,1707308100,163455.0,163505.0,163325.0,163445.0,118706,5,464942
WIN$D,M15,1707309000,163445.0,163510.0,163365.0,163450.0,92964,5,339695
WIN$D,M15,1707309900,163450.0,163485.0,163265.0,163335.0,93547,5,333328
WIN$D,M15,1707310800,163335.0,163410.0,163240.0,163295.0,90552,5,335041
WIN$D,M15,1707311700,163295.0,163300.0,163060.0,163075.0,102760,5,394775
WIN$D,M15,1707312600,163080.0,163170.0,163025.0,163110.0,98571,5,371409
WIN$D,M15,1707313500,163110.0,163170.0,163055.0,163095.0,66202,5,256910
WIN$D,M15,1707314400,163095.0,163195.0,163005.0,163130.0,109741,5,424224
WIN$D,M15,1707315300,163135.0,163155.0,162875.0,162925.0,115080,5,477590
WIN$D,M15,1707316200,162930.0,163105.0,162905.0,163075.0,94635,5,397166
WIN$D,M15,1707317100,163070.0,163175.0,163040.0,163110.0,84878,5,368299
WIN$D,M15,1707318000,163115.0,163315.0,162985.0,163145.0,171843,5,708836
WIN$D,M15,1707318900,163140.0,163170.0,163000.0,163110.0,88801,5,371715
WIN$D,M15,1707319800,163115.0,163180.0,162950.0,163030.0,84780,5,353599
WIN$D,M15,1707320700,163030.0,163245.0,163005.0,163195.0,89013,5,368811
WIN$D,M15,1707321600,163190.0,163350.0,163125.0,163305.0,84251,5,356289
WIN$D,M15,1707322500,163305.0,163350.0,163205.0,163225.0,65711,5,249220
WIN$D,M15,1707323400,163225.0,163345.0,163185.0,163345.0,58976,5,235021
WIN$D,M15,1707324300,163345.0,163505.0,163320.0,163475.0,77508,5,323912
WIN$D,M15,1707325200,163480.0,163620.0,163445.0,163570.0,69755,5,285918
WIN$D,M15,1707326100,163565.0,163605.0,163400.0,163400.0,62792,5,248437
WIN$D,M15,1707327000,163400.0,163505.0,163335.0,163470.0,67026,5,268609
WIN$D,M15,1707327900,163470.0,163530.0,163390.0,163510.0,54969,5,196659
WIN$D,M15,1707328800,163510.0,163520.0,163350.0,163360.0,35362,5,126241
WIN$D,M15,1707329700,163360.0,163390.0,163265.0,163365.0,22686,5,110670
WIN$D,M15,1707382800,163155.0,163180.0,162795.0,163170.0,187459,5,590187
WIN$D,M15,1707383700,163175.0,163175.0,162900.0,162980.0,120888,5,413287
WIN$D,M15,1707384600,162980.0,163085.0,162885.0,163010.0,121684,5,407854
WIN$D,M15,1707385500,163015.0,163200.0,162985.0,163140.0,91261,5,335581
WIN$D,M15,1707386400,163140.0,163515.0,163055.0,163460.0,200891,5,730544
WIN$D,M15,1707387300,163455.0,163500.0,162990.0,163160.0,206304,5,784286
WIN$D,M15,1707388200,163160.0,163255.0,162875.0,163125.0,201000,5,734557
WIN$D,M15,1707389100,163125.0,163210.0,163050.0,163170.0,112036,5,404107
WIN$D,M15,1707390000,163165.0,163200.0,162785.0,162835.0,164666,5,591813
WIN$D,M15,1707390900,162840.0,162900.0,162485.0,162535.0,172847,5,634808
WIN$D,M15,1707391800,162535.0,162675.0,162120.0,162175.0,247903,5,992954
WIN$D,M15,1707392700,162175.0,162255.0,162135.0,162185.0,86890,5,333737
WIN$D,M15,1707393600,162185.0,162205.0,161955.0,162045.0,143963,5,589689
WIN$D,M15,1707394500,162040.0,162110.0,161980.0,162100.0,66855,5,260048
WIN$D,M15,1707395400,162100.0,162165.0,161965.0,162005.0,95639,5,362782
WIN$D,M15,1707396300,162005.0,162115.0,161975.0,162095.0,81619,5,304678
WIN$D,M15,1707397200,162095.0,162130.0,161990.0,162025.0,73392,5,282011
WIN$D,M15,1707398100,162025.0,162090.0,161695.0,161790.0,131830,5,531403
WIN$D,M15,1707399000,161790.0,161830.0,161700.0,161715.0,88700,5,352914
WIN$D,M15,1707399900,161715.0,161750.0,161470.0,161545.0,135696,5,612338
WIN$D,M15,1707400800,161540.0,161575.0,161445.0,161515.0,84104,5,350666
WIN$D,M15,1707401700,161520.0,161600.0,161475.0,161500.0,72536,5,303939
WIN$D,M15,1707402600,161495.0,161630.0,161405.0,161465.0,99777,5,418288
WIN$D,M15,1707403500,161465.0,161500.0,161275.0,161375.0,122311,5,524684
WIN$D,M15,1707404400,161375.0,161670.0,161335.0,161540.0,142713,5,571524
WIN$D,M15,1707405300,161545.0,161605.0,161430.0,161590.0,94168,5,392343
WIN$D,M15,1707406200,161590.0,161750.0,161505.0,161670.0,103180,5,432919
WIN$D,M15,1707407100,161670.0,161795.0,161660.0,161770.0,87099,5,353154
WIN$D,M15,1707408000,161770.0,161825.0,161665.0,161805.0,80878,5,329929
WIN$D,M15,1707408900,161810.0,161860.0,161730.0,161810.0,81026,5,328157
WIN$D,M15,1707409800,161810.0,161830.0,161575.0,161725.0,107788,5,432453
WIN$D,M15,1707410700,161725.0,161840.0,161675.0,161680.0,72483,5,296287
WIN$D,M15,1707411600,161685.0,161815.0,161680.0,161790.0,66954,5,255589
WIN$D,M15,1707412500,161790.0,161790.0,161650.0,161665.0,51284,5,190252
WIN$D,M15,1707413400,161660.0,161780.0,161635.0,161660.0,62924,5,258819
WIN$D,M15,1707414300,161660.0,161685.0,161430.0,161485.0,75977,5,314204
WIN$D,M15,1707415200,161490.0,161625.0,161420.0,161445.0,58875,5,204029
WIN$D,M15,1707416100,161440.0,161720.0,161430.0,161600.0,21758,5,103719
WIN$D,M15,1707469200,161920.0,161955.0,161660.0,161710.0,149770,5,479475
WIN$D,M15,1707470100,161705.0,161750.0,161530.0,161570.0,111692,5,413371
WIN$D,M15,1707471000,161575.0,161695.0,161555.0,161570.0,85820,5,301029
WIN$D,M15,1707471900,161570.0,161670.0,161495.0,161530.0,83701,5,302060
WIN$D,M15,1707472800,161530.0,161745.0,161390.0,161655.0,251460,5,936775
WIN$D,M15,1707473700,161655.0,161990.0,161650.0,161730.0,243102,5,919879
WIN$D,M15,1707474600,161725.0,162340.0,161700.0,162045.0,306101,5,1170947
WIN$D,M15,1707475500,162040.0,162195.0,161975.0,162125.0,115189,5,425260
WIN$D,M15,1707476400,162120.0,162150.0,161835.0,162050.0,164581,5,623008
WIN$D,M15,1707477300,162055.0,162055.0,161210.0,161305.0,221325,5,861205
WIN$D,M15,1707478200,161305.0,161450.0,161090.0,161420.0,192716,5,766398
WIN$D,M15,1707479100,161425.0,161785.0,161225.0,161725.0,195756,5,786303
WIN$D,M15,1707480000,161725.0,161730.0,161245.0,161305.0,158633,5,637598
WIN$D,M15,1707480900,161305.0,161515.0,161190.0,161480.0,114583,5,436063
WIN$D,M15,1707481800,161475.0,161515.0,161200.0,161210.0,113391,5,440871
WIN$D,M15,1707482700,161215.0,161340.0,161130.0,161160.0,88129,5,336432
WIN$D,M15,1707483600,161160.0,161330.0,161080.0,161190.0,106160,5,423882
WIN$D,M15,1707484500,161190.0,161210.0,160980.0,161055.0,96697,5,376567
WIN$D,M15,1707485400,161060.0,161160.0,160895.0,160950.0,94369,5,372791
WIN$D,M15,1707486300,160945.0,161190.0,160940.0,161130.0,78013,5,296657
WIN$D,M15,1707487200,161135.0,161335.0,161085.0,161280.0,86810,5,350382
WIN$D,M15,1707488100,161285.0,161410.0,161185.0,161400.0,69561,5,276869
WIN$D,M15,1707489000,161395.0,161395.0,161210.0,161255.0,82113,5,322770
WIN$D,M15,1707489900,161255.0,161465.0,161240.0,161440.0,79667,5,328314
WIN$D,M15,1707490800,161435.0,161640.0,161430.0,161610.0,110422,5,457715
WIN$D,M15,1707491700,161610.0,161705.0,161500.0,161680.0,76487,5,306614
WIN$D,M15,1707492600,161685.0,161710.0,161485.0,161510.0,80868,5,322312
WIN$D,M15,1707493500,161505.0,161660.0,161490.0,161625.0,62581,5,247855
WIN$D,M15,1707494400,161625.0,161675.0,161505.0,161590.0,66340,5,271910
WIN$D,M15,1707495300,161590.0,161775.0,161520.0,161695.0,70943,5,293811
WIN$D,M15,1707496200,161690.0,161720.0,161570.0,161615.0,59398,5,235771
WIN$D,M15,1707497100,161615.0,161620.0,161415.0,161510.0,81252,5,307651
WIN$D,M15,1707498000,161510.0,161545.0,161320.0,161445.0,70531,5,273817
WIN$D,M15,1707498900,161450.0,161535.0,161425.0,161525.0,41777,5,160384
WIN$D,M15,1707499800,161525.0,161530.0,161235.0,161275.0,63839,5,243881
WIN$D,M15,1707500700,161270.0,161365.0,161240.0,161350.0,53661,5,176940
WIN$D,M15,1707501600,161355.0,161590.0,161290.0,161360.0,63769,5,207264
WIN$D,M15,1707502500,161360.0,161400.0,161235.0,161380.0,16931,5,73258
WIN$D,M15,1707915600,160500.0,160850.0,160230.0,160560.0,213551,5,639435
WIN$D,M15,1707916500,160560.0,160750.0,160395.0,160525.0,163273,5,579092
WIN$D,M15,1707917400,160520.0,160825.0,160515.0,160660.0,131833,5,509890
WIN$D,M15,1707918300,160660.0,160755.0,160435.0,160480.0,107893,5,393834
WIN$D,M15,1707919200,160475.0,160490.0,160130.0,160230.0,178607,5,661830
WIN$D,M15,1707920100,160235.0,160370.0,160145.0,160250.0,103524,5,384393
WIN$D,M15,1707921000,160255.0,160315.0,160110.0,160125.0,102353,5,403446
WIN$D,M15,1707921900,160130.0,160330.0,160085.0,160195.0,90147,5,336006
WIN$D,M15,1707922800,160190.0,160295.0,159960.0,159980.0,167023,5,663716
WIN$D,M15,1707923700,159985.0,160125.0,159940.0,160025.0,99884,5,392082
WIN$D,M15,1707924600,160025.0,160235.0,159985.0,160045.0,99136,5,393968
WIN$D,M15,1707925500,160045.0,160140.0,159845.0,160010.0,107077,5,422630
WIN$D,M15,1707926400,160010.0,160045.0,159905.0,159910.0,82651,5,329668
WIN$D,M15,1707927300,159905.0,160210.0,159890.0,160200.0,85989,5,340832
WIN$D,M15,1707928200,160200.0,160250.0,160090.0,160150.0,71116,5,269639
WIN$D,M15,1707929100,160150.0,160160.0,159955.0,159995.0,82331,5,334559
WIN$D,M15,1707930000,159995.0,160135.0,159980.0,160005.0,70134,5,269529
WIN$D,M15,1707930900,160005.0,160255.0,159995.0,160115.0,70262,5,281727
WIN$D,M15,1707931800,160110.0,160145.0,160005.0,160120.0,57022,5,227968
WIN$D,M15,1707932700,160120.0,160195.0,160050.0,160170.0,50372,5,190045
WIN$D,M15,1707933600,160170.0,160245.0,160130.0,160235.0,34297,5,124576
WIN$D,M15,1707934500,160235.0,160305.0,160215.0,160280.0,14861,5,72991
WIN$D,M15,1707987600,160545.0,160740.0,160455.0,160560.0,152403,5,473019
WIN$D,M15,1707988500,160565.0,160640.0,160445.0,160630.0,98096,5,336942
WIN$D,M15,1707989400,160635.0,160720.0,160605.0,160695.0,75924,5,264281
WIN$D,M15,1707990300,160700.0,160825.0,160685.0,160750.0,93393,5,330326
WIN$D,M15,1707991200,160745.0,160785.0,160430.0,160495.0,183799,5,658684
WIN$D,M15,1707992100,160500.0,160630.0,160330.0,160350.0,155069,5,574602
WIN$D,M15,1707993000,160355.0,160695.0,160330.0,160570.0,242097,5,922276
WIN$D,M15,1707993900,160570.0,160615.0,160205.0,160360.0,203821,5,764798
WIN$D,M15,1707994800,160360.0,160390.0,160065.0,160110.0,161054,5,597010
WIN$D,M15,1707995700,160110.0,160295.0,160085.0,160205.0,155685,5,564202
WIN$D,M15,1707996600,160205.0,160695.0,160175.0,160590.0,235927,5,855268
WIN$D,M15,1707997500,160590.0,160635.0,160400.0,160435.0,173051,5,638327
WIN$D,M15,1707998400,160435.0,160525.0,160300.0,160500.0,147305,5,541816
WIN$D,M15,1707999300,160500.0,160545.0,160240.0,160365.0,130687,5,498955
WIN$D,M15,1708000200,160365.0,160650.0,160365.0,160585.0,141569,5,543811
WIN$D,M15,1708001100,160580.0,160705.0,160555.0,160585.0,80518,5,307495
WIN$D,M15,1708002000,160580.0,160600.0,160310.0,160380.0,130786,5,494635
WIN$D,M15,1708002900,160385.0,160500.0,160345.0,160385.0,80604,5,299979
WIN$D,M15,1708003800,160390.0,160525.0,160295.0,160415.0,94277,5,336308
WIN$D,M15,1708004700,160415.0,160525.0,160345.0,160430.0,85118,5,316363
WIN$D,M15,1708005600,160435.0,160615.0,160415.0,160585.0,75071,5,281250
WIN$D,M15,1708006500,160590.0,160810.0,160555.0,160765.0,94892,5,378305
WIN$D,M15,1708007400,160765.0,160845.0,160680.0,160815.0,86464,5,330403
WIN$D,M15,1708008300,160815.0,160835.0,160620.0,160630.0,96045,5,358605
WIN$D,M15,1708009200,160625.0,160830.0,160605.0,160795.0,103786,5,399112
WIN$D,M15,1708010100,160795.0,160915.0,160740.0,160910.0,78961,5,307228
WIN$D,M15,1708011000,160910.0,160950.0,160645.0,160730.0,103508,5,392552
WIN$D,M15,1708011900,160735.0,160845.0,160720.0,160820.0,73269,5,273275
WIN$D,M15,1708012800,160820.0,160895.0,160695.0,160730.0,87392,5,324255
WIN$D,M15,1708013700,160730.0,160970.0,160715.0,160940.0,92504,5,351511
WIN$D,M15,1708014600,160940.0,161005.0,160870.0,160955.0,75708,5,288809
WIN$D,M15,1708015500,160950.0,161005.0,160850.0,160900.0,76244,5,294545
WIN$D,M15,1708016400,160900.0,160955.0,160820.0,160930.0,61328,5,229044
WIN$D,M15,1708017300,160925.0,160990.0,160865.0,160900.0,54791,5,212457
WIN$D,M15,1708018200,160895.0,160935.0,160820.0,160865.0,43222,5,177020
WIN$D,M15,1708019100,160870.0,160965.0,160835.0,160940.0,48918,5,201286
WIN$D,M15,1708020000,160940.0,160975.0,160855.0,160900.0,29736,5,123234
WIN$D,M15,1708020900,160900.0,160980.0,160815.0,160980.0,13057,5,76369
WIN$D,M15,1708074000,161260.0,161380.0,161165.0,161375.0,142556,5,465970
WIN$D,M15,1708074900,161380.0,161565.0,161345.0,161480.0,128376,5,476093
WIN$D,M15,1708075800,161480.0,161535.0,161415.0,161465.0,80703,5,279223
WIN$D,M15,1708076700,161465.0,161560.0,161455.0,161480.0,77095,5,277118
WIN$D,M15,1708077600,161480.0,161765.0,161455.0,161595.0,202639,5,784887
WIN$D,M15,1708078500,161595.0,161940.0,161485.0,161795.0,212633,5,781122
WIN$D,M15,1708079400,161795.0,161820.0,160900.0,160930.0,347465,5,1437425
WIN$D,M15,1708080300,160935.0,161145.0,160770.0,161130.0,209508,5,869616
WIN$D,M15,1708081200,161125.0,161425.0,161110.0,161180.0,191167,5,793045
WIN$D,M15,1708082100,161185.0,161285.0,161090.0,161255.0,121228,5,456750
WIN$D,M15,1708083000,161250.0,161440.0,161055.0,161265.0,200889,5,744307
WIN$D,M15,1708083900,161260.0,161460.0,161110.0,161165.0,163625,5,609608
WIN$D,M15,1708084800,161165.0,161870.0,161130.0,161830.0,180278,5,707461
WIN$D,M15,1708085700,161830.0,161930.0,161745.0,161825.0,113291,5,439373
WIN$D,M15,1708086600,161830.0,161845.0,161670.0,161760.0,112794,5,415387
WIN$D,M15,1708087500,161760.0,161810.0,161635.0,161690.0,77787,5,288845
WIN$D,M15,1708088400,161690.0,161755.0,161595.0,161635.0,69787,5,253720
WIN$D,M15,1708089300,161635.0,161670.0,161495.0,161580.0,73838,5,279280
WIN$D,M15,1708090200,161575.0,161620.0,161515.0,161575.0,68548,5,255288
WIN$D,M15,1708091100,161580.0,161605.0,161415.0,161460.0,80551,5,312487
WIN$D,M15,1708092000,161465.0,161515.0,161405.0,161490.0,69603,5,252757
WIN$D,M15,1708092900,161495.0,161605.0,161380.0,161595.0,87894,5,328748
WIN$D,M15,1708093800,161600.0,161625.0,161555.0,161615.0,52083,5,193353
WIN$D,M15,1708094700,161620.0,161835.0,161595.0,161830.0,88975,5,365188
WIN$D,M15,1708095600,161830.0,161895.0,161690.0,161750.0,108101,5,418751
WIN$D,M15,1708096500,161750.0,162120.0,161745.0,162085.0,112808,5,468222
WIN$D,M15,1708097400,162085.0,162125.0,161970.0,162025.0,87370,5,351067
WIN$D,M15,1708098300,162025.0,162090.0,161970.0,162045.0,62300,5,245593
WIN$D,M15,1708099200,162045.0,162175.0,162045.0,162075.0,66815,5,258915
WIN$D,M15,1708100100,162080.0,162235.0,162065.0,162185.0,64647,5,256845
WIN$D,M15,1708101000,162190.0,162245.0,162125.0,162220.0,52337,5,215264
WIN$D,M15,1708101900,162225.0,162225.0,161950.0,162050.0,117248,5,466199
WIN$D,M15,1708102800,162050.0,162050.0,161895.0,161940.0,68931,5,267584
WIN$D,M15,1708103700,161940.0,162110.0,161920.0,162075.0,66314,5,255004
WIN$D,M15,1708104600,162075.0,162120.0,161935.0,161980.0,55810,5,225027
WIN$D,M15,1708105500,161985.0,162020.0,161850.0,161885.0,61478,5,233425
WIN$D,M15,1708106400,161890.0,161945.0,161830.0,161920.0,34837,5,148751
WIN$D,M15,1708107300,161930.0,161945.0,161830.0,161910.0,13070,5,71200
WIN$D,M15,1708333200,161545.0,161655.0,161455.0,161500.0,105448,5,300653
WIN$D,M15,1708334100,161505.0,161560.0,161435.0,161510.0,60038,5,206953
WIN$D,M15,1708335000,161510.0,161575.0,161470.0,161520.0,54346,5,191789
WIN$D,M15,1708335900,161525.0,161535.0,161380.0,161400.0,68690,5,259681
WIN$D,M15,1708336800,161400.0,161460.0,161330.0,161395.0,122322,5,460382
WIN$D,M15,1708337700,161390.0,161525.0,161295.0,161305.0,154674,5,578623
WIN$D,M15,1708338600,161300.0,161360.0,161190.0,161220.0,114344,5,452530
WIN$D,M15,1708339500,161215.0,161355.0,161165.0,161335.0,102962,5,383147
WIN$D,M15,1708340400,161335.0,161385.0,161200.0,161315.0,136007,5,510129
WIN$D,M15,1708341300,161315.0,161600.0,161285.0,161505.0,153716,5,608244
WIN$D,M15,1708342200,161510.0,161620.0,161420.0,161490.0,135608,5,519175
WIN$D,M15,1708343100,161485.0,161570.0,161345.0,161525.0,134817,5,500295
WIN$D,M15,1708344000,161525.0,161675.0,161470.0,161565.0,133895,5,519654
WIN$D,M15,1708344900,161565.0,161670.0,161505.0,161565.0,82295,5,327974
WIN$D,M15,1708345800,161560.0,161610.0,161435.0,161590.0,94802,5,385871
WIN$D,M15,1708346700,161595.0,161650.0,161530.0,161565.0,56588,5,225859
WIN$D,M15,1708347600,161570.0,161730.0,161545.0,161685.0,83668,5,335551
WIN$D,M15,1708348500,161685.0,161795.0,161615.0,161780.0,63229,5,258594
WIN$D,M15,1708349400,161780.0,161785.0,161660.0,161710.0,58526,5,228163
WIN$D,M15,1708350300,161710.0,161805.0,161700.0,161795.0,49857,5,193130
WIN$D,M15,1708351200,161790.0,161825.0,161730.0,161775.0,44190,5,178037
WIN$D,M15,1708352100,161775.0,161805.0,161610.0,161800.0,92722,5,361381
WIN$D,M15,1708353000,161805.0,161855.0,161780.0,161825.0,48219,5,191865
WIN$D,M15,1708353900,161825.0,161850.0,161795.0,161825.0,23001,5,90967
WIN$D,M15,1708354800,161820.0,161880.0,161800.0,161855.0,41428,5,168003
WIN$D,M15,1708355700,161850.0,161865.0,161755.0,161815.0,50276,5,199674
WIN$D,M15,1708356600,161810.0,161815.0,161730.0,161775.0,43223,5,166644
WIN$D,M15,1708357500,161770.0,161780.0,161700.0,161750.0,35466,5,132525
WIN$D,M15,1708358400,161745.0,161810.0,161720.0,161765.0,54794,5,207767
WIN$D,M15,1708359300,161760.0,161800.0,161730.0,161775.0,28464,5,102940
WIN$D,M15,1708360200,161770.0,161855.0,161760.0,161820.0,37167,5,133493
WIN$D,M15,1708361100,161825.0,161850.0,161785.0,161820.0,28335,5,107476
WIN$D,M15,1708362000,161820.0,161965.0,161765.0,161920.0,51816,5,197576
WIN$D,M15,1708362900,161920.0,162025.0,161895.0,162000.0,37648,5,149763
WIN$D,M15,1708363800,161995.0,162020.0,161945.0,161995.0,31122,5,116618
WIN$D,M15,1708364700,161995.0,162050.0,161965.0,161995.0,30713,5,113736
WIN$D,M15,1708365600,162000.0,162110.0,162000.0,162080.0,27916,5,129596
WIN$D,M15,1708366500,162085.0,162145.0,162055.0,162115.0,16576,5,99521
WIN$D,M15,1708419600,161475.0,161520.0,161260.0,161385.0,125951,5,449575
WIN$D,M15,1708420500,161390.0,161390.0,161220.0,161285.0,105761,5,382540
WIN$D,M15,1708421400,161285.0,161340.0,161230.0,161280.0,84868,5,310488
WIN$D,M15,1708422300,161280.0,161315.0,161165.0,161300.0,101201,5,377217
WIN$D,M15,1708423200,161300.0,161750.0,161220.0,161625.0,272987,5,1026295
WIN$D,M15,1708424100,161630.0,161945.0,161550.0,161940.0,244820,5,899091
WIN$D,M15,1708425000,161935.0,162295.0,161895.0,162210.0,233739,5,928926
WIN$D,M15,1708425900,162205.0,162365.0,162145.0,162205.0,154773,5,608954
WIN$D,M15,1708426800,162205.0,162420.0,162160.0,162335.0,151787,5,571420
WIN$D,M15,1708427700,162335.0,162525.0,162265.0,162525.0,108254,5,452152
WIN$D,M15,1708428600,162520.0,162735.0,162445.0,162475.0,217778,5,955682
WIN$D,M15,1708429500,162475.0,162810.0,162470.0,162710.0,148754,5,618756
WIN$D,M15,1708430400,162710.0,162925.0,162660.0,162700.0,141191,5,592856
WIN$D,M15,1708431300,162700.0,162925.0,162695.0,162825.0,100209,5,419970
WIN$D,M15,1708432200,162825.0,162885.0,162715.0,162720.0,79805,5,322479
WIN$D,M15,1708433100,162720.0,162880.0,162715.0,162870.0,67253,5,269244
WIN$D,M15,1708434000,162870.0,162885.0,162735.0,162765.0,63713,5,267556
WIN$D,M15,1708434900,162760.0,162795.0,162635.0,162645.0,68065,5,277571
WIN$D,M15,1708435800,162650.0,162760.0,162595.0,162680.0,84467,5,334436
WIN$D,M15,1708436700,162675.0,162745.0,162570.0,162585.0,68172,5,267115
WIN$D,M15,1708437600,162590.0,162635.0,162530.0,162550.0,80182,5,316005
WIN$D,M15,1708438500,162555.0,162625.0,162520.0,162615.0,52970,5,203529
WIN$D,M15,1708439400,162620.0,162835.0,162555.0,162755.0,160496,5,671411
WIN$D,M15,1708440300,162750.0,162855.0,162675.0,162845.0,93674,5,382416
WIN$D,M15,1708441200,162850.0,162890.0,162670.0,162675.0,92958,5,376583
WIN$D,M15,1708442100,162675.0,162835.0,162620.0,162755.0,100280,5,402537
WIN$D,M15,1708443000,162750.0,162860.0,162685.0,162765.0,80978,5,313086
WIN$D,M15,1708443900,162765.0,162820.0,162690.0,162730.0,60383,5,247214
WIN$D,M15,1708444800,162730.0,162735.0,162580.0,162610.0,74275,5,337541
WIN$D,M15,1708445700,162615.0,162790.0,162570.0,162755.0,94501,5,404141
WIN$D,M15,1708446600,162755.0,162810.0,162715.0,162765.0,61741,5,262789
WIN$D,M15,1708447500,162770.0,162815.0,162725.0,162765.0,55303,5,235679
WIN$D,M15,1708448400,162765.0,162835.0,162665.0,162780.0,69378,5,301219
WIN$D,M15,1708449300,162785.0,162880.0,162750.0,162790.0,62490,5,278281
WIN$D,M15,1708450200,162785.0,162825.0,162695.0,162745.0,67522,5,272427
WIN$D,M15,1708451100,162745.0,162965.0,162730.0,162950.0,67446,5,256503
WIN$D,M15,1708452000,162955.0,163140.0,162925.0,163075.0,54250,5,242329
WIN$D,M15,1708452900,163070.0,163150.0,162935.0,163150.0,18723,5,94568
WIN$D,M15,1708506000,162600.0,162745.0,162565.0,162675.0,133705,5,403526
WIN$D,M15,1708506900,162675.0,162755.0,162540.0,162565.0,103499,5,349878
WIN$D,M15,1708507800,162570.0,162655.0,162540.0,162650.0,62407,5,208839
WIN$D,M15,1708508700,162650.0,162695.0,162580.0,162625.0,69306,5,224430
WIN$D,M15,1708509600,162625.0,162975.0,162620.0,162710.0,273439,5,927830
WIN$D,M15,1708510500,162710.0,162755.0,162555.0,162685.0,183860,5,656567
WIN$D,M15,1708511400,162685.0,162905.0,162655.0,162710.0,208682,5,829884
WIN$D,M15,1708512300,162710.0,162815.0,162615.0,162665.0,141671,5,555342
WIN$D,M15,1708513200,162670.0,162835.0,162615.0,162795.0,133748,5,526782
WIN$D,M15,1708514100,162795.0,162945.0,162710.0,162715.0,151302,5,578193
WIN$D,M15,1708515000,162715.0,163000.0,162630.0,162965.0,219245,5,858778
WIN$D,M15,1708515900,162970.0,163065.0,162755.0,162795.0,168475,5,627292
WIN$D,M15,1708516800,162795.0,162900.0,162720.0,162820.0,122267,5,450268
WIN$D,M15,1708517700,162820.0,162885.0,162590.0,162630.0,104110,5,399795
WIN$D,M15,1708518600,162630.0,162755.0,162535.0,162750.0,114073,5,415412
WIN$D,M15,1708519500,162745.0,162765.0,162645.0,162695.0,67006,5,247752
WIN$D,M15,1708520400,162700.0,162875.0,162700.0,162870.0,74695,5,275780
WIN$D,M15,1708521300,162870.0,162935.0,162710.0,162725.0,96723,5,363249
WIN$D,M15,1708522200,162720.0,162800.0,162575.0,162715.0,106602,5,404920
WIN$D,M15,1708523100,162710.0,162905.0,162705.0,162870.0,92762,5,364451
WIN$D,M15,1708524000,162870.0,162945.0,162640.0,162660.0,119424,5,451040
WIN$D,M15,1708524900,162660.0,162760.0,162600.0,162680.0,97489,5,388688
WIN$D,M15,1708525800,162675.0,162720.0,162405.0,162440.0,119486,5,460962
WIN$D,M15,1708526700,162440.0,162550.0,162380.0,162410.0,104892,5,410811
WIN$D,M15,1708527600,162405.0,162570.0,162295.0,162540.0,166123,5,634806
WIN$D,M15,1708528500,162540.0,162645.0,162490.0,162605.0,89807,5,342550
WIN$D,M15,1708529400,162605.0,162700.0,162545.0,162670.0,75401,5,279549
WIN$D,M15,1708530300,162665.0,162780.0,162650.0,162705.0,84676,5,323762
WIN$D,M15,1708531200,162710.0,162955.0,162540.0,162805.0,157676,5,613859
WIN$D,M15,1708532100,162800.0,162975.0,162715.0,162820.0,127841,5,505809
WIN$D,M15,1708533000,162820.0,162860.0,162695.0,162715.0,73052,5,280642
WIN$D,M15,1708533900,162715.0,163000.0,162690.0,162905.0,82246,5,327965
WIN$D,M15,1708534800,162905.0,162910.0,162710.0,162755.0,69316,5,253068
WIN$D,M15,1708535700,162760.0,162855.0,162690.0,162820.0,62769,5,239551
WIN$D,M15,1708536600,162825.0,163000.0,162810.0,162935.0,65461,5,254078
WIN$D,M15,1708537500,162935.0,163090.0,162875.0,163070.0,67324,5,250865
WIN$D,M15,1708538400,163075.0,163115.0,163020.0,163100.0,34711,5,140947
WIN$D,M15,1708539300,163100.0,163325.0,162965.0,163325.0,21990,5,128068
WIN$D,M15,1708592400,164030.0,164080.0,163695.0,163885.0,169992,5,555293
WIN$D,M15,1708593300,163885.0,163925.0,163705.0,163740.0,81689,5,276802
WIN$D,M15,1708594200,163735.0,163745.0,163620.0,163635.0,66716,5,236376
WIN$D,M15,1708595100,163635.0,163745.0,163595.0,163610.0,76894,5,263639
WIN$D,M15,1708596000,163615.0,163650.0,163520.0,163540.0,101459,5,368940
WIN$D,M15,1708596900,163540.0,163675.0,163475.0,163585.0,138858,5,480273
WIN$D,M15,1708597800,163585.0,163725.0,163395.0,163715.0,199756,5,683880
WIN$D,M15,1708598700,163715.0,163810.0,163485.0,163510.0,190865,5,677758
WIN$D,M15,1708599600,163510.0,163585.0,163450.0,163565.0,109221,5,413128
WIN$D,M15,1708600500,163565.0,163620.0,163415.0,163555.0,128386,5,495977
WIN$D,M15,1708601400,163555.0,163605.0,163150.0,163290.0,226201,5,904511
WIN$D,M15,1708602300,163290.0,163510.0,163160.0,163270.0,203470,5,798304
WIN$D,M15,1708603200,163270.0,163325.0,163035.0,163190.0,167206,5,668101
WIN$D,M15,1708604100,163190.0,163220.0,163005.0,163140.0,130854,5,505908
WIN$D,M15,1708605000,163140.0,163180.0,162990.0,163065.0,99454,5,381247
WIN$D,M15,1708605900,163070.0,163095.0,162950.0,163095.0,98117,5,378987
WIN$D,M15,1708606800,163095.0,163180.0,163045.0,163155.0,91873,5,339647
WIN$D,M15,1708607700,163150.0,163230.0,163105.0,163215.0,64674,5,244946
WIN$D,M15,1708608600,163215.0,163250.0,163135.0,163145.0,69403,5,267362
WIN$D,M15,1708609500,163145.0,163260.0,163085.0,163195.0,80614,5,305279
WIN$D,M15,1708610400,163195.0,163260.0,163155.0,163205.0,51530,5,191207
WIN$D,M15,1708611300,163205.0,163295.0,163155.0,163275.0,60396,5,228701
WIN$D,M15,1708612200,163270.0,163320.0,163025.0,163055.0,105955,5,419262
WIN$D,M15,1708613100,163050.0,163105.0,162990.0,163000.0,90090,5,342804
WIN$D,M15,1708614000,163000.0,163080.0,162900.0,162915.0,116947,5,473491
WIN$D,M15,1708614900,162915.0,163195.0,162905.0,163175.0,92396,5,369357
WIN$D,M15,1708615800,163175.0,163305.0,163130.0,163285.0,87766,5,353789
WIN$D,M15,1708616700,163285.0,163435.0,163255.0,163420.0,80675,5,333331
WIN$D,M15,1708617600,163415.0,163580.0,163370.0,163565.0,104047,5,440489
WIN$D,M15,1708618500,163560.0,163685.0,163525.0,163580.0,82676,5,362926
WIN$D,M15,1708619400,163585.0,163640.0,163440.0,163455.0,91926,5,392033
WIN$D,M15,1708620300,163455.0,163510.0,163390.0,163405.0,71591,5,310540
WIN$D,M15,1708621200,163410.0,163455.0,163160.0,163185.0,89470,5,388881
WIN$D,M15,1708622100,163185.0,163210.0,163010.0,163140.0,100927,5,461734
WIN$D,M15,1708623000,163140.0,163290.0,163060.0,163230.0,74560,5,319343
WIN$D,M15,1708623900,163235.0,163265.0,162990.0,163045.0,80857,5,319555
WIN$D,M15,1708624800,163045.0,163170.0,163030.0,163085.0,43197,5,165996
WIN$D,M15,1708625700,163085.0,163185.0,163055.0,163135.0,15906,5,81924
WIN$D,M15,1708678800,163340.0,163400.0,163165.0,163325.0,113905,5,365307
WIN$D,M15,1708679700,163325.0,163430.0,163245.0,163420.0,95172,5,344899
WIN$D,M15,1708680600,163415.0,163525.0,163380.0,163490.0,73819,5,275858
WIN$D,M15,1708681500,163490.0,163525.0,163435.0,163470.0,56566,5,193843
WIN$D,M15,1708682400,163470.0,163495.0,163310.0,163415.0,181816,5,644941
WIN$D,M15,1708683300,163420.0,163545.0,163230.0,163275.0,156670,5,576866
WIN$D,M15,1708684200,163275.0,163560.0,163245.0,163330.0,197188,5,754221
WIN$D,M15,1708685100,163330.0,163345.0,163115.0,163160.0,156852,5,641919
WIN$D,M15,1708686000,163165.0,163165.0,162770.0,162815.0,181824,5,765961
WIN$D,M15,1708686900,162815.0,162855.0,162685.0,162745.0,113239,5,509352
WIN$D,M15,1708687800,162750.0,162815.0,162535.0,162615.0,168168,5,714031
WIN$D,M15,1708688700,162615.0,162720.0,162585.0,162655.0,102491,5,421695
WIN$D,M15,1708689600,162650.0,162655.0,162505.0,162585.0,90053,5,365355
WIN$D,M15,1708690500,162590.0,162730.0,162570.0,162680.0,75138,5,305909
WIN$D,M15,1708691400,162680.0,162735.0,162535.0,162570.0,77321,5,313203
WIN$D,M15,1708692300,162570.0,162600.0,162395.0,162445.0,104403,5,414301
WIN$D,M15,1708693200,162440.0,162450.0,161945.0,161945.0,182192,5,804063
WIN$D,M15,1708694100,161945.0,162100.0,161940.0,162025.0,91018,5,393566
WIN$D,M15,1708695000,162030.0,162195.0,162015.0,162175.0,80495,5,336335
WIN$D,M15,1708695900,162175.0,162360.0,162170.0,162290.0,91671,5,382913
WIN$D,M15,1708696800,162285.0,162465.0,162280.0,162440.0,81184,5,348327
WIN$D,M15,1708697700,162440.0,162490.0,162355.0,162400.0,80815,5,335361
WIN$D,M15,1708698600,162400.0,162535.0,162295.0,162510.0,100113,5,414796
WIN$D,M15,1708699500,162510.0,162555.0,162450.0,162530.0,63669,5,258316
WIN$D,M15,1708700400,162525.0,162600.0,162505.0,162550.0,66599,5,279392
WIN$D,M15,1708701300,162550.0,162570.0,162345.0,162465.0,94341,5,392247
WIN$D,M15,1708702200,162465.0,162555.0,162400.0,162415.0,76680,5,328815
WIN$D,M15,1708703100,162410.0,162445.0,162220.0,162270.0,81492,5,344269
WIN$D,M15,1708704000,162270.0,162310.0,162125.0,162275.0,97484,5,413128
WIN$D,M15,1708704900,162270.0,162290.0,162120.0,162195.0,70570,5,287764
WIN$D,M15,1708705800,162200.0,162220.0,162080.0,162095.0,60345,5,255539
WIN$D,M15,1708706700,162095.0,162255.0,162040.0,162240.0,78229,5,344779
WIN$D,M15,1708707600,162240.0,162335.0,162195.0,162235.0,64458,5,270254
WIN$D,M15,1708708500,162230.0,162325.0,162220.0,162255.0,45949,5,192004
WIN$D,M15,1708709400,162255.0,162355.0,162145.0,162300.0,67630,5,301901
WIN$D,M15,1708710300,162295.0,162355.0,162260.0,162265.0,44105,5,175751
WIN$D,M15,1708711200,162260.0,162350.0,162225.0,162340.0,37341,5,134262
WIN$D,M15,1708712100,162335.0,162595.0,162325.0,162595.0,17767,5,91466
WIN$D,M15,1708938000,162315.0,162400.0,162090.0,162245.0,140198,5,408454
WIN$D,M15,1708938900,162245.0,162285.0,162080.0,162125.0,70838,5,229712
WIN$D,M15,1708939800,162130.0,162160.0,162060.0,162100.0,60553,5,203391
WIN$D,M15,1708940700,162100.0,162105.0,161960.0,161980.0,64417,5,229302
WIN$D,M15,1708941600,161980.0,162085.0,161940.0,162015.0,117755,5,428890
WIN$D,M15,1708942500,162010.0,162285.0,161940.0,162130.0,209394,5,773389
WIN$D,M15,1708943400,162130.0,162650.0,162085.0,162625.0,184393,5,715900
WIN$D,M15,1708944300,162625.0,162865.0,162615.0,162815.0,135371,5,539874
WIN$D,M15,1708945200,162810.0,162835.0,162560.0,162600.0,104922,5,395052
WIN$D,M15,1708946100,162595.0,162630.0,162420.0,162475.0,112150,5,436488
WIN$D,M15,1708947000,162475.0,162605.0,162320.0,162435.0,186396,5,706307
WIN$D,M15,1708947900,162430.0,162685.0,162385.0,162625.0,128111,5,458753
WIN$D,M15,1708948800,162625.0,162800.0,162350.0,162360.0,155607,5,575922
WIN$D,M15,1708949700,162365.0,162435.0,162230.0,162265.0,112168,5,433457
WIN$D,M15,1708950600,162260.0,162305.0,162140.0,162160.0,86866,5,330552
WIN$D,M15,1708951500,162160.0,162240.0,162095.0,162160.0,77094,5,297404
WIN$D,M15,1708952400,162155.0,162185.0,162010.0,162070.0,84276,5,356744
WIN$D,M15,1708953300,162070.0,162150.0,162000.0,162060.0,64272,5,258693
WIN$D,M15,1708954200,162060.0,162135.0,162015.0,162040.0,59736,5,263712
WIN$D,M15,1708955100,162040.0,162220.0,162025.0,162140.0,73883,5,315899
WIN$D,M15,1708956000,162145.0,162265.0,162090.0,162260.0,64991,5,256997
WIN$D,M15,1708956900,162260.0,162630.0,162240.0,162575.0,103943,5,456886
WIN$D,M15,1708957800,162570.0,162680.0,162535.0,162630.0,100764,5,426439
WIN$D,M15,1708958700,162630.0,162705.0,162515.0,162600.0,86459,5,351049
WIN$D,M15,1708959600,162600.0,162630.0,162515.0,162600.0,59053,5,254537
WIN$D,M15,1708960500,162600.0,162600.0,162460.0,162505.0,74031,5,310312
WIN$D,M15,1708961400,162505.0,162605.0,162435.0,162495.0,80320,5,331587
WIN$D,M15,1708962300,162495.0,162635.0,162475.0,162620.0,58627,5,245430
WIN$D,M15,1708963200,162620.0,162665.0,162505.0,162550.0,74782,5,309662
WIN$D,M15,1708964100,162545.0,162615.0,162490.0,162500.0,55691,5,229564
WIN$D,M15,1708965000,162500.0,162510.0,162405.0,162435.0,57858,5,241333
WIN$D,M15,1708965900,162430.0,162555.0,162410.0,162535.0,55077,5,230794
WIN$D,M15,1708966800,162535.0,162665.0,162520.0,162625.0,61177,5,270849
WIN$D,M15,1708967700,162630.0,162665.0,162580.0,162585.0,45272,5,197144
WIN$D,M15,1708968600,162585.0,162585.0,162490.0,162520.0,49569,5,207081
WIN$D,M15,1708969500,162525.0,162595.0,162440.0,162505.0,58541,5,239191
WIN$D,M15,1708970400,162495.0,162610.0,162415.0,162600.0,38886,5,136647
WIN$D,M15,1708971300,162600.0,162605.0,162365.0,162365.0,15198,5,82927
WIN$D,M15,1709024400,162930.0,163345.0,162910.0,163220.0,166423,5,511576
WIN$D,M15,1709025300,163215.0,163435.0,163215.0,163415.0,95818,5,346602
WIN$D,M15,1709026200,163410.0,163475.0,163405.0,163450.0,53666,5,193209
WIN$D,M15,1709027100,163445.0,163555.0,163440.0,163470.0,83004,5,316999
WIN$D,M15,1709028000,163465.0,163755.0,163440.0,163700.0,170919,5,662316
WIN$D,M15,1709028900,163700.0,163950.0,163605.0,163890.0,187929,5,751546
WIN$D,M15,1709029800,163890.0,164020.0,163790.0,163845.0,159703,5,616918
WIN$D,M15,1709030700,163845.0,163945.0,163805.0,163815.0,94162,5,342745
WIN$D,M15,1709031600,163815.0,163880.0,163710.0,163795.0,117071,5,452147
WIN$D,M15,1709032500,163795.0,164000.0,163785.0,163990.0,140895,5,517079
WIN$D,M15,1709033400,163990.0,164110.0,163885.0,163945.0,169326,5,651249
WIN$D,M15,1709034300,163945.0,164090.0,163855.0,164055.0,132716,5,495985
WIN$D,M15,1709035200,164050.0,164235.0,164045.0,164130.0,151460,5,595209
WIN$D,M15,1709036100,164130.0,164215.0,164110.0,164155.0,59988,5,222634
WIN$D,M15,1709037000,164150.0,164180.0,164075.0,164085.0,50983,5,196330
WIN$D,M15,1709037900,164080.0,164180.0,164065.0,164145.0,62764,5,243871
WIN$D,M15,1709038800,164145.0,164165.0,164080.0,164135.0,39548,5,147226
WIN$D,M15,1709039700,164135.0,164345.0,164110.0,164200.0,88585,5,367881
WIN$D,M15,1709040600,164200.0,164290.0,164110.0,164150.0,73438,5,293598
WIN$D,M15,1709041500,164145.0,164345.0,164145.0,164255.0,81207,5,327857
WIN$D,M15,1709042400,164260.0,164310.0,164215.0,164245.0,52095,5,201638
WIN$D,M15,1709043300,164240.0,164250.0,164155.0,164175.0,64336,5,253826
WIN$D,M15,1709044200,164175.0,164225.0,164140.0,164215.0,48850,5,187425
WIN$D,M15,1709045100,164215.0,164270.0,164145.0,164200.0,66788,5,270487
WIN$D,M15,1709046000,164195.0,164475.0,164155.0,164415.0,137035,5,577177
WIN$D,M15,1709046900,164415.0,164455.0,164315.0,164330.0,65234,5,285255
WIN$D,M15,1709047800,164325.0,164450.0,164310.0,164390.0,61959,5,277521
WIN$D,M15,1709048700,164390.0,164560.0,164355.0,164485.0,91351,5,401263
WIN$D,M15,1709049600,164480.0,164575.0,164435.0,164530.0,64636,5,265532
WIN$D,M15,1709050500,164525.0,164575.0,164465.0,164490.0,53043,5,212737
WIN$D,M15,1709051400,164485.0,164540.0,164405.0,164425.0,58484,5,240680
WIN$D,M15,1709052300,164420.0,164490.0,164375.0,164460.0,60633,5,249010
WIN$D,M15,1709053200,164465.0,164560.0,164365.0,164460.0,80475,5,337083
WIN$D,M15,1709054100,164460.0,164500.0,164395.0,164435.0,55301,5,229889
WIN$D,M15,1709055000,164435.0,164540.0,164420.0,164495.0,45876,5,202114
WIN$D,M15,1709055900,164495.0,164665.0,164475.0,164615.0,65191,5,283333
WIN$D,M15,1709056800,164620.0,164680.0,164555.0,164655.0,50379,5,189443
WIN$D,M15,1709057700,164650.0,164675.0,164455.0,164455.0,24216,5,116630
WIN$D,M15,1709110800,163980.0,164000.0,163740.0,163900.0,149708,5,424630
WIN$D,M15,1709111700,163900.0,163920.0,163770.0,163780.0,78880,5,260965
WIN$D,M15,1709112600,163780.0,163855.0,163720.0,163855.0,89600,5,301789
WIN$D,M15,1709113500,163855.0,163920.0,163825.0,163870.0,63149,5,213314
WIN$D,M15,1709114400,163870.0,164075.0,163840.0,164000.0,138499,5,492944
WIN$D,M15,1709115300,163995.0,164160.0,163770.0,163835.0,186339,5,680518
WIN$D,M15,1709116200,163840.0,164140.0,163745.0,163840.0,202638,5,763157
WIN$D,M15,1709117100,163845.0,164000.0,163760.0,163895.0,152189,5,562998
WIN$D,M15,1709118000,163895.0,163910.0,163695.0,163820.0,128596,5,477013
WIN$D,M15,1709118900,163820.0,163905.0,163720.0,163725.0,85765,5,331948
WIN$D,M15,1709119800,163720.0,163890.0,163460.0,163835.0,244520,5,968066
WIN$D,M15,1709120700,163835.0,163930.0,163520.0,163590.0,188230,5,717393
WIN$D,M15,1709121600,163590.0,163865.0,163515.0,163790.0,122085,5,462129
WIN$D,M15,1709122500,163785.0,163840.0,163640.0,163665.0,110107,5,415303
WIN$D,M15,1709123400,163665.0,163835.0,163625.0,163800.0,80571,5,302913
WIN$D,M15,1709124300,163795.0,163875.0,163705.0,163780.0,92442,5,358440
WIN$D,M15,1709125200,163780.0,163860.0,163485.0,163665.0,138691,5,546772
WIN$D,M15,1709126100,163665.0,163720.0,163560.0,163625.0,78102,5,289646
WIN$D,M15,1709127000,163620.0,163650.0,163390.0,163455.0,124747,5,475533
WIN$D,M15,1709127900,163455.0,163530.0,163380.0,163520.0,85537,5,326005
WIN$D,M15,1709128800,163515.0,163565.0,163385.0,163450.0,97316,5,364285
WIN$D,M15,1709129700,163450.0,163460.0,163085.0,163115.0,125697,5,518880
WIN$D,M15,1709130600,163120.0,163155.0,162960.0,163015.0,102399,5,414260
WIN$D,M15,1709131500,163015.0,163140.0,162980.0,163065.0,74167,5,291080
WIN$D,M15,1709132400,163060.0,163110.0,162835.0,162965.0,125700,5,496079
WIN$D,M15,1709133300,162965.0,163115.0,162885.0,163110.0,100278,5,409221
WIN$D,M15,1709134200,163110.0,163200.0,163020.0,163065.0,95447,5,373031
WIN$D,M15,1709135100,163065.0,163090.0,162705.0,162725.0,135923,5,573823
WIN$D,M15,1709136000,162720.0,162795.0,162500.0,162570.0,141749,5,612751
WIN$D,M15,1709136900,162570.0,162770.0,162545.0,162705.0,91583,5,395272
WIN$D,M15,1709137800,162700.0,162740.0,162600.0,162655.0,79990,5,295749
WIN$D,M15,1709138700,162660.0,162935.0,162660.0,162810.0,100197,5,435682
WIN$D,M15,1709139600,162810.0,163025.0,162790.0,162940.0,87734,5,366004
WIN$D,M15,1709140500,162945.0,162965.0,162860.0,162955.0,46108,5,183567
WIN$D,M15,1709141400,162960.0,163025.0,162910.0,162995.0,48033,5,194039
WIN$D,M15,1709142300,162990.0,163000.0,162815.0,162915.0,62630,5,241497
WIN$D,M15,1709143200,162915.0,162940.0,162795.0,162845.0,49367,5,163285
WIN$D,M15,1709144100,162845.0,162965.0,162750.0,162905.0,24349,5,103053
WIN$D,M15,1709197200,163280.0,163350.0,162655.0,162670.0,193935,5,583873
WIN$D,M15,1709198100,162670.0,162680.0,162570.0,162645.0,76967,5,294179
WIN$D,M15,1709199000,162650.0,162670.0,162490.0,162515.0,84949,5,320800
WIN$D,M15,1709199900,162520.0,162555.0,162365.0,162375.0,75003,5,300438
WIN$D,M15,1709200800,162370.0,162400.0,162225.0,162320.0,135973,5,561000
WIN$D,M15,1709201700,162315.0,162375.0,161990.0,162245.0,164327,5,652951
WIN$D,M15,1709202600,162245.0,162600.0,162215.0,162365.0,295794,5,1111840
WIN$D,M15,1709203500,162365.0,162500.0,162080.0,162100.0,189544,5,751697
WIN$D,M15,1709204400,162105.0,162200.0,161905.0,162040.0,206606,5,818820
WIN$D,M15,1709205300,162035.0,162130.0,161925.0,161970.0,135582,5,530448
WIN$D,M15,1709206200,161965.0,162010.0,161655.0,161745.0,201126,5,846571
WIN$D,M15,1709207100,161745.0,161940.0,161625.0,161910.0,133739,5,521643
WIN$D,M15,1709208000,161910.0,162150.0,161775.0,161835.0,168125,5,692508
WIN$D,M15,1709208900,161840.0,161980.0,161660.0,161970.0,121481,5,450707
WIN$D,M15,1709209800,161970.0,162000.0,161600.0,161625.0,129336,5,476881
WIN$D,M15,1709210700,161625.0,161785.0,161545.0,161755.0,112023,5,421250
WIN$D,M15,1709211600,161755.0,161875.0,161705.0,161750.0,87221,5,337739
WIN$D,M15,1709212500,161750.0,161875.0,161700.0,161710.0,71744,5,275085
WIN$D,M15,1709213400,161710.0,161820.0,161615.0,161780.0,114158,5,452695
WIN$D,M15,1709214300,161780.0,161835.0,161670.0,161810.0,75242,5,303898
WIN$D,M15,1709215200,161810.0,161860.0,161645.0,161715.0,79653,5,312615
WIN$D,M15,1709216100,161720.0,161780.0,161645.0,161660.0,61502,5,225402
WIN$D,M15,1709217000,161660.0,161755.0,161590.0,161690.0,74258,5,270230
WIN$D,M15,1709217900,161695.0,161865.0,161670.0,161810.0,76685,5,324158
WIN$D,M15,1709218800,161810.0,161810.0,161710.0,161800.0,64089,5,256719
WIN$D,M15,1709219700,161805.0,161820.0,161715.0,161775.0,51386,5,206705
WIN$D,M15,1709220600,161775.0,161850.0,161695.0,161705.0,64056,5,250383
WIN$D,M15,1709221500,161705.0,161730.0,161630.0,161710.0,57665,5,238692
WIN$D,M15,1709222400,161715.0,161805.0,161610.0,161705.0,78142,5,320454
WIN$D,M15,1709223300,161700.0,161700.0,161500.0,161520.0,80888,5,325316
WIN$D,M15,1709224200,161520.0,161585.0,161350.0,161370.0,103716,5,442357
WIN$D,M15,1709225100,161375.0,161545.0,161365.0,161530.0,79001,5,336788
WIN$D,M15,1709226000,161530.0,161585.0,161420.0,161475.0,67556,5,274771
WIN$D,M15,1709226900,161475.0,161665.0,161460.0,161650.0,64325,5,262243
WIN$D,M15,1709227800,161655.0,161850.0,161580.0,161780.0,74975,5,332871
WIN$D,M15,1709228700,161780.0,161850.0,161665.0,161680.0,69165,5,285968
WIN$D,M15,1709229600,161675.0,161780.0,161630.0,161715.0,52201,5,178378
WIN$D,M15,1709230500,161710.0,161975.0,161705.0,161880.0,26908,5,133398
WIN$D,M15,1709283600,162050.0,162345.0,161700.0,162315.0,179394,5,538891
WIN$D,M15,1709284500,162315.0,162395.0,162225.0,162365.0,74053,5,242581
WIN$D,M15,1709285400,162370.0,162375.0,162180.0,162195.0,94550,5,327170
WIN$D,M15,1709286300,162200.0,162235.0,162085.0,162100.0,77875,5,267876
WIN$D,M15,1709287200,162095.0,162115.0,161650.0,161745.0,205776,5,784587
WIN$D,M15,1709288100,161745.0,162060.0,161665.0,162040.0,162490,5,613598
WIN$D,M15,1709289000,162040.0,162080.0,161860.0,161925.0,168402,5,640459
WIN$D,M15,1709289900,161930.0,161975.0,161840.0,161860.0,98713,5,374234
WIN$D,M15,1709290800,161860.0,161960.0,161805.0,161890.0,99252,5,370101
WIN$D,M15,1709291700,161895.0,162100.0,161850.0,162060.0,95410,5,369318
WIN$D,M15,1709292600,162060.0,162075.0,161675.0,161680.0,198361,5,769926
WIN$D,M15,1709293500,161680.0,161685.0,161310.0,161355.0,176658,5,704330
WIN$D,M15,1709294400,161355.0,161895.0,161350.0,161860.0,222918,5,894370
WIN$D,M15,1709295300,161860.0,162055.0,161815.0,162055.0,140358,5,546417
WIN$D,M15,1709296200,162050.0,162305.0,161900.0,162285.0,145745,5,587140
WIN$D,M15,1709297100,162280.0,162375.0,162255.0,162335.0,83839,5,338398
WIN$D,M15,1709298000,162335.0,162370.0,162225.0,162340.0,74638,5,307543
WIN$D,M15,1709298900,162340.0,162350.0,162150.0,162200.0,76247,5,300378
WIN$D,M15,1709299800,162200.0,162260.0,162105.0,162140.0,63047,5,241235
WIN$D,M15,1709300700,162140.0,162175.0,162050.0,162165.0,64626,5,239189
WIN$D,M15,1709301600,162165.0,162200.0,162075.0,162190.0,63045,5,231689
WIN$D,M15,1709302500,162190.0,162235.0,162130.0,162185.0,62169,5,253221
WIN$D,M15,1709303400,162190.0,162235.0,162140.0,162145.0,51264,5,217860
WIN$D,M15,1709304300,162145.0,162160.0,161750.0,161810.0,127864,5,511525
WIN$D,M15,1709305200,161815.0,161965.0,161770.0,161855.0,106911,5,413134
WIN$D,M15,1709306100,161855.0,161900.0,161770.0,161810.0,72006,5,270160
WIN$D,M15,1709307000,161815.0,162010.0,161810.0,161980.0,71578,5,281981
WIN$D,M15,1709307900,161975.0,161980.0,161735.0,161735.0,91612,5,330679
WIN$D,M15,1709308800,161740.0,161825.0,161645.0,161770.0,109772,5,412529
WIN$D,M15,1709309700,161775.0,161890.0,161760.0,161845.0,65285,5,241213
WIN$D,M15,1709310600,161845.0,161915.0,161790.0,161895.0,59496,5,219324
WIN$D,M15,1709311500,161895.0,161980.0,161820.0,161955.0,58285,5,222945
WIN$D,M15,1709312400,161950.0,161950.0,161800.0,161905.0,66700,5,244926
WIN$D,M15,1709313300,161905.0,161920.0,161830.0,161880.0,42483,5,155203
WIN$D,M15,1709314200,161880.0,161925.0,161835.0,161875.0,40496,5,166635
WIN$D,M15,1709315100,161870.0,161975.0,161865.0,161895.0,48533,5,175996
WIN$D,M15,1709316000,161895.0,161940.0,161735.0,161755.0,39913,5,147992
WIN$D,M15,1709316900,161750.0,161790.0,161580.0,161580.0,18995,5,85412
WIN$D,M15,1709542800,161760.0,161955.0,161650.0,161725.0,153249,5,433071
WIN$D,M15,1709543700,161725.0,161835.0,161715.0,161765.0,64563,5,202009
WIN$D,M15,1709544600,161770.0,161800.0,161700.0,161710.0,59137,5,188748
WIN$D,M15,1709545500,161705.0,161825.0,161665.0,161690.0,85049,5,289607
WIN$D,M15,1709546400,161695.0,161895.0,161650.0,161815.0,148867,5,522829
WIN$D,M15,1709547300,161820.0,161880.0,161490.0,161600.0,205661,5,762797
WIN$D,M15,1709548200,161595.0,161905.0,161580.0,161745.0,178305,5,643171
WIN$D,M15,1709549100,161745.0,161795.0,161655.0,161675.0,126132,5,461653
WIN$D,M15,1709550000,161670.0,161710.0,161405.0,161445.0,172978,5,627652
WIN$D,M15,1709550900,161440.0,161485.0,161190.0,161230.0,142203,5,523989
WIN$D,M15,1709551800,161230.0,161245.0,160970.0,161015.0,152696,5,592835
WIN$D,M15,1709552700,161015.0,161095.0,160945.0,161070.0,109164,5,408574
WIN$D,M15,1709553600,161065.0,161075.0,160845.0,160865.0,116696,5,454960
WIN$D,M15,1709554500,160865.0,160935.0,160820.0,160865.0,63827,5,233682
WIN$D,M15,1709555400,160865.0,160955.0,160835.0,160920.0,68102,5,252692
WIN$D,M15,1709556300,160915.0,160995.0,160870.0,160945.0,62875,5,239746
WIN$D,M15,1709557200,160945.0,161150.0,160925.0,161145.0,82800,5,332273
WIN$D,M15,1709558100,161140.0,161225.0,161100.0,161210.0,61319,5,253995
WIN$D,M15,1709559000,161210.0,161350.0,161205.0,161305.0,85508,5,370142
WIN$D,M15,1709559900,161305.0,161365.0,161245.0,161250.0,72410,5,305208
WIN$D,M15,1709560800,161255.0,161300.0,161170.0,161280.0,77820,5,312439
WIN$D,M15,1709561700,161280.0,161285.0,161125.0,161160.0,70434,5,290352
WIN$D,M15,1709562600,161160.0,161165.0,161050.0,161055.0,67271,5,274937
WIN$D,M15,1709563500,161055.0,161125.0,161010.0,161065.0,68450,5,274392
WIN$D,M15,1709564400,161065.0,161115.0,160980.0,160995.0,58240,5,233583
WIN$D,M15,1709565300,160995.0,161085.0,160945.0,161075.0,67567,5,268186
WIN$D,M15,1709566200,161080.0,161135.0,161040.0,161100.0,63006,5,255992
WIN$D,M15,1709567100,161100.0,161105.0,161030.0,161070.0,43964,5,175032
WIN$D,M15,1709568000,161070.0,161090.0,160980.0,161005.0,45997,5,169678
WIN$D,M15,1709568900,161010.0,161035.0,160925.0,160975.0,58354,5,230863
WIN$D,M15,1709569800,160975.0,161125.0,160945.0,161075.0,68925,5,283025
WIN$D,M15,1709570700,161075.0,161105.0,161015.0,161025.0,50140,5,214362
WIN$D,M15,1709571600,161025.0,161110.0,161025.0,161045.0,38020,5,159485
WIN$D,M15,1709572500,161045.0,161070.0,160960.0,161045.0,53110,5,224913
WIN$D,M15,1709573400,161050.0,161065.0,160925.0,160995.0,61594,5,271663
WIN$D,M15,1709574300,160995.0,161000.0,160900.0,160970.0,51894,5,199270
WIN$D,M15,1709575200,160970.0,160980.0,160900.0,160935.0,35587,5,121586
WIN$D,M15,1709576100,160935.0,161010.0,160895.0,160895.0,22046,5,87464
WIN$D,M15,1709629200,160780.0,161160.0,160705.0,160930.0,180084,5,531889
WIN$D,M15,1709630100,160935.0,161125.0,160925.0,161040.0,102713,5,346237
WIN$D,M15,1709631000,161040.0,161070.0,160975.0,161050.0,63344,5,213356
WIN$D,M15,1709631900,161050.0,161120.0,160945.0,160975.0,88696,5,316051
WIN$D,M15,1709632800,160980.0,161055.0,160885.0,161010.0,173859,5,612625
WIN$D,M15,1709633700,161005.0,161150.0,160805.0,160900.0,230561,5,865135
WIN$D,M15,1709634600,160905.0,161095.0,160750.0,160825.0,173661,5,650202
WIN$D,M15,1709635500,160820.0,160940.0,160765.0,160925.0,119622,5,451527
WIN$D,M15,1709636400,160925.0,161070.0,160905.0,160940.0,129153,5,506064
WIN$D,M15,1709637300,160945.0,161240.0,160935.0,161070.0,164772,5,665006
WIN$D,M15,1709638200,161070.0,161100.0,160895.0,160995.0,180708,5,702918
WIN$D,M15,1709639100,160995.0,161055.0,160835.0,160925.0,123157,5,467824
WIN$D,M15,1709640000,160930.0,161600.0,160925.0,161285.0,261109,5,1077081
WIN$D,M15,1709640900,161290.0,161565.0,161155.0,161220.0,160987,5,626195
WIN$D,M15,1709641800,161215.0,161395.0,161090.0,161395.0,118971,5,449389
WIN$D,M15,1709642700,161395.0,161410.0,161160.0,161310.0,96509,5,364805
WIN$D,M15,1709643600,161310.0,161330.0,161180.0,161190.0,61771,5,237410
WIN$D,M15,1709644500,161185.0,161205.0,160940.0,161010.0,96742,5,380555
WIN$D,M15,1709645400,161005.0,161095.0,160635.0,160695.0,115801,5,465120
WIN$D,M15,1709646300,160700.0,160995.0,160665.0,160960.0,122410,5,484786
WIN$D,M15,1709647200,160960.0,161060.0,160905.0,161030.0,66850,5,267269
WIN$D,M15,1709648100,161030.0,161145.0,160985.0,161110.0,63768,5,254774
WIN$D,M15,1709649000,161110.0,161115.0,160835.0,160910.0,93906,5,367626
WIN$D,M15,1709649900,160905.0,160935.0,160750.0,160780.0,79451,5,314425
WIN$D,M15,1709650800,160780.0,160870.0,160740.0,160830.0,79876,5,312886
WIN$D,M15,1709651700,160830.0,160930.0,160740.0,160875.0,76644,5,303244
WIN$D,M15,1709652600,160875.0,160955.0,160815.0,160840.0,72848,5,289127
WIN$D,M15,1709653500,160840.0,160905.0,160785.0,160795.0,59423,5,236686
WIN$D,M15,1709654400,160795.0,160805.0,160620.0,160790.0,107057,5,425018
WIN$D,M15,1709655300,160790.0,160860.0,160785.0,160850.0,61845,5,247985
WIN$D,M15,1709656200,160850.0,160875.0,160580.0,160610.0,97547,5,405007
WIN$D,M15,1709657100,160615.0,160645.0,160350.0,160495.0,121213,5,524163
WIN$D,M15,1709658000,160490.0,160590.0,160450.0,160500.0,73350,5,299745
WIN$D,M15,1709658900,160500.0,160630.0,160470.0,160545.0,60019,5,257922
WIN$D,M15,1709659800,160550.0,160670.0,160505.0,160645.0,59952,5,260565
WIN$D,M15,1709660700,160640.0,160740.0,160615.0,160725.0,57740,5,235043
WIN$D,M15,1709661600,160725.0,160730.0,160610.0,160700.0,40643,5,141487
WIN$D,M15,1709662500,160705.0,160830.0,160680.0,160830.0,21731,5,91300
WIN$D,M15,1709715600,161255.0,161550.0,161195.0,161500.0,161337,5,475789
WIN$D,M15,1709716500,161500.0,161565.0,161290.0,161320.0,104039,5,338761
WIN$D,M15,1709717400,161325.0,161365.0,161265.0,161295.0,54665,5,188735
WIN$D,M15,1709718300,161290.0,161325.0,161210.0,161315.0,68010,5,239441
WIN$D,M15,1709719200,161315.0,161320.0,161010.0,161035.0,146195,5,507202
WIN$D,M15,1709720100,161035.0,161425.0,160960.0,161365.0,233095,5,826969
WIN$D,M15,1709721000,161360.0,161370.0,161095.0,161185.0,208404,5,755724
WIN$D,M15,1709721900,161185.0,161720.0,161165.0,161575.0,207602,5,777399
WIN$D,M15,1709722800,161575.0,161575.0,161320.0,161340.0,151375,5,562681
WIN$D,M15,1709723700,161345.0,161545.0,161320.0,161415.0,119061,5,436555
WIN$D,M15,1709724600,161415.0,161580.0,161335.0,161355.0,166158,5,636228
WIN$D,M15,1709725500,161355.0,161640.0,161340.0,161380.0,140157,5,523555
WIN$D,M15,1709726400,161380.0,161590.0,161280.0,161470.0,183654,5,697722
WIN$D,M15,1709727300,161465.0,161615.0,161155.0,161170.0,143073,5,562777
WIN$D,M15,1709728200,161165.0,161225.0,161045.0,161185.0,142439,5,518042
WIN$D,M15,1709729100,161190.0,161270.0,161140.0,161195.0,76713,5,278610
WIN$D,M15,1709730000,161200.0,161235.0,161125.0,161185.0,62224,5,236813
WIN$D,M15,1709730900,161185.0,161260.0,161025.0,161240.0,91468,5,349508
WIN$D,M15,1709731800,161245.0,161470.0,161240.0,161445.0,100103,5,396899
WIN$D,M15,1709732700,161445.0,161825.0,161440.0,161760.0,161824,5,677973
WIN$D,M15,1709733600,161760.0,161855.0,161650.0,161750.0,116066,5,455518
WIN$D,M15,1709734500,161755.0,161760.0,161640.0,161705.0,61138,5,243775
WIN$D,M15,1709735400,161700.0,161825.0,161655.0,161810.0,77161,5,322935
WIN$D,M15,1709736300,161805.0,161830.0,161630.0,161685.0,74824,5,310209
WIN$D,M15,1709737200,161685.0,161690.0,161610.0,161650.0,56637,5,242840
WIN$D,M15,1709738100,161645.0,161740.0,161595.0,161715.0,66423,5,289246
WIN$D,M15,1709739000,161710.0,161730.0,161490.0,161695.0,130505,5,551418
WIN$D,M15,1709739900,161690.0,161715.0,161445.0,161485.0,129259,5,531927
WIN$D,M15,1709740800,161485.0,161505.0,161265.0,161290.0,143113,5,641915
WIN$D,M15,1709741700,161295.0,161500.0,161220.0,161470.0,109788,5,490622
WIN$D,M15,1709742600,161470.0,161495.0,161340.0,161405.0,93734,5,439260
WIN$D,M15,1709743500,161410.0,161465.0,161200.0,161405.0,110776,5,479507
WIN$D,M15,1709744400,161405.0,161545.0,161360.0,161370.0,91541,5,390711
WIN$D,M15,1709745300,161375.0,161470.0,161300.0,161440.0,76832,5,338035
WIN$D,M15,1709746200,161440.0,161475.0,161310.0,161350.0,58997,5,246480
WIN$D,M15,1709747100,161350.0,161425.0,161285.0,161390.0,64254,5,237017
WIN$D,M15,1709748000,161395.0,161485.0,161335.0,161340.0,43144,5,150556
WIN$D,M15,1709748900,161340.0,161405.0,161300.0,161345.0,19401,5,75032
WIN$D,M15,1709802000,161660.0,161695.0,161370.0,161500.0,146160,5,434493
WIN$D,M15,1709802900,161505.0,161510.0,161370.0,161400.0,79093,5,264142
WIN$D,M15,1709803800,161405.0,161410.0,161265.0,161285.0,73127,5,250278
WIN$D,M15,1709804700,161285.0,161335.0,161240.0,161320.0,75153,5,258099
WIN$D,M15,1709805600,161325.0,161435.0,161250.0,161385.0,152968,5,521635
WIN$D,M15,1709806500,161390.0,161620.0,161315.0,161520.0,167188,5,598662
WIN$D,M15,1709807400,161520.0,161615.0,161350.0,161475.0,179855,5,660460
WIN$D,M15,1709808300,161480.0,161480.0,161190.0,161225.0,176532,5,650509
WIN$D,M15,1709809200,161220.0,161265.0,160960.0,161060.0,187617,5,723597
WIN$D,M15,1709810100,161060.0,161100.0,160905.0,161055.0,134560,5,519205
WIN$D,M15,1709811000,161055.0,161100.0,160610.0,160645.0,221706,5,900827
WIN$D,M15,1709811900,160645.0,160725.0,160555.0,160635.0,128447,5,521137
WIN$D,M15,1709812800,160635.0,160765.0,160505.0,160745.0,132189,5,528860
WIN$D,M15,1709813700,160750.0,160755.0,160655.0,160700.0,81281,5,310340
WIN$D,M15,1709814600,160705.0,160820.0,160635.0,160795.0,87903,5,346314
WIN$D,M15,1709815500,160795.0,160835.0,160670.0,160805.0,88482,5,346398
WIN$D,M15,1709816400,160810.0,160850.0,160730.0,160820.0,72162,5,297234
WIN$D,M15,1709817300,160820.0,160880.0,160705.0,160745.0,81668,5,333775
WIN$D,M15,1709818200,160745.0,160760.0,160585.0,160745.0,115761,5,478729
WIN$D,M15,1709819100,160745.0,160805.0,160655.0,160690.0,77622,5,327526
WIN$D,M15,1709820000,160685.0,160705.0,160530.0,160650.0,91158,5,392741
WIN$D,M15,1709820900,160645.0,160740.0,160580.0,160690.0,75616,5,334107
WIN$D,M15,1709821800,160690.0,160740.0,160530.0,160555.0,91356,5,430552
WIN$D,M15,1709822700,160555.0,160700.0,160450.0,160685.0,102970,5,445903
WIN$D,M15,1709823600,160680.0,160770.0,160610.0,160760.0,74340,5,320601
WIN$D,M15,1709824500,160760.0,160880.0,160730.0,160855.0,88191,5,365397
WIN$D,M15,1709825400,160850.0,160895.0,160780.0,160835.0,71975,5,306642
WIN$D,M15,1709826300,160830.0,160865.0,160780.0,160815.0,44681,5,196198
WIN$D,M15,1709827200,160820.0,160820.0,160660.0,160750.0,81268,5,371802
WIN$D,M15,1709828100,160750.0,160775.0,160650.0,160675.0,68387,5,284529
WIN$D,M15,1709829000,160675.0,160795.0,160655.0,160750.0,63199,5,272347
WIN$D,M15,1709829900,160745.0,160805.0,160670.0,160700.0,62157,5,261710
WIN$D,M15,1709830800,160700.0,160725.0,160630.0,160705.0,53698,5,247456
WIN$D,M15,1709831700,160705.0,160730.0,160650.0,160675.0,35925,5,161207
WIN$D,M15,1709832600,160680.0,160805.0,160670.0,160765.0,40853,5,180627
WIN$D,M15,1709833500,160765.0,160865.0,160745.0,160830.0,47728,5,192613
WIN$D,M15,1709834400,160830.0,160850.0,160715.0,160740.0,35922,5,132107
WIN$D,M15,1709835300,160735.0,160875.0,160690.0,160765.0,20279,5,91190
WIN$D,M15,1709888400,158580.0,158630.0,158300.0,158455.0,144676,5,469041
WIN$D,M15,1709889300,158460.0,158495.0,158320.0,158450.0,109772,5,369096
WIN$D,M15,1709890200,158445.0,158535.0,158360.0,158405.0,73644,5,254362
WIN$D,M15,1709891100,158400.0,158540.0,158400.0,158425.0,72430,5,252317
WIN$D,M15,1709892000,158430.0,158485.0,158275.0,158310.0,123208,5,429823
WIN$D,M15,1709892900,158310.0,158755.0,158195.0,158565.0,239767,5,817160
WIN$D,M15,1709893800,158560.0,159165.0,158180.0,158975.0,369456,5,1244498
WIN$D,M15,1709894700,158970.0,159065.0,158825.0,158840.0,175310,5,657771
WIN$D,M15,1709895600,158845.0,159005.0,158770.0,158810.0,168097,5,622094
WIN$D,M15,1709896500,158815.0,159025.0,158745.0,158795.0,148431,5,545310
WIN$D,M15,1709897400,158795.0,159065.0,158715.0,158790.0,213266,5,837521
WIN$D,M15,1709898300,158790.0,159130.0,158785.0,158960.0,192234,5,741579
WIN$D,M15,1709899200,158960.0,159490.0,158950.0,159460.0,200799,5,796528
WIN$D,M15,1709900100,159460.0,159620.0,159435.0,159575.0,148614,5,612277
WIN$D,M15,1709901000,159580.0,159785.0,159510.0,159710.0,118599,5,495070
WIN$D,M15,1709901900,159710.0,159845.0,159620.0,159720.0,118125,5,479739
WIN$D,M15,1709902800,159715.0,159740.0,159465.0,159555.0,123249,5,511669
WIN$D,M15,1709903700,159550.0,159595.0,159375.0,159390.0,110778,5,439932
WIN$D,M15,1709904600,159390.0,159635.0,159325.0,159595.0,123582,5,498245
WIN$D,M15,1709905500,159595.0,159645.0,159405.0,159430.0,116413,5,435521
WIN$D,M15,1709906400,159430.0,159570.0,159405.0,159555.0,104978,5,375427
WIN$D,M15,1709907300,159555.0,159810.0,159460.0,159800.0,126666,5,496509
WIN$D,M15,1709908200,159800.0,159960.0,159700.0,159765.0,158416,5,656476
WIN$D,M15,1709909100,159770.0,159860.0,159500.0,159560.0,128721,5,548973
WIN$D,M15,1709910000,159560.0,159685.0,159455.0,159590.0,119725,5,511506
WIN$D,M15,1709910900,159595.0,159875.0,159590.0,159820.0,117050,5,507219
WIN$D,M15,1709911800,159820.0,159880.0,159625.0,159635.0,117618,5,487205
WIN$D,M15,1709912700,159630.0,159730.0,159550.0,159560.0,86046,5,373963
WIN$D,M15,1709913600,159565.0,159665.0,159550.0,159615.0,82095,5,363885
WIN$D,M15,1709914500,159615.0,159825.0,159595.0,159785.0,85293,5,350144
WIN$D,M15,1709915400,159780.0,159895.0,159745.0,159865.0,73026,5,295944
WIN$D,M15,1709916300,159870.0,159875.0,159540.0,159590.0,105889,5,444341
WIN$D,M15,1709917200,159590.0,159615.0,159320.0,159405.0,95418,5,406204
WIN$D,M15,1709918100,159405.0,159415.0,159155.0,159190.0,105855,5,453553
WIN$D,M15,1709919000,159185.0,159395.0,159160.0,159295.0,85890,5,331838
WIN$D,M15,1709919900,159290.0,159555.0,159275.0,159485.0,81764,5,308406
WIN$D,M15,1709920800,159485.0,159560.0,159310.0,159410.0,61094,5,206902
WIN$D,M15,1709921700,159410.0,159475.0,159355.0,159385.0,20880,5,83146
WIN$D,M15,1710147600,158775.0,158915.0,158435.0,158480.0,203221,5,636986
WIN$D,M15,1710148500,158480.0,158565.0,158410.0,158420.0,84916,5,297094
WIN$D,M15,1710149400,158425.0,158475.0,158350.0,158350.0,88083,5,315711
WIN$D,M15,1710150300,158350.0,158420.0,158315.0,158400.0,78267,5,275676
WIN$D,M15,1710151200,158405.0,158645.0,158345.0,158540.0,171463,5,648863
WIN$D,M15,1710152100,158540.0,158655.0,158325.0,158505.0,216515,5,793134
WIN$D,M15,1710153000,158510.0,158705.0,158415.0,158645.0,248737,5,949250
WIN$D,M15,1710153900,158650.0,158805.0,158470.0,158605.0,233519,5,865193
WIN$D,M15,1710154800,158605.0,158785.0,158540.0,158740.0,184434,5,702130
WIN$D,M15,1710155700,158740.0,158925.0,158655.0,158915.0,175640,5,666942
WIN$D,M15,1710156600,158915.0,159320.0,158880.0,159190.0,258816,5,1029218
WIN$D,M15,1710157500,159190.0,159295.0,158980.0,159210.0,171268,5,654078
WIN$D,M15,1710158400,159210.0,159215.0,158795.0,158840.0,129359,5,492113
WIN$D,M15,1710159300,158835.0,158885.0,158685.0,158710.0,93161,5,363019
WIN$D,M15,1710160200,158715.0,158830.0,158665.0,158775.0,87945,5,350800
WIN$D,M15,1710161100,158775.0,158925.0,158735.0,158840.0,82552,5,307789
WIN$D,M15,1710162000,158840.0,158860.0,158700.0,158810.0,81754,5,319619
WIN$D,M15,1710162900,158815.0,158845.0,158745.0,158785.0,55371,5,206909
WIN$D,M15,1710163800,158785.0,158875.0,158770.0,158825.0,54285,5,222712
WIN$D,M15,1710164700,158820.0,158905.0,158735.0,158760.0,65680,5,267426
WIN$D,M15,1710165600,158760.0,159030.0,158750.0,158965.0,117242,5,465224
WIN$D,M15,1710166500,158960.0,159050.0,158905.0,158925.0,89478,5,352217
WIN$D,M15,1710167400,158925.0,158950.0,158720.0,158740.0,95344,5,395055
WIN$D,M15,1710168300,158745.0,158800.0,158690.0,158760.0,72977,5,309618
WIN$D,M15,1710169200,158760.0,158825.0,158640.0,158690.0,83278,5,353448
WIN$D,M15,1710170100,158695.0,158765.0,158620.0,158695.0,76821,5,323725
WIN$D,M15,1710171000,158700.0,158795.0,158615.0,158775.0,76034,5,321418
WIN$D,M15,1710171900,158775.0,158850.0,158735.0,158830.0,78539,5,324588
WIN$D,M15,1710172800,158830.0,159005.0,158815.0,158985.0,94115,5,391037
WIN$D,M15,1710173700,158980.0,159150.0,158975.0,159055.0,97207,5,388063
WIN$D,M15,1710174600,159055.0,159100.0,158515.0,158655.0,187443,5,799226
WIN$D,M15,1710175500,158655.0,158735.0,158385.0,158600.0,153233,5,625911
WIN$D,M15,1710176400,158605.0,158650.0,158435.0,158445.0,59335,5,239160
WIN$D,M15,1710177300,158445.0,158560.0,158420.0,158560.0,48195,5,184952
WIN$D,M15,1710178200,158555.0,158600.0,158505.0,158535.0,30985,5,122986
WIN$D,M15,1710179100,158540.0,158680.0,158530.0,158655.0,32910,5,128016
WIN$D,M15,1710180000,158655.0,158675.0,158555.0,158595.0,30140,5,65866
WIN$D,M15,1710180900,158595.0,158650.0,158550.0,158640.0,18073,5,42718
WIN$D,M15,1710234000,158950.0,159540.0,158935.0,159410.0,217546,5,684874
WIN$D,M15,1710234900,159410.0,159780.0,159355.0,159525.0,129877,5,376309
WIN$D,M15,1710235800,159520.0,159820.0,159255.0,159795.0,254157,5,874851
WIN$D,M15,1710236700,159790.0,159925.0,159625.0,159640.0,190128,5,674883
WIN$D,M15,1710237600,159640.0,159660.0,159320.0,159530.0,247009,5,903323
WIN$D,M15,1710238500,159530.0,159860.0,159360.0,159530.0,238221,5,870552
WIN$D,M15,1710239400,159530.0,159655.0,159140.0,159310.0,276231,5,1056284
WIN$D,M15,1710240300,159315.0,159420.0,159120.0,159180.0,173926,5,626491
WIN$D,M15,1710241200,159180.0,159400.0,158885.0,158970.0,222526,5,837760
WIN$D,M15,1710242100,158965.0,159285.0,158950.0,159195.0,158156,5,568382
WIN$D,M15,1710243000,159195.0,159505.0,159115.0,159345.0,154221,5,560630
WIN$D,M15,1710243900,159340.0,159440.0,159225.0,159320.0,121874,5,432169
WIN$D,M15,1710244800,159315.0,159645.0,159255.0,159590.0,116170,5,432052
WIN$D,M15,1710245700,159590.0,159650.0,159340.0,159505.0,111747,5,415044
WIN$D,M15,1710246600,159510.0,159740.0,159495.0,159660.0,140052,5,513806
WIN$D,M15,1710247500,159660.0,159800.0,159595.0,159790.0,81527,5,290835
WIN$D,M15,1710248400,159785.0,159835.0,159670.0,159820.0,102640,5,375712
WIN$D,M15,1710249300,159820.0,159830.0,159740.0,159805.0,65604,5,237777
WIN$D,M15,1710250200,159810.0,160040.0,159795.0,159950.0,123577,5,461517
WIN$D,M15,1710251100,159950.0,159985.0,159845.0,159915.0,96098,5,332341
WIN$D,M15,1710252000,159920.0,159960.0,159760.0,159905.0,114815,5,420654
WIN$D,M15,1710252900,159910.0,159980.0,159765.0,159800.0,93157,5,338834
WIN$D,M15,1710253800,159800.0,159940.0,159755.0,159900.0,73988,5,254866
WIN$D,M15,1710254700,159895.0,159975.0,159790.0,159925.0,96920,5,363837
WIN$D,M15,1710255600,159925.0,160270.0,159860.0,160230.0,145773,5,594034
WIN$D,M15,1710256500,160230.0,160370.0,160170.0,160360.0,104969,5,416523
WIN$D,M15,1710257400,160365.0,160405.0,160170.0,160185.0,107223,5,435132
WIN$D,M15,1710258300,160190.0,160370.0,160160.0,160250.0,99546,5,401194
WIN$D,M15,1710259200,160250.0,160330.0,160225.0,160270.0,62781,5,243044
WIN$D,M15,1710260100,160265.0,160355.0,160205.0,160335.0,65450,5,286568
WIN$D,M15,1710261000,160340.0,160345.0,160135.0,160145.0,78906,5,327839
WIN$D,M15,1710261900,160140.0,160270.0,160005.0,160075.0,136097,5,584043
WIN$D,M15,1710262800,160070.0,160155.0,160000.0,160100.0,68284,5,270267
WIN$D,M15,1710263700,160095.0,160105.0,159930.0,159950.0,57945,5,243293
WIN$D,M15,1710264600,159950.0,160050.0,159935.0,160030.0,34674,5,134264
WIN$D,M15,1710265500,160030.0,160105.0,159995.0,160025.0,36742,5,127480
WIN$D,M15,1710266400,160015.0,160115.0,160015.0,160095.0,20708,5,60574
WIN$D,M15,1710267300,160105.0,160120.0,159985.0,159985.0,9777,5,38060
WIN$D,M15,1710320400,160020.0,160035.0,159560.0,159750.0,174572,5,532680
WIN$D,M15,1710321300,159750.0,159905.0,159710.0,159720.0,117391,5,432196
WIN$D,M15,1710322200,159720.0,159760.0,159635.0,159700.0,85429,5,305390
WIN$D,M15,1710323100,159705.0,159785.0,159630.0,159680.0,97871,5,361596
WIN$D,M15,1710324000,159680.0,159905.0,159630.0,159705.0,215943,5,776064
WIN$D,M15,1710324900,159705.0,160185.0,159705.0,160150.0,256126,5,931693
WIN$D,M15,1710325800,160150.0,160465.0,159880.0,160175.0,353823,5,1373847
WIN$D,M15,1710326700,160180.0,160550.0,160115.0,160510.0,196731,5,744557
WIN$D,M15,1710327600,160505.0,160590.0,160400.0,160455.0,127901,5,470472
WIN$D,M15,1710328500,160455.0,160460.0,160295.0,160365.0,120540,5,442402
WIN$D,M15,1710329400,160365.0,160510.0,160270.0,160395.0,136114,5,503347
WIN$D,M15,1710330300,160395.0,160445.0,160145.0,160155.0,127093,5,478944
WIN$D,M15,1710331200,160155.0,160325.0,160145.0,160285.0,98541,5,368953
WIN$D,M15,1710332100,160280.0,160405.0,160250.0,160395.0,81480,5,298830
WIN$D,M15,1710333000,160395.0,160395.0,160235.0,160310.0,76232,5,270460
WIN$D,M15,1710333900,160310.0,160440.0,160185.0,160405.0,93318,5,347438
WIN$D,M15,1710334800,160410.0,160480.0,160320.0,160375.0,87296,5,333252
WIN$D,M15,1710335700,160375.0,160425.0,160265.0,160315.0,65751,5,249245
WIN$D,M15,1710336600,160315.0,160335.0,160205.0,160215.0,67242,5,257914
WIN$D,M15,1710337500,160215.0,160305.0,160185.0,160245.0,67123,5,249658
WIN$D,M15,1710338400,160245.0,160380.0,160165.0,160340.0,114947,5,415646
WIN$D,M15,1710339300,160340.0,160690.0,160300.0,160650.0,123505,5,490690
WIN$D,M15,1710340200,160645.0,160765.0,160595.0,160685.0,115613,5,452142
WIN$D,M15,1710341100,160685.0,160820.0,160685.0,160790.0,84022,5,335877
WIN$D,M15,1710342000,160790.0,160820.0,160650.0,160665.0,72759,5,296574
WIN$D,M15,1710342900,160665.0,160685.0,160485.0,160495.0,81337,5,352454
WIN$D,M15,1710343800,160495.0,160585.0,160460.0,160500.0,79757,5,347533
WIN$D,M15,1710344700,160500.0,160515.0,160390.0,160410.0,78235,5,328074
WIN$D,M15,1710345600,160405.0,160430.0,160315.0,160370.0,69211,5,301460
WIN$D,M15,1710346500,160370.0,160445.0,160130.0,160210.0,112438,5,498103
WIN$D,M15,1710347400,160210.0,160360.0,160205.0,160265.0,83337,5,355676
WIN$D,M15,1710348300,160265.0,160500.0,160235.0,160470.0,99657,5,458021
WIN$D,M15,1710349200,160470.0,160515.0,160320.0,160330.0,66491,5,280854
WIN$D,M15,1710350100,160330.0,160515.0,160315.0,160435.0,58374,5,279109
WIN$D,M15,1710351000,160435.0,160440.0,160360.0,160430.0,28908,5,126742
WIN$D,M15,1710351900,160435.0,160470.0,160375.0,160410.0,23217,5,90414
WIN$D,M15,1710352800,160405.0,160490.0,160375.0,160490.0,20904,5,52115
WIN$D,M15,1710353700,160490.0,160560.0,160405.0,160405.0,28661,5,68572
WIN$D,M15,1710406800,160630.0,160660.0,160145.0,160290.0,187617,5,543941
WIN$D,M15,1710407700,160285.0,160360.0,160160.0,160285.0,103226,5,335356
WIN$D,M15,1710408600,160285.0,160465.0,160150.0,160360.0,202410,5,748239
WIN$D,M15,1710409500,160355.0,160360.0,160205.0,160250.0,104775,5,369381
WIN$D,M15,1710410400,160250.0,160455.0,160190.0,160390.0,210108,5,758598
WIN$D,M15,1710411300,160395.0,160495.0,160060.0,160155.0,248202,5,903823
WIN$D,M15,1710412200,160155.0,160270.0,159825.0,159865.0,298855,5,1131050
WIN$D,M15,1710413100,159865.0,159900.0,159675.0,159745.0,213224,5,821241
WIN$D,M15,1710414000,159745.0,160125.0,159705.0,160060.0,194675,5,769666
WIN$D,M15,1710414900,160060.0,160230.0,160045.0,160155.0,145964,5,569557
WIN$D,M15,1710415800,160155.0,160330.0,160140.0,160320.0,140926,5,571246
WIN$D,M15,1710416700,160325.0,160370.0,160020.0,160085.0,168839,5,697629
WIN$D,M15,1710417600,160090.0,160200.0,159965.0,160115.0,130950,5,535859
WIN$D,M15,1710418500,160120.0,160165.0,159955.0,159975.0,122270,5,505891
WIN$D,M15,1710419400,159975.0,160035.0,159905.0,159970.0,93218,5,358373
WIN$D,M15,1710420300,159970.0,160060.0,159935.0,159945.0,67694,5,266597
WIN$D,M15,1710421200,159945.0,159985.0,159895.0,159960.0,64094,5,266029
WIN$D,M15,1710422100,159960.0,160005.0,159845.0,159870.0,86273,5,353107
WIN$D,M15,1710423000,159865.0,159925.0,159780.0,159815.0,82255,5,347574
WIN$D,M15,1710423900,159815.0,159840.0,159710.0,159785.0,84314,5,334620
WIN$D,M15,1710424800,159785.0,159815.0,159640.0,159715.0,82116,5,341504
WIN$D,M15,1710425700,159720.0,159745.0,159445.0,159495.0,130038,5,551699
WIN$D,M15,1710426600,159495.0,159600.0,159350.0,159575.0,114477,5,497570
WIN$D,M15,1710427500,159580.0,159790.0,159565.0,159785.0,89023,5,373649
WIN$D,M15,1710428400,159790.0,159920.0,159765.0,159855.0,87318,5,377111
WIN$D,M15,1710429300,159860.0,159945.0,159820.0,159850.0,88461,5,395985
WIN$D,M15,1710430200,159850.0,160005.0,159835.0,159980.0,85954,5,364558
WIN$D,M15,1710431100,159980.0,160035.0,159875.0,159940.0,80692,5,346389
WIN$D,M15,1710432000,159945.0,159950.0,159700.0,159745.0,91618,5,374607
WIN$D,M15,1710432900,159750.0,159785.0,159610.0,159700.0,92929,5,381021
WIN$D,M15,1710433800,159700.0,159745.0,159495.0,159740.0,108865,5,458173
WIN$D,M15,1710434700,159740.0,159960.0,159695.0,159900.0,118060,5,477217
WIN$D,M15,1710435600,159900.0,160045.0,159840.0,159915.0,81829,5,330624
WIN$D,M15,1710436500,159920.0,160100.0,159895.0,159945.0,59032,5,247887
WIN$D,M15,1710437400,159940.0,160060.0,159930.0,160000.0,44402,5,177766
WIN$D,M15,1710438300,160000.0,160070.0,159965.0,160010.0,23385,5,93254
WIN$D,M15,1710439200,160010.0,160075.0,159995.0,160035.0,20916,5,50724
WIN$D,M15,1710440100,160030.0,160105.0,160010.0,160080.0,20962,5,54386
WIN$D,M15,1710493200,160010.0,160100.0,159735.0,159740.0,206190,5,583729
WIN$D,M15,1710494100,159740.0,159875.0,159695.0,159870.0,109857,5,356455
WIN$D,M15,1710495000,159870.0,160030.0,159835.0,159885.0,140705,5,500361
WIN$D,M15,1710495900,159885.0,159975.0,159825.0,159840.0,96468,5,346261
WIN$D,M15,1710496800,159840.0,160100.0,159815.0,160050.0,167909,5,644559
WIN$D,M15,1710497700,160050.0,160140.0,159630.0,159675.0,245101,5,978107
WIN$D,M15,1710498600,159675.0,159735.0,159450.0,159470.0,269901,5,1065999
WIN$D,M15,1710499500,159465.0,159555.0,159290.0,159410.0,207041,5,822635
WIN$D,M15,1710500400,159410.0,159450.0,159090.0,159230.0,233742,5,939056
WIN$D,M15,1710501300,159235.0,159275.0,159090.0,159100.0,122337,5,510769
WIN$D,M15,1710502200,159100.0,159260.0,158975.0,158995.0,172270,5,704073
WIN$D,M15,1710503100,158995.0,159085.0,158950.0,159030.0,102935,5,439067
WIN$D,M15,1710504000,159030.0,159095.0,158965.0,159040.0,77119,5,319816
WIN$D,M15,1710504900,159035.0,159120.0,158990.0,159065.0,74411,5,301637
WIN$D,M15,1710505800,159065.0,159070.0,158995.0,159040.0,47849,5,191126
WIN$D,M15,1710506700,159040.0,159055.0,158905.0,158920.0,85049,5,345974
WIN$D,M15,1710507600,158920.0,158935.0,158840.0,158870.0,83902,5,356328
WIN$D,M15,1710508500,158875.0,158900.0,158690.0,158805.0,94651,5,422240
WIN$D,M15,1710509400,158805.0,158875.0,158755.0,158795.0,70748,5,300644
WIN$D,M15,1710510300,158795.0,158820.0,158595.0,158640.0,104857,5,462857
WIN$D,M15,1710511200,158640.0,158760.0,158615.0,158730.0,70300,5,307546
WIN$D,M15,1710512100,158735.0,158805.0,158700.0,158735.0,69446,5,286570
WIN$D,M15,1710513000,158735.0,158740.0,158665.0,158705.0,57782,5,240793
WIN$D,M15,1710513900,158710.0,158800.0,158620.0,158770.0,73793,5,320206
WIN$D,M15,1710514800,158770.0,158810.0,158675.0,158700.0,72039,5,312419
WIN$D,M15,1710515700,158700.0,158775.0,158685.0,158765.0,51359,5,223664
WIN$D,M15,1710516600,158760.0,158835.0,158700.0,158785.0,61857,5,268166
WIN$D,M15,1710517500,158780.0,158820.0,158700.0,158780.0,57182,5,249019
WIN$D,M15,1710518400,158775.0,158785.0,158635.0,158755.0,70667,5,305204
WIN$D,M15,1710519300,158755.0,158820.0,158705.0,158795.0,58682,5,252248
WIN$D,M15,1710520200,158795.0,158805.0,158690.0,158745.0,64568,5,268484
WIN$D,M15,1710521100,158750.0,158855.0,158710.0,158815.0,92406,5,404365
WIN$D,M15,1710522000,158815.0,158915.0,158765.0,158820.0,82871,5,341775
WIN$D,M15,1710522900,158820.0,158850.0,158725.0,158810.0,43365,5,185458
WIN$D,M15,1710523800,158810.0,158845.0,158775.0,158805.0,24342,5,99065
WIN$D,M15,1710524700,158810.0,158820.0,158725.0,158770.0,34718,5,103879
WIN$D,M15,1710525600,158760.0,158775.0,158600.0,158660.0,40331,5,81409
WIN$D,M15,1710526500,158660.0,158690.0,158540.0,158570.0,38689,5,86609
WIN$D,M15,1710752400,159280.0,159650.0,159230.0,159355.0,209497,5,690122
WIN$D,M15,1710753300,159350.0,159415.0,159260.0,159300.0,88655,5,312596
WIN$D,M15,1710754200,159305.0,159320.0,159175.0,159280.0,90683,5,325477
WIN$D,M15,1710755100,159280.0,159385.0,159270.0,159350.0,83803,5,303776
WIN$D,M15,1710756000,159345.0,159445.0,159255.0,159435.0,133774,5,496974
WIN$D,M15,1710756900,159435.0,159660.0,159430.0,159500.0,203758,5,750287
WIN$D,M15,1710757800,159495.0,159660.0,159225.0,159280.0,309547,5,1181689
WIN$D,M15,1710758700,159275.0,159280.0,158855.0,158875.0,243018,5,919488
WIN$D,M15,1710759600,158875.0,159040.0,158750.0,158965.0,174923,5,744008
WIN$D,M15,1710760500,158970.0,159060.0,158845.0,158855.0,131445,5,518929
WIN$D,M15,1710761400,158860.0,158940.0,158530.0,158540.0,164432,5,678815
WIN$D,M15,1710762300,158540.0,158615.0,158350.0,158415.0,148340,5,636087
WIN$D,M15,1710763200,158415.0,158540.0,158370.0,158530.0,77329,5,330539
WIN$D,M15,1710764100,158530.0,158605.0,158465.0,158575.0,92905,5,395758
WIN$D,M15,1710765000,158575.0,158600.0,158470.0,158515.0,56519,5,253289
WIN$D,M15,1710765900,158515.0,158605.0,158470.0,158550.0,51726,5,221450
WIN$D,M15,1710766800,158550.0,158650.0,158505.0,158615.0,66328,5,274704
WIN$D,M15,1710767700,158615.0,158645.0,158510.0,158605.0,56411,5,236324
WIN$D,M15,1710768600,158610.0,158675.0,158520.0,158550.0,71919,5,302568
WIN$D,M15,1710769500,158550.0,158725.0,158505.0,158675.0,74028,5,312548
WIN$D,M15,1710770400,158675.0,158700.0,158510.0,158600.0,81292,5,374759
WIN$D,M15,1710771300,158595.0,158710.0,158525.0,158705.0,69453,5,324914
WIN$D,M15,1710772200,158710.0,158770.0,158555.0,158585.0,84240,5,381980
WIN$D,M15,1710773100,158580.0,158760.0,158540.0,158750.0,64542,5,292160
WIN$D,M15,1710774000,158750.0,158815.0,158680.0,158780.0,81516,5,362593
WIN$D,M15,1710774900,158775.0,158790.0,158720.0,158790.0,44371,5,204178
WIN$D,M15,1710775800,158790.0,159020.0,158760.0,158840.0,120628,5,545720
WIN$D,M15,1710776700,158840.0,158940.0,158815.0,158910.0,59626,5,259626
WIN$D,M15,1710777600,158905.0,158915.0,158785.0,158800.0,66972,5,304022
WIN$D,M15,1710778500,158795.0,158915.0,158780.0,158875.0,59568,5,259563
WIN$D,M15,1710779400,158875.0,158960.0,158740.0,158855.0,81717,5,355132
WIN$D,M15,1710780300,158850.0,158975.0,158800.0,158955.0,67349,5,304911
WIN$D,M15,1710781200,158960.0,159040.0,158910.0,158955.0,63377,5,262246
WIN$D,M15,1710782100,158950.0,159085.0,158950.0,158950.0,54326,5,228354
WIN$D,M15,1710783000,158950.0,158970.0,158870.0,158910.0,38374,5,144664
WIN$D,M15,1710783900,158905.0,158925.0,158880.0,158890.0,15322,5,51011
WIN$D,M15,1710784800,158890.0,158970.0,158840.0,158860.0,35950,5,82137
WIN$D,M15,1710785700,158865.0,158885.0,158815.0,158885.0,20994,5,45129
WIN$D,M15,1710838800,158925.0,159075.0,158680.0,158965.0,170204,5,500166
WIN$D,M15,1710839700,158970.0,159030.0,158820.0,158915.0,110211,5,386736
WIN$D,M15,1710840600,158915.0,159200.0,158915.0,159185.0,137509,5,523580
WIN$D,M15,1710841500,159185.0,159345.0,159170.0,159330.0,121724,5,467623
WIN$D,M15,1710842400,159330.0,159525.0,159325.0,159455.0,166209,5,638187
WIN$D,M15,1710843300,159450.0,159485.0,159270.0,159450.0,173867,5,653034
WIN$D,M15,1710844200,159445.0,159520.0,159240.0,159475.0,263636,5,1035797
WIN$D,M15,1710845100,159475.0,159595.0,159210.0,159350.0,241413,5,942953
WIN$D,M15,1710846000,159350.0,159355.0,159180.0,159205.0,166214,5,641430
WIN$D,M15,1710846900,159205.0,159475.0,159165.0,159465.0,148490,5,564162
WIN$D,M15,1710847800,159470.0,159790.0,159420.0,159715.0,203611,5,845277
WIN$D,M15,1710848700,159720.0,159825.0,159665.0,159745.0,104458,5,430066
WIN$D,M15,1710849600,159740.0,159760.0,159515.0,159625.0,130321,5,539672
WIN$D,M15,1710850500,159620.0,159700.0,159590.0,159635.0,78456,5,324694
WIN$D,M15,1710851400,159635.0,159665.0,159475.0,159545.0,95216,5,404066
WIN$D,M15,1710852300,159540.0,159630.0,159515.0,159615.0,74978,5,307847
WIN$D,M15,1710853200,159620.0,159650.0,159530.0,159605.0,54706,5,225911
WIN$D,M15,1710854100,159600.0,159710.0,159515.0,159555.0,78956,5,333439
WIN$D,M15,1710855000,159560.0,159635.0,159515.0,159575.0,56311,5,237904
WIN$D,M15,1710855900,159575.0,159760.0,159510.0,159740.0,86863,5,361624
WIN$D,M15,1710856800,159740.0,159925.0,159690.0,159855.0,141618,5,643786
WIN$D,M15,1710857700,159850.0,159950.0,159800.0,159920.0,78404,5,361948
WIN$D,M15,1710858600,159920.0,160030.0,159915.0,160010.0,80659,5,378036
WIN$D,M15,1710859500,160010.0,160030.0,159875.0,159955.0,70657,5,309043
WIN$D,M15,1710860400,159955.0,160030.0,159925.0,160020.0,67672,5,305434
WIN$D,M15,1710861300,160020.0,160055.0,159955.0,160010.0,67538,5,297050
WIN$D,M15,1710862200,160015.0,160020.0,159710.0,159830.0,133107,5,616536
WIN$D,M15,1710863100,159830.0,159865.0,159630.0,159765.0,105499,5,503097
WIN$D,M15,1710864000,159765.0,159805.0,159585.0,159695.0,104695,5,511058
WIN$D,M15,1710864900,159690.0,159825.0,159660.0,159740.0,80264,5,371967
WIN$D,M15,1710865800,159745.0,159745.0,159400.0,159565.0,141710,5,667378
WIN$D,M15,1710866700,159570.0,159640.0,159450.0,159565.0,110607,5,511085
WIN$D,M15,1710867600,159570.0,159705.0,159555.0,159655.0,56796,5,241643
WIN$D,M15,1710868500,159655.0,159670.0,159570.0,159575.0,34282,5,141335
WIN$D,M15,1710869400,159580.0,159585.0,159510.0,159550.0,28096,5,122373
WIN$D,M15,1710870300,159550.0,159605.0,159530.0,159570.0,23812,5,88166
WIN$D,M15,1710871200,159565.0,159680.0,159565.0,159655.0,33476,5,76194
WIN$D,M15,1710872100,159650.0,159720.0,159625.0,159665.0,20833,5,51429
WIN$D,M15,1710925200,159540.0,159555.0,159250.0,159450.0,189254,5,582165
WIN$D,M15,1710926100,159450.0,159675.0,159365.0,159655.0,133564,5,479093
WIN$D,M15,1710927000,159655.0,159700.0,159580.0,159600.0,108984,5,377842
WIN$D,M15,1710927900,159600.0,159735.0,159565.0,159680.0,97872,5,348362
WIN$D,M15,1710928800,159675.0,159820.0,159565.0,159760.0,197771,5,725928
WIN$D,M15,1710929700,159760.0,160020.0,159555.0,159580.0,243007,5,916650
WIN$D,M15,1710930600,159580.0,159825.0,159510.0,159620.0,292941,5,1091417
WIN$D,M15,1710931500,159620.0,159925.0,159620.0,159865.0,173150,5,664301
WIN$D,M15,1710932400,159870.0,159890.0,159445.0,159510.0,199510,5,763342
WIN$D,M15,1710933300,159510.0,159540.0,159405.0,159415.0,116438,5,443201
WIN$D,M15,1710934200,159410.0,159450.0,159310.0,159425.0,140559,5,555257
WIN$D,M15,1710935100,159430.0,159530.0,159370.0,159520.0,119886,5,476793
WIN$D,M15,1710936000,159515.0,159565.0,159460.0,159515.0,85569,5,343044
WIN$D,M15,1710936900,159520.0,159645.0,159480.0,159575.0,74389,5,299618
WIN$D,M15,1710937800,159570.0,159700.0,159550.0,159695.0,68705,5,279484
WIN$D,M15,1710938700,159695.0,159740.0,159625.0,159715.0,72816,5,291634
WIN$D,M15,1710939600,159720.0,159845.0,159700.0,159800.0,84562,5,344460
WIN$D,M15,1710940500,159800.0,159920.0,159765.0,159885.0,69393,5,282863
WIN$D,M15,1710941400,159885.0,160035.0,159820.0,159985.0,98942,5,422261
WIN$D,M15,1710942300,159990.0,160065.0,159960.0,160030.0,74415,5,320999
WIN$D,M15,1710943200,160025.0,160270.0,160010.0,160170.0,139004,5,613731
WIN$D,M15,1710944100,160170.0,160255.0,160165.0,160200.0,58212,5,266067
WIN$D,M15,1710945000,160200.0,160260.0,160095.0,160240.0,88182,5,382859
WIN$D,M15,1710945900,160240.0,160325.0,160080.0,160150.0,109592,5,415037
WIN$D,M15,1710946800,160145.0,160665.0,160130.0,160490.0,307916,5,1052372
WIN$D,M15,1710947700,160495.0,160570.0,160205.0,160560.0,183203,5,723470
WIN$D,M15,1710948600,160560.0,160830.0,160180.0,160715.0,339004,5,1362043
WIN$D,M15,1710949500,160715.0,161110.0,160710.0,161020.0,272916,5,1105106
WIN$D,M15,1710950400,161020.0,161235.0,160955.0,161060.0,166666,5,667994
WIN$D,M15,1710951300,161060.0,161230.0,161020.0,161165.0,102381,5,400181
WIN$D,M15,1710952200,161160.0,161215.0,161025.0,161045.0,72674,5,294358
WIN$D,M15,1710953100,161045.0,161250.0,160915.0,161205.0,122071,5,518026
WIN$D,M15,1710954000,161205.0,161220.0,161095.0,161150.0,59501,5,243565
WIN$D,M15,1710954900,161155.0,161315.0,161145.0,161290.0,46966,5,200041
WIN$D,M15,1710955800,161290.0,161350.0,161240.0,161255.0,42528,5,176847
WIN$D,M15,1710956700,161255.0,161490.0,161245.0,161410.0,49010,5,188059
WIN$D,M15,1710957600,161405.0,161535.0,161390.0,161500.0,43734,5,86696
WIN$D,M15,1710958500,161500.0,161735.0,161485.0,161485.0,39670,5,97168
WIN$D,M15,1711011600,161410.0,161590.0,161255.0,161325.0,170710,5,501667
WIN$D,M15,1711012500,161320.0,161360.0,161180.0,161195.0,97629,5,351924
WIN$D,M15,1711013400,161195.0,161255.0,161085.0,161170.0,77946,5,295015
WIN$D,M15,1711014300,161170.0,161195.0,161105.0,161155.0,52812,5,195286
WIN$D,M15,1711015200,161160.0,161430.0,161145.0,161345.0,210347,5,815715
WIN$D,M15,1711016100,161350.0,161365.0,160965.0,161030.0,221989,5,870981
WIN$D,M15,1711017000,161030.0,161040.0,160660.0,160725.0,201668,5,852125
WIN$D,M15,1711017900,160730.0,160800.0,160515.0,160540.0,166630,5,705754
WIN$D,M15,1711018800,160540.0,160545.0,160350.0,160435.0,152203,5,631101
WIN$D,M15,1711019700,160435.0,160485.0,160285.0,160305.0,109445,5,462070
WIN$D,M15,1711020600,160305.0,160500.0,160305.0,160430.0,107282,5,446169
WIN$D,M15,1711021500,160425.0,160480.0,160385.0,160395.0,68212,5,279125
WIN$D,M15,1711022400,160395.0,160425.0,160315.0,160345.0,76505,5,314808
WIN$D,M15,1711023300,160345.0,160400.0,160310.0,160375.0,48524,5,201751
WIN$D,M15,1711024200,160375.0,160400.0,160240.0,160320.0,60116,5,255189
WIN$D,M15,1711025100,160320.0,160375.0,160300.0,160350.0,47912,5,193359
WIN$D,M15,1711026000,160345.0,160360.0,160250.0,160285.0,49066,5,202153
WIN$D,M15,1711026900,160285.0,160335.0,160270.0,160295.0,36308,5,154560
WIN$D,M15,1711027800,160295.0,160310.0,160110.0,160125.0,84924,5,375537
WIN$D,M15,1711028700,160125.0,160325.0,160115.0,160285.0,73514,5,316185
WIN$D,M15,1711029600,160285.0,160395.0,160205.0,160365.0,77175,5,326430
WIN$D,M15,1711030500,160370.0,160390.0,160285.0,160350.0,55983,5,238667
WIN$D,M15,1711031400,160355.0,160385.0,160290.0,160325.0,43665,5,186016
WIN$D,M15,1711032300,160330.0,160370.0,160225.0,160265.0,62716,5,278611
WIN$D,M15,1711033200,160265.0,160265.0,160060.0,160080.0,100993,5,451069
WIN$D,M15,1711034100,160085.0,160230.0,160075.0,160180.0,68261,5,289850
WIN$D,M15,1711035000,160180.0,160245.0,160135.0,160220.0,59528,5,255832
WIN$D,M15,1711035900,160220.0,160370.0,160210.0,160330.0,65296,5,292294
WIN$D,M15,1711036800,160335.0,160355.0,160260.0,160315.0,58022,5,254988
WIN$D,M15,1711037700,160315.0,160330.0,160230.0,160310.0,57103,5,247143
WIN$D,M15,1711038600,160310.0,160320.0,160120.0,160160.0,79807,5,346812
WIN$D,M15,1711039500,160160.0,160235.0,160060.0,160100.0,102885,5,463493
WIN$D,M15,1711040400,160095.0,160235.0,160085.0,160105.0,58244,5,251975
WIN$D,M15,1711041300,160105.0,160140.0,159945.0,160065.0,55431,5,242640
WIN$D,M15,1711042200,160065.0,160080.0,159985.0,159990.0,26358,5,115630
WIN$D,M15,1711043100,159990.0,160030.0,159960.0,159990.0,23455,5,104289
WIN$D,M15,1711044000,159990.0,160005.0,159930.0,159950.0,25629,5,65134
WIN$D,M15,1711044900,159945.0,160025.0,159910.0,159965.0,23390,5,64420
WIN$D,M15,1711098000,159915.0,159940.0,159355.0,159660.0,259340,5,797159
WIN$D,M15,1711098900,159655.0,159775.0,159580.0,159585.0,119970,5,409235
WIN$D,M15,1711099800,159590.0,159685.0,159555.0,159610.0,81433,5,282981
WIN$D,M15,1711100700,159615.0,159670.0,159520.0,159565.0,76343,5,273782
WIN$D,M15,1711101600,159560.0,159710.0,159480.0,159585.0,179771,5,636241
WIN$D,M15,1711102500,159585.0,159825.0,159305.0,159340.0,237833,5,860987
WIN$D,M15,1711103400,159335.0,159585.0,159255.0,159295.0,321488,5,1193474
WIN$D,M15,1711104300,159290.0,159575.0,159260.0,159480.0,160901,5,593928
WIN$D,M15,1711105200,159475.0,159620.0,159305.0,159340.0,173655,5,661717
WIN$D,M15,1711106100,159335.0,159375.0,159080.0,159235.0,188835,5,790392
WIN$D,M15,1711107000,159235.0,159350.0,159150.0,159290.0,121502,5,483196
WIN$D,M15,1711107900,159290.0,159425.0,159245.0,159310.0,127473,5,500761
WIN$D,M15,1711108800,159305.0,159515.0,159215.0,159395.0,153411,5,648785
WIN$D,M15,1711109700,159395.0,159490.0,159335.0,159455.0,76186,5,327028
WIN$D,M15,1711110600,159450.0,159465.0,159315.0,159350.0,71696,5,287672
WIN$D,M15,1711111500,159355.0,159380.0,159125.0,159230.0,90559,5,372301
WIN$D,M15,1711112400,159230.0,159280.0,159100.0,159135.0,88739,5,371127
WIN$D,M15,1711113300,159130.0,159140.0,158955.0,159075.0,103128,5,447459
WIN$D,M15,1711114200,159070.0,159165.0,159020.0,159115.0,69578,5,292179
WIN$D,M15,1711115100,159110.0,159195.0,159095.0,159125.0,50543,5,214021
WIN$D,M15,1711116000,159125.0,159160.0,159025.0,159100.0,71783,5,291030
WIN$D,M15,1711116900,159095.0,159095.0,158840.0,158940.0,105811,5,456245
WIN$D,M15,1711117800,158940.0,158970.0,158815.0,158850.0,69410,5,294424
WIN$D,M15,1711118700,158855.0,158935.0,158810.0,158860.0,61837,5,259209
WIN$D,M15,1711119600,158860.0,158920.0,158730.0,158860.0,88211,5,374451
WIN$D,M15,1711120500,158860.0,158915.0,158725.0,158910.0,82514,5,352408
WIN$D,M15,1711121400,158910.0,158945.0,158795.0,158820.0,66165,5,281259
WIN$D,M15,1711122300,158820.0,158995.0,158785.0,158980.0,69693,5,280750
WIN$D,M15,1711123200,158985.0,159000.0,158750.0,158770.0,88572,5,361734
WIN$D,M15,1711124100,158775.0,158915.0,158705.0,158900.0,80214,5,334092
WIN$D,M15,1711125000,158900.0,158990.0,158865.0,158950.0,60110,5,262059
WIN$D,M15,1711125900,158945.0,158980.0,158805.0,158825.0,66233,5,293924
WIN$D,M15,1711126800,158820.0,158930.0,158815.0,158820.0,48935,5,212286
WIN$D,M15,1711127700,158820.0,158870.0,158795.0,158805.0,27897,5,113758
WIN$D,M15,1711128600,158805.0,158920.0,158790.0,158875.0,32840,5,129687
WIN$D,M15,1711129500,158880.0,158905.0,158845.0,158865.0,16111,5,58541
WIN$D,M15,1711130400,158870.0,158870.0,158795.0,158820.0,20831,5,48922
WIN$D,M15,1711131300,158820.0,158845.0,158720.0,158720.0,13598,5,49230
WIN$D,M15,1711357200,158830.0,158835.0,158375.0,158685.0,229491,5,674100
WIN$D,M15,1711358100,158690.0,158765.0,158635.0,158680.0,101479,5,326922
WIN$D,M15,1711359000,158675.0,158795.0,158635.0,158735.0,82772,5,265486
WIN$D,M15,1711359900,158730.0,158880.0,158725.0,158770.0,96176,5,321759
WIN$D,M15,1711360800,158770.0,158975.0,158610.0,158895.0,248960,5,869099
WIN$D,M15,1711361700,158895.0,159000.0,158540.0,158575.0,208020,5,744660
WIN$D,M15,1711362600,158575.0,158970.0,158555.0,158745.0,277650,5,982956
WIN$D,M15,1711363500,158740.0,158920.0,158670.0,158825.0,163445,5,563089
WIN$D,M15,1711364400,158820.0,159010.0,158725.0,158990.0,128522,5,473798
WIN$D,M15,1711365300,158985.0,159025.0,158800.0,158945.0,136344,5,506548
WIN$D,M15,1711366200,158945.0,159040.0,158780.0,158825.0,135036,5,515177
WIN$D,M15,1711367100,158825.0,158855.0,158645.0,158765.0,120448,5,483988
WIN$D,M15,1711368000,158765.0,158795.0,158685.0,158775.0,57828,5,229637
WIN$D,M15,1711368900,158775.0,158825.0,158720.0,158755.0,56826,5,238125
WIN$D,M15,1711369800,158755.0,158980.0,158745.0,158950.0,75949,5,324564
WIN$D,M15,1711370700,158955.0,158960.0,158845.0,158920.0,52602,5,217263
WIN$D,M15,1711371600,158925.0,158995.0,158860.0,158905.0,60401,5,245263
WIN$D,M15,1711372500,158905.0,158960.0,158830.0,158890.0,46918,5,181874
WIN$D,M15,1711373400,158890.0,158900.0,158800.0,158820.0,61623,5,260243
WIN$D,M15,1711374300,158815.0,158865.0,158785.0,158820.0,41958,5,168413
WIN$D,M15,1711375200,158820.0,158865.0,158745.0,158775.0,55685,5,223868
WIN$D,M15,1711376100,158775.0,158855.0,158710.0,158715.0,64485,5,269861
WIN$D,M15,1711377000,158715.0,158740.0,158605.0,158680.0,84860,5,370308
WIN$D,M15,1711377900,158680.0,158700.0,158560.0,158585.0,57638,5,243863
WIN$D,M15,1711378800,158590.0,158695.0,158530.0,158670.0,77972,5,323685
WIN$D,M15,1711379700,158665.0,158695.0,158635.0,158670.0,38613,5,165551
WIN$D,M15,1711380600,158675.0,158775.0,158640.0,158765.0,59430,5,252572
WIN$D,M15,1711381500,158760.0,158920.0,158740.0,158810.0,88525,5,369564
WIN$D,M15,1711382400,158805.0,158850.0,158690.0,158705.0,79571,5,349709
WIN$D,M15,1711383300,158705.0,158780.0,158680.0,158695.0,55708,5,238551
WIN$D,M15,1711384200,158690.0,158815.0,158690.0,158800.0,46685,5,197725
WIN$D,M15,1711385100,158795.0,158855.0,158645.0,158680.0,81536,5,327840
WIN$D,M15,1711386000,158680.0,158820.0,158665.0,158780.0,51453,5,201673
WIN$D,M15,1711386900,158780.0,158785.0,158660.0,158680.0,37222,5,145644
WIN$D,M15,1711387800,158675.0,158720.0,158655.0,158695.0,25921,5,96648
WIN$D,M15,1711388700,158700.0,158705.0,158665.0,158680.0,12624,5,42585
WIN$D,M15,1711389600,158685.0,158735.0,158655.0,158675.0,23204,5,52559
WIN$D,M15,1711390500,158675.0,158730.0,158635.0,158645.0,24539,5,53414
WIN$D,M15,1711443600,158730.0,158735.0,158340.0,158410.0,186280,5,602514
WIN$D,M15,1711444500,158410.0,158425.0,158285.0,158330.0,100372,5,322880
WIN$D,M15,1711445400,158330.0,158355.0,158185.0,158225.0,118705,5,409960
WIN$D,M15,1711446300,158225.0,158300.0,158195.0,158290.0,78235,5,262361
WIN$D,M15,1711447200,158290.0,158500.0,158250.0,158380.0,206978,5,754275
WIN$D,M15,1711448100,158380.0,158630.0,158330.0,158595.0,214278,5,779504
WIN$D,M15,1711449000,158595.0,158625.0,158415.0,158615.0,245801,5,848125
WIN$D,M15,1711449900,158615.0,158730.0,158595.0,158725.0,146874,5,494493
WIN$D,M15,1711450800,158725.0,158965.0,158705.0,158895.0,212094,5,840366
WIN$D,M15,1711451700,158890.0,158910.0,158715.0,158770.0,153341,5,580839
WIN$D,M15,1711452600,158765.0,158790.0,158585.0,158655.0,156504,5,589513
WIN$D,M15,1711453500,158655.0,158805.0,158630.0,158680.0,113360,5,399412
WIN$D,M15,1711454400,158680.0,158825.0,158635.0,158695.0,122325,5,451777
WIN$D,M15,1711455300,158695.0,158795.0,158690.0,158720.0,67333,5,256186
WIN$D,M15,1711456200,158725.0,158760.0,158605.0,158710.0,81565,5,326287
WIN$D,M15,1711457100,158710.0,158915.0,158705.0,158850.0,104858,5,427979
WIN$D,M15,1711458000,158850.0,158945.0,158785.0,158830.0,76822,5,310331
WIN$D,M15,1711458900,158835.0,158905.0,158800.0,158890.0,53974,5,233509
WIN$D,M15,1711459800,158895.0,158930.0,158780.0,158805.0,53193,5,219407
WIN$D,M15,1711460700,158805.0,158860.0,158755.0,158775.0,41046,5,162961
WIN$D,M15,1711461600,158780.0,159020.0,158770.0,158960.0,103858,5,432671
WIN$D,M15,1711462500,158960.0,159015.0,158805.0,158880.0,86354,5,347496
WIN$D,M15,1711463400,158880.0,158980.0,158825.0,158870.0,77635,5,312162
WIN$D,M15,1711464300,158875.0,158915.0,158820.0,158870.0,46220,5,182576
WIN$D,M15,1711465200,158875.0,159005.0,158835.0,158860.0,75441,5,321961
WIN$D,M15,1711466100,158855.0,158975.0,158820.0,158960.0,60208,5,246863
WIN$D,M15,1711467000,158955.0,158970.0,158830.0,158860.0,51256,5,213222
WIN$D,M15,1711467900,158860.0,158895.0,158800.0,158860.0,56863,5,245642
WIN$D,M15,1711468800,158860.0,158865.0,158780.0,158835.0,47620,5,193616
WIN$D,M15,1711469700,158840.0,158855.0,158755.0,158780.0,65389,5,260671
WIN$D,M15,1711470600,158780.0,158790.0,158675.0,158700.0,85685,5,359913
WIN$D,M15,1711471500,158700.0,158740.0,158665.0,158725.0,57744,5,231579
WIN$D,M15,1711472400,158725.0,158775.0,158685.0,158725.0,45618,5,186271
WIN$D,M15,1711473300,158725.0,158765.0,158715.0,158740.0,21897,5,86230
WIN$D,M15,1711474200,158745.0,158745.0,158700.0,158725.0,17236,5,74912
WIN$D,M15,1711475100,158720.0,158735.0,158690.0,158710.0,16504,5,66655
WIN$D,M15,1711476000,158710.0,158740.0,158685.0,158720.0,22446,5,54878
WIN$D,M15,1711476900,158715.0,158730.0,158665.0,158715.0,16648,5,42043
WIN$D,M15,1711530000,158880.0,158920.0,158450.0,158485.0,173955,5,524276
WIN$D,M15,1711530900,158485.0,158535.0,158410.0,158525.0,87710,5,304377
WIN$D,M15,1711531800,158525.0,158585.0,158500.0,158530.0,72507,5,257137
WIN$D,M15,1711532700,158525.0,158530.0,158450.0,158505.0,62365,5,222951
WIN$D,M15,1711533600,158510.0,158510.0,158315.0,158425.0,191585,5,725755
WIN$D,M15,1711534500,158425.0,158460.0,158255.0,158310.0,160330,5,601697
WIN$D,M15,1711535400,158310.0,158520.0,158210.0,158225.0,245260,5,923301
WIN$D,M15,1711536300,158230.0,158350.0,158200.0,158330.0,119138,5,448749
WIN$D,M15,1711537200,158330.0,158345.0,157910.0,158025.0,224462,5,920297
WIN$D,M15,1711538100,158025.0,158315.0,158015.0,158295.0,160399,5,640312
WIN$D,M15,1711539000,158300.0,158470.0,158275.0,158465.0,136568,5,559635
WIN$D,M15,1711539900,158465.0,158560.0,158425.0,158505.0,116970,5,497163
WIN$D,M15,1711540800,158500.0,158615.0,158470.0,158555.0,87079,5,371907
WIN$D,M15,1711541700,158555.0,158615.0,158515.0,158590.0,67894,5,310318
WIN$D,M15,1711542600,158590.0,158790.0,158580.0,158775.0,88576,5,402649
WIN$D,M15,1711543500,158770.0,158845.0,158730.0,158755.0,73309,5,330794
WIN$D,M15,1711544400,158755.0,158775.0,158700.0,158715.0,48395,5,229615
WIN$D,M15,1711545300,158715.0,158770.0,158685.0,158750.0,48003,5,230436
WIN$D,M15,1711546200,158745.0,158825.0,158735.0,158785.0,52846,5,266590
WIN$D,M15,1711547100,158785.0,158820.0,158710.0,158805.0,56819,5,292712
WIN$D,M15,1711548000,158805.0,158895.0,158755.0,158800.0,76983,5,373004
WIN$D,M15,1711548900,158795.0,158850.0,158730.0,158760.0,51764,5,260766
WIN$D,M15,1711549800,158760.0,158820.0,158725.0,158765.0,55731,5,291140
WIN$D,M15,1711550700,158765.0,158790.0,158680.0,158730.0,71478,5,324395
WIN$D,M15,1711551600,158725.0,158975.0,158720.0,158970.0,80909,5,361224
WIN$D,M15,1711552500,158970.0,159310.0,158965.0,159130.0,148169,5,687712
WIN$D,M15,1711553400,159130.0,159175.0,159050.0,159135.0,71635,5,321846
WIN$D,M15,1711554300,159140.0,159175.0,159100.0,159170.0,40243,5,175054
WIN$D,M15,1711555200,159170.0,159375.0,159165.0,159245.0,107847,5,518403
WIN$D,M15,1711556100,159245.0,159360.0,159225.0,159290.0,65421,5,297770
WIN$D,M15,1711557000,159290.0,159545.0,159230.0,159515.0,112448,5,531043
WIN$D,M15,1711557900,159515.0,159560.0,159410.0,159520.0,82427,5,391723
WIN$D,M15,1711558800,159520.0,159520.0,159410.0,159440.0,44818,5,216690
WIN$D,M15,1711559700,159435.0,159460.0,159185.0,159220.0,58535,5,300950
WIN$D,M15,1711560600,159220.0,159355.0,159105.0,159245.0,68198,5,319997
WIN$D,M15,1711561500,159250.0,159345.0,159235.0,159290.0,24702,5,102405
WIN$D,M15,1711562400,159290.0,159345.0,159250.0,159310.0,17014,5,55466
WIN$D,M15,1711563300,159305.0,159360.0,159100.0,159100.0,13384,5,51719
WIN$D,M15,1711616400,159025.0,159130.0,158895.0,159055.0,167702,5,499293
WIN$D,M15,1711617300,159050.0,159070.0,158975.0,159020.0,51272,5,167695
WIN$D,M15,1711618200,159015.0,159130.0,158925.0,159040.0,115967,5,425927
WIN$D,M15,1711619100,159040.0,159170.0,159015.0,159045.0,105366,5,393762
WIN$D,M15,1711620000,159045.0,159260.0,158995.0,158995.0,195052,5,743622
WIN$D,M15,1711620900,159000.0,159080.0,158935.0,159035.0,148985,5,563158
WIN$D,M15,1711621800,159040.0,159645.0,159005.0,159565.0,274236,5,1093919
WIN$D,M15,1711622700,159570.0,159670.0,159500.0,159615.0,140226,5,538827
WIN$D,M15,1711623600,159615.0,159810.0,159585.0,159780.0,166520,5,654493
WIN$D,M15,1711624500,159785.0,159810.0,159660.0,159710.0,85156,5,352688
WIN$D,M15,1711625400,159710.0,159855.0,159695.0,159790.0,84008,5,351255
WIN$D,M15,1711626300,159790.0,159865.0,159790.0,159815.0,50332,5,218559
WIN$D,M15,1711627200,159810.0,159855.0,159705.0,159840.0,83093,5,347268
WIN$D,M15,1711628100,159845.0,159910.0,159785.0,159855.0,65588,5,286233
WIN$D,M15,1711629000,159860.0,160070.0,159830.0,160045.0,91134,5,421164
WIN$D,M15,1711629900,160045.0,160095.0,159935.0,159950.0,72563,5,319166
WIN$D,M15,1711630800,159950.0,159965.0,159835.0,159885.0,66781,5,293236
WIN$D,M15,1711631700,159885.0,159900.0,159795.0,159830.0,56512,5,236635
WIN$D,M15,1711632600,159830.0,159860.0,159720.0,159830.0,78217,5,369213
WIN$D,M15,1711633500,159830.0,159860.0,159765.0,159800.0,50381,5,226227
WIN$D,M15,1711634400,159805.0,159815.0,159640.0,159680.0,74690,5,327512
WIN$D,M15,1711635300,159675.0,159690.0,159555.0,159675.0,77701,5,331655
WIN$D,M15,1711636200,159670.0,159785.0,159645.0,159765.0,70177,5,296258
WIN$D,M15,1711637100,159770.0,159800.0,159690.0,159740.0,58584,5,249703
WIN$D,M15,1711638000,159745.0,159890.0,159730.0,159855.0,67045,5,280398
WIN$D,M15,1711638900,159860.0,159885.0,159745.0,159775.0,57709,5,235314
WIN$D,M15,1711639800,159775.0,159835.0,159645.0,159670.0,87127,5,358417
WIN$D,M15,1711640700,159675.0,159735.0,159610.0,159725.0,77106,5,311215
WIN$D,M15,1711641600,159730.0,159800.0,159675.0,159765.0,56568,5,221989
WIN$D,M15,1711642500,159760.0,159860.0,159730.0,159855.0,65066,5,250590
WIN$D,M15,1711643400,159855.0,159960.0,159820.0,159945.0,71456,5,287509
WIN$D,M15,1711644300,159945.0,160040.0,159920.0,159945.0,94426,5,387569
WIN$D,M15,1711645200,159945.0,159970.0,159810.0,159845.0,68725,5,275023
WIN$D,M15,1711646100,159840.0,159870.0,159725.0,159730.0,41970,5,173619
WIN$D,M15,1711647000,159735.0,159810.0,159725.0,159760.0,34083,5,125308
WIN$D,M15,1711647900,159760.0,159880.0,159745.0,159850.0,30481,5,94970
WIN$D,M15,1711648800,159845.0,159920.0,159825.0,159875.0,30565,5,68333
WIN$D,M15,1711649700,159875.0,159915.0,159785.0,159820.0,24827,5,61324
WIN$D,M15,1711962000,159970.0,160150.0,159820.0,159925.0,157660,5,500113
WIN$D,M15,1711962900,159925.0,160030.0,159845.0,159885.0,101626,5,334507
WIN$D,M15,1711963800,159885.0,160010.0,159855.0,159985.0,73860,5,243012
WIN$D,M15,1711964700,159990.0,160060.0,159965.0,160045.0,63075,5,228345
WIN$D,M15,1711965600,160050.0,160075.0,159915.0,159930.0,142273,5,536127
WIN$D,M15,1711966500,159925.0,160340.0,159920.0,160185.0,190216,5,729687
WIN$D,M15,1711967400,160195.0,160245.0,159570.0,159640.0,257535,5,1018242
WIN$D,M15,1711968300,159640.0,159680.0,159460.0,159645.0,156423,5,618338
WIN$D,M15,1711969200,159650.0,159660.0,159200.0,159345.0,204223,5,839442
WIN$D,M15,1711970100,159345.0,159380.0,159045.0,159060.0,142279,5,565680
WIN$D,M15,1711971000,159055.0,159180.0,159030.0,159080.0,107060,5,455663
WIN$D,M15,1711971900,159075.0,159165.0,159070.0,159125.0,60091,5,241695
WIN$D,M15,1711972800,159130.0,159140.0,158905.0,159000.0,115421,5,500015
WIN$D,M15,1711973700,159000.0,159005.0,158860.0,158940.0,74915,5,320963
WIN$D,M15,1711974600,158940.0,158940.0,158750.0,158760.0,96079,5,451607
WIN$D,M15,1711975500,158765.0,158820.0,158735.0,158780.0,53457,5,246823
WIN$D,M15,1711976400,158780.0,158905.0,158770.0,158890.0,60763,5,273860
WIN$D,M15,1711977300,158890.0,158890.0,158755.0,158835.0,60158,5,260263
WIN$D,M15,1711978200,158835.0,158870.0,158760.0,158815.0,50341,5,216910
WIN$D,M15,1711979100,158820.0,158835.0,158750.0,158775.0,33276,5,146985
WIN$D,M15,1711980000,158780.0,158780.0,158595.0,158675.0,93193,5,412226
WIN$D,M15,1711980900,158675.0,158680.0,158460.0,158580.0,112547,5,513434
WIN$D,M15,1711981800,158580.0,158635.0,158500.0,158620.0,64598,5,282061
WIN$D,M15,1711982700,158620.0,158635.0,158535.0,158590.0,60479,5,262934
WIN$D,M15,1711983600,158595.0,158620.0,158525.0,158565.0,48582,5,228115
WIN$D,M15,1711984500,158560.0,158670.0,158545.0,158640.0,60689,5,271649
WIN$D,M15,1711985400,158640.0,158660.0,158470.0,158510.0,78425,5,333166
WIN$D,M15,1711986300,158510.0,158555.0,158410.0,158455.0,68075,5,303815
WIN$D,M15,1711987200,158450.0,158570.0,158425.0,158530.0,66137,5,299724
WIN$D,M15,1711988100,158530.0,158575.0,158385.0,158440.0,78316,5,342438
WIN$D,M15,1711989000,158435.0,158645.0,158435.0,158615.0,83644,5,361415
WIN$D,M15,1711989900,158620.0,158705.0,158590.0,158650.0,71895,5,332587
WIN$D,M15,1711990800,158655.0,158665.0,158515.0,158565.0,68073,5,299882
WIN$D,M15,1711991700,158565.0,158635.0,158555.0,158600.0,37678,5,167179
WIN$D,M15,1711992600,158600.0,158635.0,158565.0,158590.0,30153,5,124193
WIN$D,M15,1711993500,158585.0,158630.0,158540.0,158565.0,30147,5,112150
WIN$D,M15,1711994400,158570.0,158620.0,158525.0,158555.0,35761,5,75774
WIN$D,M15,1711995300,158550.0,158580.0,158485.0,158580.0,33852,5,75760
WIN$D,M15,1712048400,158730.0,158940.0,158510.0,158515.0,187407,5,614608
WIN$D,M15,1712049300,158510.0,158585.0,158425.0,158555.0,118538,5,425795
WIN$D,M15,1712050200,158555.0,158570.0,158210.0,158240.0,163059,5,601321
WIN$D,M15,1712051100,158240.0,158535.0,158215.0,158430.0,142626,5,559397
WIN$D,M15,1712052000,158430.0,158620.0,158425.0,158485.0,161710,5,630085
WIN$D,M15,1712052900,158480.0,158645.0,158280.0,158610.0,218288,5,853347
WIN$D,M15,1712053800,158605.0,158790.0,158480.0,158690.0,278302,5,1162773
WIN$D,M15,1712054700,158690.0,158750.0,158580.0,158675.0,125098,5,459737
WIN$D,M15,1712055600,158675.0,158900.0,158165.0,158635.0,294935,5,1110712
WIN$D,M15,1712056500,158635.0,158855.0,158495.0,158840.0,202476,5,775843
WIN$D,M15,1712057400,158835.0,158840.0,158615.0,158645.0,150413,5,560603
WIN$D,M15,1712058300,158650.0,158675.0,158355.0,158465.0,168729,5,661717
WIN$D,M15,1712059200,158470.0,158620.0,158410.0,158585.0,103729,5,431851
WIN$D,M15,1712060100,158590.0,158625.0,158475.0,158515.0,80687,5,345860
WIN$D,M15,1712061000,158515.0,158515.0,158335.0,158355.0,93887,5,373959
WIN$D,M15,1712061900,158355.0,158355.0,158235.0,158305.0,81174,5,348056
WIN$D,M15,1712062800,158310.0,158315.0,158210.0,158245.0,61389,5,261414
WIN$D,M15,1712063700,158250.0,158345.0,158240.0,158305.0,53439,5,230827
WIN$D,M15,1712064600,158305.0,158360.0,158255.0,158310.0,52285,5,222951
WIN$D,M15,1712065500,158310.0,158490.0,158285.0,158475.0,72522,5,303950
WIN$D,M15,1712066400,158475.0,158495.0,158250.0,158390.0,108300,5,480153
WIN$D,M15,1712067300,158390.0,158605.0,158330.0,158595.0,95099,5,422364
WIN$D,M15,1712068200,158595.0,158685.0,158495.0,158530.0,101790,5,432483
WIN$D,M15,1712069100,158535.0,158815.0,158525.0,158745.0,103544,5,460486
WIN$D,M15,1712070000,158750.0,158950.0,158665.0,158925.0,88858,5,398039
WIN$D,M15,1712070900,158920.0,158985.0,158845.0,158855.0,74542,5,324614
WIN$D,M15,1712071800,158855.0,158930.0,158795.0,158920.0,75611,5,323125
WIN$D,M15,1712072700,158915.0,159005.0,158880.0,158925.0,63561,5,274714
WIN$D,M15,1712073600,158925.0,159100.0,158925.0,159035.0,79501,5,359841
WIN$D,M15,1712074500,159035.0,159120.0,158975.0,159070.0,69801,5,313379
WIN$D,M15,1712075400,159070.0,159240.0,159055.0,159150.0,82273,5,370305
WIN$D,M15,1712076300,159155.0,159225.0,159110.0,159135.0,58473,5,285629
WIN$D,M15,1712077200,159135.0,159145.0,159045.0,159070.0,43248,5,200286
WIN$D,M15,1712078100,159065.0,159165.0,159035.0,159105.0,35841,5,159611
WIN$D,M15,1712079000,159110.0,159150.0,159095.0,159115.0,19200,5,86089
WIN$D,M15,1712079900,159115.0,159120.0,159030.0,159070.0,25502,5,110893
WIN$D,M15,1712080800,159075.0,159080.0,158995.0,159015.0,14412,5,46082
WIN$D,M15,1712081700,159010.0,159020.0,158840.0,158840.0,14023,5,57007
WIN$D,M15,1712134800,158665.0,158855.0,158505.0,158820.0,170930,5,582933
WIN$D,M15,1712135700,158825.0,158900.0,158715.0,158805.0,126363,5,456589
WIN$D,M15,1712136600,158805.0,158845.0,158705.0,158745.0,112109,5,391974
WIN$D,M15,1712137500,158745.0,158805.0,158665.0,158755.0,109295,5,390739
WIN$D,M15,1712138400,158755.0,159015.0,158755.0,158800.0,260374,5,968120
WIN$D,M15,1712139300,158795.0,158890.0,158560.0,158630.0,219254,5,853607
WIN$D,M15,1712140200,158635.0,158795.0,158280.0,158295.0,295339,5,1149241
WIN$D,M15,1712141100,158295.0,158320.0,157850.0,157930.0,232913,5,1011996
WIN$D,M15,1712142000,157935.0,158195.0,157685.0,157840.0,248107,5,1122206
WIN$D,M15,1712142900,157835.0,157900.0,157730.0,157740.0,124206,5,527283
WIN$D,M15,1712143800,157735.0,157930.0,157670.0,157930.0,126872,5,524523
WIN$D,M15,1712144700,157930.0,158080.0,157890.0,158015.0,113581,5,502313
WIN$D,M15,1712145600,158015.0,158100.0,157935.0,158025.0,97301,5,418889
WIN$D,M15,1712146500,158025.0,158075.0,157955.0,157960.0,77390,5,338266
WIN$D,M15,1712147400,157960.0,158205.0,157875.0,158175.0,119668,5,548093
WIN$D,M15,1712148300,158175.0,158185.0,157965.0,158050.0,82218,5,361617
WIN$D,M15,1712149200,158050.0,158100.0,157935.0,157975.0,79813,5,346596
WIN$D,M15,1712150100,157980.0,158205.0,157965.0,158175.0,84238,5,374056
WIN$D,M15,1712151000,158170.0,158320.0,158125.0,158305.0,114103,5,501024
WIN$D,M15,1712151900,158305.0,158475.0,158210.0,158465.0,100435,5,430571
WIN$D,M15,1712152800,158465.0,158655.0,158420.0,158620.0,98530,5,443190
WIN$D,M15,1712153700,158615.0,158980.0,158615.0,158965.0,137523,5,649229
WIN$D,M15,1712154600,158960.0,159290.0,158960.0,159230.0,139110,5,678254
WIN$D,M15,1712155500,159225.0,159260.0,159070.0,159075.0,83899,5,382147
WIN$D,M15,1712156400,159075.0,159090.0,158925.0,158975.0,103365,5,477143
WIN$D,M15,1712157300,158970.0,158985.0,158895.0,158930.0,55029,5,264047
WIN$D,M15,1712158200,158935.0,159035.0,158900.0,159025.0,47773,5,223781
WIN$D,M15,1712159100,159025.0,159035.0,158830.0,158845.0,71241,5,324936
WIN$D,M15,1712160000,158845.0,158915.0,158715.0,158725.0,85837,5,384088
WIN$D,M15,1712160900,158725.0,158800.0,158600.0,158665.0,109510,5,487867
WIN$D,M15,1712161800,158665.0,158820.0,158625.0,158800.0,68697,5,296441
WIN$D,M15,1712162700,158795.0,158930.0,158780.0,158855.0,75125,5,334359
WIN$D,M15,1712163600,158855.0,158920.0,158805.0,158815.0,41741,5,181726
WIN$D,M15,1712164500,158810.0,158845.0,158735.0,158750.0,30955,5,136797
WIN$D,M15,1712165400,158750.0,158835.0,158730.0,158765.0,30283,5,124889
WIN$D,M15,1712166300,158760.0,158815.0,158735.0,158745.0,27675,5,88549
WIN$D,M15,1712167200,158745.0,158805.0,158740.0,158790.0,21956,5,41993
WIN$D,M15,1712168100,158790.0,158820.0,158740.0,158790.0,17764,5,41248
WIN$D,M15,1712221200,159020.0,159065.0,158820.0,159010.0,185441,5,565325
WIN$D,M15,1712222100,159010.0,159185.0,158920.0,159150.0,115987,5,414513
WIN$D,M15,1712223000,159155.0,159205.0,158990.0,159000.0,147999,5,538030
WIN$D,M15,1712223900,159005.0,159230.0,159000.0,159220.0,95096,5,345630
WIN$D,M15,1712224800,159225.0,159845.0,159210.0,159735.0,299913,5,1242456
WIN$D,M15,1712225700,159740.0,160235.0,159725.0,160205.0,231426,5,1021506
WIN$D,M15,1712226600,160210.0,160600.0,160065.0,160510.0,300475,5,1320583
WIN$D,M15,1712227500,160510.0,160645.0,160390.0,160520.0,176140,5,731744
WIN$D,M15,1712228400,160515.0,160860.0,160515.0,160775.0,196118,5,879574
WIN$D,M15,1712229300,160775.0,160840.0,160520.0,160585.0,134971,5,610036
WIN$D,M15,1712230200,160580.0,160640.0,159935.0,160140.0,314032,5,1404789
WIN$D,M15,1712231100,160140.0,160290.0,159860.0,159865.0,184703,5,789550
WIN$D,M15,1712232000,159865.0,160735.0,159825.0,160730.0,229298,5,1036163
WIN$D,M15,1712232900,160730.0,160765.0,160455.0,160660.0,179946,5,715586
WIN$D,M15,1712233800,160660.0,161015.0,160615.0,160860.0,155867,5,626090
WIN$D,M15,1712234700,160855.0,160965.0,160830.0,160945.0,67022,5,257892
WIN$D,M15,1712235600,160940.0,161140.0,160935.0,161095.0,85918,5,350884
WIN$D,M15,1712236500,161095.0,161195.0,161045.0,161060.0,83649,5,329938
WIN$D,M15,1712237400,161060.0,161065.0,160885.0,160915.0,84379,5,317448
WIN$D,M15,1712238300,160910.0,160970.0,160720.0,160745.0,82465,5,329074
WIN$D,M15,1712239200,160745.0,160870.0,160735.0,160815.0,75938,5,311723
WIN$D,M15,1712240100,160810.0,160830.0,160660.0,160665.0,65355,5,267340
WIN$D,M15,1712241000,160665.0,160710.0,160495.0,160500.0,98733,5,371249
WIN$D,M15,1712241900,160500.0,160560.0,160265.0,160290.0,94680,5,368830
WIN$D,M15,1712242800,160290.0,160495.0,159975.0,159995.0,161199,5,647462
WIN$D,M15,1712243700,160000.0,160070.0,159680.0,159705.0,194860,5,809388
WIN$D,M15,1712244600,159700.0,159855.0,159540.0,159575.0,189985,5,790582
WIN$D,M15,1712245500,159570.0,159685.0,159320.0,159415.0,156358,5,651438
WIN$D,M15,1712246400,159420.0,159420.0,159040.0,159155.0,174705,5,739028
WIN$D,M15,1712247300,159150.0,159230.0,158915.0,158950.0,162777,5,700051
WIN$D,M15,1712248200,158950.0,159045.0,158635.0,158840.0,150930,5,660152
WIN$D,M15,1712249100,158840.0,159055.0,158795.0,158950.0,127502,5,554300
WIN$D,M15,1712250000,158955.0,159075.0,158880.0,158990.0,63666,5,273510
WIN$D,M15,1712250900,158995.0,159045.0,158870.0,158880.0,42076,5,172817
WIN$D,M15,1712251800,158880.0,158900.0,158710.0,158715.0,43387,5,164063
WIN$D,M15,1712252700,158715.0,158885.0,158680.0,158875.0,36249,5,139051
WIN$D,M15,1712253600,158865.0,158925.0,158725.0,158815.0,41636,5,95341
WIN$D,M15,1712254500,158815.0,158855.0,158665.0,158740.0,28670,5,59525
WIN$D,M15,1712307600,158965.0,159270.0,158840.0,159235.0,190316,5,623314
WIN$D,M15,1712308500,159230.0,159380.0,159125.0,159290.0,132398,5,439852
WIN$D,M15,1712309400,159285.0,159480.0,158680.0,159065.0,394688,5,1178957
WIN$D,M15,1712310300,159060.0,159080.0,158740.0,159010.0,215732,5,709809
WIN$D,M15,1712311200,159005.0,159030.0,158655.0,158745.0,255481,5,884030
WIN$D,M15,1712312100,158740.0,158915.0,158515.0,158715.0,257208,5,873781
WIN$D,M15,1712313000,158720.0,158770.0,158280.0,158330.0,307269,5,1161546
WIN$D,M15,1712313900,158330.0,158540.0,158225.0,158510.0,202676,5,825941
WIN$D,M15,1712314800,158510.0,158605.0,157960.0,158110.0,241860,5,1036320
WIN$D,M15,1712315700,158115.0,158200.0,157910.0,157940.0,149331,5,607217
WIN$D,M15,1712316600,157940.0,158085.0,157900.0,158060.0,135339,5,538051
WIN$D,M15,1712317500,158060.0,158320.0,157835.0,158260.0,193797,5,836124
WIN$D,M15,1712318400,158265.0,158450.0,158010.0,158040.0,202924,5,822488
WIN$D,M15,1712319300,158040.0,158115.0,157815.0,158100.0,168362,5,707422
WIN$D,M15,1712320200,158100.0,158215.0,157955.0,158100.0,122918,5,519665
WIN$D,M15,1712321100,158105.0,158455.0,158090.0,158435.0,126710,5,541408
WIN$D,M15,1712322000,158440.0,158510.0,158275.0,158365.0,110046,5,445383
WIN$D,M15,1712322900,158360.0,158450.0,158325.0,158425.0,72231,5,295163
WIN$D,M15,1712323800,158425.0,158585.0,158315.0,158490.0,123278,5,544033
WIN$D,M15,1712324700,158490.0,158730.0,158425.0,158655.0,112376,5,488051
WIN$D,M15,1712325600,158655.0,158660.0,158415.0,158505.0,108584,5,483327
WIN$D,M15,1712326500,158505.0,158570.0,158360.0,158420.0,83916,5,365734
WIN$D,M15,1712327400,158425.0,158465.0,157970.0,157985.0,148609,5,618325
WIN$D,M15,1712328300,157985.0,158040.0,157890.0,157975.0,106632,5,483556
WIN$D,M15,1712329200,157970.0,158155.0,157830.0,158095.0,133029,5,594346
WIN$D,M15,1712330100,158100.0,158220.0,158025.0,158070.0,101700,5,450931
WIN$D,M15,1712331000,158070.0,158215.0,158050.0,158195.0,81542,5,377615
WIN$D,M15,1712331900,158190.0,158220.0,158085.0,158190.0,70920,5,325716
WIN$D,M15,1712332800,158190.0,158200.0,158035.0,158185.0,73213,5,334533
WIN$D,M15,1712333700,158190.0,158315.0,158140.0,158260.0,84756,5,381843
WIN$D,M15,1712334600,158260.0,158365.0,158225.0,158270.0,69944,5,309713
WIN$D,M15,1712335500,158270.0,158420.0,158215.0,158230.0,76976,5,353128
WIN$D,M15,1712336400,158230.0,158260.0,158005.0,158035.0,68561,5,332012
WIN$D,M15,1712337300,158035.0,158070.0,157850.0,157910.0,58589,5,287733
WIN$D,M15,1712338200,157910.0,158090.0,157890.0,158085.0,50034,5,208102
WIN$D,M15,1712339100,158085.0,158180.0,158000.0,158140.0,54568,5,178770
WIN$D,M15,1712340000,158140.0,158145.0,157970.0,158040.0,48150,5,95326
WIN$D,M15,1712340900,158040.0,158255.0,158025.0,158255.0,21897,5,52864
WIN$D,M15,1712566800,158430.0,158550.0,158100.0,158385.0,189926,5,547532
WIN$D,M15,1712567700,158385.0,158460.0,158295.0,158320.0,107232,5,319224
WIN$D,M15,1712568600,158320.0,158430.0,158275.0,158400.0,94277,5,300934
WIN$D,M15,1712569500,158405.0,158625.0,158390.0,158625.0,108262,5,354790
WIN$D,M15,1712570400,158620.0,158750.0,158480.0,158535.0,207655,5,723322
WIN$D,M15,1712571300,158535.0,158860.0,158490.0,158665.0,206753,5,734927
WIN$D,M15,1712572200,158665.0,159615.0,158655.0,159475.0,348526,5,1359362
WIN$D,M15,1712573100,159480.0,159770.0,159405.0,159560.0,209156,5,822032
WIN$D,M15,1712574000,159555.0,159595.0,159310.0,159455.0,165403,5,653259
WIN$D,M15,1712574900,159450.0,159725.0,159435.0,159710.0,139797,5,547850
WIN$D,M15,1712575800,159710.0,159790.0,159535.0,159730.0,139369,5,558578
WIN$D,M15,1712576700,159735.0,159820.0,159680.0,159755.0,89140,5,378163
WIN$D,M15,1712577600,159755.0,160005.0,159735.0,159920.0,108646,5,473444
WIN$D,M15,1712578500,159920.0,160085.0,159910.0,160025.0,84322,5,376636
WIN$D,M15,1712579400,160020.0,160035.0,159805.0,159960.0,110367,5,462840
WIN$D,M15,1712580300,159960.0,160050.0,159935.0,160015.0,80021,5,332119
WIN$D,M15,1712581200,160010.0,160130.0,159995.0,160015.0,88242,5,353856
WIN$D,M15,1712582100,160015.0,160040.0,159885.0,159900.0,82496,5,344048
WIN$D,M15,1712583000,159900.0,160015.0,159890.0,159915.0,60643,5,255346
WIN$D,M15,1712583900,159910.0,160005.0,159910.0,159980.0,46652,5,195881
WIN$D,M15,1712584800,159980.0,160095.0,159960.0,159975.0,80849,5,348286
WIN$D,M15,1712585700,159975.0,160150.0,159960.0,160140.0,69896,5,295373
WIN$D,M15,1712586600,160140.0,160255.0,160095.0,160145.0,89090,5,379839
WIN$D,M15,1712587500,160145.0,160195.0,160110.0,160145.0,48436,5,191426
WIN$D,M15,1712588400,160140.0,160210.0,160040.0,160060.0,79821,5,330489
WIN$D,M15,1712589300,160060.0,160220.0,160060.0,160130.0,77409,5,313431
WIN$D,M15,1712590200,160130.0,160130.0,159895.0,159925.0,112911,5,449867
WIN$D,M15,1712591100,159920.0,160100.0,159875.0,160060.0,94057,5,376514
WIN$D,M15,1712592000,160060.0,160245.0,160030.0,160230.0,136694,5,545758
WIN$D,M15,1712592900,160230.0,160555.0,160215.0,160465.0,142873,5,625407
WIN$D,M15,1712593800,160465.0,160645.0,160430.0,160545.0,108438,5,501838
WIN$D,M15,1712594700,160545.0,160595.0,160255.0,160355.0,115226,5,515801
WIN$D,M15,1712595600,160355.0,160405.0,160240.0,160380.0,65292,5,305535
WIN$D,M15,1712596500,160380.0,160545.0,160360.0,160515.0,59958,5,260508
WIN$D,M15,1712597400,160515.0,160525.0,160360.0,160375.0,60014,5,231434
WIN$D,M15,1712598300,160370.0,160425.0,160250.0,160380.0,60188,5,205315
WIN$D,M15,1712599200,160380.0,160465.0,160275.0,160360.0,63592,5,139118
WIN$D,M15,1712600100,160360.0,160405.0,160070.0,160070.0,28944,5,76152
WIN$D,M15,1712653200,160430.0,160790.0,160315.0,160705.0,274524,5,802819
WIN$D,M15,1712654100,160705.0,160840.0,160660.0,160745.0,136393,5,460508
WIN$D,M15,1712655000,160745.0,160905.0,160735.0,160785.0,115083,5,396256
WIN$D,M15,1712655900,160785.0,160985.0,160755.0,160890.0,161679,5,584674
WIN$D,M15,1712656800,160890.0,160920.0,160710.0,160805.0,162600,5,601985
WIN$D,M15,1712657700,160805.0,160970.0,160655.0,160965.0,200759,5,769660
WIN$D,M15,1712658600,160965.0,161230.0,160735.0,160920.0,336928,5,1311683
WIN$D,M15,1712659500,160920.0,161130.0,160750.0,160925.0,225238,5,866959
WIN$D,M15,1712660400,160925.0,161300.0,160895.0,161195.0,182619,5,750253
WIN$D,M15,1712661300,161195.0,161395.0,161070.0,161105.0,198049,5,853345
WIN$D,M15,1712662200,161100.0,161115.0,160565.0,160770.0,255428,5,1049353
WIN$D,M15,1712663100,160770.0,160950.0,160700.0,160930.0,149328,5,631073
WIN$D,M15,1712664000,160930.0,161075.0,160875.0,161000.0,126208,5,550917
WIN$D,M15,1712664900,161000.0,161090.0,160780.0,160815.0,134715,5,581463
WIN$D,M15,1712665800,160820.0,161025.0,160815.0,161000.0,105304,5,419307
WIN$D,M15,1712666700,161000.0,161045.0,160800.0,160900.0,114551,5,449684
WIN$D,M15,1712667600,160900.0,161065.0,160860.0,161020.0,86600,5,353891
WIN$D,M15,1712668500,161020.0,161060.0,160905.0,160910.0,64729,5,273658
WIN$D,M15,1712669400,160910.0,161060.0,160865.0,160875.0,83102,5,363207
WIN$D,M15,1712670300,160870.0,160925.0,160720.0,160735.0,100780,5,415985
WIN$D,M15,1712671200,160730.0,160775.0,160570.0,160580.0,122138,5,499480
WIN$D,M15,1712672100,160575.0,160745.0,160565.0,160720.0,92270,5,376703
WIN$D,M15,1712673000,160720.0,160960.0,160720.0,160895.0,125016,5,522185
WIN$D,M15,1712673900,160895.0,161050.0,160885.0,160990.0,85047,5,355663
WIN$D,M15,1712674800,160985.0,161160.0,160900.0,161120.0,115438,5,472689
WIN$D,M15,1712675700,161120.0,161170.0,160960.0,161010.0,101044,5,401000
WIN$D,M15,1712676600,161010.0,161030.0,160905.0,161010.0,79712,5,326002
WIN$D,M15,1712677500,161010.0,161065.0,160910.0,160960.0,91938,5,373814
WIN$D,M15,1712678400,160965.0,160965.0,160750.0,160885.0,121981,5,486028
WIN$D,M15,1712679300,160885.0,161245.0,160850.0,161230.0,132000,5,538071
WIN$D,M15,1712680200,161225.0,161240.0,161045.0,161145.0,106457,5,434557
WIN$D,M15,1712681100,161145.0,161360.0,161100.0,161350.0,107073,5,439412
WIN$D,M15,1712682000,161345.0,161375.0,161255.0,161275.0,64653,5,275263
WIN$D,M15,1712682900,161280.0,161430.0,161195.0,161255.0,65094,5,274561
WIN$D,M15,1712683800,161255.0,161325.0,161190.0,161265.0,53660,5,198920
WIN$D,M15,1712684700,161260.0,161380.0,161210.0,161285.0,44955,5,145500
WIN$D,M15,1712685600,161285.0,161355.0,161265.0,161340.0,30226,5,64371
WIN$D,M15,1712686500,161340.0,161465.0,161300.0,161360.0,32423,5,75153
WIN$D,M15,1712739600,161680.0,162245.0,161680.0,162190.0,256796,5,810690
WIN$D,M15,1712740500,162190.0,162460.0,162030.0,162295.0,186897,5,546400
WIN$D,M15,1712741400,162295.0,162375.0,160505.0,160685.0,546649,5,1648641
WIN$D,M15,1712742300,160680.0,161205.0,160670.0,160985.0,283037,5,971203
WIN$D,M15,1712743200,160990.0,160995.0,160265.0,160355.0,327730,5,1168527
WIN$D,M15,1712744100,160355.0,160640.0,160160.0,160165.0,272972,5,1012536
WIN$D,M15,1712745000,160170.0,160565.0,160150.0,160420.0,272850,5,990744
WIN$D,M15,1712745900,160420.0,160620.0,160105.0,160425.0,272868,5,986976
WIN$D,M15,1712746800,160420.0,160500.0,160125.0,160140.0,214962,5,769266
WIN$D,M15,1712747700,160140.0,160425.0,160085.0,160210.0,183509,5,696678
WIN$D,M15,1712748600,160210.0,160400.0,159975.0,160335.0,225324,5,853671
WIN$D,M15,1712749500,160330.0,160380.0,160055.0,160180.0,144784,5,553616
WIN$D,M15,1712750400,160180.0,160245.0,159615.0,159660.0,180409,5,756327
WIN$D,M15,1712751300,159655.0,159810.0,159640.0,159735.0,102101,5,437468
WIN$D,M15,1712752200,159735.0,159765.0,159455.0,159510.0,117356,5,499449
WIN$D,M15,1712753100,159505.0,159575.0,159420.0,159515.0,90049,5,371613
WIN$D,M15,1712754000,159515.0,159700.0,159505.0,159565.0,88619,5,370063
WIN$D,M15,1712754900,159570.0,159665.0,159525.0,159550.0,62131,5,252461
WIN$D,M15,1712755800,159550.0,159675.0,159490.0,159630.0,76048,5,319106
WIN$D,M15,1712756700,159625.0,159740.0,159555.0,159655.0,77328,5,329107
WIN$D,M15,1712757600,159650.0,159755.0,159305.0,159415.0,175377,5,775080
WIN$D,M15,1712758500,159410.0,159895.0,159375.0,159575.0,170150,5,741120
WIN$D,M15,1712759400,159580.0,159765.0,159235.0,159265.0,227576,5,948637
WIN$D,M15,1712760300,159270.0,159510.0,159195.0,159410.0,139061,5,585625
WIN$D,M15,1712761200,159410.0,159550.0,159280.0,159530.0,116672,5,476353
WIN$D,M15,1712762100,159525.0,159605.0,159305.0,159370.0,137619,5,549771
WIN$D,M15,1712763000,159370.0,159400.0,159225.0,159360.0,118219,5,477211
WIN$D,M15,1712763900,159360.0,159415.0,159125.0,159130.0,99783,5,422221
WIN$D,M15,1712764800,159130.0,159270.0,158995.0,159170.0,134231,5,578491
WIN$D,M15,1712765700,159165.0,159350.0,159060.0,159280.0,94690,5,399398
WIN$D,M15,1712766600,159285.0,159340.0,159120.0,159315.0,95484,5,393540
WIN$D,M15,1712767500,159320.0,159415.0,159210.0,159285.0,102959,5,460613
WIN$D,M15,1712768400,159285.0,159360.0,159155.0,159195.0,62447,5,279614
WIN$D,M15,1712769300,159195.0,159285.0,159125.0,159245.0,43150,5,197232
WIN$D,M15,1712770200,159245.0,159280.0,159220.0,159250.0,23149,5,94242
WIN$D,M15,1712771100,159250.0,159365.0,159250.0,159340.0,34695,5,134683
WIN$D,M15,1712772000,159340.0,159345.0,159205.0,159215.0,25957,5,64252
WIN$D,M15,1712772900,159215.0,159405.0,159195.0,159405.0,22055,5,51701
WIN$D,M15,1712826000,159030.0,159405.0,158775.0,158925.0,209707,5,620608
WIN$D,M15,1712826900,158925.0,158990.0,158480.0,158600.0,192329,5,675807
WIN$D,M15,1712827800,158595.0,159280.0,158410.0,158935.0,327978,5,1134449
WIN$D,M15,1712828700,158935.0,159140.0,158920.0,159050.0,163434,5,580707
WIN$D,M15,1712829600,159050.0,159205.0,158945.0,159015.0,198324,5,698806
WIN$D,M15,1712830500,159010.0,159170.0,158735.0,158890.0,165557,5,578519
WIN$D,M15,1712831400,158895.0,159035.0,158640.0,158740.0,269431,5,975779
WIN$D,M15,1712832300,158745.0,158905.0,158630.0,158720.0,194943,5,711285
WIN$D,M15,1712833200,158725.0,158755.0,158460.0,158540.0,200311,5,757674
WIN$D,M15,1712834100,158540.0,158570.0,158280.0,158345.0,197279,5,815379
WIN$D,M15,1712835000,158340.0,158520.0,158320.0,158510.0,121514,5,504249
WIN$D,M15,1712835900,158510.0,158695.0,158505.0,158585.0,131932,5,548656
WIN$D,M15,1712836800,158590.0,158675.0,158460.0,158550.0,118200,5,476169
WIN$D,M15,1712837700,158555.0,158650.0,158490.0,158500.0,79357,5,323168
WIN$D,M15,1712838600,158505.0,158845.0,158495.0,158700.0,126177,5,523202
WIN$D,M15,1712839500,158695.0,158835.0,158690.0,158820.0,84393,5,353884
WIN$D,M15,1712840400,158820.0,158865.0,158500.0,158515.0,127694,5,538200
WIN$D,M15,1712841300,158520.0,158595.0,158380.0,158390.0,125731,5,554847
WIN$D,M15,1712842200,158390.0,158510.0,158330.0,158465.0,106471,5,467629
WIN$D,M15,1712843100,158460.0,158510.0,158365.0,158430.0,79235,5,344715
WIN$D,M15,1712844000,158425.0,158685.0,158240.0,158640.0,167553,5,719932
WIN$D,M15,1712844900,158635.0,158660.0,158535.0,158620.0,85470,5,371282
WIN$D,M15,1712845800,158625.0,158775.0,158605.0,158750.0,96699,5,424078
WIN$D,M15,1712846700,158745.0,158835.0,158695.0,158805.0,85134,5,358880
WIN$D,M15,1712847600,158805.0,159115.0,158750.0,158890.0,149172,5,677222
WIN$D,M15,1712848500,158885.0,158960.0,158845.0,158925.0,77639,5,322677
WIN$D,M15,1712849400,158925.0,159025.0,158735.0,158750.0,105859,5,454953
WIN$D,M15,1712850300,158745.0,158780.0,158540.0,158550.0,109312,5,488065
WIN$D,M15,1712851200,158545.0,158705.0,158535.0,158585.0,84498,5,379163
WIN$D,M15,1712852100,158585.0,158835.0,158480.0,158705.0,130379,5,584250
WIN$D,M15,1712853000,158710.0,158815.0,158640.0,158765.0,67911,5,282162
WIN$D,M15,1712853900,158765.0,158785.0,158585.0,158590.0,77841,5,339271
WIN$D,M15,1712854800,158590.0,158655.0,158520.0,158525.0,50476,5,233874
WIN$D,M15,1712855700,158520.0,158595.0,158490.0,158540.0,32541,5,139502
WIN$D,M15,1712856600,158545.0,158700.0,158510.0,158645.0,40671,5,176604
WIN$D,M15,1712857500,158640.0,158675.0,158540.0,158600.0,31785,5,111261
WIN$D,M15,1712858400,158605.0,158680.0,158560.0,158670.0,26385,5,54292
WIN$D,M15,1712859300,158665.0,158700.0,158520.0,158520.0,18536,5,43792
WIN$D,M15,1712912400,158830.0,158935.0,158700.0,158860.0,166643,5,502840
WIN$D,M15,1712913300,158860.0,158950.0,158595.0,158620.0,150510,5,491663
WIN$D,M15,1712914200,158615.0,158695.0,158490.0,158620.0,202087,5,648286
WIN$D,M15,1712915100,158615.0,158780.0,158550.0,158680.0,205228,5,687547
WIN$D,M15,1712916000,158675.0,158705.0,158310.0,158510.0,295718,5,1125265
WIN$D,M15,1712916900,158510.0,158860.0,158405.0,158760.0,267042,5,984094
WIN$D,M15,1712917800,158760.0,158845.0,158515.0,158565.0,272122,5,950873
WIN$D,M15,1712918700,158565.0,158685.0,158455.0,158630.0,186412,5,656653
WIN$D,M15,1712919600,158635.0,158855.0,158445.0,158635.0,244266,5,942587
WIN$D,M15,1712920500,158635.0,158640.0,158300.0,158360.0,207417,5,830565
WIN$D,M15,1712921400,158360.0,158555.0,158175.0,158210.0,184622,5,752317
WIN$D,M15,1712922300,158215.0,158245.0,157980.0,158000.0,142796,5,595461
WIN$D,M15,1712923200,158000.0,158140.0,157925.0,157935.0,138283,5,569194
WIN$D,M15,1712924100,157940.0,158210.0,157915.0,158170.0,121176,5,481983
WIN$D,M15,1712925000,158175.0,158295.0,158095.0,158195.0,120399,5,451900
WIN$D,M15,1712925900,158190.0,158285.0,158140.0,158185.0,73871,5,275973
WIN$D,M15,1712926800,158185.0,158400.0,158110.0,158135.0,123991,5,496875
WIN$D,M15,1712927700,158140.0,158230.0,158070.0,158095.0,90181,5,324040
WIN$D,M15,1712928600,158100.0,158140.0,157755.0,157785.0,148203,5,565338
WIN$D,M15,1712929500,157790.0,157805.0,157640.0,157695.0,113991,5,443523
WIN$D,M15,1712930400,157695.0,157800.0,157615.0,157625.0,96695,5,394095
WIN$D,M15,1712931300,157630.0,157705.0,157315.0,157375.0,163590,5,713728
WIN$D,M15,1712932200,157375.0,157385.0,157255.0,157305.0,101003,5,436343
WIN$D,M15,1712933100,157305.0,157440.0,157290.0,157360.0,96884,5,395649
WIN$D,M15,1712934000,157365.0,157450.0,157230.0,157345.0,122187,5,495453
WIN$D,M15,1712934900,157340.0,157380.0,157150.0,157170.0,104876,5,437822
WIN$D,M15,1712935800,157170.0,157190.0,156960.0,156995.0,137856,5,608689
WIN$D,M15,1712936700,157000.0,157065.0,156895.0,156915.0,110052,5,462920
WIN$D,M15,1712937600,156920.0,157005.0,156805.0,156905.0,121899,5,521966
WIN$D,M15,1712938500,156905.0,157010.0,156850.0,156970.0,80965,5,333279
WIN$D,M15,1712939400,156970.0,157200.0,156950.0,157185.0,103998,5,453205
WIN$D,M15,1712940300,157185.0,157270.0,157035.0,157060.0,110768,5,504812
WIN$D,M15,1712941200,157055.0,157230.0,156995.0,157075.0,75050,5,339869
WIN$D,M15,1712942100,157070.0,157145.0,157025.0,157100.0,39352,5,165514
WIN$D,M15,1712943000,157100.0,157160.0,157100.0,157120.0,20912,5,81486
WIN$D,M15,1712943900,157125.0,157190.0,157085.0,157150.0,27971,5,97889
WIN$D,M15,1712944800,157150.0,157170.0,157095.0,157130.0,20317,5,46200
WIN$D,M15,1712945700,157130.0,157130.0,157030.0,157050.0,21499,5,51586
WIN$D,M15,1713171600,157645.0,157865.0,157400.0,157435.0,182991,5,588751
WIN$D,M15,1713172500,157430.0,157440.0,157205.0,157255.0,130976,5,439168
WIN$D,M15,1713173400,157255.0,157295.0,157025.0,157240.0,224022,5,770545
WIN$D,M15,1713174300,157235.0,157250.0,157005.0,157110.0,162377,5,531283
WIN$D,M15,1713175200,157105.0,157215.0,156725.0,156765.0,268165,5,948896
WIN$D,M15,1713176100,156765.0,157115.0,156755.0,156980.0,221624,5,800111
WIN$D,M15,1713177000,156980.0,157400.0,156740.0,157315.0,331170,5,1250558
WIN$D,M15,1713177900,157310.0,157410.0,157070.0,157320.0,228479,5,859093
WIN$D,M15,1713178800,157320.0,157320.0,156940.0,157120.0,263345,5,998717
WIN$D,M15,1713179700,157115.0,157295.0,157045.0,157070.0,179576,5,659076
WIN$D,M15,1713180600,157070.0,157430.0,157045.0,157200.0,268865,5,1019630
WIN$D,M15,1713181500,157200.0,157245.0,157000.0,157080.0,170194,5,654597
WIN$D,M15,1713182400,157080.0,157140.0,156965.0,157070.0,128500,5,485128
WIN$D,M15,1713183300,157065.0,157375.0,156990.0,157365.0,119506,5,450792
WIN$D,M15,1713184200,157365.0,157370.0,157115.0,157165.0,118406,5,471686
WIN$D,M15,1713185100,157170.0,157315.0,157130.0,157240.0,79042,5,299851
WIN$D,M15,1713186000,157245.0,157250.0,156945.0,157025.0,110678,5,445903
WIN$D,M15,1713186900,157025.0,157045.0,156805.0,156905.0,113547,5,453130
WIN$D,M15,1713187800,156905.0,157000.0,156785.0,156845.0,99880,5,395298
WIN$D,M15,1713188700,156850.0,156985.0,156810.0,156945.0,79329,5,319055
WIN$D,M15,1713189600,156940.0,157010.0,156660.0,156665.0,129140,5,518692
WIN$D,M15,1713190500,156660.0,156795.0,156245.0,156395.0,221228,5,945656
WIN$D,M15,1713191400,156400.0,156430.0,156160.0,156220.0,168213,5,711183
WIN$D,M15,1713192300,156220.0,156615.0,156155.0,156575.0,145664,5,631322
WIN$D,M15,1713193200,156580.0,156580.0,156190.0,156205.0,133296,5,550039
WIN$D,M15,1713194100,156200.0,156470.0,156195.0,156410.0,108389,5,426075
WIN$D,M15,1713195000,156410.0,156705.0,156380.0,156505.0,143557,5,588177
WIN$D,M15,1713195900,156500.0,156545.0,156365.0,156480.0,108558,5,440424
WIN$D,M15,1713196800,156480.0,156570.0,156360.0,156365.0,95788,5,358916
WIN$D,M15,1713197700,156360.0,156550.0,156245.0,156455.0,118644,5,453823
WIN$D,M15,1713198600,156460.0,156630.0,156440.0,156455.0,106526,5,407994
WIN$D,M15,1713199500,156455.0,156685.0,156430.0,156635.0,101647,5,393215
WIN$D,M15,1713200400,156630.0,156645.0,156375.0,156395.0,78457,5,333723
WIN$D,M15,1713201300,156395.0,156430.0,156310.0,156315.0,50902,5,221433
WIN$D,M15,1713202200,156315.0,156395.0,156240.0,156290.0,48990,5,196391
WIN$D,M15,1713203100,156290.0,156430.0,156245.0,156370.0,54431,5,192575
WIN$D,M15,1713204000,156370.0,156420.0,156255.0,156270.0,47717,5,94575
WIN$D,M15,1713204900,156280.0,156320.0,156245.0,156260.0,27397,5,59495
WIN$D,M15,1713258000,156260.0,156270.0,155555.0,155660.0,270294,5,848776
WIN$D,M15,1713258900,155660.0,155670.0,155245.0,155280.0,195167,5,710094
WIN$D,M15,1713259800,155280.0,155575.0,155275.0,155470.0,163491,5,597796
WIN$D,M15,1713260700,155470.0,155505.0,155260.0,155320.0,118695,5,428690
WIN$D,M15,1713261600,155315.0,155420.0,155205.0,155320.0,201712,5,729923
WIN$D,M15,1713262500,155320.0,155450.0,155270.0,155375.0,189393,5,695968
WIN$D,M15,1713263400,155380.0,155520.0,154905.0,155020.0,365389,5,1427469
WIN$D,M15,1713264300,155020.0,155290.0,154835.0,155215.0,243005,5,954515
WIN$D,M15,1713265200,155215.0,155485.0,155135.0,155460.0,205352,5,818215
WIN$D,M15,1713266100,155455.0,155640.0,155365.0,155405.0,204282,5,862129
WIN$D,M15,1713267000,155405.0,155770.0,155285.0,155700.0,225917,5,929283
WIN$D,M15,1713267900,155700.0,155850.0,155545.0,155575.0,195227,5,776039
WIN$D,M15,1713268800,155570.0,155830.0,155555.0,155705.0,153292,5,602005
WIN$D,M15,1713269700,155705.0,155960.0,155705.0,155940.0,136122,5,557508
WIN$D,M15,1713270600,155940.0,156020.0,155775.0,155985.0,139313,5,539235
WIN$D,M15,1713271500,155985.0,156285.0,155915.0,156140.0,151910,5,597322
WIN$D,M15,1713272400,156135.0,156145.0,155865.0,155945.0,124732,5,491547
WIN$D,M15,1713273300,155950.0,156050.0,155860.0,155905.0,101969,5,381906
WIN$D,M15,1713274200,155905.0,155945.0,155790.0,155850.0,101967,5,391134
WIN$D,M15,1713275100,155850.0,156000.0,155750.0,155905.0,130608,5,507752
WIN$D,M15,1713276000,155900.0,155940.0,155675.0,155805.0,122945,5,471819
WIN$D,M15,1713276900,155805.0,155910.0,155655.0,155670.0,113246,5,450121
WIN$D,M15,1713277800,155675.0,155835.0,155345.0,155795.0,323887,5,1260803
WIN$D,M15,1713278700,155795.0,155845.0,155375.0,155720.0,228176,5,933804
WIN$D,M15,1713279600,155720.0,156255.0,155675.0,155955.0,230778,5,947618
WIN$D,M15,1713280500,155960.0,155980.0,155485.0,155620.0,191911,5,829754
WIN$D,M15,1713281400,155615.0,155960.0,155560.0,155870.0,154499,5,662126
WIN$D,M15,1713282300,155870.0,155995.0,155780.0,155955.0,110912,5,461350
WIN$D,M15,1713283200,155960.0,156030.0,155750.0,155815.0,111642,5,460969
WIN$D,M15,1713284100,155815.0,155895.0,155740.0,155815.0,80645,5,326200
WIN$D,M15,1713285000,155815.0,155815.0,155520.0,155650.0,118408,5,465448
WIN$D,M15,1713285900,155650.0,155730.0,155485.0,155525.0,90649,5,356618
WIN$D,M15,1713286800,155525.0,155560.0,155380.0,155535.0,67717,5,276936
WIN$D,M15,1713287700,155540.0,155595.0,155505.0,155560.0,36375,5,147794
WIN$D,M15,1713288600,155560.0,155570.0,155410.0,155465.0,34868,5,128204
WIN$D,M15,1713289500,155470.0,155480.0,155190.0,155315.0,54710,5,187942
WIN$D,M15,1713290400,155315.0,155330.0,155250.0,155285.0,13483,5,42824
WIN$D,M15,1713291300,155285.0,155320.0,155095.0,155095.0,11102,5,43101
WIN$D,M15,1713344400,155985.0,156470.0,155780.0,155825.0,213100,5,646628
WIN$D,M15,1713345300,155820.0,156050.0,155820.0,155975.0,147129,5,469470
WIN$D,M15,1713346200,155975.0,156075.0,155820.0,156060.0,131969,5,409687
WIN$D,M15,1713347100,156065.0,156150.0,155970.0,156000.0,137247,5,471830
WIN$D,M15,1713348000,156005.0,156355.0,155935.0,156280.0,212998,5,751094
WIN$D,M15,1713348900,156275.0,156285.0,155910.0,156070.0,180348,5,624508
WIN$D,M15,1713349800,156070.0,156130.0,155650.0,155765.0,313317,5,1114072
WIN$D,M15,1713350700,155765.0,155880.0,155295.0,155430.0,296047,5,1115279
WIN$D,M15,1713351600,155430.0,155495.0,155115.0,155435.0,213035,5,804690
WIN$D,M15,1713352500,155430.0,155535.0,155245.0,155335.0,157167,5,590044
WIN$D,M15,1713353400,155335.0,155340.0,155080.0,155300.0,170782,5,631516
WIN$D,M15,1713354300,155295.0,155455.0,155160.0,155220.0,133330,5,476855
WIN$D,M15,1713355200,155210.0,155635.0,155200.0,155485.0,165134,5,609271
WIN$D,M15,1713356100,155490.0,155525.0,155250.0,155260.0,112603,5,422083
WIN$D,M15,1713357000,155255.0,155410.0,155060.0,155335.0,163276,5,650996
WIN$D,M15,1713357900,155330.0,155500.0,155270.0,155405.0,109906,5,440430
WIN$D,M15,1713358800,155405.0,155420.0,154925.0,154970.0,157505,5,650729
WIN$D,M15,1713359700,154970.0,155010.0,154795.0,154930.0,140505,5,559433
WIN$D,M15,1713360600,154935.0,154990.0,154605.0,154675.0,141251,5,533554
WIN$D,M15,1713361500,154675.0,155010.0,154575.0,154975.0,142599,5,579416
WIN$D,M15,1713362400,154975.0,155370.0,154865.0,155035.0,198922,5,807084
WIN$D,M15,1713363300,155030.0,155190.0,154985.0,155140.0,103843,5,395694
WIN$D,M15,1713364200,155135.0,155500.0,155120.0,155305.0,120613,5,478351
WIN$D,M15,1713365100,155305.0,155395.0,155110.0,155305.0,115146,5,431761
WIN$D,M15,1713366000,155305.0,155370.0,155230.0,155335.0,77231,5,276510
WIN$D,M15,1713366900,155330.0,155330.0,154965.0,155060.0,118288,5,468279
WIN$D,M15,1713367800,155065.0,155430.0,155025.0,155385.0,106177,5,434443
WIN$D,M15,1713368700,155380.0,155415.0,154940.0,155030.0,143114,5,570179
WIN$D,M15,1713369600,155030.0,155060.0,154860.0,154910.0,109548,5,433736
WIN$D,M15,1713370500,154910.0,155145.0,154905.0,155095.0,84591,5,323217
WIN$D,M15,1713371400,155095.0,155250.0,155090.0,155130.0,89885,5,337897
WIN$D,M15,1713372300,155135.0,155280.0,155005.0,155235.0,114741,5,452058
WIN$D,M15,1713373200,155230.0,155260.0,155140.0,155200.0,46588,5,189123
WIN$D,M15,1713374100,155205.0,155220.0,155045.0,155060.0,39503,5,154601
WIN$D,M15,1713375000,155065.0,155080.0,154955.0,155025.0,40553,5,153200
WIN$D,M15,1713375900,155030.0,155055.0,154975.0,155000.0,26995,5,89591
WIN$D,M15,1713376800,154995.0,155210.0,154990.0,155150.0,40203,5,84403
WIN$D,M15,1713377700,155150.0,155305.0,155080.0,155225.0,19576,5,44021
WIN$D,M15,1713430800,155665.0,155675.0,154945.0,154960.0,240232,5,720894
WIN$D,M15,1713431700,154965.0,155040.0,154760.0,154840.0,150698,5,541938
WIN$D,M15,1713432600,154835.0,155065.0,154635.0,155045.0,212110,5,711463
WIN$D,M15,1713433500,155050.0,155470.0,155010.0,155465.0,207241,5,767235
WIN$D,M15,1713434400,155465.0,155695.0,155375.0,155620.0,251534,5,921444
WIN$D,M15,1713435300,155625.0,155905.0,155485.0,155620.0,258797,5,980498
WIN$D,M15,1713436200,155625.0,155920.0,155305.0,155525.0,340179,5,1256647
WIN$D,M15,1713437100,155525.0,155940.0,155470.0,155870.0,261808,5,930672
WIN$D,M15,1713438000,155865.0,156080.0,155640.0,156075.0,224521,5,815290
WIN$D,M15,1713438900,156075.0,156090.0,155925.0,156070.0,120781,5,440415
WIN$D,M15,1713439800,156070.0,156115.0,155810.0,155875.0,180008,5,686706
WIN$D,M15,1713440700,155875.0,155935.0,155475.0,155570.0,160782,5,616920
WIN$D,M15,1713441600,155570.0,155695.0,155515.0,155570.0,129770,5,488945
WIN$D,M15,1713442500,155565.0,155590.0,155255.0,155285.0,155150,5,581852
WIN$D,M15,1713443400,155285.0,155670.0,155105.0,155170.0,174527,5,673648
WIN$D,M15,1713444300,155170.0,155180.0,155015.0,155065.0,116010,5,459300
WIN$D,M15,1713445200,155060.0,155095.0,154745.0,154785.0,130549,5,534130
WIN$D,M15,1713446100,154780.0,154900.0,154750.0,154815.0,75606,5,310092
WIN$D,M15,1713447000,154815.0,154905.0,154685.0,154735.0,135248,5,553679
WIN$D,M15,1713447900,154730.0,154745.0,154480.0,154590.0,149848,5,616477
WIN$D,M15,1713448800,154590.0,154610.0,154415.0,154455.0,112782,5,449336
WIN$D,M15,1713449700,154455.0,154565.0,154285.0,154560.0,146225,5,621662
WIN$D,M15,1713450600,154555.0,154615.0,154360.0,154605.0,120345,5,502087
WIN$D,M15,1713451500,154600.0,154730.0,154545.0,154700.0,114187,5,451983
WIN$D,M15,1713452400,154700.0,154755.0,154555.0,154720.0,112017,5,455919
WIN$D,M15,1713453300,154720.0,154925.0,154705.0,154790.0,133817,5,561116
WIN$D,M15,1713454200,154785.0,154900.0,154655.0,154865.0,105177,5,438906
WIN$D,M15,1713455100,154865.0,154900.0,154660.0,154690.0,82061,5,323915
WIN$D,M15,1713456000,154690.0,154930.0,154680.0,154845.0,98753,5,391286
WIN$D,M15,1713456900,154845.0,154985.0,154825.0,154940.0,99942,5,431225
WIN$D,M15,1713457800,154940.0,155180.0,154935.0,155145.0,91172,5,400323
WIN$D,M15,1713458700,155145.0,155205.0,154980.0,154990.0,88348,5,376096
WIN$D,M15,1713459600,154990.0,155155.0,154985.0,155100.0,51683,5,206043
WIN$D,M15,1713460500,155100.0,155160.0,154995.0,155015.0,37977,5,157345
WIN$D,M15,1713461400,155020.0,155045.0,154940.0,154970.0,35017,5,138587
WIN$D,M15,1713462300,154975.0,155090.0,154915.0,155075.0,33838,5,126207
WIN$D,M15,1713463200,155070.0,155120.0,155005.0,155055.0,36135,5,79116
WIN$D,M15,1713464100,155050.0,155160.0,155035.0,155135.0,14106,5,37451
WIN$D,M15,1713517200,154680.0,155340.0,154645.0,155330.0,244174,5,709979
WIN$D,M15,1713518100,155325.0,155515.0,155300.0,155460.0,170332,5,578984
WIN$D,M15,1713519000,155465.0,155545.0,155265.0,155305.0,149338,5,517308
WIN$D,M15,1713519900,155300.0,155470.0,155205.0,155220.0,143500,5,507976
WIN$D,M15,1713520800,155220.0,155400.0,155115.0,155265.0,233301,5,855750
WIN$D,M15,1713521700,155265.0,155505.0,155220.0,155505.0,186672,5,709124
WIN$D,M15,1713522600,155500.0,155890.0,155430.0,155760.0,315004,5,1197230
WIN$D,M15,1713523500,155760.0,156130.0,155715.0,156025.0,211177,5,778469
WIN$D,M15,1713524400,156030.0,156095.0,155745.0,155840.0,191810,5,720021
WIN$D,M15,1713525300,155835.0,156360.0,155725.0,156350.0,245316,5,977706
WIN$D,M15,1713526200,156355.0,156435.0,156020.0,156260.0,216935,5,885310
WIN$D,M15,1713527100,156265.0,156465.0,156210.0,156290.0,145376,5,568295
WIN$D,M15,1713528000,156295.0,156430.0,156195.0,156355.0,121395,5,465252
WIN$D,M15,1713528900,156355.0,156400.0,156075.0,156170.0,106554,5,387220
WIN$D,M15,1713529800,156170.0,156300.0,156105.0,156190.0,80174,5,285922
WIN$D,M15,1713530700,156195.0,156310.0,156125.0,156140.0,73433,5,278003
WIN$D,M15,1713531600,156140.0,156215.0,155925.0,155950.0,98654,5,384443
WIN$D,M15,1713532500,155950.0,156065.0,155910.0,155995.0,91438,5,345335
WIN$D,M15,1713533400,156000.0,156060.0,155875.0,156025.0,84183,5,338663
WIN$D,M15,1713534300,156020.0,156205.0,155980.0,156130.0,99367,5,383486
WIN$D,M15,1713535200,156135.0,156155.0,155995.0,156065.0,93609,5,362011
WIN$D,M15,1713536100,156070.0,156180.0,155970.0,155995.0,97841,5,393657
WIN$D,M15,1713537000,155995.0,156125.0,155920.0,156010.0,94319,5,373708
WIN$D,M15,1713537900,156015.0,156205.0,155995.0,156070.0,105616,5,429526
WIN$D,M15,1713538800,156070.0,156080.0,155765.0,155790.0,136208,5,538522
WIN$D,M15,1713539700,155790.0,155970.0,155680.0,155780.0,142238,5,606966
WIN$D,M15,1713540600,155780.0,155920.0,155720.0,155765.0,90787,5,346457
WIN$D,M15,1713541500,155770.0,155950.0,155650.0,155910.0,108678,5,431164
WIN$D,M15,1713542400,155905.0,156090.0,155825.0,156045.0,97202,5,387744
WIN$D,M15,1713543300,156045.0,156050.0,155875.0,155965.0,82459,5,321228
WIN$D,M15,1713544200,155960.0,156030.0,155840.0,155930.0,91957,5,358800
WIN$D,M15,1713545100,155930.0,156220.0,155925.0,156190.0,104124,5,437304
WIN$D,M15,1713546000,156190.0,156195.0,155975.0,156010.0,60712,5,258337
WIN$D,M15,1713546900,156005.0,156055.0,155925.0,156045.0,44891,5,188585
WIN$D,M15,1713547800,156040.0,156115.0,155965.0,156080.0,31134,5,125034
WIN$D,M15,1713548700,156080.0,156080.0,155940.0,156015.0,26967,5,102466
WIN$D,M15,1713549600,156015.0,156160.0,155970.0,156120.0,25319,5,63539
WIN$D,M15,1713550500,156115.0,156155.0,156025.0,156095.0,19862,5,48395
WIN$D,M15,1713776400,156590.0,156610.0,155875.0,156020.0,233307,5,708157
WIN$D,M15,1713777300,156020.0,156420.0,156020.0,156380.0,193147,5,649096
WIN$D,M15,1713778200,156385.0,156440.0,156250.0,156275.0,129121,5,426694
WIN$D,M15,1713779100,156275.0,156355.0,156165.0,156185.0,121800,5,429083
WIN$D,M15,1713780000,156185.0,156270.0,155910.0,155935.0,230570,5,815020
WIN$D,M15,1713780900,155940.0,156135.0,155710.0,155810.0,230918,5,877169
WIN$D,M15,1713781800,155805.0,155845.0,155440.0,155550.0,265805,5,1025391
WIN$D,M15,1713782700,155550.0,155685.0,155420.0,155665.0,178781,5,686310
WIN$D,M15,1713783600,155670.0,156025.0,155595.0,155975.0,218912,5,854870
WIN$D,M15,1713784500,155970.0,156170.0,155910.0,155995.0,229748,5,906274
WIN$D,M15,1713785400,155995.0,156085.0,155890.0,155925.0,166601,5,630472
WIN$D,M15,1713786300,155930.0,156095.0,155880.0,155965.0,141195,5,564722
WIN$D,M15,1713787200,155965.0,156035.0,155880.0,156000.0,102044,5,387685
WIN$D,M15,1713788100,156000.0,156130.0,155935.0,156115.0,83584,5,304414
WIN$D,M15,1713789000,156115.0,156120.0,155905.0,155970.0,81586,5,297100
WIN$D,M15,1713789900,155965.0,156155.0,155895.0,156150.0,71079,5,269223
WIN$D,M15,1713790800,156150.0,156285.0,156035.0,156275.0,107610,5,392673
WIN$D,M15,1713791700,156275.0,156640.0,156265.0,156635.0,153906,5,593934
WIN$D,M15,1713792600,156630.0,156800.0,156560.0,156770.0,119849,5,472891
WIN$D,M15,1713793500,156770.0,156920.0,156740.0,156910.0,108106,5,441291
WIN$D,M15,1713794400,156905.0,156950.0,156765.0,156790.0,89049,5,352838
WIN$D,M15,1713795300,156790.0,156800.0,156470.0,156495.0,128579,5,542890
WIN$D,M15,1713796200,156495.0,156625.0,156460.0,156520.0,88014,5,365350
WIN$D,M15,1713797100,156520.0,156640.0,156415.0,156480.0,102547,5,428195
WIN$D,M15,1713798000,156480.0,156550.0,156405.0,156480.0,75017,5,310498
WIN$D,M15,1713798900,156480.0,156625.0,156450.0,156560.0,73420,5,303735
WIN$D,M15,1713799800,156560.0,156635.0,156475.0,156555.0,82335,5,348439
WIN$D,M15,1713800700,156550.0,156675.0,156520.0,156625.0,77747,5,318333
WIN$D,M15,1713801600,156625.0,156695.0,156570.0,156680.0,68070,5,272565
WIN$D,M15,1713802500,156680.0,156685.0,156400.0,156435.0,98120,5,419635
WIN$D,M15,1713803400,156435.0,156475.0,156285.0,156440.0,102896,5,434572
WIN$D,M15,1713804300,156435.0,156460.0,156345.0,156460.0,77207,5,329495
WIN$D,M15,1713805200,156455.0,156455.0,156305.0,156325.0,45698,5,210316
WIN$D,M15,1713806100,156325.0,156440.0,156320.0,156425.0,34314,5,155221
WIN$D,M15,1713807000,156425.0,156570.0,156395.0,156540.0,45042,5,191241
WIN$D,M15,1713807900,156535.0,156540.0,156355.0,156405.0,40691,5,142589
WIN$D,M15,1713808800,156405.0,156520.0,156385.0,156505.0,26088,5,55599
WIN$D,M15,1713809700,156510.0,156775.0,156465.0,156680.0,19238,5,55120
WIN$D,M15,1713862800,156320.0,156335.0,155685.0,155750.0,252681,5,790114
WIN$D,M15,1713863700,155750.0,155820.0,155640.0,155730.0,152940,5,483568
WIN$D,M15,1713864600,155725.0,155735.0,155560.0,155595.0,139234,5,475303
WIN$D,M15,1713865500,155600.0,155625.0,155465.0,155615.0,127830,5,441368
WIN$D,M15,1713866400,155620.0,155620.0,155215.0,155460.0,270866,5,1012602
WIN$D,M15,1713867300,155460.0,155475.0,155255.0,155455.0,192802,5,728584
WIN$D,M15,1713868200,155445.0,155495.0,155055.0,155090.0,310141,5,1144725
WIN$D,M15,1713869100,155090.0,155645.0,155085.0,155565.0,432818,5,1617739
WIN$D,M15,1713870000,155560.0,155760.0,155405.0,155675.0,264211,5,913478
WIN$D,M15,1713870900,155680.0,155770.0,155495.0,155530.0,180637,5,628447
WIN$D,M15,1713871800,155530.0,155780.0,155400.0,155455.0,226760,5,835018
WIN$D,M15,1713872700,155455.0,155650.0,155340.0,155435.0,165271,5,606354
WIN$D,M15,1713873600,155430.0,155665.0,155370.0,155530.0,144767,5,561525
WIN$D,M15,1713874500,155525.0,155690.0,155475.0,155590.0,115255,5,418996
WIN$D,M15,1713875400,155590.0,155815.0,155530.0,155750.0,119969,5,438888
WIN$D,M15,1713876300,155750.0,155885.0,155720.0,155785.0,98991,5,374024
WIN$D,M15,1713877200,155785.0,156010.0,155720.0,156000.0,96814,5,369101
WIN$D,M15,1713878100,156000.0,156225.0,155970.0,156210.0,118582,5,478631
WIN$D,M15,1713879000,156215.0,156350.0,156175.0,156310.0,104389,5,455574
WIN$D,M15,1713879900,156315.0,156515.0,156250.0,156410.0,106909,5,467208
WIN$D,M15,1713880800,156410.0,156730.0,156400.0,156490.0,136462,5,571202
WIN$D,M15,1713881700,156485.0,156530.0,156415.0,156470.0,82219,5,335372
WIN$D,M15,1713882600,156470.0,156560.0,156400.0,156415.0,78319,5,314902
WIN$D,M15,1713883500,156415.0,156500.0,156335.0,156385.0,73904,5,304776
WIN$D,M15,1713884400,156385.0,156435.0,156210.0,156245.0,96208,5,412793
WIN$D,M15,1713885300,156250.0,156405.0,156240.0,156380.0,67787,5,280905
WIN$D,M15,1713886200,156380.0,156530.0,156305.0,156485.0,82040,5,332089
WIN$D,M15,1713887100,156480.0,156530.0,156365.0,156520.0,80317,5,320307
WIN$D,M15,1713888000,156525.0,156525.0,156300.0,156380.0,93502,5,380506
WIN$D,M15,1713888900,156380.0,156390.0,156070.0,156100.0,107652,5,447177
WIN$D,M15,1713889800,156100.0,156155.0,155985.0,156135.0,91455,5,396948
WIN$D,M15,1713890700,156130.0,156170.0,155980.0,156070.0,91018,5,373680
WIN$D,M15,1713891600,156065.0,156065.0,155810.0,155845.0,80724,5,339934
WIN$D,M15,1713892500,155845.0,155955.0,155835.0,155945.0,35412,5,151035
WIN$D,M15,1713893400,155940.0,156015.0,155910.0,155935.0,34439,5,139972
WIN$D,M15,1713894300,155930.0,156030.0,155915.0,155965.0,28182,5,108313
WIN$D,M15,1713895200,155970.0,156020.0,155925.0,155980.0,23091,5,56695
WIN$D,M15,1713896100,155980.0,156045.0,155865.0,155865.0,14485,5,39215
WIN$D,M15,1713949200,156335.0,156595.0,156230.0,156325.0,224446,5,622281
WIN$D,M15,1713950100,156325.0,156465.0,156295.0,156405.0,106028,5,335185
WIN$D,M15,1713951000,156410.0,156495.0,156210.0,156230.0,198637,5,658951
WIN$D,M15,1713951900,156225.0,156255.0,156005.0,156010.0,144636,5,476139
WIN$D,M15,1713952800,156010.0,156235.0,155975.0,156150.0,226042,5,786411
WIN$D,M15,1713953700,156145.0,156160.0,155890.0,155950.0,191486,5,666025
WIN$D,M15,1713954600,155950.0,156035.0,155735.0,155870.0,310522,5,1085122
WIN$D,M15,1713955500,155865.0,155940.0,155670.0,155780.0,221016,5,787142
WIN$D,M15,1713956400,155780.0,156035.0,155680.0,155720.0,227189,5,828992
WIN$D,M15,1713957300,155720.0,155955.0,155635.0,155680.0,210082,5,819419
WIN$D,M15,1713958200,155675.0,155900.0,155575.0,155590.0,190503,5,739802
WIN$D,M15,1713959100,155595.0,155855.0,155550.0,155730.0,140015,5,529809
WIN$D,M15,1713960000,155725.0,155780.0,155615.0,155630.0,112602,5,418524
WIN$D,M15,1713960900,155630.0,155720.0,155440.0,155455.0,136537,5,511487
WIN$D,M15,1713961800,155460.0,155520.0,155310.0,155335.0,119583,5,453208
WIN$D,M15,1713962700,155335.0,155525.0,155300.0,155440.0,100592,5,388923
WIN$D,M15,1713963600,155435.0,155520.0,155390.0,155505.0,70097,5,264444
WIN$D,M15,1713964500,155495.0,155610.0,155485.0,155555.0,85679,5,339376
WIN$D,M15,1713965400,155550.0,155600.0,155470.0,155555.0,69553,5,263783
WIN$D,M15,1713966300,155560.0,155745.0,155445.0,155710.0,99047,5,392619
WIN$D,M15,1713967200,155710.0,155875.0,155660.0,155725.0,133331,5,539127
WIN$D,M15,1713968100,155730.0,155870.0,155645.0,155760.0,104266,5,421164
WIN$D,M15,1713969000,155760.0,155790.0,155660.0,155710.0,81688,5,331269
WIN$D,M15,1713969900,155705.0,155815.0,155600.0,155765.0,105746,5,425993
WIN$D,M15,1713970800,155765.0,155800.0,155545.0,155670.0,121339,5,506927
WIN$D,M15,1713971700,155665.0,155800.0,155575.0,155780.0,93497,5,376418
WIN$D,M15,1713972600,155780.0,155815.0,155665.0,155810.0,88570,5,352261
WIN$D,M15,1713973500,155815.0,155815.0,155645.0,155680.0,73306,5,298233
WIN$D,M15,1713974400,155675.0,155740.0,155615.0,155620.0,79488,5,333224
WIN$D,M15,1713975300,155620.0,155790.0,155575.0,155745.0,78007,5,324517
WIN$D,M15,1713976200,155750.0,155820.0,155685.0,155795.0,66889,5,277781
WIN$D,M15,1713977100,155795.0,155855.0,155695.0,155730.0,78228,5,323281
WIN$D,M15,1713978000,155725.0,155745.0,155430.0,155475.0,101895,5,434510
WIN$D,M15,1713978900,155470.0,155490.0,155405.0,155480.0,49967,5,207362
WIN$D,M15,1713979800,155480.0,155530.0,155420.0,155450.0,39701,5,147395
WIN$D,M15,1713980700,155450.0,155560.0,155445.0,155545.0,28949,5,111369
WIN$D,M15,1713981600,155545.0,155560.0,155470.0,155495.0,22744,5,62410
WIN$D,M15,1713982500,155495.0,155535.0,155440.0,155510.0,14437,5,52331
WIN$D,M15,1714035600,155210.0,155910.0,155050.0,155880.0,261905,5,795089
WIN$D,M15,1714036500,155880.0,156240.0,155860.0,156080.0,176815,5,619043
WIN$D,M15,1714037400,156080.0,156550.0,155375.0,155390.0,409258,5,1312383
WIN$D,M15,1714038300,155385.0,155435.0,155165.0,155245.0,175200,5,606607
WIN$D,M15,1714039200,155245.0,155265.0,154575.0,154795.0,302410,5,1116541
WIN$D,M15,1714040100,154795.0,154830.0,154595.0,154710.0,182995,5,620345
WIN$D,M15,1714041000,154715.0,154820.0,154460.0,154735.0,330068,5,1204569
WIN$D,M15,1714041900,154735.0,154740.0,154335.0,154555.0,239738,5,881791
WIN$D,M15,1714042800,154555.0,154785.0,154510.0,154735.0,215370,5,789194
WIN$D,M15,1714043700,154735.0,154930.0,154675.0,154815.0,202280,5,768978
WIN$D,M15,1714044600,154815.0,154995.0,154755.0,154870.0,176621,5,622266
WIN$D,M15,1714045500,154870.0,155135.0,154845.0,155015.0,179630,5,680369
WIN$D,M15,1714046400,155015.0,155285.0,155015.0,155250.0,149669,5,592004
WIN$D,M15,1714047300,155250.0,155395.0,155200.0,155350.0,108856,5,416549
WIN$D,M15,1714048200,155350.0,155410.0,155220.0,155410.0,109303,5,410469
WIN$D,M15,1714049100,155410.0,155480.0,155325.0,155460.0,109567,5,417817
WIN$D,M15,1714050000,155460.0,155485.0,155155.0,155210.0,124405,5,478496
WIN$D,M15,1714050900,155215.0,155250.0,155090.0,155155.0,96800,5,368235
WIN$D,M15,1714051800,155155.0,155190.0,155045.0,155125.0,86209,5,326393
WIN$D,M15,1714052700,155125.0,155210.0,155105.0,155150.0,81918,5,316453
WIN$D,M15,1714053600,155150.0,155250.0,155005.0,155060.0,108507,5,421445
WIN$D,M15,1714054500,155060.0,155185.0,154950.0,155150.0,117394,5,457127
WIN$D,M15,1714055400,155150.0,155310.0,155105.0,155150.0,134831,5,555415
WIN$D,M15,1714056300,155150.0,155260.0,155075.0,155175.0,98159,5,390413
WIN$D,M15,1714057200,155170.0,155290.0,155060.0,155250.0,99780,5,388152
WIN$D,M15,1714058100,155255.0,155340.0,155170.0,155190.0,116738,5,465657
WIN$D,M15,1714059000,155190.0,155295.0,155165.0,155205.0,78758,5,293882
WIN$D,M15,1714059900,155210.0,155245.0,155130.0,155200.0,81498,5,331943
WIN$D,M15,1714060800,155195.0,155275.0,155135.0,155180.0,66399,5,249958
WIN$D,M15,1714061700,155185.0,155460.0,155110.0,155385.0,130721,5,535740
WIN$D,M15,1714062600,155385.0,155405.0,155220.0,155260.0,72666,5,276512
WIN$D,M15,1714063500,155260.0,155290.0,155140.0,155270.0,85348,5,326616
WIN$D,M15,1714064400,155265.0,155420.0,155235.0,155285.0,100677,5,414137
WIN$D,M15,1714065300,155285.0,155365.0,155160.0,155180.0,49898,5,199570
WIN$D,M15,1714066200,155180.0,155245.0,155110.0,155170.0,40572,5,157182
WIN$D,M15,1714067100,155170.0,155230.0,155135.0,155180.0,23711,5,76551
WIN$D,M15,1714068000,155180.0,155270.0,155180.0,155240.0,20989,5,47925
WIN$D,M15,1714068900,155240.0,155250.0,155165.0,155185.0,14303,5,37333
WIN$D,M15,1714122000,156045.0,156465.0,155655.0,155665.0,275892,5,724906
WIN$D,M15,1714122900,155665.0,155770.0,155545.0,155635.0,128352,5,420745
WIN$D,M15,1714123800,155635.0,156190.0,155630.0,156125.0,327965,5,1036212
WIN$D,M15,1714124700,156130.0,156300.0,155895.0,156285.0,217264,5,695510
WIN$D,M15,1714125600,156285.0,156320.0,156025.0,156060.0,244815,5,786905
WIN$D,M15,1714126500,156060.0,156530.0,156050.0,156455.0,248303,5,808081
WIN$D,M15,1714127400,156450.0,157100.0,156410.0,157060.0,337192,5,1185521
WIN$D,M15,1714128300,157060.0,157215.0,157000.0,157005.0,154634,5,582763
WIN$D,M15,1714129200,157000.0,157160.0,156870.0,156915.0,169427,5,662954
WIN$D,M15,1714130100,156915.0,157010.0,156835.0,156950.0,122387,5,460719
WIN$D,M15,1714131000,156955.0,157100.0,156890.0,156965.0,131857,5,498433
WIN$D,M15,1714131900,156970.0,157075.0,156895.0,157015.0,95063,5,326740
WIN$D,M15,1714132800,157020.0,157095.0,156910.0,156990.0,96880,5,348282
WIN$D,M15,1714133700,156990.0,157150.0,156960.0,157145.0,83138,5,317543
WIN$D,M15,1714134600,157145.0,157185.0,157060.0,157140.0,68162,5,251432
WIN$D,M15,1714135500,157135.0,157305.0,157115.0,157265.0,88861,5,336708
WIN$D,M15,1714136400,157265.0,157275.0,157145.0,157210.0,70468,5,262458
WIN$D,M15,1714137300,157205.0,157345.0,157175.0,157340.0,63531,5,245410
WIN$D,M15,1714138200,157335.0,157395.0,157230.0,157345.0,86943,5,346584
WIN$D,M15,1714139100,157345.0,157405.0,157230.0,157250.0,62063,5,241045
WIN$D,M15,1714140000,157250.0,157275.0,157160.0,157165.0,62019,5,243467
WIN$D,M15,1714140900,157170.0,157260.0,157110.0,157175.0,78999,5,301616
WIN$D,M15,1714141800,157175.0,157375.0,157175.0,157375.0,78788,5,319010
WIN$D,M15,1714142700,157375.0,157400.0,157300.0,157310.0,52641,5,208384
WIN$D,M15,1714143600,157310.0,157430.0,157260.0,157375.0,74474,5,317733
WIN$D,M15,1714144500,157375.0,157505.0,157345.0,157415.0,79694,5,343185
WIN$D,M15,1714145400,157420.0,157515.0,157390.0,157460.0,62149,5,257999
WIN$D,M15,1714146300,157465.0,157545.0,157435.0,157470.0,57926,5,234124
WIN$D,M15,1714147200,157470.0,157535.0,157395.0,157460.0,67949,5,258186
WIN$D,M15,1714148100,157460.0,157505.0,157345.0,157360.0,56126,5,226110
WIN$D,M15,1714149000,157360.0,157365.0,157230.0,157245.0,70209,5,305683
WIN$D,M15,1714149900,157240.0,157260.0,157145.0,157170.0,62260,5,266128
WIN$D,M15,1714150800,157170.0,157275.0,157080.0,157260.0,58279,5,268745
WIN$D,M15,1714151700,157260.0,157260.0,157120.0,157135.0,34471,5,155752
WIN$D,M15,1714152600,157135.0,157195.0,157120.0,157150.0,23906,5,96490
WIN$D,M15,1714153500,157145.0,157260.0,157135.0,157235.0,26489,5,111700
WIN$D,M15,1714154400,157240.0,157480.0,157240.0,157330.0,53055,5,132534
WIN$D,M15,1714155300,157325.0,157445.0,157175.0,157295.0,19972,5,61269
WIN$D,M15,1714381200,157285.0,157430.0,157015.0,157410.0,205014,5,630200
WIN$D,M15,1714382100,157415.0,157415.0,157150.0,157165.0,135101,5,435918
WIN$D,M15,1714383000,157165.0,157250.0,157110.0,157230.0,112155,5,371457
WIN$D,M15,1714383900,157225.0,157340.0,157135.0,157160.0,138696,5,484425
WIN$D,M15,1714384800,157160.0,157445.0,157140.0,157210.0,249706,5,895722
WIN$D,M15,1714385700,157210.0,157365.0,157155.0,157245.0,165872,5,591732
WIN$D,M15,1714386600,157240.0,157460.0,157165.0,157365.0,234045,5,856611
WIN$D,M15,1714387500,157365.0,157665.0,157275.0,157515.0,266272,5,976546
WIN$D,M15,1714388400,157515.0,157630.0,157320.0,157390.0,189663,5,679796
WIN$D,M15,1714389300,157395.0,157620.0,157375.0,157550.0,161477,5,574296
WIN$D,M15,1714390200,157545.0,157555.0,157375.0,157475.0,148066,5,537428
WIN$D,M15,1714391100,157475.0,157700.0,157420.0,157620.0,163782,5,636822
WIN$D,M15,1714392000,157625.0,157760.0,157535.0,157645.0,148343,5,558202
WIN$D,M15,1714392900,157645.0,157670.0,157510.0,157585.0,85553,5,303438
WIN$D,M15,1714393800,157585.0,157605.0,157395.0,157425.0,110653,5,401901
WIN$D,M15,1714394700,157430.0,157465.0,157345.0,157440.0,114021,5,410330
WIN$D,M15,1714395600,157435.0,157490.0,157385.0,157480.0,70248,5,251381
WIN$D,M15,1714396500,157480.0,157635.0,157450.0,157635.0,95941,5,354170
WIN$D,M15,1714397400,157635.0,157780.0,157585.0,157730.0,103151,5,377298
WIN$D,M15,1714398300,157725.0,157770.0,157670.0,157765.0,73643,5,253165
WIN$D,M15,1714399200,157765.0,157840.0,157735.0,157780.0,90138,5,332104
WIN$D,M15,1714400100,157780.0,157865.0,157765.0,157835.0,73395,5,276362
WIN$D,M15,1714401000,157830.0,157880.0,157780.0,157810.0,57632,5,207900
WIN$D,M15,1714401900,157805.0,157885.0,157790.0,157840.0,60014,5,226322
WIN$D,M15,1714402800,157840.0,157925.0,157785.0,157890.0,92788,5,354195
WIN$D,M15,1714403700,157895.0,157985.0,157870.0,157920.0,75617,5,307306
WIN$D,M15,1714404600,157915.0,157940.0,157665.0,157810.0,152225,5,603505
WIN$D,M15,1714405500,157810.0,157895.0,157795.0,157830.0,82841,5,306149
WIN$D,M15,1714406400,157830.0,157835.0,157555.0,157735.0,207850,5,786772
WIN$D,M15,1714407300,157735.0,157860.0,157690.0,157790.0,103850,5,364430
WIN$D,M15,1714408200,157790.0,157870.0,157760.0,157800.0,79400,5,285092
WIN$D,M15,1714409100,157795.0,157910.0,157790.0,157860.0,79661,5,291096
WIN$D,M15,1714410000,157860.0,158015.0,157835.0,158015.0,71539,5,314133
WIN$D,M15,1714410900,158010.0,158025.0,157860.0,157905.0,52459,5,205687
WIN$D,M15,1714411800,157910.0,157930.0,157845.0,157915.0,35100,5,128123
WIN$D,M15,1714412700,157910.0,157975.0,157850.0,157930.0,30356,5,98744
WIN$D,M15,1714413600,157935.0,158020.0,157915.0,157995.0,24109,5,51516
WIN$D,M15,1714414500,158000.0,158070.0,157945.0,157985.0,25772,5,65216
WIN$D,M15,1714467600,157615.0,157905.0,157490.0,157900.0,206320,5,661361
WIN$D,M15,1714468500,157900.0,157915.0,157655.0,157730.0,138785,5,482656
WIN$D,M15,1714469400,157730.0,157735.0,157275.0,157555.0,291027,5,1011390
WIN$D,M15,1714470300,157555.0,157605.0,157440.0,157550.0,132827,5,472426
WIN$D,M15,1714471200,157545.0,157670.0,157400.0,157515.0,196821,5,754431
WIN$D,M15,1714472100,157515.0,157635.0,157250.0,157280.0,255465,5,993819
WIN$D,M15,1714473000,157280.0,157465.0,157135.0,157390.0,285192,5,1068037
WIN$D,M15,1714473900,157390.0,157480.0,157110.0,157160.0,196099,5,701926
WIN$D,M15,1714474800,157155.0,157305.0,156955.0,157040.0,231216,5,857978
WIN$D,M15,1714475700,157045.0,157265.0,156945.0,156950.0,176620,5,662472
WIN$D,M15,1714476600,156950.0,157025.0,156840.0,156875.0,137715,5,524552
WIN$D,M15,1714477500,156875.0,156960.0,156725.0,156750.0,133509,5,501452
WIN$D,M15,1714478400,156755.0,156845.0,156555.0,156585.0,153341,5,596428
WIN$D,M15,1714479300,156585.0,156665.0,156570.0,156630.0,79252,5,295617
WIN$D,M15,1714480200,156635.0,156665.0,156450.0,156530.0,108514,5,421013
WIN$D,M15,1714481100,156530.0,156650.0,156525.0,156580.0,76137,5,289197
WIN$D,M15,1714482000,156585.0,156635.0,156465.0,156575.0,90499,5,335812
WIN$D,M15,1714482900,156580.0,156685.0,156540.0,156655.0,64153,5,238404
WIN$D,M15,1714483800,156655.0,156655.0,156410.0,156440.0,96895,5,366469
WIN$D,M15,1714484700,156435.0,156560.0,156410.0,156450.0,84591,5,317748
WIN$D,M15,1714485600,156455.0,156580.0,156445.0,156525.0,79134,5,298883
WIN$D,M15,1714486500,156520.0,156630.0,156450.0,156575.0,78805,5,299703
WIN$D,M15,1714487400,156575.0,156695.0,156525.0,156545.0,90672,5,357131
WIN$D,M15,1714488300,156540.0,156705.0,156520.0,156685.0,80189,5,315052
WIN$D,M15,1714489200,156690.0,156740.0,156595.0,156675.0,75601,5,284986
WIN$D,M15,1714490100,156680.0,156725.0,156570.0,156580.0,78625,5,312734
WIN$D,M15,1714491000,156580.0,156780.0,156580.0,156710.0,84251,5,319239
WIN$D,M15,1714491900,156715.0,156720.0,156520.0,156575.0,103038,5,401369
WIN$D,M15,1714492800,156570.0,156645.0,156530.0,156530.0,69899,5,274268
WIN$D,M15,1714493700,156535.0,156615.0,156495.0,156555.0,78759,5,312486
WIN$D,M15,1714494600,156560.0,156650.0,156500.0,156580.0,77139,5,308712
WIN$D,M15,1714495500,156585.0,156850.0,156550.0,156660.0,144326,5,595003
WIN$D,M15,1714496400,156660.0,156760.0,156545.0,156620.0,108858,5,442061
WIN$D,M15,1714497300,156625.0,156685.0,156545.0,156605.0,66846,5,258949
WIN$D,M15,1714498200,156605.0,156685.0,156570.0,156630.0,39809,5,151418
WIN$D,M15,1714499100,156630.0,156770.0,156610.0,156735.0,30993,5,112433
WIN$D,M15,1714500000,156740.0,156745.0,156650.0,156695.0,27848,5,63537
WIN$D,M15,1714500900,156695.0,156710.0,156645.0,156645.0,18922,5,52009
WIN$D,M15,1714640400,157470.0,157955.0,157395.0,157840.0,240740,5,736265
WIN$D,M15,1714641300,157840.0,157970.0,157825.0,157865.0,109718,5,348928
WIN$D,M15,1714642200,157860.0,158035.0,157810.0,157990.0,118811,5,410810
WIN$D,M15,1714643100,157990.0,158025.0,157925.0,157950.0,83346,5,305759
WIN$D,M15,1714644000,157950.0,158105.0,157870.0,157995.0,206717,5,761981
WIN$D,M15,1714644900,157995.0,158130.0,157870.0,157950.0,179854,5,676750
WIN$D,M15,1714645800,157945.0,158025.0,157705.0,157830.0,301133,5,1134064
WIN$D,M15,1714646700,157830.0,157870.0,157520.0,157610.0,222663,5,860186
WIN$D,M15,1714647600,157615.0,157635.0,157220.0,157280.0,244195,5,1019360
WIN$D,M15,1714648500,157280.0,157525.0,157175.0,157465.0,217209,5,881941
WIN$D,M15,1714649400,157465.0,157635.0,157385.0,157515.0,177886,5,715454
WIN$D,M15,1714650300,157515.0,157730.0,157505.0,157640.0,155222,5,621625
WIN$D,M15,1714651200,157645.0,157705.0,157555.0,157650.0,95361,5,392888
WIN$D,M15,1714652100,157655.0,157695.0,157575.0,157595.0,81118,5,318486
WIN$D,M15,1714653000,157595.0,157655.0,157495.0,157645.0,109491,5,403425
WIN$D,M15,1714653900,157645.0,157650.0,157545.0,157575.0,63940,5,250239
WIN$D,M15,1714654800,157570.0,157575.0,157345.0,157420.0,105255,5,407898
WIN$D,M15,1714655700,157420.0,157510.0,157380.0,157400.0,79336,5,304515
WIN$D,M15,1714656600,157395.0,157500.0,157310.0,157480.0,95040,5,364620
WIN$D,M15,1714657500,157475.0,157810.0,157465.0,157630.0,151233,5,568886
WIN$D,M15,1714658400,157630.0,157960.0,157625.0,157915.0,127420,5,484222
WIN$D,M15,1714659300,157920.0,157925.0,157730.0,157835.0,103298,5,409134
WIN$D,M15,1714660200,157830.0,157920.0,157730.0,157895.0,88085,5,348338
WIN$D,M15,1714661100,157895.0,157945.0,157845.0,157860.0,69332,5,273498
WIN$D,M15,1714662000,157860.0,157925.0,157760.0,157825.0,99281,5,418382
WIN$D,M15,1714662900,157830.0,157840.0,157665.0,157810.0,99457,5,390696
WIN$D,M15,1714663800,157815.0,158075.0,157790.0,158025.0,107528,5,454887
WIN$D,M15,1714664700,158030.0,158200.0,158015.0,158200.0,104499,5,438059
WIN$D,M15,1714665600,158195.0,158330.0,158170.0,158210.0,125086,5,555912
WIN$D,M15,1714666500,158215.0,158285.0,158055.0,158085.0,92434,5,396029
WIN$D,M15,1714667400,158085.0,158085.0,157885.0,157915.0,96369,5,398183
WIN$D,M15,1714668300,157910.0,157945.0,157805.0,157875.0,73873,5,328430
WIN$D,M15,1714669200,157875.0,157885.0,157655.0,157720.0,70532,5,334950
WIN$D,M15,1714670100,157725.0,157740.0,157645.0,157675.0,33656,5,147208
WIN$D,M15,1714671000,157670.0,157790.0,157645.0,157765.0,52105,5,224861
WIN$D,M15,1714671900,157770.0,157790.0,157685.0,157765.0,30784,5,117196
WIN$D,M15,1714672800,157760.0,157785.0,157650.0,157660.0,32088,5,76849
WIN$D,M15,1714673700,157660.0,157685.0,157565.0,157565.0,20173,5,60555
WIN$D,M15,1714726800,157745.0,157915.0,157450.0,157470.0,184126,5,581949
WIN$D,M15,1714727700,157465.0,157490.0,157190.0,157230.0,131429,5,461874
WIN$D,M15,1714728600,157190.0,159390.0,157140.0,159190.0,585046,5,1894080
WIN$D,M15,1714729500,159190.0,159420.0,158970.0,159355.0,259648,5,906229
WIN$D,M15,1714730400,159350.0,159610.0,159140.0,159305.0,272138,5,1001187
WIN$D,M15,1714731300,159310.0,159360.0,159085.0,159225.0,174705,5,614529
WIN$D,M15,1714732200,159225.0,159440.0,158985.0,159175.0,283561,5,995692
WIN$D,M15,1714733100,159180.0,159180.0,158935.0,159000.0,174063,5,637431
WIN$D,M15,1714734000,159000.0,159365.0,158935.0,159120.0,365716,5,1289266
WIN$D,M15,1714734900,159120.0,159185.0,158845.0,158995.0,256565,5,956318
WIN$D,M15,1714735800,159000.0,159085.0,158870.0,158980.0,171167,5,626207
WIN$D,M15,1714736700,158980.0,159185.0,158930.0,159110.0,135056,5,502592
WIN$D,M15,1714737600,159115.0,159255.0,159085.0,159215.0,116699,5,437497
WIN$D,M15,1714738500,159210.0,159245.0,159015.0,159070.0,95613,5,373077
WIN$D,M15,1714739400,159070.0,159140.0,159000.0,159030.0,83693,5,322053
WIN$D,M15,1714740300,159035.0,159125.0,159020.0,159065.0,55522,5,214591
WIN$D,M15,1714741200,159070.0,159315.0,159030.0,159265.0,102792,5,399487
WIN$D,M15,1714742100,159260.0,159270.0,159175.0,159235.0,59596,5,218025
WIN$D,M15,1714743000,159235.0,159255.0,159135.0,159165.0,58129,5,203891
WIN$D,M15,1714743900,159160.0,159190.0,158940.0,158940.0,88391,5,346298
WIN$D,M15,1714744800,158945.0,158985.0,158865.0,158970.0,81076,5,332253
WIN$D,M15,1714745700,158975.0,159085.0,158910.0,159040.0,87280,5,357861
WIN$D,M15,1714746600,159045.0,159160.0,159020.0,159135.0,75079,5,305863
WIN$D,M15,1714747500,159140.0,159225.0,159085.0,159190.0,62327,5,258774
WIN$D,M15,1714748400,159190.0,159320.0,159170.0,159225.0,86103,5,352308
WIN$D,M15,1714749300,159230.0,159310.0,159185.0,159230.0,65672,5,268308
WIN$D,M15,1714750200,159230.0,159260.0,159160.0,159215.0,58059,5,231221
WIN$D,M15,1714751100,159210.0,159270.0,159150.0,159230.0,54776,5,208866
WIN$D,M15,1714752000,159230.0,159310.0,159190.0,159225.0,61551,5,234372
WIN$D,M15,1714752900,159225.0,159290.0,159175.0,159250.0,55621,5,220302
WIN$D,M15,1714753800,159250.0,159270.0,159165.0,159180.0,52321,5,223533
WIN$D,M15,1714754700,159185.0,159310.0,159150.0,159225.0,74449,5,311876
WIN$D,M15,1714755600,159230.0,159380.0,159170.0,159345.0,77061,5,342168
WIN$D,M15,1714756500,159340.0,159460.0,159340.0,159410.0,50652,5,239043
WIN$D,M15,1714757400,159410.0,159450.0,159330.0,159370.0,32679,5,142608
WIN$D,M15,1714758300,159365.0,159430.0,159330.0,159375.0,26917,5,108104
WIN$D,M15,1714759200,159375.0,159585.0,159335.0,159545.0,33863,5,110145
WIN$D,M15,1714760100,159555.0,159585.0,159425.0,159470.0,16388,5,68394
WIN$D,M15,1714986000,159710.0,159780.0,159130.0,159230.0,239022,5,653063
WIN$D,M15,1714986900,159230.0,159240.0,158845.0,158885.0,154631,5,569022
WIN$D,M15,1714987800,158885.0,158930.0,158820.0,158895.0,99058,5,350238
WIN$D,M15,1714988700,158895.0,158895.0,158810.0,158875.0,66593,5,239967
WIN$D,M15,1714989600,158870.0,158980.0,158775.0,158865.0,205103,5,718001
WIN$D,M15,1714990500,158865.0,159165.0,158855.0,159100.0,226964,5,832028
WIN$D,M15,1714991400,159105.0,159415.0,159040.0,159295.0,299677,5,1138870
WIN$D,M15,1714992300,159295.0,159625.0,159260.0,159605.0,185056,5,700689
WIN$D,M15,1714993200,159610.0,159705.0,159465.0,159700.0,171895,5,680964
WIN$D,M15,1714994100,159695.0,159705.0,159470.0,159560.0,152008,5,563351
WIN$D,M15,1714995000,159565.0,159655.0,159540.0,159595.0,97544,5,350508
WIN$D,M15,1714995900,159595.0,159745.0,159540.0,159575.0,132467,5,488991
WIN$D,M15,1714996800,159575.0,159660.0,159450.0,159655.0,126227,5,478284
WIN$D,M15,1714997700,159655.0,159655.0,159405.0,159435.0,97743,5,383744
WIN$D,M15,1714998600,159435.0,159530.0,159405.0,159495.0,75489,5,294069
WIN$D,M15,1714999500,159495.0,159630.0,159490.0,159610.0,74583,5,287145
WIN$D,M15,1715000400,159610.0,159635.0,159395.0,159445.0,78239,5,314578
WIN$D,M15,1715001300,159445.0,159495.0,159380.0,159410.0,71788,5,278885
WIN$D,M15,1715002200,159410.0,159550.0,159355.0,159405.0,106225,5,413572
WIN$D,M15,1715003100,159410.0,159435.0,159305.0,159330.0,81691,5,339250
WIN$D,M15,1715004000,159335.0,159400.0,159180.0,159215.0,121698,5,506264
WIN$D,M15,1715004900,159215.0,159225.0,159045.0,159070.0,109277,5,475691
WIN$D,M15,1715005800,159065.0,159145.0,159030.0,159055.0,74224,5,309040
WIN$D,M15,1715006700,159055.0,159195.0,159030.0,159115.0,81948,5,348430
WIN$D,M15,1715007600,159115.0,159225.0,159100.0,159215.0,86943,5,360793
WIN$D,M15,1715008500,159215.0,159230.0,159090.0,159205.0,73417,5,313375
WIN$D,M15,1715009400,159200.0,159215.0,159070.0,159100.0,75194,5,316707
WIN$D,M15,1715010300,159095.0,159195.0,159085.0,159125.0,62766,5,255652
WIN$D,M15,1715011200,159130.0,159140.0,159030.0,159040.0,60726,5,252827
WIN$D,M15,1715012100,159040.0,159095.0,158970.0,158985.0,74308,5,319024
WIN$D,M15,1715013000,158980.0,159115.0,158960.0,159060.0,69581,5,287788
WIN$D,M15,1715013900,159060.0,159105.0,158995.0,159095.0,68451,5,295910
WIN$D,M15,1715014800,159095.0,159140.0,158970.0,159000.0,62225,5,273271
WIN$D,M15,1715015700,159000.0,159035.0,158985.0,159035.0,24607,5,104422
WIN$D,M15,1715016600,159035.0,159100.0,159005.0,159070.0,40131,5,166880
WIN$D,M15,1715017500,159075.0,159205.0,159045.0,159115.0,33670,5,127963
WIN$D,M15,1715018400,159120.0,159155.0,159035.0,159055.0,34900,5,81159
WIN$D,M15,1715019300,159055.0,159095.0,158965.0,158965.0,16408,5,52265
WIN$D,M15,1715072400,158965.0,159345.0,158895.0,159040.0,250853,5,828273
WIN$D,M15,1715073300,159040.0,159155.0,159000.0,159055.0,144462,5,488136
WIN$D,M15,1715074200,159055.0,159180.0,159005.0,159125.0,113333,5,405704
WIN$D,M15,1715075100,159130.0,159595.0,159080.0,159575.0,193263,5,717090
WIN$D,M15,1715076000,159570.0,159845.0,159535.0,159710.0,266123,5,1040720
WIN$D,M15,1715076900,159710.0,159835.0,159635.0,159800.0,142700,5,528490
WIN$D,M15,1715077800,159805.0,159945.0,159610.0,159875.0,304992,5,1161920
WIN$D,M15,1715078700,159880.0,159955.0,159645.0,159665.0,174827,5,671465
WIN$D,M15,1715079600,159665.0,159805.0,159555.0,159770.0,169430,5,647300
WIN$D,M15,1715080500,159770.0,160070.0,159740.0,160070.0,176691,5,735493
WIN$D,M15,1715081400,160065.0,160205.0,159930.0,160155.0,175793,5,726032
WIN$D,M15,1715082300,160155.0,160195.0,160060.0,160135.0,111256,5,441401
WIN$D,M15,1715083200,160140.0,160270.0,160125.0,160200.0,101647,5,405062
WIN$D,M15,1715084100,160195.0,160205.0,160020.0,160150.0,130189,5,497728
WIN$D,M15,1715085000,160155.0,160180.0,159980.0,160010.0,77584,5,284170
WIN$D,M15,1715085900,160010.0,160100.0,159960.0,159980.0,71652,5,293551
WIN$D,M15,1715086800,159975.0,160120.0,159965.0,160100.0,58796,5,240994
WIN$D,M15,1715087700,160100.0,160100.0,160000.0,160005.0,48275,5,193446
WIN$D,M15,1715088600,160000.0,160025.0,159930.0,159950.0,64884,5,267327
WIN$D,M15,1715089500,159950.0,160100.0,159885.0,160080.0,114106,5,448244
WIN$D,M15,1715090400,160080.0,160090.0,159985.0,160045.0,68080,5,281345
WIN$D,M15,1715091300,160045.0,160060.0,159955.0,160030.0,58387,5,221416
WIN$D,M15,1715092200,160030.0,160055.0,159945.0,159980.0,50460,5,192479
WIN$D,M15,1715093100,159985.0,159995.0,159850.0,159885.0,96796,5,371503
WIN$D,M15,1715094000,159885.0,159955.0,159860.0,159935.0,59468,5,245176
WIN$D,M15,1715094900,159935.0,159940.0,159845.0,159870.0,54585,5,216651
WIN$D,M15,1715095800,159870.0,159875.0,159555.0,159685.0,153194,5,673521
WIN$D,M15,1715096700,159680.0,159695.0,159610.0,159650.0,62273,5,268231
WIN$D,M15,1715097600,159655.0,159695.0,159610.0,159645.0,49462,5,204801
WIN$D,M15,1715098500,159645.0,159690.0,159565.0,159660.0,73880,5,304057
WIN$D,M15,1715099400,159660.0,159690.0,159595.0,159645.0,54144,5,220473
WIN$D,M15,1715100300,159640.0,159740.0,159615.0,159635.0,76381,5,323873
WIN$D,M15,1715101200,159630.0,159740.0,159625.0,159680.0,51819,5,234280
WIN$D,M15,1715102100,159680.0,159705.0,159645.0,159695.0,24711,5,104658
WIN$D,M15,1715103000,159690.0,159740.0,159670.0,159685.0,29235,5,123028
WIN$D,M15,1715103900,159680.0,159715.0,159640.0,159695.0,22155,5,91599
WIN$D,M15,1715104800,159695.0,159785.0,159675.0,159750.0,25296,5,63848
WIN$D,M15,1715105700,159745.0,159760.0,159625.0,159650.0,17164,5,53377
WIN$D,M15,1715158800,159195.0,159335.0,158870.0,158940.0,228552,5,729335
WIN$D,M15,1715159700,158940.0,158950.0,158780.0,158870.0,161989,5,570728
WIN$D,M15,1715160600,158875.0,158890.0,158585.0,158595.0,160868,5,566741
WIN$D,M15,1715161500,158590.0,158660.0,158550.0,158615.0,107001,5,385711
WIN$D,M15,1715162400,158620.0,158645.0,158465.0,158565.0,169444,5,617877
WIN$D,M15,1715163300,158560.0,158745.0,158445.0,158730.0,196274,5,739080
WIN$D,M15,1715164200,158730.0,159400.0,158705.0,159390.0,361415,5,1488116
WIN$D,M15,1715165100,159390.0,159495.0,159255.0,159490.0,210168,5,853535
WIN$D,M15,1715166000,159490.0,159620.0,159435.0,159580.0,182935,5,739924
WIN$D,M15,1715166900,159575.0,159695.0,159520.0,159660.0,124977,5,519982
WIN$D,M15,1715167800,159660.0,159695.0,159490.0,159550.0,134437,5,541682
WIN$D,M15,1715168700,159555.0,159570.0,159395.0,159425.0,107988,5,429572
WIN$D,M15,1715169600,159430.0,159535.0,159380.0,159475.0,114605,5,470185
WIN$D,M15,1715170500,159475.0,159685.0,159405.0,159660.0,114498,5,481356
WIN$D,M15,1715171400,159665.0,159860.0,159640.0,159675.0,128993,5,545536
WIN$D,M15,1715172300,159670.0,159750.0,159640.0,159700.0,59657,5,254690
WIN$D,M15,1715173200,159705.0,159760.0,159650.0,159680.0,47625,5,198628
WIN$D,M15,1715174100,159675.0,159720.0,159600.0,159680.0,66438,5,282887
WIN$D,M15,1715175000,159685.0,159780.0,159665.0,159680.0,77971,5,332770
WIN$D,M15,1715175900,159680.0,159755.0,159655.0,159705.0,49436,5,201219
WIN$D,M15,1715176800,159710.0,159715.0,159560.0,159615.0,104942,5,434505
WIN$D,M15,1715177700,159615.0,159675.0,159575.0,159655.0,60803,5,253811
WIN$D,M15,1715178600,159655.0,159710.0,159600.0,159605.0,59968,5,250991
WIN$D,M15,1715179500,159610.0,159665.0,159530.0,159580.0,73366,5,320206
WIN$D,M15,1715180400,159585.0,159640.0,159480.0,159590.0,82032,5,337156
WIN$D,M15,1715181300,159590.0,159695.0,159565.0,159665.0,68463,5,289963
WIN$D,M15,1715182200,159670.0,159840.0,159630.0,159825.0,92600,5,399001
WIN$D,M15,1715183100,159825.0,159825.0,159740.0,159755.0,68999,5,308142
WIN$D,M15,1715184000,159760.0,159980.0,159715.0,159970.0,119707,5,548008
WIN$D,M15,1715184900,159970.0,159990.0,159870.0,159915.0,73319,5,319878
WIN$D,M15,1715185800,159915.0,159985.0,159845.0,159915.0,68958,5,301856
WIN$D,M15,1715186700,159915.0,159920.0,159745.0,159765.0,93693,5,421636
WIN$D,M15,1715187600,159765.0,159880.0,159725.0,159855.0,56736,5,257351
WIN$D,M15,1715188500,159855.0,159875.0,159800.0,159830.0,31339,5,142285
WIN$D,M15,1715189400,159830.0,159990.0,159805.0,159920.0,51731,5,238424
WIN$D,M15,1715190300,159915.0,159950.0,159880.0,159900.0,28156,5,114931
WIN$D,M15,1715191200,159910.0,160150.0,159900.0,160095.0,64362,5,163143
WIN$D,M15,1715192100,160100.0,160810.0,160090.0,160220.0,27223,5,93124
WIN$D,M15,1715245200,158895.0,158920.0,158505.0,158535.0,333634,5,1064212
WIN$D,M15,1715246100,158535.0,158600.0,158420.0,158480.0,182034,5,636338
WIN$D,M15,1715247000,158485.0,158735.0,158395.0,158530.0,232620,5,780774
WIN$D,M15,1715247900,158525.0,158575.0,158370.0,158495.0,151960,5,554724
WIN$D,M15,1715248800,158500.0,158535.0,158035.0,158080.0,286489,5,1026551
WIN$D,M15,1715249700,158075.0,158125.0,157840.0,157870.0,250636,5,996827
WIN$D,M15,1715250600,157870.0,158095.0,157765.0,157875.0,283728,5,1067179
WIN$D,M15,1715251500,157870.0,158025.0,157745.0,157770.0,190444,5,688291
WIN$D,M15,1715252400,157770.0,157875.0,157680.0,157785.0,179990,5,661933
WIN$D,M15,1715253300,157785.0,158120.0,157715.0,157960.0,247585,5,887242
WIN$D,M15,1715254200,157960.0,158015.0,157875.0,157970.0,157108,5,564051
WIN$D,M15,1715255100,157970.0,158065.0,157890.0,158065.0,103446,5,372690
WIN$D,M15,1715256000,158060.0,158275.0,158030.0,158270.0,145157,5,543620
WIN$D,M15,1715256900,158275.0,158300.0,158120.0,158120.0,116326,5,443827
WIN$D,M15,1715257800,158125.0,158190.0,158060.0,158180.0,88602,5,320399
WIN$D,M15,1715258700,158180.0,158190.0,157940.0,158010.0,115647,5,432508
WIN$D,M15,1715259600,158005.0,158155.0,158000.0,158090.0,91779,5,345941
WIN$D,M15,1715260500,158095.0,158110.0,157985.0,158005.0,65779,5,241751
WIN$D,M15,1715261400,158005.0,158095.0,157915.0,158085.0,94156,5,343813
WIN$D,M15,1715262300,158080.0,158130.0,158000.0,158035.0,79103,5,294335
WIN$D,M15,1715263200,158035.0,158110.0,157925.0,157950.0,109057,5,407627
WIN$D,M15,1715264100,157945.0,158095.0,157905.0,158070.0,90781,5,317291
WIN$D,M15,1715265000,158065.0,158095.0,157990.0,158080.0,69377,5,258412
WIN$D,M15,1715265900,158075.0,158290.0,158040.0,158270.0,112853,5,429065
WIN$D,M15,1715266800,158270.0,158545.0,158220.0,158525.0,151703,5,586701
WIN$D,M15,1715267700,158520.0,158785.0,158500.0,158770.0,122610,5,497389
WIN$D,M15,1715268600,158765.0,158775.0,158530.0,158635.0,135625,5,527844
WIN$D,M15,1715269500,158635.0,158795.0,158580.0,158745.0,87516,5,337319
WIN$D,M15,1715270400,158740.0,158800.0,158620.0,158695.0,77178,5,308922
WIN$D,M15,1715271300,158695.0,158840.0,158630.0,158670.0,94761,5,380028
WIN$D,M15,1715272200,158665.0,158675.0,158515.0,158610.0,83376,5,338422
WIN$D,M15,1715273100,158605.0,158665.0,158540.0,158615.0,69012,5,291246
WIN$D,M15,1715274000,158620.0,158630.0,158530.0,158555.0,51449,5,229584
WIN$D,M15,1715274900,158555.0,158805.0,158545.0,158780.0,52372,5,243022
WIN$D,M15,1715275800,158780.0,158870.0,158770.0,158860.0,49536,5,215054
WIN$D,M15,1715276700,158860.0,158880.0,158675.0,158740.0,38297,5,148178
WIN$D,M15,1715277600,158730.0,158885.0,158730.0,158870.0,31655,5,97344
WIN$D,M15,1715278500,158870.0,158965.0,158780.0,158945.0,19307,5,68790
WIN$D,M15,1715331600,158895.0,159150.0,158605.0,158805.0,263985,5,792309
WIN$D,M15,1715332500,158810.0,159205.0,158765.0,159150.0,188659,5,627718
WIN$D,M15,1715333400,159150.0,159160.0,158870.0,158885.0,145061,5,491738
WIN$D,M15,1715334300,158885.0,158905.0,158630.0,158640.0,160958,5,574528
WIN$D,M15,1715335200,158635.0,159030.0,158635.0,158990.0,221032,5,789234
WIN$D,M15,1715336100,158985.0,159295.0,158985.0,159210.0,248195,5,912973
WIN$D,M15,1715337000,159210.0,159320.0,158585.0,158680.0,339918,5,1245854
WIN$D,M15,1715337900,158685.0,158865.0,158625.0,158690.0,181265,5,652798
WIN$D,M15,1715338800,158695.0,158745.0,158400.0,158640.0,231036,5,872694
WIN$D,M15,1715339700,158640.0,158770.0,158435.0,158460.0,187661,5,717064
WIN$D,M15,1715340600,158455.0,158485.0,158280.0,158305.0,183548,5,716551
WIN$D,M15,1715341500,158300.0,158365.0,158145.0,158225.0,153996,5,609751
WIN$D,M15,1715342400,158220.0,158290.0,158125.0,158150.0,106297,5,409937
WIN$D,M15,1715343300,158150.0,158220.0,158010.0,158010.0,114068,5,472948
WIN$D,M15,1715344200,158010.0,158020.0,157845.0,157865.0,119275,5,482039
WIN$D,M15,1715345100,157860.0,157950.0,157820.0,157880.0,82419,5,325277
WIN$D,M15,1715346000,157885.0,158140.0,157875.0,158125.0,121445,5,475221
WIN$D,M15,1715346900,158125.0,158150.0,158060.0,158115.0,63074,5,256252
WIN$D,M15,1715347800,158115.0,158180.0,158010.0,158130.0,77403,5,326970
WIN$D,M15,1715348700,158125.0,158280.0,158105.0,158210.0,75878,5,304511
WIN$D,M15,1715349600,158215.0,158215.0,158000.0,158080.0,93880,5,383832
WIN$D,M15,1715350500,158075.0,158200.0,158055.0,158185.0,69637,5,280213
WIN$D,M15,1715351400,158180.0,158265.0,158145.0,158220.0,57446,5,223283
WIN$D,M15,1715352300,158220.0,158360.0,158220.0,158320.0,78769,5,317971
WIN$D,M15,1715353200,158315.0,158315.0,158105.0,158175.0,87685,5,355418
WIN$D,M15,1715354100,158180.0,158250.0,158135.0,158185.0,66574,5,271692
WIN$D,M15,1715355000,158190.0,158240.0,158125.0,158220.0,51980,5,224426
WIN$D,M15,1715355900,158225.0,158230.0,158100.0,158125.0,61217,5,267686
WIN$D,M15,1715356800,158120.0,158195.0,158020.0,158165.0,77404,5,318115
WIN$D,M15,1715357700,158160.0,158170.0,158050.0,158070.0,62424,5,267582
WIN$D,M15,1715358600,158070.0,158090.0,157920.0,157950.0,67487,5,277295
WIN$D,M15,1715359500,157945.0,158020.0,157880.0,157910.0,65490,5,292021
WIN$D,M15,1715360400,157915.0,157985.0,157860.0,157950.0,43732,5,201618
WIN$D,M15,1715361300,157950.0,158030.0,157950.0,157985.0,32272,5,142244
WIN$D,M15,1715362200,157985.0,158105.0,157985.0,158085.0,39917,5,169460
WIN$D,M15,1715363100,158085.0,158130.0,158010.0,158065.0,31523,5,132527
WIN$D,M15,1715364000,158065.0,158105.0,157970.0,158085.0,26183,5,80562
WIN$D,M15,1715364900,158085.0,158115.0,157985.0,158025.0,15215,5,53864
WIN$D,M15,1715590800,158565.0,158630.0,158215.0,158220.0,179455,5,565333
WIN$D,M15,1715591700,158220.0,158220.0,157945.0,158060.0,193683,5,703204
WIN$D,M15,1715592600,158055.0,158230.0,157975.0,158185.0,146445,5,498657
WIN$D,M15,1715593500,158185.0,158260.0,158110.0,158210.0,117193,5,400734
WIN$D,M15,1715594400,158210.0,158380.0,158200.0,158345.0,176931,5,627121
WIN$D,M15,1715595300,158345.0,158545.0,158305.0,158380.0,191897,5,669301
WIN$D,M15,1715596200,158375.0,158790.0,158360.0,158600.0,271259,5,978670
WIN$D,M15,1715597100,158600.0,158995.0,158595.0,158965.0,222140,5,811758
WIN$D,M15,1715598000,158970.0,159015.0,158805.0,158935.0,157672,5,575715
WIN$D,M15,1715598900,158930.0,158995.0,158820.0,158940.0,128448,5,455986
WIN$D,M15,1715599800,158940.0,158945.0,158775.0,158810.0,118232,5,418254
WIN$D,M15,1715600700,158805.0,158860.0,158565.0,158565.0,128713,5,477573
WIN$D,M15,1715601600,158570.0,158585.0,158295.0,158345.0,175846,5,700937
WIN$D,M15,1715602500,158345.0,158390.0,158275.0,158290.0,106782,5,417712
WIN$D,M15,1715603400,158295.0,158355.0,158225.0,158290.0,100660,5,377680
WIN$D,M15,1715604300,158290.0,158410.0,158270.0,158390.0,90176,5,345341
WIN$D,M15,1715605200,158390.0,158605.0,158380.0,158550.0,102333,5,376403
WIN$D,M15,1715606100,158550.0,158570.0,158340.0,158350.0,92977,5,332449
WIN$D,M15,1715607000,158350.0,158370.0,158255.0,158290.0,84191,5,327746
WIN$D,M15,1715607900,158290.0,158340.0,158225.0,158325.0,60000,5,232548
WIN$D,M15,1715608800,158325.0,158360.0,158120.0,158355.0,130815,5,479845
WIN$D,M15,1715609700,158360.0,158445.0,158305.0,158325.0,111396,5,460144
WIN$D,M15,1715610600,158325.0,158350.0,158125.0,158180.0,107278,5,421336
WIN$D,M15,1715611500,158185.0,158285.0,158140.0,158270.0,72189,5,298629
WIN$D,M15,1715612400,158270.0,158460.0,158230.0,158450.0,85195,5,346609
WIN$D,M15,1715613300,158455.0,158545.0,158370.0,158505.0,102453,5,403275
WIN$D,M15,1715614200,158505.0,158645.0,158415.0,158555.0,99628,5,401440
WIN$D,M15,1715615100,158555.0,158620.0,158495.0,158525.0,72103,5,298789
WIN$D,M15,1715616000,158525.0,158595.0,158435.0,158500.0,70860,5,287253
WIN$D,M15,1715616900,158495.0,158595.0,158495.0,158570.0,65420,5,257976
WIN$D,M15,1715617800,158565.0,158620.0,158505.0,158590.0,66192,5,260662
WIN$D,M15,1715618700,158595.0,158635.0,158510.0,158590.0,65879,5,269110
WIN$D,M15,1715619600,158595.0,158660.0,158450.0,158510.0,68394,5,300769
WIN$D,M15,1715620500,158510.0,158625.0,158385.0,158620.0,33392,5,150531
WIN$D,M15,1715621400,158625.0,158640.0,158515.0,158525.0,32403,5,126010
WIN$D,M15,1715622300,158530.0,158595.0,158520.0,158585.0,23387,5,84454
WIN$D,M15,1715623200,158590.0,158655.0,158540.0,158645.0,19261,5,57560
WIN$D,M15,1715624100,158640.0,158655.0,158570.0,158595.0,15153,5,51828
WIN$D,M15,1715677200,158010.0,158480.0,157910.0,158315.0,220450,5,698525
WIN$D,M15,1715678100,158315.0,158480.0,158175.0,158375.0,171505,5,553917
WIN$D,M15,1715679000,158370.0,158630.0,157805.0,158545.0,382555,5,1298320
WIN$D,M15,1715679900,158545.0,158575.0,158295.0,158305.0,262517,5,917298
WIN$D,M15,1715680800,158300.0,158435.0,158115.0,158300.0,273995,5,965516
WIN$D,M15,1715681700,158300.0,158480.0,158170.0,158310.0,211792,5,743252
WIN$D,M15,1715682600,158310.0,158565.0,158205.0,158530.0,297019,5,1086723
WIN$D,M15,1715683500,158525.0,158835.0,158445.0,158780.0,253519,5,945344
WIN$D,M15,1715684400,158785.0,159070.0,158730.0,158935.0,201021,5,819870
WIN$D,M15,1715685300,158930.0,159045.0,158735.0,158845.0,205932,5,803829
WIN$D,M15,1715686200,158840.0,158865.0,158710.0,158860.0,131302,5,520668
WIN$D,M15,1715687100,158855.0,159260.0,158805.0,159180.0,212391,5,824649
WIN$D,M15,1715688000,159175.0,159185.0,159045.0,159100.0,125136,5,509588
WIN$D,M15,1715688900,159100.0,159150.0,159015.0,159085.0,74845,5,310935
WIN$D,M15,1715689800,159085.0,159100.0,158830.0,158910.0,113467,5,449470
WIN$D,M15,1715690700,158915.0,159015.0,158905.0,158910.0,70575,5,285194
WIN$D,M15,1715691600,158915.0,158915.0,158715.0,158755.0,88908,5,347393
WIN$D,M15,1715692500,158750.0,158800.0,158615.0,158795.0,94444,5,400994
WIN$D,M15,1715693400,158795.0,158915.0,158765.0,158855.0,95497,5,402949
WIN$D,M15,1715694300,158855.0,158945.0,158840.0,158905.0,71275,5,289428
WIN$D,M15,1715695200,158910.0,158950.0,158725.0,158725.0,93735,5,374333
WIN$D,M15,1715696100,158725.0,158830.0,158665.0,158775.0,100126,5,402079
WIN$D,M15,1715697000,158775.0,158820.0,158690.0,158755.0,58060,5,233944
WIN$D,M15,1715697900,158750.0,158790.0,158535.0,158555.0,87829,5,351940
WIN$D,M15,1715698800,158550.0,158855.0,158520.0,158830.0,139732,5,571512
WIN$D,M15,1715699700,158835.0,158855.0,158675.0,158725.0,80935,5,359170
WIN$D,M15,1715700600,158725.0,158880.0,158695.0,158850.0,85855,5,364068
WIN$D,M15,1715701500,158845.0,158890.0,158720.0,158745.0,73962,5,319812
WIN$D,M15,1715702400,158745.0,158815.0,158715.0,158755.0,58220,5,255789
WIN$D,M15,1715703300,158750.0,158800.0,158675.0,158730.0,57600,5,250698
WIN$D,M15,1715704200,158725.0,158830.0,158715.0,158805.0,46642,5,204619
WIN$D,M15,1715705100,158800.0,158875.0,158770.0,158840.0,51411,5,233752
WIN$D,M15,1715706000,158840.0,158840.0,158745.0,158815.0,41364,5,193849
WIN$D,M15,1715706900,158820.0,158835.0,158785.0,158835.0,19478,5,90031
WIN$D,M15,1715707800,158830.0,158920.0,158800.0,158865.0,35637,5,171317
WIN$D,M15,1715708700,158870.0,158930.0,158850.0,158880.0,20688,5,88887
WIN$D,M15,1715709600,158890.0,158955.0,158860.0,158940.0,18885,5,52880
WIN$D,M15,1715710500,158940.0,159035.0,158880.0,159030.0,19140,5,57038
WIN$D,M15,1715763600,157525.0,158445.0,156945.0,157025.0,310486,5,985723
WIN$D,M15,1715764500,157025.0,157550.0,156905.0,157175.0,219569,5,772283
WIN$D,M15,1715765400,157180.0,158250.0,157170.0,157645.0,317502,5,1048758
WIN$D,M15,1715766300,157645.0,157685.0,157420.0,157515.0,188816,5,647220
WIN$D,M15,1715767200,157515.0,157915.0,157320.0,157785.0,257469,5,904995
WIN$D,M15,1715768100,157790.0,157905.0,157655.0,157730.0,190871,5,687278
WIN$D,M15,1715769000,157725.0,157770.0,157235.0,157395.0,318664,5,1255690
WIN$D,M15,1715769900,157395.0,157625.0,157315.0,157560.0,264036,5,992719
WIN$D,M15,1715770800,157560.0,157565.0,157180.0,157205.0,223887,5,843237
WIN$D,M15,1715771700,157210.0,157370.0,157150.0,157235.0,171246,5,666067
WIN$D,M15,1715772600,157230.0,157735.0,157225.0,157665.0,193071,5,756547
WIN$D,M15,1715773500,157660.0,157870.0,157655.0,157850.0,153888,5,610180
WIN$D,M15,1715774400,157850.0,158085.0,157695.0,158070.0,157041,5,612285
WIN$D,M15,1715775300,158070.0,158200.0,157495.0,158080.0,117956,5,472622
WIN$D,M15,1715776200,158085.0,158205.0,157900.0,157915.0,125862,5,492451
WIN$D,M15,1715777100,157910.0,157945.0,157805.0,157880.0,65916,5,278344
WIN$D,M15,1715778000,157885.0,158065.0,157815.0,157990.0,137247,5,555160
WIN$D,M15,1715778900,157990.0,157995.0,157880.0,157930.0,66461,5,264005
WIN$D,M15,1715779800,157930.0,158040.0,157925.0,157995.0,68268,5,276954
WIN$D,M15,1715780700,157990.0,158465.0,157990.0,158410.0,147165,5,597645
WIN$D,M15,1715781600,158415.0,158430.0,158165.0,158195.0,99328,5,413732
WIN$D,M15,1715782500,158200.0,158240.0,158010.0,158095.0,83795,5,355678
WIN$D,M15,1715783400,158095.0,158105.0,157930.0,158005.0,88669,5,369890
WIN$D,M15,1715784300,158005.0,158145.0,157955.0,158135.0,72804,5,283258
WIN$D,M15,1715785200,158135.0,158135.0,157945.0,158090.0,85366,5,338877
WIN$D,M15,1715786100,158090.0,158250.0,158050.0,158155.0,105327,5,421836
WIN$D,M15,1715787000,158160.0,158340.0,158145.0,158330.0,78634,5,320296
WIN$D,M15,1715787900,158335.0,158460.0,158320.0,158400.0,92746,5,393496
WIN$D,M15,1715788800,158395.0,158525.0,158335.0,158400.0,98692,5,425296
WIN$D,M15,1715789700,158400.0,158415.0,158215.0,158255.0,93226,5,390603
WIN$D,M15,1715790600,158255.0,158390.0,158225.0,158300.0,77272,5,328342
WIN$D,M15,1715791500,158300.0,158435.0,158260.0,158340.0,79313,5,343910
WIN$D,M15,1715792400,158335.0,158375.0,158180.0,158215.0,55684,5,236038
WIN$D,M15,1715793300,158220.0,158290.0,158185.0,158280.0,36241,5,156436
WIN$D,M15,1715794200,158280.0,158365.0,158235.0,158320.0,38271,5,163932
WIN$D,M15,1715795100,158325.0,158390.0,158270.0,158375.0,24113,5,97616
WIN$D,M15,1715796000,158380.0,158435.0,158295.0,158360.0,39404,5,107499
WIN$D,M15,1715796900,158370.0,158595.0,158355.0,158505.0,18381,5,66388
WIN$D,M15,1715850000,158465.0,158765.0,158365.0,158720.0,215031,5,657268
WIN$D,M15,1715850900,158720.0,159195.0,158660.0,159155.0,190937,5,666822
WIN$D,M15,1715851800,159155.0,159290.0,159035.0,159205.0,174133,5,602815
WIN$D,M15,1715852700,159200.0,159235.0,159075.0,159095.0,127655,5,450075
WIN$D,M15,1715853600,159095.0,159195.0,158865.0,159040.0,222712,5,787554
WIN$D,M15,1715854500,159045.0,159205.0,158705.0,158720.0,241911,5,896979
WIN$D,M15,1715855400,158715.0,158730.0,158270.0,158345.0,290436,5,1147622
WIN$D,M15,1715856300,158345.0,158455.0,158060.0,158080.0,219160,5,900974
WIN$D,M15,1715857200,158085.0,158225.0,157995.0,158155.0,169184,5,696866
WIN$D,M15,1715858100,158155.0,158390.0,158120.0,158370.0,184820,5,693101
WIN$D,M15,1715859000,158365.0,158395.0,158185.0,158285.0,162979,5,619431
WIN$D,M15,1715859900,158285.0,158555.0,158210.0,158470.0,167273,5,643006
WIN$D,M15,1715860800,158475.0,158555.0,158355.0,158425.0,131848,5,532755
WIN$D,M15,1715861700,158425.0,158440.0,158295.0,158315.0,79135,5,330882
WIN$D,M15,1715862600,158315.0,158390.0,158290.0,158335.0,56728,5,216824
WIN$D,M15,1715863500,158330.0,158475.0,158300.0,158420.0,75565,5,297098
WIN$D,M15,1715864400,158415.0,158450.0,158290.0,158380.0,90948,5,373720
WIN$D,M15,1715865300,158380.0,158435.0,158205.0,158205.0,86914,5,346842
WIN$D,M15,1715866200,158205.0,158320.0,158120.0,158285.0,119207,5,479044
WIN$D,M15,1715867100,158290.0,158435.0,158255.0,158325.0,100378,5,408003
WIN$D,M15,1715868000,158325.0,158480.0,158320.0,158420.0,70937,5,290811
WIN$D,M15,1715868900,158420.0,158490.0,158270.0,158405.0,118643,5,474829
WIN$D,M15,1715869800,158405.0,158420.0,158210.0,158290.0,101172,5,386073
WIN$D,M15,1715870700,158285.0,158395.0,158180.0,158370.0,93984,5,367981
WIN$D,M15,1715871600,158370.0,158475.0,158315.0,158340.0,91750,5,377173
WIN$D,M15,1715872500,158340.0,158540.0,158325.0,158450.0,108823,5,430311
WIN$D,M15,1715873400,158450.0,158710.0,158395.0,158670.0,101876,5,426504
WIN$D,M15,1715874300,158675.0,158760.0,158590.0,158610.0,124429,5,520128
WIN$D,M15,1715875200,158615.0,158650.0,158550.0,158600.0,63275,5,272876
WIN$D,M15,1715876100,158595.0,158655.0,158545.0,158575.0,58551,5,250701
WIN$D,M15,1715877000,158575.0,158605.0,158350.0,158420.0,107005,5,445188
WIN$D,M15,1715877900,158420.0,158545.0,158360.0,158490.0,80270,5,349816
WIN$D,M15,1715878800,158485.0,158545.0,158400.0,158465.0,55166,5,230616
WIN$D,M15,1715879700,158465.0,158540.0,158445.0,158480.0,38762,5,168001
WIN$D,M15,1715880600,158475.0,158530.0,158465.0,158520.0,24816,5,125367
WIN$D,M15,1715881500,158520.0,158525.0,158445.0,158460.0,19157,5,72216
WIN$D,M15,1715882400,158465.0,158480.0,158320.0,158320.0,33002,5,83038
WIN$D,M15,1715883300,158330.0,158455.0,158320.0,158400.0,22025,5,60598
WIN$D,M15,1715936400,158645.0,158670.0,158230.0,158290.0,209459,5,650991
WIN$D,M15,1715937300,158290.0,158315.0,158095.0,158105.0,128694,5,463342
WIN$D,M15,1715938200,158100.0,158335.0,158055.0,158330.0,173038,5,617766
WIN$D,M15,1715939100,158325.0,158405.0,158025.0,158075.0,189374,5,673573
WIN$D,M15,1715940000,158075.0,158365.0,158005.0,158300.0,206430,5,745138
WIN$D,M15,1715940900,158300.0,158555.0,158050.0,158280.0,300064,5,1094722
WIN$D,M15,1715941800,158275.0,158310.0,157745.0,157815.0,296464,5,1108371
WIN$D,M15,1715942700,157810.0,157985.0,157715.0,157855.0,218664,5,832459
WIN$D,M15,1715943600,157855.0,158200.0,157840.0,158145.0,189204,5,671739
WIN$D,M15,1715944500,158150.0,158290.0,158065.0,158240.0,133397,5,510183
WIN$D,M15,1715945400,158235.0,158330.0,158090.0,158110.0,143169,5,562291
WIN$D,M15,1715946300,158115.0,158165.0,158020.0,158140.0,116399,5,455613
WIN$D,M15,1715947200,158140.0,158185.0,158050.0,158135.0,81281,5,328435
WIN$D,M15,1715948100,158130.0,158170.0,158030.0,158045.0,65375,5,271451
WIN$D,M15,1715949000,158045.0,158080.0,157915.0,157930.0,88076,5,351959
WIN$D,M15,1715949900,157935.0,158030.0,157925.0,157980.0,57434,5,233146
WIN$D,M15,1715950800,157975.0,158075.0,157875.0,157920.0,85983,5,338262
WIN$D,M15,1715951700,157925.0,158130.0,157915.0,158085.0,73274,5,283644
WIN$D,M15,1715952600,158090.0,158170.0,158040.0,158125.0,67119,5,266959
WIN$D,M15,1715953500,158120.0,158230.0,158040.0,158170.0,80697,5,346280
WIN$D,M15,1715954400,158170.0,158230.0,158125.0,158155.0,54911,5,223971
WIN$D,M15,1715955300,158160.0,158275.0,158105.0,158265.0,63665,5,277687
WIN$D,M15,1715956200,158265.0,158405.0,158230.0,158400.0,85939,5,361414
WIN$D,M15,1715957100,158400.0,158425.0,158240.0,158275.0,69007,5,303173
WIN$D,M15,1715958000,158280.0,158285.0,158120.0,158130.0,83885,5,350642
WIN$D,M15,1715958900,158135.0,158280.0,158100.0,158225.0,75621,5,306960
WIN$D,M15,1715959800,158220.0,158360.0,158205.0,158335.0,64673,5,270297
WIN$D,M15,1715960700,158340.0,158450.0,158320.0,158350.0,75033,5,311305
WIN$D,M15,1715961600,158345.0,158370.0,158280.0,158330.0,55183,5,226772
WIN$D,M15,1715962500,158325.0,158400.0,158300.0,158385.0,45233,5,185333
WIN$D,M15,1715963400,158385.0,158470.0,158330.0,158455.0,47831,5,200888
WIN$D,M15,1715964300,158455.0,158465.0,158345.0,158420.0,52190,5,224347
WIN$D,M15,1715965200,158420.0,158465.0,158250.0,158310.0,58790,5,264271
WIN$D,M15,1715966100,158315.0,158365.0,158280.0,158360.0,22964,5,105179
WIN$D,M15,1715967000,158355.0,158415.0,158340.0,158385.0,26683,5,119172
WIN$D,M15,1715967900,158390.0,158435.0,158375.0,158400.0,15212,5,62617
WIN$D,M15,1715968800,158400.0,158405.0,158300.0,158365.0,29819,5,75886
WIN$D,M15,1715969700,158365.0,158495.0,158360.0,158495.0,14026,5,49177
WIN$D,M15,1716195600,158645.0,158665.0,157920.0,157965.0,248537,5,824290
WIN$D,M15,1716196500,157970.0,158040.0,157815.0,157910.0,166092,5,609668
WIN$D,M15,1716197400,157910.0,157910.0,157725.0,157825.0,148490,5,534912
WIN$D,M15,1716198300,157825.0,158045.0,157805.0,157855.0,220303,5,818427
WIN$D,M15,1716199200,157855.0,158030.0,157695.0,157935.0,234219,5,847317
WIN$D,M15,1716200100,157940.0,158155.0,157570.0,157705.0,316109,5,1177092
WIN$D,M15,1716201000,157710.0,157805.0,157460.0,157665.0,279569,5,1072469
WIN$D,M15,1716201900,157665.0,157875.0,157580.0,157705.0,206092,5,779199
WIN$D,M15,1716202800,157710.0,158145.0,157635.0,158130.0,216439,5,839504
WIN$D,M15,1716203700,158130.0,158430.0,158085.0,158415.0,159441,5,649412
WIN$D,M15,1716204600,158420.0,158580.0,158320.0,158560.0,171633,5,689460
WIN$D,M15,1716205500,158555.0,158580.0,158300.0,158370.0,120875,5,466893
WIN$D,M15,1716206400,158370.0,158390.0,158180.0,158325.0,118273,5,469429
WIN$D,M15,1716207300,158325.0,158760.0,158320.0,158750.0,137979,5,515613
WIN$D,M15,1716208200,158750.0,158825.0,158660.0,158680.0,92179,5,362895
WIN$D,M15,1716209100,158685.0,158685.0,158560.0,158630.0,60860,5,237379
WIN$D,M15,1716210000,158625.0,158635.0,158530.0,158540.0,44880,5,189056
WIN$D,M15,1716210900,158535.0,158570.0,158470.0,158520.0,52315,5,203629
WIN$D,M15,1716211800,158520.0,158550.0,158435.0,158435.0,44228,5,187081
WIN$D,M15,1716212700,158435.0,158455.0,158345.0,158395.0,64285,5,266477
WIN$D,M15,1716213600,158395.0,158415.0,158265.0,158285.0,58295,5,231925
WIN$D,M15,1716214500,158285.0,158315.0,158170.0,158190.0,62981,5,265234
WIN$D,M15,1716215400,158190.0,158220.0,158085.0,158115.0,82170,5,351521
WIN$D,M15,1716216300,158115.0,158150.0,157810.0,157870.0,113415,5,522213
WIN$D,M15,1716217200,157875.0,157955.0,157705.0,157790.0,126169,5,550016
WIN$D,M15,1716218100,157790.0,157890.0,157725.0,157850.0,80307,5,342411
WIN$D,M15,1716219000,157850.0,157905.0,157775.0,157805.0,64088,5,263009
WIN$D,M15,1716219900,157810.0,157845.0,157760.0,157815.0,46105,5,193581
WIN$D,M15,1716220800,157820.0,157905.0,157805.0,157880.0,48022,5,204280
WIN$D,M15,1716221700,157880.0,157920.0,157785.0,157815.0,52493,5,233907
WIN$D,M15,1716222600,157810.0,157855.0,157760.0,157815.0,49305,5,217861
WIN$D,M15,1716223500,157820.0,157970.0,157805.0,157960.0,60049,5,293378
WIN$D,M15,1716224400,157955.0,157985.0,157820.0,157850.0,55044,5,249476
WIN$D,M15,1716225300,157855.0,157955.0,157850.0,157930.0,34490,5,159930
WIN$D,M15,1716226200,157930.0,157965.0,157885.0,157915.0,24578,5,107146
WIN$D,M15,1716227100,157910.0,157960.0,157895.0,157940.0,18385,5,65147
WIN$D,M15,1716228000,157940.0,157940.0,157840.0,157855.0,37159,5,83256
WIN$D,M15,1716228900,157855.0,157855.0,157715.0,157775.0,22122,5,65706
WIN$D,M15,1716282000,157895.0,157940.0,157675.0,157835.0,240245,5,770550
WIN$D,M15,1716282900,157835.0,158080.0,157735.0,157740.0,277947,5,904278
WIN$D,M15,1716283800,157740.0,157935.0,157595.0,157715.0,246533,5,863477
WIN$D,M15,1716284700,157710.0,158070.0,157710.0,157885.0,190750,5,695237
WIN$D,M15,1716285600,157880.0,158245.0,157640.0,157920.0,425694,5,1572023
WIN$D,M15,1716286500,157920.0,158055.0,157755.0,157830.0,236515,5,900877
WIN$D,M15,1716287400,157830.0,157840.0,157360.0,157665.0,360345,5,1386563
WIN$D,M15,1716288300,157665.0,157985.0,157585.0,157615.0,298628,5,1113069
WIN$D,M15,1716289200,157620.0,157965.0,157540.0,157925.0,239434,5,872968
WIN$D,M15,1716290100,157920.0,157925.0,157740.0,157870.0,152046,5,586992
WIN$D,M15,1716291000,157875.0,158055.0,157805.0,157870.0,184617,5,692070
WIN$D,M15,1716291900,157870.0,157970.0,157525.0,157605.0,192218,5,740846
WIN$D,M15,1716292800,157605.0,157640.0,157435.0,157615.0,148927,5,587919
WIN$D,M15,1716293700,157610.0,157795.0,157550.0,157740.0,121865,5,461138
WIN$D,M15,1716294600,157740.0,157750.0,157600.0,157645.0,96889,5,378053
WIN$D,M15,1716295500,157650.0,157695.0,157500.0,157515.0,96235,5,364871
WIN$D,M15,1716296400,157520.0,157560.0,157265.0,157280.0,148249,5,588880
WIN$D,M15,1716297300,157280.0,157370.0,157230.0,157295.0,101641,5,406217
WIN$D,M15,1716298200,157295.0,157380.0,157160.0,157330.0,145547,5,597695
WIN$D,M15,1716299100,157330.0,157490.0,157205.0,157310.0,152238,5,602052
WIN$D,M15,1716300000,157305.0,157465.0,157235.0,157325.0,111463,5,436357
WIN$D,M15,1716300900,157320.0,157545.0,157310.0,157485.0,85862,5,334382
WIN$D,M15,1716301800,157490.0,157540.0,157395.0,157510.0,104801,5,427477
WIN$D,M15,1716302700,157510.0,157660.0,157490.0,157650.0,81596,5,337244
WIN$D,M15,1716303600,157655.0,157710.0,157535.0,157540.0,93309,5,390886
WIN$D,M15,1716304500,157540.0,157600.0,157480.0,157535.0,87932,5,397921
WIN$D,M15,1716305400,157530.0,157550.0,157360.0,157470.0,101727,5,440552
WIN$D,M15,1716306300,157475.0,157600.0,157425.0,157515.0,84212,5,351977
WIN$D,M15,1716307200,157510.0,157635.0,157505.0,157600.0,62097,5,259668
WIN$D,M15,1716308100,157600.0,157645.0,157525.0,157610.0,69386,5,294044
WIN$D,M15,1716309000,157610.0,157660.0,157540.0,157595.0,57455,5,247618
WIN$D,M15,1716309900,157595.0,157625.0,157450.0,157460.0,70752,5,310317
WIN$D,M15,1716310800,157460.0,157485.0,157370.0,157375.0,55643,5,248325
WIN$D,M15,1716311700,157375.0,157465.0,157365.0,157395.0,36049,5,160053
WIN$D,M15,1716312600,157395.0,157440.0,157360.0,157410.0,30605,5,137752
WIN$D,M15,1716313500,157405.0,157440.0,157310.0,157370.0,33481,5,140963
WIN$D,M15,1716314400,157375.0,157435.0,157300.0,157420.0,27294,5,75469
WIN$D,M15,1716315300,157415.0,157565.0,157355.0,157500.0,20720,5,61480
WIN$D,M15,1716368400,157295.0,157335.0,156795.0,156965.0,266191,5,853413
WIN$D,M15,1716369300,156965.0,156985.0,156665.0,156715.0,227274,5,832269
WIN$D,M15,1716370200,156715.0,156960.0,156680.0,156935.0,151378,5,561411
WIN$D,M15,1716371100,156935.0,156955.0,156665.0,156715.0,184977,5,674398
WIN$D,M15,1716372000,156710.0,156795.0,156435.0,156490.0,306812,5,1162186
WIN$D,M15,1716372900,156490.0,156755.0,156450.0,156525.0,224600,5,864379
WIN$D,M15,1716373800,156520.0,156650.0,156310.0,156355.0,308604,5,1180035
WIN$D,M15,1716374700,156355.0,156640.0,156315.0,156455.0,219447,5,836993
WIN$D,M15,1716375600,156460.0,156500.0,156180.0,156260.0,234484,5,912305
WIN$D,M15,1716376500,156265.0,156385.0,156130.0,156205.0,217988,5,852744
WIN$D,M15,1716377400,156205.0,156250.0,156025.0,156065.0,211990,5,816311
WIN$D,M15,1716378300,156065.0,156330.0,156065.0,156180.0,150073,5,593483
WIN$D,M15,1716379200,156180.0,156445.0,156135.0,156410.0,174598,5,661184
WIN$D,M15,1716380100,156405.0,156405.0,156060.0,156170.0,180107,5,672460
WIN$D,M15,1716381000,156175.0,156340.0,156085.0,156230.0,121299,5,450742
WIN$D,M15,1716381900,156230.0,156345.0,156125.0,156320.0,95851,5,355046
WIN$D,M15,1716382800,156320.0,156415.0,156255.0,156295.0,88058,5,353842
WIN$D,M15,1716383700,156300.0,156300.0,156210.0,156255.0,53593,5,204020
WIN$D,M15,1716384600,156255.0,156285.0,156165.0,156185.0,52828,5,213684
WIN$D,M15,1716385500,156185.0,156280.0,155995.0,156035.0,123601,5,489006
WIN$D,M15,1716386400,156035.0,156190.0,156025.0,156090.0,112142,5,440218
WIN$D,M15,1716387300,156090.0,156140.0,156025.0,156060.0,71551,5,285184
WIN$D,M15,1716388200,156060.0,156090.0,155850.0,155985.0,139594,5,573191
WIN$D,M15,1716389100,155980.0,156065.0,155915.0,156030.0,83570,5,335482
WIN$D,M15,1716390000,156030.0,156075.0,155775.0,155875.0,170058,5,706927
WIN$D,M15,1716390900,155880.0,155935.0,155645.0,155650.0,166772,5,667284
WIN$D,M15,1716391800,155650.0,155750.0,155610.0,155675.0,119483,5,470739
WIN$D,M15,1716392700,155675.0,155825.0,155645.0,155770.0,94034,5,379592
WIN$D,M15,1716393600,155770.0,155810.0,155655.0,155660.0,69365,5,269350
WIN$D,M15,1716394500,155660.0,155710.0,155430.0,155610.0,148843,5,640731
WIN$D,M15,1716395400,155615.0,155655.0,155505.0,155530.0,98349,5,402074
WIN$D,M15,1716396300,155530.0,155625.0,155480.0,155615.0,80388,5,325462
WIN$D,M15,1716397200,155615.0,155620.0,155380.0,155445.0,85579,5,361273
WIN$D,M15,1716398100,155445.0,155570.0,155390.0,155465.0,94404,5,380368
WIN$D,M15,1716399000,155465.0,155485.0,155380.0,155400.0,47198,5,180585
WIN$D,M15,1716399900,155400.0,155455.0,155320.0,155335.0,36120,5,138476
WIN$D,M15,1716400800,155340.0,155375.0,155030.0,155090.0,82413,5,203579
WIN$D,M15,1716401700,155090.0,155100.0,154895.0,154975.0,36121,5,121551
WIN$D,M15,1716454800,155445.0,155745.0,155320.0,155380.0,289695,5,900931
WIN$D,M15,1716455700,155375.0,155525.0,155295.0,155465.0,182772,5,628863
WIN$D,M15,1716456600,155460.0,155655.0,155370.0,155615.0,203435,5,661602
WIN$D,M15,1716457500,155615.0,155675.0,155375.0,155390.0,155550,5,528672
WIN$D,M15,1716458400,155390.0,155540.0,155190.0,155450.0,338757,5,1238847
WIN$D,M15,1716459300,155450.0,155530.0,155245.0,155320.0,222466,5,831204
WIN$D,M15,1716460200,155325.0,155460.0,155150.0,155375.0,298244,5,1123911
WIN$D,M15,1716461100,155375.0,155375.0,154870.0,154900.0,310049,5,1159721
WIN$D,M15,1716462000,154905.0,154985.0,154625.0,154675.0,293228,5,1166786
WIN$D,M15,1716462900,154675.0,154725.0,154395.0,154540.0,246843,5,1006188
WIN$D,M15,1716463800,154540.0,154650.0,154460.0,154550.0,163192,5,636181
WIN$D,M15,1716464700,154555.0,154655.0,154440.0,154480.0,126850,5,509984
WIN$D,M15,1716465600,154480.0,154720.0,154455.0,154615.0,122754,5,479430
WIN$D,M15,1716466500,154615.0,154670.0,154540.0,154660.0,90534,5,328734
WIN$D,M15,1716467400,154655.0,154745.0,154625.0,154640.0,90588,5,340316
WIN$D,M15,1716468300,154640.0,154715.0,154605.0,154675.0,65451,5,243599
WIN$D,M15,1716469200,154675.0,154770.0,154580.0,154590.0,94350,5,357837
WIN$D,M15,1716470100,154595.0,154790.0,154570.0,154740.0,85002,5,323172
WIN$D,M15,1716471000,154740.0,154770.0,154635.0,154640.0,74900,5,290112
WIN$D,M15,1716471900,154640.0,154680.0,154495.0,154605.0,129579,5,494061
WIN$D,M15,1716472800,154600.0,154745.0,154600.0,154695.0,101847,5,378679
WIN$D,M15,1716473700,154695.0,154785.0,154610.0,154765.0,90078,5,345336
WIN$D,M15,1716474600,154765.0,154780.0,154430.0,154470.0,145329,5,565862
WIN$D,M15,1716475500,154470.0,154600.0,154350.0,154355.0,142176,5,549883
WIN$D,M15,1716476400,154355.0,154485.0,154265.0,154470.0,158002,5,624298
WIN$D,M15,1716477300,154470.0,154520.0,154325.0,154435.0,123047,5,455111
WIN$D,M15,1716478200,154430.0,154525.0,154385.0,154460.0,84202,5,334646
WIN$D,M15,1716479100,154455.0,154490.0,154375.0,154435.0,71141,5,283325
WIN$D,M15,1716480000,154435.0,154520.0,154405.0,154480.0,87018,5,350649
WIN$D,M15,1716480900,154480.0,154560.0,154480.0,154510.0,64525,5,244232
WIN$D,M15,1716481800,154510.0,154570.0,154420.0,154545.0,82987,5,320129
WIN$D,M15,1716482700,154545.0,154600.0,154485.0,154550.0,88961,5,338368
WIN$D,M15,1716483600,154555.0,154670.0,154545.0,154630.0,57293,5,235256
WIN$D,M15,1716484500,154625.0,154720.0,154610.0,154685.0,44453,5,194558
WIN$D,M15,1716485400,154685.0,154740.0,154665.0,154680.0,32038,5,140111
WIN$D,M15,1716486300,154680.0,154725.0,154545.0,154620.0,48970,5,184336
WIN$D,M15,1716487200,154615.0,154675.0,154580.0,154655.0,30353,5,71806
WIN$D,M15,1716488100,154660.0,154825.0,154630.0,154745.0,27309,5,81351
WIN$D,M15,1716541200,154945.0,155215.0,154660.0,154820.0,221692,5,642521
WIN$D,M15,1716542100,154820.0,154940.0,154755.0,154820.0,111034,5,342268
WIN$D,M15,1716543000,154820.0,155015.0,154675.0,154905.0,183605,5,616826
WIN$D,M15,1716543900,154900.0,154945.0,154795.0,154860.0,122922,5,422100
WIN$D,M15,1716544800,154860.0,154915.0,154655.0,154880.0,240647,5,870054
WIN$D,M15,1716545700,154875.0,154910.0,154645.0,154820.0,201921,5,733619
WIN$D,M15,1716546600,154825.0,155045.0,154625.0,155025.0,289657,5,1026811
WIN$D,M15,1716547500,155025.0,155025.0,154650.0,154705.0,219806,5,772812
WIN$D,M15,1716548400,154700.0,155050.0,154670.0,154915.0,242867,5,860272
WIN$D,M15,1716549300,154915.0,155040.0,154820.0,155015.0,178593,5,629526
WIN$D,M15,1716550200,155020.0,155135.0,154735.0,154780.0,181143,5,652946
WIN$D,M15,1716551100,154780.0,155020.0,154765.0,154875.0,134197,5,491651
WIN$D,M15,1716552000,154875.0,154900.0,154755.0,154825.0,95551,5,344397
WIN$D,M15,1716552900,154825.0,154865.0,154760.0,154805.0,63885,5,237304
WIN$D,M15,1716553800,154800.0,154845.0,154665.0,154700.0,80590,5,305385
WIN$D,M15,1716554700,154700.0,154730.0,154640.0,154685.0,67240,5,258955
WIN$D,M15,1716555600,154690.0,154810.0,154625.0,154790.0,71230,5,281138
WIN$D,M15,1716556500,154785.0,154885.0,154770.0,154805.0,63443,5,261625
WIN$D,M15,1716557400,154805.0,154815.0,154725.0,154755.0,71361,5,279717
WIN$D,M15,1716558300,154760.0,154790.0,154560.0,154600.0,87549,5,344526
WIN$D,M15,1716559200,154600.0,154670.0,154560.0,154670.0,71506,5,287554
WIN$D,M15,1716560100,154665.0,154695.0,154460.0,154560.0,112290,5,431970
WIN$D,M15,1716561000,154560.0,154655.0,154470.0,154615.0,84359,5,311777
WIN$D,M15,1716561900,154620.0,154675.0,154580.0,154650.0,50804,5,187039
WIN$D,M15,1716562800,154655.0,154670.0,154440.0,154515.0,108300,5,430359
WIN$D,M15,1716563700,154515.0,154545.0,154335.0,154380.0,95815,5,396792
WIN$D,M15,1716564600,154375.0,154395.0,154080.0,154105.0,130620,5,531399
WIN$D,M15,1716565500,154105.0,154280.0,154100.0,154185.0,91099,5,351717
WIN$D,M15,1716566400,154185.0,154220.0,154095.0,154165.0,75976,5,275989
WIN$D,M15,1716567300,154160.0,154245.0,154130.0,154240.0,48554,5,187011
WIN$D,M15,1716568200,154240.0,154400.0,154215.0,154275.0,81834,5,333419
WIN$D,M15,1716569100,154275.0,154305.0,154165.0,154180.0,62697,5,246620
WIN$D,M15,1716570000,154175.0,154200.0,154095.0,154100.0,48430,5,193821
WIN$D,M15,1716570900,154105.0,154180.0,154100.0,154140.0,23055,5,89415
WIN$D,M15,1716571800,154140.0,154195.0,154130.0,154155.0,23065,5,87517
WIN$D,M15,1716572700,154160.0,154170.0,154005.0,154060.0,32943,5,115596
WIN$D,M15,1716573600,154060.0,154085.0,153915.0,153955.0,42240,5,96157
WIN$D,M15,1716574500,153950.0,153990.0,153805.0,153805.0,27205,5,72301
WIN$D,M15,1716800400,154105.0,154280.0,153930.0,154130.0,184584,5,561318
WIN$D,M15,1716801300,154130.0,154265.0,154095.0,154220.0,103913,5,364794
WIN$D,M15,1716802200,154220.0,154275.0,154130.0,154190.0,107497,5,361491
WIN$D,M15,1716803100,154185.0,154260.0,154155.0,154205.0,72245,5,241438
WIN$D,M15,1716804000,154205.0,154350.0,154075.0,154105.0,229172,5,779674
WIN$D,M15,1716804900,154105.0,154380.0,154080.0,154205.0,201474,5,690774
WIN$D,M15,1716805800,154205.0,154255.0,153995.0,154095.0,215718,5,746350
WIN$D,M15,1716806700,154095.0,154380.0,154000.0,154045.0,241263,5,891776
WIN$D,M15,1716807600,154045.0,154155.0,153915.0,153955.0,204499,5,688348
WIN$D,M15,1716808500,153960.0,154085.0,153890.0,153985.0,149942,5,495831
WIN$D,M15,1716809400,153980.0,154050.0,153845.0,154035.0,128746,5,464790
WIN$D,M15,1716810300,154030.0,154080.0,153915.0,154030.0,98666,5,347391
WIN$D,M15,1716811200,154030.0,154140.0,153955.0,154110.0,99536,5,357874
WIN$D,M15,1716812100,154110.0,154190.0,154060.0,154115.0,78501,5,290847
WIN$D,M15,1716813000,154110.0,154250.0,154110.0,154190.0,63275,5,237009
WIN$D,M15,1716813900,154195.0,154205.0,154060.0,154155.0,83703,5,316293
WIN$D,M15,1716814800,154155.0,154185.0,154030.0,154120.0,69061,5,268846
WIN$D,M15,1716815700,154125.0,154190.0,154100.0,154175.0,50592,5,194741
WIN$D,M15,1716816600,154170.0,154235.0,154140.0,154230.0,41285,5,156451
WIN$D,M15,1716817500,154225.0,154250.0,154175.0,154205.0,43619,5,168115
WIN$D,M15,1716818400,154205.0,154340.0,154180.0,154265.0,63320,5,236018
WIN$D,M15,1716819300,154270.0,154275.0,154090.0,154130.0,65063,5,239491
WIN$D,M15,1716820200,154125.0,154140.0,154050.0,154115.0,48333,5,173870
WIN$D,M15,1716821100,154110.0,154220.0,154085.0,154115.0,66316,5,236455
WIN$D,M15,1716822000,154115.0,154160.0,154095.0,154115.0,24441,5,91067
WIN$D,M15,1716822900,154110.0,154215.0,154105.0,154185.0,37321,5,144667
WIN$D,M15,1716823800,154190.0,154190.0,154120.0,154140.0,31998,5,122247
WIN$D,M15,1716824700,154145.0,154160.0,154095.0,154130.0,25875,5,100209
WIN$D,M15,1716825600,154135.0,154295.0,154130.0,154250.0,58089,5,219562
WIN$D,M15,1716826500,154245.0,154325.0,154200.0,154235.0,53243,5,194265
WIN$D,M15,1716827400,154230.0,154285.0,154215.0,154240.0,32861,5,116314
WIN$D,M15,1716828300,154240.0,154295.0,154220.0,154275.0,30313,5,116844
WIN$D,M15,1716829200,154270.0,154295.0,154220.0,154235.0,27992,5,108217
WIN$D,M15,1716830100,154235.0,154265.0,154210.0,154240.0,17194,5,68266
WIN$D,M15,1716831000,154240.0,154285.0,154235.0,154275.0,21280,5,74600
WIN$D,M15,1716831900,154275.0,154315.0,154235.0,154245.0,20783,5,69230
WIN$D,M15,1716832800,154250.0,154300.0,154235.0,154265.0,22075,5,43584
WIN$D,M15,1716833700,154265.0,154345.0,154250.0,154295.0,18171,5,53839
WIN$D,M15,1716886800,154710.0,155205.0,154590.0,155190.0,270976,5,898473
WIN$D,M15,1716887700,155190.0,155330.0,155120.0,155230.0,190206,5,653762
WIN$D,M15,1716888600,155230.0,155310.0,155155.0,155245.0,120359,5,418257
WIN$D,M15,1716889500,155250.0,155480.0,155190.0,155345.0,189769,5,698066
WIN$D,M15,1716890400,155345.0,155495.0,154965.0,154970.0,255035,5,999967
WIN$D,M15,1716891300,154970.0,155115.0,154830.0,154885.0,284890,5,1132107
WIN$D,M15,1716892200,154885.0,154965.0,154590.0,154600.0,259027,5,1057353
WIN$D,M15,1716893100,154600.0,154700.0,154450.0,154495.0,201636,5,813226
WIN$D,M15,1716894000,154500.0,154570.0,154395.0,154440.0,174126,5,688001
WIN$D,M15,1716894900,154435.0,154510.0,154400.0,154430.0,109764,5,433644
WIN$D,M15,1716895800,154430.0,154460.0,154265.0,154395.0,172465,5,726555
WIN$D,M15,1716896700,154400.0,154485.0,154325.0,154345.0,110908,5,467374
WIN$D,M15,1716897600,154345.0,154435.0,154285.0,154410.0,121199,5,494761
WIN$D,M15,1716898500,154410.0,154575.0,154340.0,154490.0,111170,5,454184
WIN$D,M15,1716899400,154490.0,154535.0,154395.0,154480.0,82711,5,332854
WIN$D,M15,1716900300,154480.0,154555.0,154470.0,154540.0,40500,5,164440
WIN$D,M15,1716901200,154535.0,154610.0,154465.0,154515.0,73160,5,320134
WIN$D,M15,1716902100,154515.0,154520.0,154285.0,154340.0,106279,5,441608
WIN$D,M15,1716903000,154340.0,154400.0,154320.0,154355.0,56488,5,227023
WIN$D,M15,1716903900,154350.0,154360.0,153815.0,153840.0,206226,5,865354
WIN$D,M15,1716904800,153840.0,153965.0,153645.0,153945.0,189567,5,773594
WIN$D,M15,1716905700,153940.0,154045.0,153895.0,154015.0,89376,5,365321
WIN$D,M15,1716906600,154015.0,154055.0,153860.0,153885.0,110646,5,469346
WIN$D,M15,1716907500,153885.0,153895.0,153595.0,153620.0,166104,5,699900
WIN$D,M15,1716908400,153615.0,153760.0,153530.0,153670.0,127832,5,520993
WIN$D,M15,1716909300,153670.0,153680.0,153490.0,153505.0,116597,5,479587
WIN$D,M15,1716910200,153510.0,153525.0,153270.0,153350.0,167342,5,708438
WIN$D,M15,1716911100,153355.0,153510.0,153315.0,153470.0,88803,5,365191
WIN$D,M15,1716912000,153465.0,153500.0,153235.0,153255.0,104221,5,433812
WIN$D,M15,1716912900,153260.0,153415.0,153225.0,153345.0,86874,5,361879
WIN$D,M15,1716913800,153340.0,153440.0,153320.0,153350.0,68517,5,279170
WIN$D,M15,1716914700,153350.0,153565.0,153350.0,153510.0,85849,5,384868
WIN$D,M15,1716915600,153510.0,153590.0,153385.0,153415.0,69018,5,305752
WIN$D,M15,1716916500,153415.0,153460.0,153345.0,153355.0,36298,5,161175
WIN$D,M15,1716917400,153355.0,153400.0,153265.0,153300.0,44176,5,207836
WIN$D,M15,1716918300,153300.0,153345.0,153235.0,153255.0,30201,5,116827
WIN$D,M15,1716919200,153255.0,153295.0,153145.0,153150.0,43881,5,110958
WIN$D,M15,1716920100,153155.0,153260.0,153135.0,153260.0,25083,5,73731
WIN$D,M15,1716973200,153015.0,153160.0,152820.0,152945.0,223819,5,710633
WIN$D,M15,1716974100,152940.0,152970.0,152730.0,152790.0,131890,5,443222
WIN$D,M15,1716975000,152790.0,152935.0,152785.0,152875.0,125523,5,426297
WIN$D,M15,1716975900,152880.0,152925.0,152705.0,152815.0,177304,5,631772
WIN$D,M15,1716976800,152810.0,152835.0,152350.0,152490.0,267704,5,1043691
WIN$D,M15,1716977700,152485.0,152580.0,152245.0,152290.0,231004,5,916963
WIN$D,M15,1716978600,152295.0,152410.0,152160.0,152300.0,240649,5,926645
WIN$D,M15,1716979500,152295.0,152535.0,152290.0,152525.0,180603,5,668338
WIN$D,M15,1716980400,152525.0,152680.0,152465.0,152595.0,158219,5,625485
WIN$D,M15,1716981300,152595.0,152670.0,152440.0,152650.0,166068,5,652124
WIN$D,M15,1716982200,152655.0,152735.0,152565.0,152650.0,128515,5,492603
WIN$D,M15,1716983100,152645.0,152805.0,152640.0,152715.0,112731,5,445002
WIN$D,M15,1716984000,152720.0,152785.0,152560.0,152560.0,110603,5,458838
WIN$D,M15,1716984900,152565.0,152660.0,152505.0,152595.0,112286,5,435777
WIN$D,M15,1716985800,152595.0,152720.0,152545.0,152705.0,83686,5,333546
WIN$D,M15,1716986700,152705.0,152815.0,152685.0,152725.0,75678,5,306045
WIN$D,M15,1716987600,152720.0,152735.0,152610.0,152645.0,76841,5,318620
WIN$D,M15,1716988500,152640.0,152720.0,152640.0,152690.0,46574,5,184904
WIN$D,M15,1716989400,152685.0,152775.0,152625.0,152675.0,76549,5,314369
WIN$D,M15,1716990300,152670.0,152750.0,152650.0,152685.0,52050,5,223599
WIN$D,M15,1716991200,152685.0,152710.0,152500.0,152550.0,126272,5,510024
WIN$D,M15,1716992100,152550.0,152575.0,152395.0,152400.0,94814,5,389106
WIN$D,M15,1716993000,152400.0,152415.0,152210.0,152260.0,99470,5,445269
WIN$D,M15,1716993900,152255.0,152410.0,152195.0,152400.0,100507,5,422257
WIN$D,M15,1716994800,152400.0,152575.0,152380.0,152555.0,90601,5,362367
WIN$D,M15,1716995700,152550.0,152635.0,152470.0,152570.0,92543,5,373018
WIN$D,M15,1716996600,152565.0,152605.0,152415.0,152510.0,103091,5,421342
WIN$D,M15,1716997500,152505.0,152540.0,152385.0,152495.0,89776,5,354575
WIN$D,M15,1716998400,152490.0,152570.0,152480.0,152540.0,56336,5,212089
WIN$D,M15,1716999300,152535.0,152745.0,152530.0,152695.0,96045,5,396558
WIN$D,M15,1717000200,152695.0,152710.0,152550.0,152575.0,65092,5,272266
WIN$D,M15,1717001100,152575.0,152600.0,152420.0,152505.0,83879,5,375543
WIN$D,M15,1717002000,152505.0,152505.0,152300.0,152360.0,64836,5,303784
WIN$D,M15,1717002900,152365.0,152495.0,152360.0,152410.0,52650,5,240618
WIN$D,M15,1717003800,152410.0,152465.0,152370.0,152430.0,30251,5,137119
WIN$D,M15,1717004700,152425.0,152470.0,152405.0,152460.0,20209,5,86104
WIN$D,M15,1717005600,152455.0,152520.0,152420.0,152485.0,21147,5,62301
WIN$D,M15,1717006500,152495.0,152695.0,152465.0,152645.0,19377,5,72732
WIN$D,M15,1717146000,152645.0,152755.0,152425.0,152465.0,177188,5,580797
WIN$D,M15,1717146900,152470.0,152490.0,152295.0,152350.0,98094,5,336452
WIN$D,M15,1717147800,152345.0,152645.0,152300.0,152565.0,232619,5,808811
WIN$D,M15,1717148700,152565.0,152570.0,152375.0,152405.0,116413,5,415906
WIN$D,M15,1717149600,152410.0,152415.0,152115.0,152295.0,229236,5,877641
WIN$D,M15,1717150500,152300.0,152470.0,152130.0,152395.0,205018,5,735834
WIN$D,M15,1717151400,152395.0,152415.0,152145.0,152355.0,220275,5,807815
WIN$D,M15,1717152300,152350.0,152425.0,152045.0,152085.0,228338,5,882517
WIN$D,M15,1717153200,152085.0,152210.0,152010.0,152080.0,179936,5,704569
WIN$D,M15,1717154100,152075.0,152125.0,151810.0,151810.0,200328,5,768852
WIN$D,M15,1717155000,151810.0,151910.0,151750.0,151850.0,136479,5,530606
WIN$D,M15,1717155900,151850.0,151900.0,151665.0,151740.0,132715,5,523478
WIN$D,M15,1717156800,151735.0,151840.0,151665.0,151790.0,117018,5,450500
WIN$D,M15,1717157700,151795.0,151860.0,151685.0,151760.0,100051,5,371119
WIN$D,M15,1717158600,151765.0,151765.0,151650.0,151720.0,69224,5,262865
WIN$D,M15,1717159500,151725.0,151840.0,151700.0,151715.0,82353,5,314082
WIN$D,M15,1717160400,151715.0,151770.0,151680.0,151720.0,68825,5,250834
WIN$D,M15,1717161300,151720.0,151745.0,151510.0,151630.0,112271,5,448098
WIN$D,M15,1717162200,151630.0,151755.0,151620.0,151695.0,74664,5,287508
WIN$D,M15,1717163100,151695.0,151830.0,151695.0,151785.0,66291,5,254425
WIN$D,M15,1717164000,151790.0,151900.0,151750.0,151860.0,67906,5,265594
WIN$D,M15,1717164900,151860.0,151875.0,151745.0,151810.0,72183,5,279169
WIN$D,M15,1717165800,151815.0,151900.0,151800.0,151870.0,58356,5,243525
WIN$D,M15,1717166700,151870.0,151900.0,151810.0,151835.0,53657,5,212785
WIN$D,M15,1717167600,151835.0,151940.0,151815.0,151855.0,61780,5,247622
WIN$D,M15,1717168500,151860.0,151915.0,151825.0,151880.0,44525,5,179683
WIN$D,M15,1717169400,151875.0,151895.0,151745.0,151780.0,58383,5,251699
WIN$D,M15,1717170300,151780.0,151820.0,151710.0,151745.0,57575,5,240048
WIN$D,M15,1717171200,151750.0,151805.0,151650.0,151795.0,79732,5,333455
WIN$D,M15,1717172100,151795.0,151850.0,151755.0,151770.0,56949,5,226390
WIN$D,M15,1717173000,151765.0,151915.0,151710.0,151905.0,82762,5,358359
WIN$D,M15,1717173900,151900.0,152060.0,151810.0,152045.0,119412,5,529210
WIN$D,M15,1717174800,152045.0,152050.0,151855.0,151895.0,69689,5,300448
WIN$D,M15,1717175700,151895.0,152005.0,151875.0,151925.0,45504,5,207916
WIN$D,M15,1717176600,151925.0,151970.0,151905.0,151945.0,25575,5,115448
WIN$D,M15,1717177500,151945.0,151985.0,151895.0,151955.0,21297,5,91615
WIN$D,M15,1717178400,151950.0,152055.0,151945.0,152020.0,23217,5,76990
WIN$D,M15,1717179300,152030.0,152090.0,151990.0,152015.0,15613,5,61872
WIN$D,M15,1717405200,152155.0,152215.0,151620.0,151655.0,221607,5,677203
WIN$D,M15,1717406100,151655.0,151890.0,151585.0,151875.0,168522,5,557164
WIN$D,M15,1717407000,151870.0,151905.0,151765.0,151815.0,130684,5,438143
WIN$D,M15,1717407900,151810.0,151970.0,151700.0,151925.0,155302,5,499701
WIN$D,M15,1717408800,151925.0,151935.0,151570.0,151635.0,231901,5,822985
WIN$D,M15,1717409700,151635.0,151750.0,151475.0,151565.0,211417,5,752101
WIN$D,M15,1717410600,151560.0,151625.0,151400.0,151465.0,220561,5,804706
WIN$D,M15,1717411500,151470.0,151475.0,151130.0,151205.0,176556,5,692059
WIN$D,M15,1717412400,151200.0,151480.0,151025.0,151380.0,297274,5,1103627
WIN$D,M15,1717413300,151375.0,151875.0,151365.0,151860.0,275074,5,1026765
WIN$D,M15,1717414200,151860.0,152070.0,151800.0,152070.0,175016,5,687964
WIN$D,M15,1717415100,152070.0,152085.0,151755.0,151840.0,177961,5,692881
WIN$D,M15,1717416000,151845.0,151950.0,151810.0,151885.0,98857,5,363724
WIN$D,M15,1717416900,151890.0,152030.0,151700.0,151710.0,111889,5,408918
WIN$D,M15,1717417800,151710.0,151735.0,151585.0,151655.0,108546,5,424036
WIN$D,M15,1717418700,151655.0,151685.0,151550.0,151625.0,74648,5,286524
WIN$D,M15,1717419600,151630.0,151665.0,151360.0,151385.0,92940,5,351916
WIN$D,M15,1717420500,151385.0,151430.0,151320.0,151400.0,81359,5,308393
WIN$D,M15,1717421400,151395.0,151405.0,151255.0,151345.0,86739,5,329447
WIN$D,M15,1717422300,151340.0,151430.0,151295.0,151370.0,68461,5,252203
WIN$D,M15,1717423200,151370.0,151485.0,151300.0,151470.0,107775,5,416890
WIN$D,M15,1717424100,151475.0,151845.0,151450.0,151835.0,125357,5,499547
WIN$D,M15,1717425000,151835.0,151995.0,151805.0,151845.0,127066,5,514684
WIN$D,M15,1717425900,151840.0,151850.0,151660.0,151720.0,84490,5,328522
WIN$D,M15,1717426800,151720.0,151820.0,151690.0,151710.0,86774,5,338101
WIN$D,M15,1717427700,151705.0,151935.0,151700.0,151875.0,92744,5,361454
WIN$D,M15,1717428600,151875.0,152105.0,151850.0,151870.0,129451,5,524292
WIN$D,M15,1717429500,151870.0,151965.0,151860.0,151945.0,58918,5,234676
WIN$D,M15,1717430400,151950.0,152015.0,151875.0,151940.0,68410,5,271783
WIN$D,M15,1717431300,151940.0,151945.0,151815.0,151830.0,58188,5,231834
WIN$D,M15,1717432200,151835.0,151875.0,151775.0,151805.0,59744,5,248018
WIN$D,M15,1717433100,151805.0,151855.0,151595.0,151660.0,77682,5,343602
WIN$D,M15,1717434000,151655.0,151665.0,151575.0,151625.0,44460,5,187670
WIN$D,M15,1717434900,151625.0,151650.0,151490.0,151520.0,39667,5,178810
WIN$D,M15,1717435800,151520.0,151550.0,151420.0,151450.0,37593,5,159006
WIN$D,M15,1717436700,151445.0,151505.0,151430.0,151485.0,24362,5,93142
WIN$D,M15,1717437600,151480.0,151485.0,151315.0,151340.0,28707,5,77692
WIN$D,M15,1717438500,151340.0,151385.0,151265.0,151300.0,20279,5,64423
WIN$D,M15,1717491600,151015.0,151225.0,150870.0,151225.0,245768,5,731177
WIN$D,M15,1717492500,151225.0,151455.0,151215.0,151355.0,190031,5,658092
WIN$D,M15,1717493400,151350.0,151420.0,151250.0,151270.0,139645,5,450296
WIN$D,M15,1717494300,151265.0,151480.0,151190.0,151255.0,184860,5,603626
WIN$D,M15,1717495200,151255.0,151375.0,150940.0,150945.0,297930,5,996756
WIN$D,M15,1717496100,150945.0,150945.0,150535.0,150585.0,302247,5,1105968
WIN$D,M15,1717497000,150585.0,150685.0,150465.0,150585.0,223459,5,780602
WIN$D,M15,1717497900,150585.0,150920.0,150550.0,150820.0,237452,5,824276
WIN$D,M15,1717498800,150815.0,151075.0,150450.0,150570.0,338529,5,1162489
WIN$D,M15,1717499700,150570.0,150705.0,150415.0,150635.0,243123,5,877719
WIN$D,M15,1717500600,150630.0,150780.0,150510.0,150715.0,196238,5,722022
WIN$D,M15,1717501500,150715.0,150870.0,150645.0,150745.0,161157,5,598270
WIN$D,M15,1717502400,150745.0,150830.0,150685.0,150830.0,115820,5,442372
WIN$D,M15,1717503300,150830.0,151120.0,150820.0,150980.0,168969,5,691977
WIN$D,M15,1717504200,150980.0,151055.0,150870.0,150920.0,119845,5,469239
WIN$D,M15,1717505100,150915.0,151005.0,150785.0,150800.0,103808,5,393221
WIN$D,M15,1717506000,150800.0,150990.0,150740.0,150945.0,118207,5,435552
WIN$D,M15,1717506900,150940.0,151050.0,150855.0,150970.0,120456,5,473292
WIN$D,M15,1717507800,150965.0,150980.0,150845.0,150955.0,73962,5,281987
WIN$D,M15,1717508700,150955.0,151100.0,150925.0,151090.0,87632,5,347341
WIN$D,M15,1717509600,151090.0,151135.0,150955.0,150980.0,92228,5,344530
WIN$D,M15,1717510500,150980.0,151080.0,150940.0,151080.0,68589,5,259349
WIN$D,M15,1717511400,151080.0,151275.0,151025.0,151190.0,120202,5,492498
WIN$D,M15,1717512300,151190.0,151270.0,151100.0,151150.0,87744,5,341898
WIN$D,M15,1717513200,151150.0,151195.0,151080.0,151105.0,59734,5,238911
WIN$D,M15,1717514100,151105.0,151485.0,151090.0,151445.0,146304,5,604798
WIN$D,M15,1717515000,151450.0,151450.0,151170.0,151220.0,107978,5,459137
WIN$D,M15,1717515900,151220.0,151350.0,151140.0,151190.0,99158,5,411920
WIN$D,M15,1717516800,151195.0,151235.0,151010.0,151220.0,116892,5,475535
WIN$D,M15,1717517700,151220.0,151290.0,151195.0,151280.0,70370,5,277878
WIN$D,M15,1717518600,151280.0,151350.0,151205.0,151330.0,77457,5,310921
WIN$D,M15,1717519500,151330.0,151365.0,151240.0,151355.0,60632,5,252786
WIN$D,M15,1717520400,151360.0,151360.0,151245.0,151265.0,42208,5,177267
WIN$D,M15,1717521300,151260.0,151295.0,151210.0,151240.0,26239,5,113148
WIN$D,M15,1717522200,151240.0,151330.0,151220.0,151270.0,31073,5,127487
WIN$D,M15,1717523100,151270.0,151435.0,151250.0,151390.0,26509,5,113167
WIN$D,M15,1717524000,151380.0,151555.0,151370.0,151480.0,37119,5,100212
WIN$D,M15,1717524900,151480.0,151525.0,151340.0,151340.0,17071,5,60283
WIN$D,M15,1717578000,151600.0,151645.0,151270.0,151410.0,198339,5,605590
WIN$D,M15,1717578900,151405.0,151520.0,151240.0,151265.0,135622,5,453517
WIN$D,M15,1717579800,151270.0,151305.0,151140.0,151225.0,160373,5,578358
WIN$D,M15,1717580700,151225.0,151295.0,151155.0,151245.0,101275,5,357920
WIN$D,M15,1717581600,151245.0,151250.0,151050.0,151175.0,208590,5,760823
WIN$D,M15,1717582500,151180.0,151350.0,151085.0,151280.0,185734,5,658239
WIN$D,M15,1717583400,151275.0,151335.0,151040.0,151195.0,236720,5,872131
WIN$D,M15,1717584300,151195.0,151275.0,151050.0,151265.0,171154,5,608011
WIN$D,M15,1717585200,151260.0,151270.0,150765.0,150795.0,314823,5,1170118
WIN$D,M15,1717586100,150795.0,151135.0,150750.0,151060.0,187155,5,712314
WIN$D,M15,1717587000,151055.0,151675.0,151020.0,151585.0,313408,5,1234244
WIN$D,M15,1717587900,151580.0,151660.0,151335.0,151355.0,173567,5,677520
WIN$D,M15,1717588800,151350.0,151485.0,151260.0,151350.0,137534,5,556245
WIN$D,M15,1717589700,151350.0,151590.0,151340.0,151565.0,127719,5,512455
WIN$D,M15,1717590600,151570.0,151635.0,151420.0,151490.0,119757,5,454678
WIN$D,M15,1717591500,151490.0,151530.0,151370.0,151450.0,84694,5,340145
WIN$D,M15,1717592400,151450.0,151485.0,151305.0,151335.0,76446,5,304379
WIN$D,M15,1717593300,151335.0,151370.0,151150.0,151200.0,85096,5,330611
WIN$D,M15,1717594200,151200.0,151270.0,151125.0,151220.0,96577,5,398789
WIN$D,M15,1717595100,151215.0,151340.0,151155.0,151225.0,94692,5,374754
WIN$D,M15,1717596000,151225.0,151295.0,151080.0,151130.0,94539,5,384880
WIN$D,M15,1717596900,151125.0,151245.0,151070.0,151225.0,98091,5,394289
WIN$D,M15,1717597800,151230.0,151390.0,151220.0,151335.0,92939,5,365907
WIN$D,M15,1717598700,151335.0,151335.0,150995.0,151065.0,125694,5,513894
WIN$D,M15,1717599600,151070.0,151165.0,150860.0,150880.0,122879,5,491923
WIN$D,M15,1717600500,150880.0,150910.0,150760.0,150850.0,118281,5,473568
WIN$D,M15,1717601400,150850.0,150855.0,150730.0,150820.0,100207,5,415377
WIN$D,M15,1717602300,150820.0,150940.0,150760.0,150905.0,88914,5,359951
WIN$D,M15,1717603200,150905.0,150935.0,150770.0,150775.0,65351,5,255641
WIN$D,M15,1717604100,150775.0,150885.0,150730.0,150830.0,78707,5,307557
WIN$D,M15,1717605000,150830.0,150885.0,150705.0,150860.0,83210,5,335376
WIN$D,M15,1717605900,150855.0,150965.0,150790.0,150945.0,75764,5,335401
WIN$D,M15,1717606800,150945.0,150945.0,150780.0,150800.0,50744,5,241873
WIN$D,M15,1717607700,150800.0,150935.0,150790.0,150885.0,41859,5,194782
WIN$D,M15,1717608600,150890.0,150920.0,150820.0,150845.0,30924,5,131514
WIN$D,M15,1717609500,150845.0,150910.0,150840.0,150880.0,23198,5,97585
WIN$D,M15,1717610400,150875.0,150935.0,150840.0,150880.0,30370,5,74597
WIN$D,M15,1717611300,150880.0,150905.0,150795.0,150810.0,18267,5,59515
WIN$D,M15,1717664400,150995.0,151210.0,150790.0,150940.0,222118,5,672059
WIN$D,M15,1717665300,150945.0,151010.0,150765.0,150840.0,138839,5,463253
WIN$D,M15,1717666200,150840.0,151050.0,150680.0,150780.0,182684,5,599187
WIN$D,M15,1717667100,150785.0,151050.0,150775.0,151005.0,162823,5,547160
WIN$D,M15,1717668000,151005.0,151080.0,150790.0,150910.0,258365,5,880743
WIN$D,M15,1717668900,150910.0,151790.0,150905.0,151750.0,359113,5,1313608
WIN$D,M15,1717669800,151755.0,152140.0,151705.0,151945.0,299743,5,1100633
WIN$D,M15,1717670700,151945.0,151970.0,151690.0,151805.0,197421,5,765723
WIN$D,M15,1717671600,151800.0,151930.0,151715.0,151755.0,132023,5,492495
WIN$D,M15,1717672500,151750.0,151810.0,151460.0,151805.0,158323,5,618875
WIN$D,M15,1717673400,151810.0,152070.0,151765.0,151925.0,180847,5,711842
WIN$D,M15,1717674300,151925.0,152060.0,151905.0,152015.0,89599,5,345521
WIN$D,M15,1717675200,152015.0,152310.0,152000.0,152265.0,149597,5,592282
WIN$D,M15,1717676100,152260.0,152595.0,152255.0,152555.0,150969,5,670846
WIN$D,M15,1717677000,152555.0,152760.0,152500.0,152715.0,115458,5,525495
WIN$D,M15,1717677900,152715.0,152745.0,152525.0,152640.0,103523,5,458876
WIN$D,M15,1717678800,152640.0,152655.0,152380.0,152420.0,90268,5,377624
WIN$D,M15,1717679700,152420.0,152475.0,152360.0,152420.0,62503,5,265673
WIN$D,M15,1717680600,152425.0,152425.0,152210.0,152225.0,88114,5,363388
WIN$D,M15,1717681500,152225.0,152320.0,152160.0,152315.0,75712,5,326457
WIN$D,M15,1717682400,152315.0,152405.0,152290.0,152335.0,68204,5,289836
WIN$D,M15,1717683300,152335.0,152680.0,152330.0,152535.0,115374,5,490895
WIN$D,M15,1717684200,152535.0,152695.0,152535.0,152655.0,69812,5,296667
WIN$D,M15,1717685100,152655.0,152660.0,152285.0,152440.0,111780,5,489915
WIN$D,M15,1717686000,152445.0,152450.0,152155.0,152240.0,108097,5,440960
WIN$D,M15,1717686900,152245.0,152430.0,152225.0,152400.0,74395,5,295156
WIN$D,M15,1717687800,152400.0,152540.0,152355.0,152495.0,65198,5,262983
WIN$D,M15,1717688700,152490.0,152550.0,152320.0,152355.0,78540,5,320404
WIN$D,M15,1717689600,152350.0,152375.0,152235.0,152285.0,69922,5,274677
WIN$D,M15,1717690500,152285.0,152345.0,152185.0,152225.0,75441,5,300423
WIN$D,M15,1717691400,152230.0,152460.0,152135.0,152355.0,112109,5,471641
WIN$D,M15,1717692300,152350.0,152490.0,152300.0,152480.0,68589,5,303371
WIN$D,M15,1717693200,152485.0,152485.0,152370.0,152425.0,43874,5,190853
WIN$D,M15,1717694100,152425.0,152495.0,152395.0,152410.0,38431,5,179786
WIN$D,M15,1717695000,152410.0,152515.0,152375.0,152430.0,35434,5,159035
WIN$D,M15,1717695900,152425.0,152505.0,152410.0,152455.0,22767,5,84614
WIN$D,M15,1717696800,152455.0,152590.0,152385.0,152550.0,41327,5,97629
WIN$D,M15,1717697700,152545.0,152555.0,152300.0,152300.0,22274,5,59139
WIN$D,M15,1717750800,152245.0,152420.0,152060.0,152380.0,193778,5,602600
WIN$D,M15,1717751700,152375.0,152560.0,152200.0,152505.0,150930,5,440773
WIN$D,M15,1717752600,152505.0,152720.0,150995.0,151095.0,392153,5,1272047
WIN$D,M15,1717753500,151095.0,151260.0,150930.0,151150.0,246262,5,798845
WIN$D,M15,1717754400,151150.0,151205.0,150970.0,151160.0,197183,5,671895
WIN$D,M15,1717755300,151165.0,151505.0,151090.0,151170.0,280571,5,963090
WIN$D,M15,1717756200,151170.0,151310.0,150915.0,151210.0,288723,5,981535
WIN$D,M15,1717757100,151210.0,151360.0,151165.0,151280.0,141789,5,497025
WIN$D,M15,1717758000,151280.0,151540.0,151225.0,151435.0,188811,5,654650
WIN$D,M15,1717758900,151435.0,151605.0,151340.0,151545.0,225145,5,799453
WIN$D,M15,1717759800,151550.0,151595.0,151470.0,151525.0,126635,5,460023
WIN$D,M15,1717760700,151525.0,151560.0,151270.0,151430.0,186571,5,713193
WIN$D,M15,1717761600,151435.0,151435.0,151270.0,151315.0,114978,5,451210
WIN$D,M15,1717762500,151320.0,151435.0,151285.0,151415.0,70326,5,273427
WIN$D,M15,1717763400,151415.0,151475.0,151300.0,151305.0,88798,5,338940
WIN$D,M15,1717764300,151310.0,151335.0,151135.0,151170.0,83061,5,314765
WIN$D,M15,1717765200,151175.0,151385.0,151145.0,151315.0,94449,5,364722
WIN$D,M15,1717766100,151315.0,151360.0,151170.0,151335.0,91511,5,365724
WIN$D,M15,1717767000,151335.0,151350.0,151085.0,151145.0,98953,5,383205
WIN$D,M15,1717767900,151150.0,151180.0,150985.0,151155.0,92003,5,364081
WIN$D,M15,1717768800,151155.0,151180.0,151020.0,151095.0,73956,5,282921
WIN$D,M15,1717769700,151095.0,151150.0,150930.0,150935.0,94796,5,367092
WIN$D,M15,1717770600,150930.0,151070.0,150920.0,150950.0,82712,5,324993
WIN$D,M15,1717771500,150950.0,150990.0,150745.0,150815.0,129950,5,545364
WIN$D,M15,1717772400,150815.0,150815.0,150580.0,150685.0,156946,5,655980
WIN$D,M15,1717773300,150685.0,150915.0,150675.0,150845.0,122109,5,535944
WIN$D,M15,1717774200,150845.0,150880.0,150700.0,150780.0,85536,5,350770
WIN$D,M15,1717775100,150775.0,150790.0,150530.0,150545.0,117608,5,530922
WIN$D,M15,1717776000,150550.0,150595.0,149965.0,150060.0,209187,5,969306
WIN$D,M15,1717776900,150065.0,150270.0,150000.0,150220.0,179856,5,793754
WIN$D,M15,1717777800,150220.0,150350.0,150100.0,150115.0,124623,5,547050
WIN$D,M15,1717778700,150115.0,150205.0,150040.0,150145.0,99525,5,418427
WIN$D,M15,1717779600,150140.0,150205.0,150050.0,150080.0,54029,5,231785
WIN$D,M15,1717780500,150080.0,150260.0,150025.0,150170.0,75957,5,329836
WIN$D,M15,1717781400,150175.0,150205.0,150055.0,150060.0,38383,5,155432
WIN$D,M15,1717782300,150060.0,150140.0,150010.0,150055.0,40968,5,155761
WIN$D,M15,1717783200,150055.0,150070.0,149895.0,149915.0,43133,5,109010
WIN$D,M15,1717784100,149920.0,149945.0,149680.0,149900.0,46853,5,132338
WIN$D,M15,1718010000,149990.0,150690.0,149985.0,150505.0,223489,5,730197
WIN$D,M15,1718010900,150510.0,150625.0,150445.0,150465.0,144743,5,459251
WIN$D,M15,1718011800,150465.0,150480.0,150340.0,150340.0,128341,5,436276
WIN$D,M15,1718012700,150345.0,150360.0,150145.0,150300.0,161518,5,570360
WIN$D,M15,1718013600,150300.0,150335.0,149810.0,149865.0,313128,5,1143937
WIN$D,M15,1718014500,149860.0,150195.0,149840.0,150110.0,263482,5,944043
WIN$D,M15,1718015400,150105.0,150505.0,149985.0,150465.0,338837,5,1238288
WIN$D,M15,1718016300,150470.0,150630.0,150340.0,150370.0,227698,5,825748
WIN$D,M15,1718017200,150365.0,150505.0,150290.0,150445.0,158283,5,584584
WIN$D,M15,1718018100,150445.0,150680.0,150435.0,150560.0,145629,5,543418
WIN$D,M15,1718019000,150565.0,150660.0,150385.0,150630.0,165411,5,641440
WIN$D,M15,1718019900,150630.0,150795.0,150495.0,150510.0,183080,5,700137
WIN$D,M15,1718020800,150510.0,150600.0,150435.0,150470.0,121354,5,482812
WIN$D,M15,1718021700,150470.0,150555.0,150390.0,150455.0,104175,5,417058
WIN$D,M15,1718022600,150455.0,150525.0,150330.0,150420.0,122849,5,473318
WIN$D,M15,1718023500,150415.0,150455.0,150280.0,150380.0,95888,5,363548
WIN$D,M15,1718024400,150385.0,150525.0,150300.0,150500.0,93350,5,353233
WIN$D,M15,1718025300,150505.0,150565.0,150350.0,150380.0,93646,5,378498
WIN$D,M15,1718026200,150385.0,150445.0,150310.0,150420.0,60428,5,233114
WIN$D,M15,1718027100,150425.0,150440.0,150285.0,150385.0,86558,5,354853
WIN$D,M15,1718028000,150390.0,150460.0,150255.0,150320.0,95013,5,369009
WIN$D,M15,1718028900,150320.0,150350.0,150175.0,150275.0,128380,5,531254
WIN$D,M15,1718029800,150280.0,150365.0,150180.0,150320.0,90344,5,373904
WIN$D,M15,1718030700,150325.0,150425.0,150195.0,150215.0,107571,5,431509
WIN$D,M15,1718031600,150210.0,150235.0,150050.0,150120.0,115852,5,457020
WIN$D,M15,1718032500,150120.0,150180.0,149955.0,150115.0,135808,5,570749
WIN$D,M15,1718033400,150110.0,150455.0,150045.0,150390.0,156427,5,636181
WIN$D,M15,1718034300,150390.0,150420.0,150255.0,150265.0,94088,5,385500
WIN$D,M15,1718035200,150265.0,150345.0,150160.0,150310.0,90267,5,376294
WIN$D,M15,1718036100,150315.0,150345.0,150215.0,150260.0,76380,5,318105
WIN$D,M15,1718037000,150255.0,150280.0,150145.0,150270.0,64764,5,272632
WIN$D,M15,1718037900,150270.0,150275.0,150105.0,150170.0,72225,5,298720
WIN$D,M15,1718038800,150170.0,150225.0,150130.0,150185.0,44147,5,187281
WIN$D,M15,1718039700,150185.0,150205.0,150140.0,150200.0,22383,5,91415
WIN$D,M15,1718040600,150200.0,150300.0,150190.0,150250.0,39986,5,167886
WIN$D,M15,1718041500,150255.0,150290.0,150210.0,150260.0,21602,5,78262
WIN$D,M15,1718042400,150255.0,150385.0,150250.0,150360.0,42534,5,99452
WIN$D,M15,1718043300,150350.0,150430.0,150290.0,150385.0,17997,5,62079
WIN$D,M15,1718096400,149795.0,150530.0,149610.0,150490.0,304181,5,979276
WIN$D,M15,1718097300,150490.0,150615.0,150120.0,150225.0,231256,5,808222
WIN$D,M15,1718098200,150225.0,150290.0,150035.0,150220.0,171845,5,560272
WIN$D,M15,1718099100,150215.0,150510.0,150140.0,150500.0,192912,5,653576
WIN$D,M15,1718100000,150500.0,150860.0,150425.0,150695.0,285475,5,1005301
WIN$D,M15,1718100900,150690.0,150825.0,150570.0,150605.0,204976,5,711491
WIN$D,M15,1718101800,150605.0,150615.0,150200.0,150375.0,313648,5,1121555
WIN$D,M15,1718102700,150380.0,150515.0,150270.0,150425.0,232730,5,828692
WIN$D,M15,1718103600,150425.0,150830.0,150405.0,150705.0,286224,5,1009563
WIN$D,M15,1718104500,150710.0,151010.0,150645.0,150945.0,202193,5,733875
WIN$D,M15,1718105400,150945.0,151045.0,150795.0,150985.0,158919,5,599619
WIN$D,M15,1718106300,150980.0,151030.0,150770.0,150780.0,129502,5,477609
WIN$D,M15,1718107200,150780.0,150850.0,150640.0,150670.0,133221,5,523348
WIN$D,M15,1718108100,150675.0,150760.0,150630.0,150705.0,100896,5,379997
WIN$D,M15,1718109000,150705.0,150775.0,150660.0,150700.0,59925,5,259435
WIN$D,M15,1718109900,150705.0,150940.0,150635.0,150920.0,98461,5,395850
WIN$D,M15,1718110800,150920.0,150930.0,150675.0,150855.0,99361,5,388573
WIN$D,M15,1718111700,150855.0,150875.0,150655.0,150690.0,78107,5,299950
WIN$D,M15,1718112600,150685.0,150900.0,150615.0,150880.0,105155,5,407806
WIN$D,M15,1718113500,150885.0,150890.0,150725.0,150750.0,73682,5,290905
WIN$D,M15,1718114400,150750.0,150995.0,150705.0,150830.0,140369,5,550800
WIN$D,M15,1718115300,150825.0,150830.0,150595.0,150615.0,80831,5,305739
WIN$D,M15,1718116200,150610.0,150785.0,150605.0,150730.0,91791,5,366499
WIN$D,M15,1718117100,150735.0,150930.0,150720.0,150835.0,87466,5,334589
WIN$D,M15,1718118000,150840.0,150960.0,150750.0,150945.0,97703,5,373169
WIN$D,M15,1718118900,150945.0,151060.0,150895.0,150955.0,107459,5,436055
WIN$D,M15,1718119800,150955.0,151080.0,150920.0,150935.0,107825,5,430516
WIN$D,M15,1718120700,150940.0,151110.0,150935.0,151090.0,74457,5,308650
WIN$D,M15,1718121600,151090.0,151155.0,150995.0,151025.0,91679,5,335073
WIN$D,M15,1718122500,151020.0,151060.0,150960.0,151005.0,61837,5,223275
WIN$D,M15,1718123400,151000.0,151110.0,150960.0,150975.0,74736,5,269483
WIN$D,M15,1718124300,150975.0,151060.0,150940.0,151015.0,54244,5,192960
WIN$D,M15,1718125200,151015.0,151075.0,150960.0,150970.0,40817,5,150527
WIN$D,M15,1718126100,150970.0,151035.0,150920.0,150995.0,38582,5,130549
WIN$D,M15,1718127000,150995.0,151070.0,150975.0,151035.0,32733,5,110036
WIN$D,M15,1718127900,151035.0,151065.0,150970.0,151020.0,25219,5,73730
WIN$D,M15,1718128800,151020.0,151175.0,150990.0,151080.0,39724,5,107661
WIN$D,M15,1718129700,151080.0,151125.0,150955.0,150995.0,20579,5,59443
WIN$D,M15,1718182800,150805.0,150900.0,150230.0,150320.0,253920,5,740484
WIN$D,M15,1718183700,150320.0,150465.0,150120.0,150340.0,183106,5,573650
WIN$D,M15,1718184600,150335.0,152035.0,149855.0,151355.0,459343,5,1269268
WIN$D,M15,1718185500,151350.0,151820.0,151310.0,151665.0,226045,5,679682
WIN$D,M15,1718186400,151665.0,151770.0,151395.0,151425.0,228011,5,743049
WIN$D,M15,1718187300,151430.0,151455.0,150410.0,150575.0,347077,5,1241143
WIN$D,M15,1718188200,150575.0,150740.0,149685.0,149965.0,389304,5,1391416
WIN$D,M15,1718189100,149970.0,149970.0,149125.0,149325.0,381464,5,1388252
WIN$D,M15,1718190000,149325.0,149400.0,149010.0,149205.0,259855,5,955090
WIN$D,M15,1718190900,149200.0,149705.0,149160.0,149580.0,193863,5,700035
WIN$D,M15,1718191800,149580.0,149665.0,149305.0,149440.0,175872,5,647548
WIN$D,M15,1718192700,149440.0,149445.0,149260.0,149365.0,101635,5,384116
WIN$D,M15,1718193600,149370.0,149415.0,149130.0,149175.0,106190,5,400871
WIN$D,M15,1718194500,149180.0,149485.0,149155.0,149415.0,108465,5,407246
WIN$D,M15,1718195400,149415.0,149510.0,149340.0,149460.0,82419,5,298780
WIN$D,M15,1718196300,149465.0,149560.0,149390.0,149455.0,77843,5,291027
WIN$D,M15,1718197200,149455.0,149545.0,149320.0,149370.0,85088,5,316925
WIN$D,M15,1718198100,149370.0,149595.0,149290.0,149570.0,80497,5,310577
WIN$D,M15,1718199000,149565.0,149780.0,149545.0,149705.0,97396,5,374082
WIN$D,M15,1718199900,149710.0,149845.0,149600.0,149625.0,118123,5,442166
WIN$D,M15,1718200800,149630.0,149680.0,149385.0,149450.0,130609,5,510496
WIN$D,M15,1718201700,149450.0,149585.0,149370.0,149495.0,85602,5,333502
WIN$D,M15,1718202600,149500.0,149735.0,149490.0,149710.0,78459,5,314774
WIN$D,M15,1718203500,149710.0,149770.0,149520.0,149690.0,91797,5,362935
WIN$D,M15,1718204400,149685.0,149695.0,149315.0,149400.0,242956,5,744055
WIN$D,M15,1718205300,149395.0,149610.0,149330.0,149550.0,125586,5,435859
WIN$D,M15,1718206200,149555.0,149635.0,148985.0,149090.0,257496,5,970988
WIN$D,M15,1718207100,149085.0,149120.0,148630.0,149010.0,256111,5,1034603
WIN$D,M15,1718208000,149010.0,149200.0,148870.0,149180.0,142137,5,534503
WIN$D,M15,1718208900,149180.0,149330.0,148870.0,148945.0,179327,5,672742
WIN$D,M15,1718209800,148940.0,149250.0,148880.0,149100.0,131264,5,490859
WIN$D,M15,1718210700,149100.0,149315.0,149095.0,149195.0,107750,5,407103
WIN$D,M15,1718211600,149190.0,149295.0,149070.0,149160.0,60741,5,235231
WIN$D,M15,1718212500,149160.0,149235.0,149045.0,149075.0,48717,5,197888
WIN$D,M15,1718213400,149075.0,149135.0,148865.0,148890.0,53433,5,219452
WIN$D,M15,1718214300,148890.0,148990.0,148840.0,148885.0,37539,5,131476
WIN$D,M15,1718215200,148885.0,148920.0,148765.0,148825.0,39533,5,95396
WIN$D,M15,1718216100,148830.0,148960.0,148805.0,148935.0,15942,5,53686
WIN$D,M15,1718269200,149135.0,149565.0,148880.0,148920.0,280920,5,873195
WIN$D,M15,1718270100,148925.0,148935.0,148700.0,148865.0,182085,5,589341
WIN$D,M15,1718271000,148865.0,149245.0,148610.0,149025.0,301917,5,892201
WIN$D,M15,1718271900,149020.0,149105.0,148715.0,149010.0,216007,5,688992
WIN$D,M15,1718272800,149005.0,149320.0,148965.0,149295.0,255962,5,834686
WIN$D,M15,1718273700,149290.0,149445.0,148995.0,149250.0,288028,5,966133
WIN$D,M15,1718274600,149245.0,149420.0,149070.0,149090.0,329394,5,1070878
WIN$D,M15,1718275500,149085.0,149135.0,148750.0,148810.0,297217,5,1011390
WIN$D,M15,1718276400,148810.0,148950.0,148540.0,148540.0,228630,5,795684
WIN$D,M15,1718277300,148540.0,148680.0,148440.0,148495.0,233592,5,818280
WIN$D,M15,1718278200,148495.0,148555.0,148375.0,148485.0,152634,5,560455
WIN$D,M15,1718279100,148485.0,148640.0,148480.0,148585.0,127698,5,459146
WIN$D,M15,1718280000,148585.0,148625.0,148350.0,148365.0,154923,5,570867
WIN$D,M15,1718280900,148370.0,149190.0,148330.0,149110.0,290295,5,1133579
WIN$D,M15,1718281800,149110.0,149355.0,148800.0,148920.0,261990,5,1010665
WIN$D,M15,1718282700,148920.0,149125.0,148845.0,149060.0,129849,5,459292
WIN$D,M15,1718283600,149065.0,149245.0,148975.0,149105.0,117442,5,424283
WIN$D,M15,1718284500,149105.0,149140.0,148920.0,148950.0,129053,5,488403
WIN$D,M15,1718285400,148955.0,149060.0,148880.0,148905.0,81811,5,297974
WIN$D,M15,1718286300,148905.0,149275.0,148860.0,149170.0,163188,5,630670
WIN$D,M15,1718287200,149170.0,149300.0,149075.0,149255.0,116936,5,403962
WIN$D,M15,1718288100,149255.0,149285.0,149040.0,149055.0,96576,5,355032
WIN$D,M15,1718289000,149060.0,149085.0,148935.0,149075.0,84832,5,325734
WIN$D,M15,1718289900,149075.0,149100.0,148970.0,149085.0,63305,5,232520
WIN$D,M15,1718290800,149085.0,149215.0,149030.0,149070.0,91799,5,332184
WIN$D,M15,1718291700,149070.0,149165.0,148970.0,149045.0,89518,5,343196
WIN$D,M15,1718292600,149040.0,149175.0,149000.0,149165.0,88901,5,344347
WIN$D,M15,1718293500,149165.0,149245.0,149120.0,149130.0,70364,5,261004
WIN$D,M15,1718294400,149130.0,149190.0,149055.0,149060.0,60488,5,232725
WIN$D,M15,1718295300,149060.0,149140.0,149015.0,149075.0,55050,5,212517
WIN$D,M15,1718296200,149075.0,149105.0,148965.0,149025.0,77624,5,310726
WIN$D,M15,1718297100,149025.0,149040.0,148875.0,148885.0,56914,5,216359
WIN$D,M15,1718298000,148885.0,148950.0,148645.0,148715.0,85993,5,339155
WIN$D,M15,1718298900,148715.0,148750.0,148680.0,148710.0,31533,5,124896
WIN$D,M15,1718299800,148705.0,148770.0,148625.0,148700.0,43638,5,172974
WIN$D,M15,1718300700,148695.0,148745.0,148660.0,148690.0,23358,5,90953
WIN$D,M15,1718301600,148685.0,148735.0,148665.0,148695.0,19078,5,48127
WIN$D,M15,1718302500,148695.0,148815.0,148650.0,148700.0,17335,5,54773
WIN$D,M15,1718355600,148605.0,148790.0,148220.0,148770.0,236723,5,705633
WIN$D,M15,1718356500,148765.0,148885.0,148695.0,148825.0,157287,5,506686
WIN$D,M15,1718357400,148820.0,148955.0,148650.0,148845.0,229056,5,709454
WIN$D,M15,1718358300,148850.0,148915.0,148595.0,148595.0,176496,5,554723
WIN$D,M15,1718359200,148600.0,148670.0,148365.0,148390.0,288330,5,982455
WIN$D,M15,1718360100,148390.0,148410.0,147940.0,148030.0,313749,5,1122879
WIN$D,M15,1718361000,148030.0,148250.0,147895.0,148095.0,277405,5,982131
WIN$D,M15,1718361900,148095.0,148170.0,147955.0,148070.0,176862,5,619919
WIN$D,M15,1718362800,148065.0,148085.0,147905.0,148010.0,163225,5,545279
WIN$D,M15,1718363700,148010.0,148350.0,147970.0,148300.0,206775,5,737964
WIN$D,M15,1718364600,148305.0,148315.0,148040.0,148185.0,182910,5,657830
WIN$D,M15,1718365500,148185.0,148890.0,148120.0,148875.0,223171,5,803570
WIN$D,M15,1718366400,148870.0,149425.0,148860.0,149285.0,280058,5,1044555
WIN$D,M15,1718367300,149280.0,149315.0,149090.0,149140.0,123924,5,452123
WIN$D,M15,1718368200,149140.0,149165.0,148810.0,148905.0,140110,5,533347
WIN$D,M15,1718369100,148900.0,149025.0,148800.0,149005.0,113144,5,401213
WIN$D,M15,1718370000,149005.0,149100.0,148935.0,149020.0,87056,5,305037
WIN$D,M15,1718370900,149015.0,149040.0,148860.0,148900.0,75187,5,261085
WIN$D,M15,1718371800,148895.0,149025.0,148835.0,149015.0,72947,5,254175
WIN$D,M15,1718372700,149015.0,149045.0,148835.0,148855.0,62527,5,219831
WIN$D,M15,1718373600,148860.0,148970.0,148770.0,148935.0,88551,5,333280
WIN$D,M15,1718374500,148935.0,148955.0,148575.0,148705.0,116491,5,431459
WIN$D,M15,1718375400,148710.0,148775.0,148405.0,148470.0,127738,5,464379
WIN$D,M15,1718376300,148465.0,148580.0,148335.0,148420.0,124744,5,453559
WIN$D,M15,1718377200,148415.0,148475.0,148320.0,148410.0,82403,5,289271
WIN$D,M15,1718378100,148405.0,148600.0,148390.0,148570.0,91915,5,341917
WIN$D,M15,1718379000,148570.0,148780.0,148530.0,148650.0,136129,5,532651
WIN$D,M15,1718379900,148655.0,148935.0,148625.0,148740.0,123667,5,491287
WIN$D,M15,1718380800,148745.0,148905.0,148680.0,148785.0,81107,5,307979
WIN$D,M15,1718381700,148785.0,148885.0,148720.0,148860.0,66226,5,257917
WIN$D,M15,1718382600,148865.0,148870.0,148725.0,148740.0,58333,5,227098
WIN$D,M15,1718383500,148735.0,148885.0,148735.0,148840.0,55946,5,212875
WIN$D,M15,1718384400,148835.0,148875.0,148725.0,148760.0,42711,5,158558
WIN$D,M15,1718385300,148765.0,148800.0,148705.0,148765.0,28892,5,122796
WIN$D,M15,1718386200,148765.0,148845.0,148760.0,148770.0,22302,5,81806
WIN$D,M15,1718387100,148775.0,148860.0,148770.0,148830.0,21432,5,71718
WIN$D,M15,1718388000,148830.0,148845.0,148750.0,148830.0,20993,5,50032
WIN$D,M15,1718388900,148825.0,148920.0,148805.0,148920.0,13436,5,40276
WIN$D,M15,1718614800,148805.0,149215.0,148240.0,148425.0,319850,5,905720
WIN$D,M15,1718615700,148425.0,148490.0,148365.0,148415.0,100511,5,315484
WIN$D,M15,1718616600,148415.0,148430.0,148190.0,148245.0,130462,5,420905
WIN$D,M15,1718617500,148245.0,148360.0,148215.0,148285.0,123816,5,403985
WIN$D,M15,1718618400,148285.0,148520.0,148235.0,148255.0,245622,5,844020
WIN$D,M15,1718619300,148260.0,148295.0,147875.0,147960.0,292194,5,1059593
WIN$D,M15,1718620200,147960.0,148320.0,147880.0,148235.0,257912,5,881737
WIN$D,M15,1718621100,148235.0,148415.0,148055.0,148115.0,231068,5,784775
WIN$D,M15,1718622000,148115.0,148130.0,147855.0,147950.0,204544,5,719049
WIN$D,M15,1718622900,147945.0,148120.0,147925.0,147995.0,135629,5,470084
WIN$D,M15,1718623800,147995.0,148000.0,147825.0,147895.0,147012,5,520245
WIN$D,M15,1718624700,147900.0,147950.0,147760.0,147880.0,115708,5,413952
WIN$D,M15,1718625600,147880.0,148020.0,147700.0,147840.0,172796,5,640228
WIN$D,M15,1718626500,147835.0,148020.0,147800.0,147980.0,104819,5,378847
WIN$D,M15,1718627400,147985.0,148130.0,147920.0,148125.0,90680,5,330295
WIN$D,M15,1718628300,148130.0,148260.0,148100.0,148170.0,100229,5,381348
WIN$D,M15,1718629200,148170.0,148430.0,148145.0,148325.0,102623,5,409139
WIN$D,M15,1718630100,148325.0,148635.0,148315.0,148600.0,139934,5,555257
WIN$D,M15,1718631000,148600.0,148635.0,148470.0,148490.0,113523,5,444909
WIN$D,M15,1718631900,148490.0,148715.0,148455.0,148710.0,118901,5,455512
WIN$D,M15,1718632800,148705.0,148770.0,148585.0,148600.0,103019,5,400030
WIN$D,M15,1718633700,148600.0,148640.0,148350.0,148395.0,105019,5,444953
WIN$D,M15,1718634600,148395.0,148480.0,148335.0,148400.0,100189,5,394145
WIN$D,M15,1718635500,148405.0,148460.0,148340.0,148410.0,64917,5,268540
WIN$D,M15,1718636400,148405.0,148495.0,148305.0,148335.0,95507,5,383630
WIN$D,M15,1718637300,148340.0,148495.0,148310.0,148365.0,95322,5,385478
WIN$D,M15,1718638200,148370.0,148585.0,148310.0,148515.0,112077,5,442659
WIN$D,M15,1718639100,148520.0,148560.0,148410.0,148460.0,66350,5,271781
WIN$D,M15,1718640000,148460.0,148490.0,148280.0,148460.0,92407,5,383471
WIN$D,M15,1718640900,148460.0,148465.0,148295.0,148305.0,72868,5,300704
WIN$D,M15,1718641800,148305.0,148345.0,148165.0,148335.0,90672,5,373915
WIN$D,M15,1718642700,148330.0,148335.0,148195.0,148205.0,71148,5,292753
WIN$D,M15,1718643600,148205.0,148270.0,148130.0,148160.0,57332,5,231931
WIN$D,M15,1718644500,148160.0,148220.0,148105.0,148140.0,40040,5,178918
WIN$D,M15,1718645400,148140.0,148145.0,148055.0,148105.0,32485,5,131544
WIN$D,M15,1718646300,148110.0,148165.0,148060.0,148150.0,24226,5,88221
WIN$D,M15,1718647200,148145.0,148255.0,148110.0,148140.0,36806,5,90390
WIN$D,M15,1718648100,148140.0,148280.0,148125.0,148175.0,18283,5,57117
WIN$D,M15,1718701200,147855.0,147960.0,147580.0,147940.0,280059,5,880881
WIN$D,M15,1718702100,147940.0,147975.0,147795.0,147845.0,135670,5,435075
WIN$D,M15,1718703000,147840.0,148155.0,147835.0,148035.0,247830,5,799474
WIN$D,M15,1718703900,148030.0,148065.0,147920.0,148030.0,148065,5,470023
WIN$D,M15,1718704800,148035.0,148425.0,147885.0,148265.0,295657,5,963429
WIN$D,M15,1718705700,148260.0,148300.0,147910.0,148045.0,234831,5,825827
WIN$D,M15,1718706600,148045.0,148840.0,148030.0,148830.0,398209,5,1376706
WIN$D,M15,1718707500,148830.0,149150.0,148810.0,149085.0,316618,5,1163874
WIN$D,M15,1718708400,149085.0,149140.0,148560.0,148600.0,249915,5,864733
WIN$D,M15,1718709300,148605.0,148730.0,148490.0,148695.0,184749,5,645211
WIN$D,M15,1718710200,148695.0,148890.0,148635.0,148750.0,191119,5,672092
WIN$D,M15,1718711100,148750.0,148800.0,148525.0,148700.0,132278,5,472068
WIN$D,M15,1718712000,148705.0,148720.0,148530.0,148600.0,115384,5,393100
WIN$D,M15,1718712900,148605.0,148775.0,148590.0,148720.0,97906,5,341804
WIN$D,M15,1718713800,148720.0,148840.0,148690.0,148760.0,83342,5,286890
WIN$D,M15,1718714700,148765.0,148795.0,148605.0,148635.0,78398,5,268375
WIN$D,M15,1718715600,148630.0,148800.0,148630.0,148720.0,81085,5,283853
WIN$D,M15,1718716500,148725.0,148760.0,148630.0,148640.0,70445,5,242840
WIN$D,M15,1718717400,148640.0,148740.0,148585.0,148705.0,72141,5,247600
WIN$D,M15,1718718300,148705.0,148925.0,148685.0,148830.0,83086,5,297278
WIN$D,M15,1718719200,148830.0,148980.0,148750.0,148780.0,116846,5,437618
WIN$D,M15,1718720100,148775.0,149100.0,148770.0,148970.0,130642,5,482497
WIN$D,M15,1718721000,148975.0,149035.0,148855.0,149000.0,103279,5,383540
WIN$D,M15,1718721900,149005.0,149055.0,148800.0,148820.0,97069,5,371760
WIN$D,M15,1718722800,148820.0,148955.0,148750.0,148800.0,129641,5,491777
WIN$D,M15,1718723700,148800.0,148890.0,148720.0,148820.0,113698,5,420026
WIN$D,M15,1718724600,148820.0,148940.0,148650.0,148695.0,105131,5,392399
WIN$D,M15,1718725500,148700.0,148750.0,148595.0,148635.0,90177,5,329480
WIN$D,M15,1718726400,148635.0,148650.0,148320.0,148395.0,150264,5,588607
WIN$D,M15,1718727300,148395.0,148500.0,148370.0,148445.0,70205,5,262159
WIN$D,M15,1718728200,148440.0,148655.0,148400.0,148600.0,98089,5,382899
WIN$D,M15,1718729100,148600.0,148685.0,148550.0,148645.0,64209,5,258951
WIN$D,M15,1718730000,148640.0,148675.0,148540.0,148580.0,50504,5,205207
WIN$D,M15,1718730900,148585.0,148655.0,148570.0,148640.0,23675,5,93871
WIN$D,M15,1718731800,148640.0,148700.0,148580.0,148685.0,32306,5,139714
WIN$D,M15,1718732700,148685.0,148785.0,148680.0,148745.0,35531,5,135460
WIN$D,M15,1718733600,148740.0,148755.0,148670.0,148725.0,25946,5,66344
WIN$D,M15,1718734500,148725.0,148830.0,148700.0,148745.0,17667,5,56903
WIN$D,M15,1718787600,148805.0,148910.0,148465.0,148500.0,219639,5,628732
WIN$D,M15,1718788500,148495.0,148645.0,148485.0,148560.0,97457,5,314520
WIN$D,M15,1718789400,148560.0,148610.0,148435.0,148590.0,148574,5,484124
WIN$D,M15,1718790300,148595.0,148685.0,148490.0,148510.0,152766,5,500928
WIN$D,M15,1718791200,148510.0,148520.0,148195.0,148195.0,245348,5,870470
WIN$D,M15,1718792100,148200.0,148510.0,148080.0,148175.0,299002,5,1074253
WIN$D,M15,1718793000,148180.0,148320.0,148045.0,148090.0,226985,5,790770
WIN$D,M15,1718793900,148090.0,148160.0,147975.0,148005.0,167858,5,576072
WIN$D,M15,1718794800,148010.0,148245.0,147980.0,148065.0,213588,5,715677
WIN$D,M15,1718795700,148060.0,148180.0,147955.0,148155.0,165731,5,555539
WIN$D,M15,1718796600,148155.0,148290.0,148115.0,148245.0,115838,5,400575
WIN$D,M15,1718797500,148245.0,148285.0,148070.0,148205.0,154132,5,539156
WIN$D,M15,1718798400,148205.0,148250.0,148115.0,148145.0,79622,5,273652
WIN$D,M15,1718799300,148150.0,148200.0,148095.0,148180.0,72835,5,268305
WIN$D,M15,1718800200,148185.0,148290.0,148170.0,148285.0,75778,5,272822
WIN$D,M15,1718801100,148285.0,148755.0,148240.0,148515.0,214481,5,777215
WIN$D,M15,1718802000,148515.0,148635.0,148430.0,148585.0,97548,5,324880
WIN$D,M15,1718802900,148585.0,148595.0,148450.0,148545.0,79637,5,277637
WIN$D,M15,1718803800,148545.0,148690.0,148515.0,148685.0,95631,5,341569
WIN$D,M15,1718804700,148685.0,148785.0,148645.0,148725.0,102064,5,362895
WIN$D,M15,1718805600,148725.0,148855.0,148605.0,148625.0,135050,5,478577
WIN$D,M15,1718806500,148625.0,148740.0,148550.0,148580.0,93796,5,340652
WIN$D,M15,1718807400,148580.0,148640.0,148490.0,148600.0,83559,5,303014
WIN$D,M15,1718808300,148600.0,148730.0,148575.0,148660.0,69439,5,237349
WIN$D,M15,1718809200,148660.0,148755.0,148635.0,148720.0,61545,5,208572
WIN$D,M15,1718810100,148720.0,148785.0,148690.0,148755.0,53166,5,185747
WIN$D,M15,1718811000,148750.0,148850.0,148645.0,148835.0,89632,5,310676
WIN$D,M15,1718811900,148835.0,149105.0,148810.0,149045.0,140783,5,491878
WIN$D,M15,1718812800,149050.0,149090.0,148940.0,148995.0,74032,5,249120
WIN$D,M15,1718813700,148990.0,149360.0,148955.0,149245.0,115345,5,410053
WIN$D,M15,1718814600,149245.0,149485.0,149080.0,149390.0,133542,5,484055
WIN$D,M15,1718815500,149395.0,149475.0,149265.0,149320.0,69174,5,257027
WIN$D,M15,1718816400,149320.0,149385.0,149200.0,149235.0,84277,5,294523
WIN$D,M15,1718817300,149240.0,149385.0,149225.0,149340.0,40980,5,143178
WIN$D,M15,1718818200,149345.0,149445.0,149295.0,149430.0,39316,5,139707
WIN$D,M15,1718819100,149435.0,149475.0,149290.0,149405.0,48502,5,152270
WIN$D,M15,1718820000,149405.0,149650.0,149380.0,149585.0,56374,5,134863
WIN$D,M15,1718820900,149590.0,150055.0,149565.0,150055.0,29822,5,79982
WIN$D,M15,1718874000,150575.0,150645.0,150240.0,150400.0,292904,5,901959
WIN$D,M15,1718874900,150405.0,150700.0,150340.0,150570.0,198896,5,659172
WIN$D,M15,1718875800,150570.0,150695.0,150240.0,150320.0,196494,5,641234
WIN$D,M15,1718876700,150315.0,150395.0,150165.0,150180.0,155153,5,518463
WIN$D,M15,1718877600,150180.0,150375.0,150110.0,150170.0,247376,5,824045
WIN$D,M15,1718878500,150165.0,150225.0,149885.0,149905.0,227975,5,780335
WIN$D,M15,1718879400,149900.0,150500.0,149845.0,150485.0,360317,5,1297948
WIN$D,M15,1718880300,150485.0,150665.0,150350.0,150530.0,276192,5,962844
WIN$D,M15,1718881200,150525.0,150630.0,150265.0,150450.0,220943,5,803398
WIN$D,M15,1718882100,150450.0,150640.0,150410.0,150430.0,185748,5,657089
WIN$D,M15,1718883000,150430.0,150455.0,150140.0,150180.0,192121,5,716977
WIN$D,M15,1718883900,150175.0,150180.0,149665.0,149880.0,246390,5,961213
WIN$D,M15,1718884800,149880.0,149900.0,149480.0,149670.0,200807,5,776925
WIN$D,M15,1718885700,149670.0,149735.0,149525.0,149580.0,129166,5,475462
WIN$D,M15,1718886600,149580.0,149615.0,149365.0,149490.0,122563,5,445326
WIN$D,M15,1718887500,149485.0,149680.0,149440.0,149460.0,120476,5,449037
WIN$D,M15,1718888400,149460.0,149510.0,149230.0,149345.0,140702,5,535091
WIN$D,M15,1718889300,149350.0,149420.0,149145.0,149160.0,132241,5,483419
WIN$D,M15,1718890200,149160.0,149245.0,149075.0,149170.0,159080,5,585824
WIN$D,M15,1718891100,149170.0,149345.0,149155.0,149270.0,111448,5,411363
WIN$D,M15,1718892000,149265.0,149470.0,149205.0,149470.0,112360,5,395611
WIN$D,M15,1718892900,149465.0,149575.0,149370.0,149415.0,169464,5,624348
WIN$D,M15,1718893800,149415.0,149420.0,149215.0,149270.0,137611,5,488158
WIN$D,M15,1718894700,149270.0,149440.0,149185.0,149405.0,128333,5,448001
WIN$D,M15,1718895600,149410.0,149525.0,149380.0,149445.0,91762,5,316084
WIN$D,M15,1718896500,149445.0,149625.0,149420.0,149560.0,86929,5,312155
WIN$D,M15,1718897400,149555.0,149655.0,149440.0,149620.0,108377,5,379760
WIN$D,M15,1718898300,149615.0,149895.0,149615.0,149780.0,138376,5,514469
WIN$D,M15,1718899200,149780.0,149865.0,149585.0,149590.0,126630,5,470318
WIN$D,M15,1718900100,149595.0,149610.0,149365.0,149455.0,117935,5,458010
WIN$D,M15,1718901000,149455.0,149510.0,149380.0,149470.0,85056,5,307381
WIN$D,M15,1718901900,149470.0,149605.0,149390.0,149520.0,112932,5,415731
WIN$D,M15,1718902800,149515.0,149560.0,149395.0,149485.0,68441,5,261689
WIN$D,M15,1718903700,149480.0,149530.0,149405.0,149445.0,34918,5,135003
WIN$D,M15,1718904600,149440.0,149500.0,149420.0,149455.0,29315,5,116052
WIN$D,M15,1718905500,149460.0,149485.0,149405.0,149445.0,26861,5,94223
WIN$D,M15,1718906400,149445.0,149495.0,149310.0,149355.0,47991,5,126609
WIN$D,M15,1718907300,149360.0,149455.0,149325.0,149395.0,17685,5,56349
WIN$D,M15,1718960400,149405.0,149615.0,149270.0,149395.0,253388,5,773462
WIN$D,M15,1718961300,149400.0,149595.0,149255.0,149360.0,175585,5,595106
WIN$D,M15,1718962200,149360.0,149425.0,149265.0,149315.0,108526,5,357352
WIN$D,M15,1718963100,149315.0,149365.0,149140.0,149205.0,174402,5,618563
WIN$D,M15,1718964000,149205.0,149275.0,149005.0,149235.0,232711,5,822475
WIN$D,M15,1718964900,149235.0,149635.0,149195.0,149555.0,243993,5,886163
WIN$D,M15,1718965800,149555.0,149870.0,149535.0,149830.0,273176,5,991595
WIN$D,M15,1718966700,149825.0,150345.0,149540.0,150265.0,354535,5,1347517
WIN$D,M15,1718967600,150260.0,150430.0,150010.0,150110.0,236425,5,892189
WIN$D,M15,1718968500,150110.0,150385.0,150080.0,150375.0,159445,5,603273
WIN$D,M15,1718969400,150380.0,150385.0,150145.0,150155.0,144424,5,567237
WIN$D,M15,1718970300,150155.0,150295.0,150055.0,150150.0,166311,5,626872
WIN$D,M15,1718971200,150150.0,150315.0,150145.0,150245.0,105263,5,414246
WIN$D,M15,1718972100,150245.0,150265.0,149895.0,149960.0,175371,5,673006
WIN$D,M15,1718973000,149960.0,150050.0,149905.0,149950.0,92114,5,315342
WIN$D,M15,1718973900,149950.0,150050.0,149915.0,149945.0,81462,5,298473
WIN$D,M15,1718974800,149945.0,150020.0,149865.0,149995.0,74765,5,277428
WIN$D,M15,1718975700,149995.0,150145.0,149980.0,150095.0,76080,5,290386
WIN$D,M15,1718976600,150100.0,150180.0,150025.0,150170.0,72062,5,268877
WIN$D,M15,1718977500,150165.0,150325.0,150120.0,150215.0,98568,5,387443
WIN$D,M15,1718978400,150210.0,150275.0,150090.0,150245.0,105174,5,413842
WIN$D,M15,1718979300,150240.0,150270.0,150135.0,150160.0,67498,5,258973
WIN$D,M15,1718980200,150165.0,150200.0,150060.0,150085.0,69679,5,268108
WIN$D,M15,1718981100,150085.0,150170.0,150015.0,150050.0,81008,5,315653
WIN$D,M15,1718982000,150055.0,150110.0,149970.0,150055.0,82996,5,318549
WIN$D,M15,1718982900,150055.0,150290.0,150025.0,150225.0,97141,5,383764
WIN$D,M15,1718983800,150230.0,150385.0,150175.0,150290.0,130599,5,511005
WIN$D,M15,1718984700,150290.0,150400.0,150240.0,150345.0,111585,5,416921
WIN$D,M15,1718985600,150345.0,150495.0,150325.0,150415.0,101935,5,386187
WIN$D,M15,1718986500,150410.0,150475.0,150365.0,150445.0,63272,5,241900
WIN$D,M15,1718987400,150440.0,150525.0,150395.0,150470.0,66182,5,257550
WIN$D,M15,1718988300,150465.0,150520.0,150350.0,150480.0,80235,5,323252
WIN$D,M15,1718989200,150475.0,150505.0,150335.0,150395.0,55184,5,234373
WIN$D,M15,1718990100,150395.0,150480.0,150375.0,150405.0,34371,5,143621
WIN$D,M15,1718991000,150405.0,150475.0,150380.0,150435.0,25872,5,108466
WIN$D,M15,1718991900,150430.0,150510.0,150390.0,150500.0,26636,5,98407
WIN$D,M15,1718992800,150500.0,150505.0,150420.0,150435.0,25043,5,62309
WIN$D,M15,1718993700,150440.0,150555.0,150430.0,150495.0,20520,5,62052
WIN$D,M15,1719219600,150395.0,150475.0,150125.0,150425.0,249320,5,716626
WIN$D,M15,1719220500,150425.0,150615.0,150300.0,150580.0,169565,5,542094
WIN$D,M15,1719221400,150580.0,150605.0,150410.0,150475.0,131623,5,417595
WIN$D,M15,1719222300,150480.0,150575.0,150420.0,150545.0,111093,5,366490
WIN$D,M15,1719223200,150545.0,151055.0,150505.0,150990.0,329985,5,1143576
WIN$D,M15,1719224100,150990.0,151290.0,150955.0,151225.0,256422,5,932884
WIN$D,M15,1719225000,151225.0,151640.0,151210.0,151500.0,276620,5,1067296
WIN$D,M15,1719225900,151495.0,151795.0,151490.0,151670.0,188156,5,737119
WIN$D,M15,1719226800,151665.0,151725.0,151500.0,151705.0,158786,5,593277
WIN$D,M15,1719227700,151700.0,151750.0,151500.0,151555.0,145535,5,519136
WIN$D,M15,1719228600,151560.0,151625.0,151455.0,151570.0,125423,5,463859
WIN$D,M15,1719229500,151570.0,151585.0,151465.0,151565.0,97146,5,369889
WIN$D,M15,1719230400,151570.0,151610.0,151440.0,151480.0,103421,5,388332
WIN$D,M15,1719231300,151480.0,151505.0,151380.0,151410.0,90797,5,346051
WIN$D,M15,1719232200,151415.0,151435.0,151325.0,151410.0,93762,5,370792
WIN$D,M15,1719233100,151415.0,151490.0,151300.0,151455.0,108741,5,429930
WIN$D,M15,1719234000,151450.0,151550.0,151320.0,151485.0,108152,5,420675
WIN$D,M15,1719234900,151480.0,151615.0,151440.0,151525.0,92077,5,363548
WIN$D,M15,1719235800,151525.0,151545.0,151425.0,151470.0,84453,5,324356
WIN$D,M15,1719236700,151470.0,151535.0,151405.0,151460.0,94620,5,363261
WIN$D,M15,1719237600,151460.0,151550.0,151365.0,151420.0,95168,5,353086
WIN$D,M15,1719238500,151425.0,151545.0,151360.0,151540.0,70160,5,260534
WIN$D,M15,1719239400,151540.0,151640.0,151480.0,151505.0,107009,5,399952
WIN$D,M15,1719240300,151510.0,151520.0,151370.0,151505.0,87069,5,335986
WIN$D,M15,1719241200,151510.0,151590.0,151440.0,151505.0,83354,5,313278
WIN$D,M15,1719242100,151500.0,151540.0,151420.0,151435.0,63678,5,229972
WIN$D,M15,1719243000,151435.0,151495.0,151345.0,151485.0,72604,5,274973
WIN$D,M15,1719243900,151480.0,151535.0,151385.0,151425.0,74351,5,288123
WIN$D,M15,1719244800,151430.0,151455.0,151365.0,151425.0,61502,5,232566
WIN$D,M15,1719245700,151430.0,151520.0,151390.0,151395.0,71196,5,285504
WIN$D,M15,1719246600,151390.0,151655.0,151390.0,151615.0,103093,5,404457
WIN$D,M15,1719247500,151615.0,151650.0,151480.0,151540.0,85339,5,340579
WIN$D,M15,1719248400,151540.0,151565.0,151465.0,151500.0,48664,5,197594
WIN$D,M15,1719249300,151500.0,151565.0,151495.0,151525.0,33343,5,126574
WIN$D,M15,1719250200,151530.0,151605.0,151520.0,151585.0,31587,5,128222
WIN$D,M15,1719251100,151590.0,151645.0,151565.0,151605.0,26898,5,95989
WIN$D,M15,1719252000,151610.0,151690.0,151595.0,151665.0,31663,5,72825
WIN$D,M15,1719252900,151660.0,151755.0,151560.0,151645.0,30826,5,94556
WIN$D,M15,1719306000,151340.0,151500.0,151190.0,151275.0,235998,5,715620
WIN$D,M15,1719306900,151275.0,151560.0,151275.0,151555.0,144934,5,472491
WIN$D,M15,1719307800,151550.0,151560.0,151390.0,151455.0,148794,5,486888
WIN$D,M15,1719308700,151455.0,151510.0,151270.0,151280.0,143622,5,492119
WIN$D,M15,1719309600,151285.0,151480.0,151175.0,151370.0,201711,5,700289
WIN$D,M15,1719310500,151370.0,151410.0,151070.0,151280.0,246107,5,903727
WIN$D,M15,1719311400,151275.0,151715.0,151190.0,151310.0,400556,5,1416586
WIN$D,M15,1719312300,151310.0,151475.0,151150.0,151310.0,229779,5,797496
WIN$D,M15,1719313200,151310.0,151430.0,151195.0,151275.0,197761,5,690660
WIN$D,M15,1719314100,151275.0,151450.0,151215.0,151380.0,129768,5,446398
WIN$D,M15,1719315000,151385.0,151390.0,151085.0,151125.0,165428,5,591370
WIN$D,M15,1719315900,151125.0,151230.0,150995.0,151190.0,177275,5,641830
WIN$D,M15,1719316800,151195.0,151215.0,151045.0,151125.0,119687,5,417320
WIN$D,M15,1719317700,151120.0,151130.0,150905.0,150970.0,152709,5,558388
WIN$D,M15,1719318600,150970.0,151040.0,150825.0,150895.0,136506,5,510779
WIN$D,M15,1719319500,150895.0,150985.0,150860.0,150930.0,99941,5,365552
WIN$D,M15,1719320400,150930.0,151030.0,150855.0,150870.0,88111,5,319339
WIN$D,M15,1719321300,150875.0,151025.0,150865.0,150995.0,75358,5,277180
WIN$D,M15,1719322200,150995.0,151070.0,150910.0,151020.0,84341,5,314117
WIN$D,M15,1719323100,151015.0,151115.0,150970.0,151075.0,85986,5,324469
WIN$D,M15,1719324000,151075.0,151220.0,151035.0,151185.0,92580,5,345623
WIN$D,M15,1719324900,151185.0,151225.0,150955.0,151115.0,135932,5,550851
WIN$D,M15,1719325800,151115.0,151265.0,151065.0,151190.0,121502,5,470533
WIN$D,M15,1719326700,151190.0,151415.0,151120.0,151300.0,132263,5,498053
WIN$D,M15,1719327600,151295.0,151385.0,151240.0,151340.0,83095,5,289325
WIN$D,M15,1719328500,151345.0,151350.0,151195.0,151280.0,78722,5,292527
WIN$D,M15,1719329400,151280.0,151305.0,151235.0,151250.0,44248,5,158288
WIN$D,M15,1719330300,151250.0,151315.0,151150.0,151230.0,70168,5,267590
WIN$D,M15,1719331200,151230.0,151265.0,151115.0,151205.0,71314,5,269770
WIN$D,M15,1719332100,151205.0,151255.0,151145.0,151225.0,62595,5,239212
WIN$D,M15,1719333000,151230.0,151240.0,151075.0,151090.0,60684,5,243227
WIN$D,M15,1719333900,151090.0,151150.0,151070.0,151115.0,50568,5,213618
WIN$D,M15,1719334800,151115.0,151250.0,151110.0,151210.0,49140,5,211326
WIN$D,M15,1719335700,151210.0,151265.0,151170.0,151215.0,32700,5,139779
WIN$D,M15,1719336600,151210.0,151290.0,151210.0,151245.0,27515,5,113639
WIN$D,M15,1719337500,151240.0,151305.0,151230.0,151270.0,18920,5,65565
WIN$D,M15,1719338400,151270.0,151330.0,151245.0,151320.0,25224,5,67983
WIN$D,M15,1719339300,151325.0,151400.0,151240.0,151400.0,19427,5,55881
WIN$D,M15,1719392400,151455.0,151530.0,150930.0,150960.0,264709,5,860265
WIN$D,M15,1719393300,150965.0,151205.0,150615.0,150655.0,273113,5,945829
WIN$D,M15,1719394200,150660.0,150805.0,150630.0,150770.0,159006,5,535163
WIN$D,M15,1719395100,150765.0,150805.0,150520.0,150565.0,182843,5,620850
WIN$D,M15,1719396000,150560.0,150760.0,150395.0,150745.0,243300,5,820502
WIN$D,M15,1719396900,150750.0,150795.0,150395.0,150495.0,242635,5,836361
WIN$D,M15,1719397800,150490.0,150625.0,150225.0,150265.0,286091,5,1002969
WIN$D,M15,1719398700,150260.0,150480.0,150165.0,150425.0,214822,5,778604
WIN$D,M15,1719399600,150425.0,150590.0,150385.0,150430.0,169708,5,579625
WIN$D,M15,1719400500,150430.0,150820.0,150420.0,150525.0,229066,5,832549
WIN$D,M15,1719401400,150525.0,150625.0,150420.0,150470.0,176658,5,631565
WIN$D,M15,1719402300,150475.0,150600.0,150440.0,150505.0,117652,5,421446
WIN$D,M15,1719403200,150510.0,150670.0,150420.0,150425.0,139255,5,514269
WIN$D,M15,1719404100,150425.0,150605.0,150400.0,150575.0,115693,5,413506
WIN$D,M15,1719405000,150580.0,150695.0,150535.0,150615.0,102321,5,368071
WIN$D,M15,1719405900,150620.0,150890.0,150580.0,150865.0,120845,5,437958
WIN$D,M15,1719406800,150860.0,151045.0,150845.0,150970.0,130759,5,505012
WIN$D,M15,1719407700,150970.0,151110.0,150970.0,151070.0,95551,5,353469
WIN$D,M15,1719408600,151070.0,151195.0,151015.0,151110.0,106402,5,408798
WIN$D,M15,1719409500,151110.0,151265.0,151060.0,151170.0,120613,5,460360
WIN$D,M15,1719410400,151165.0,151210.0,151025.0,151035.0,113177,5,439611
WIN$D,M15,1719411300,151040.0,151250.0,151030.0,151160.0,97420,5,359958
WIN$D,M15,1719412200,151165.0,151300.0,151125.0,151150.0,91957,5,342043
WIN$D,M15,1719413100,151145.0,151270.0,151105.0,151235.0,72082,5,275783
WIN$D,M15,1719414000,151240.0,151505.0,151220.0,151400.0,135665,5,519561
WIN$D,M15,1719414900,151405.0,151430.0,151295.0,151330.0,82483,5,305933
WIN$D,M15,1719415800,151335.0,151365.0,151265.0,151285.0,69500,5,272627
WIN$D,M15,1719416700,151290.0,151305.0,150990.0,151000.0,133116,5,550760
WIN$D,M15,1719417600,151005.0,151120.0,150955.0,151000.0,97532,5,370985
WIN$D,M15,1719418500,150995.0,151265.0,150995.0,151225.0,88781,5,325859
WIN$D,M15,1719419400,151225.0,151310.0,151195.0,151280.0,64798,5,251930
WIN$D,M15,1719420300,151280.0,151655.0,151265.0,151560.0,132732,5,561670
WIN$D,M15,1719421200,151555.0,151610.0,151455.0,151460.0,83666,5,333404
WIN$D,M15,1719422100,151465.0,151510.0,151415.0,151455.0,47252,5,190839
WIN$D,M15,1719423000,151460.0,151500.0,151405.0,151480.0,30423,5,120473
WIN$D,M15,1719423900,151475.0,151600.0,151455.0,151570.0,34026,5,135138
WIN$D,M15,1719424800,151570.0,151600.0,151505.0,151590.0,23638,5,71183
WIN$D,M15,1719425700,151590.0,151675.0,151545.0,151675.0,16839,5,61823
WIN$D,M15,1719478800,151355.0,152225.0,151355.0,152105.0,270558,5,868350
WIN$D,M15,1719479700,152105.0,152335.0,152085.0,152190.0,164356,5,564768
WIN$D,M15,1719480600,152185.0,152435.0,152125.0,152235.0,217302,5,731184
WIN$D,M15,1719481500,152235.0,152270.0,152020.0,152030.0,170501,5,595095
WIN$D,M15,1719482400,152030.0,152085.0,151875.0,151970.0,212073,5,729374
WIN$D,M15,1719483300,151970.0,152560.0,151915.0,152535.0,269001,5,955946
WIN$D,M15,1719484200,152540.0,152595.0,152210.0,152400.0,305125,5,1161434
WIN$D,M15,1719485100,152400.0,152620.0,152285.0,152555.0,223704,5,842337
WIN$D,M15,1719486000,152550.0,152650.0,152395.0,152540.0,198511,5,762660
WIN$D,M15,1719486900,152535.0,152580.0,152175.0,152230.0,181476,5,715556
WIN$D,M15,1719487800,152230.0,152345.0,152150.0,152195.0,148567,5,593177
WIN$D,M15,1719488700,152190.0,152265.0,151855.0,151885.0,173802,5,689644
WIN$D,M15,1719489600,151885.0,151960.0,151765.0,151890.0,167603,5,666519
WIN$D,M15,1719490500,151885.0,152055.0,151835.0,152020.0,115258,5,431690
WIN$D,M15,1719491400,152015.0,152280.0,151990.0,152245.0,126160,5,493732
WIN$D,M15,1719492300,152245.0,152425.0,152215.0,152390.0,111224,5,429613
WIN$D,M15,1719493200,152390.0,152425.0,152200.0,152255.0,93829,5,351176
WIN$D,M15,1719494100,152260.0,152320.0,152160.0,152185.0,94040,5,358676
WIN$D,M15,1719495000,152180.0,152245.0,152150.0,152225.0,61955,5,230579
WIN$D,M15,1719495900,152230.0,152320.0,152220.0,152245.0,64529,5,255745
WIN$D,M15,1719496800,152250.0,152290.0,152020.0,152060.0,94065,5,365853
WIN$D,M15,1719497700,152060.0,152465.0,152020.0,152425.0,135872,5,520472
WIN$D,M15,1719498600,152425.0,152555.0,152315.0,152485.0,117408,5,452707
WIN$D,M15,1719499500,152490.0,152680.0,152455.0,152640.0,121945,5,463348
WIN$D,M15,1719500400,152635.0,152670.0,152440.0,152560.0,135446,5,542765
WIN$D,M15,1719501300,152560.0,152640.0,152525.0,152585.0,76755,5,276466
WIN$D,M15,1719502200,152585.0,152755.0,152575.0,152695.0,97452,5,357431
WIN$D,M15,1719503100,152695.0,153110.0,152680.0,153060.0,159620,5,621929
WIN$D,M15,1719504000,153055.0,153110.0,152980.0,153090.0,96331,5,407036
WIN$D,M15,1719504900,153085.0,153105.0,152925.0,152985.0,79536,5,304609
WIN$D,M15,1719505800,152990.0,153040.0,152895.0,153015.0,70720,5,288060
WIN$D,M15,1719506700,153020.0,153130.0,153020.0,153085.0,77552,5,331799
WIN$D,M15,1719507600,153090.0,153180.0,153000.0,153105.0,67378,5,294759
WIN$D,M15,1719508500,153105.0,153135.0,153045.0,153120.0,33980,5,148677
WIN$D,M15,1719509400,153115.0,153130.0,153075.0,153110.0,24138,5,99905
WIN$D,M15,1719510300,153110.0,153240.0,153100.0,153210.0,33504,5,139533
WIN$D,M15,1719511200,153210.0,153280.0,153185.0,153255.0,28669,5,67977
WIN$D,M15,1719512100,153255.0,153305.0,153205.0,153205.0,21042,5,65724
WIN$D,M15,1719565200,153140.0,153185.0,152800.0,153130.0,248659,5,779895
WIN$D,M15,1719566100,153125.0,153290.0,153040.0,153200.0,180612,5,601637
WIN$D,M15,1719567000,153200.0,153425.0,153010.0,153270.0,218285,5,685908
WIN$D,M15,1719567900,153270.0,153330.0,153065.0,153075.0,132756,5,439558
WIN$D,M15,1719568800,153075.0,153255.0,152945.0,152960.0,295073,5,1053849
WIN$D,M15,1719569700,152960.0,153160.0,152840.0,152995.0,239603,5,913021
WIN$D,M15,1719570600,152990.0,153135.0,152695.0,152700.0,249249,5,968093
WIN$D,M15,1719571500,152700.0,152725.0,152185.0,152190.0,269227,5,1103879
WIN$D,M15,1719572400,152185.0,152330.0,152005.0,152075.0,225734,5,956229
WIN$D,M15,1719573300,152070.0,152625.0,152050.0,152420.0,238342,5,949674
WIN$D,M15,1719574200,152425.0,152700.0,152405.0,152695.0,161999,5,675267
WIN$D,M15,1719575100,152695.0,152950.0,152640.0,152900.0,197603,5,821118
WIN$D,M15,1719576000,152905.0,152980.0,152800.0,152865.0,153179,5,658482
WIN$D,M15,1719576900,152865.0,153020.0,152800.0,152800.0,133922,5,558972
WIN$D,M15,1719577800,152800.0,153055.0,152790.0,152980.0,117226,5,486193
WIN$D,M15,1719578700,152975.0,153035.0,152765.0,152810.0,105430,5,442853
WIN$D,M15,1719579600,152815.0,152855.0,152665.0,152675.0,86784,5,350746
WIN$D,M15,1719580500,152675.0,152715.0,152565.0,152600.0,96745,5,395658
WIN$D,M15,1719581400,152600.0,152705.0,152460.0,152635.0,98292,5,393056
WIN$D,M15,1719582300,152635.0,152675.0,152480.0,152660.0,85163,5,345952
WIN$D,M15,1719583200,152655.0,152705.0,152550.0,152625.0,85128,5,344783
WIN$D,M15,1719584100,152625.0,152795.0,152600.0,152770.0,67990,5,270443
WIN$D,M15,1719585000,152765.0,152930.0,152695.0,152910.0,87269,5,347286
WIN$D,M15,1719585900,152905.0,152960.0,152775.0,152780.0,81296,5,317003
WIN$D,M15,1719586800,152780.0,152815.0,152660.0,152790.0,99942,5,404637
WIN$D,M15,1719587700,152790.0,152875.0,152685.0,152745.0,85911,5,333938
WIN$D,M15,1719588600,152740.0,152755.0,152520.0,152530.0,78085,5,327254
WIN$D,M15,1719589500,152535.0,152640.0,152325.0,152620.0,143628,5,577851
WIN$D,M15,1719590400,152625.0,152665.0,152400.0,152420.0,99506,5,404574
WIN$D,M15,1719591300,152425.0,152580.0,152390.0,152560.0,83715,5,330145
WIN$D,M15,1719592200,152565.0,152660.0,152430.0,152575.0,100159,5,414259
WIN$D,M15,1719593100,152570.0,152765.0,152570.0,152755.0,88026,5,390052
WIN$D,M15,1719594000,152755.0,152800.0,152620.0,152700.0,72505,5,313717
WIN$D,M15,1719594900,152705.0,152720.0,152565.0,152595.0,39499,5,157347
WIN$D,M15,1719595800,152600.0,152665.0,152570.0,152620.0,27367,5,111215
WIN$D,M15,1719596700,152615.0,152680.0,152610.0,152640.0,17267,5,64119
WIN$D,M15,1719597600,152635.0,152640.0,152570.0,152580.0,17508,5,40144
WIN$D,M15,1719598500,152580.0,152650.0,152555.0,152555.0,11723,5,36144
WIN$D,M15,1719824400,152905.0,153225.0,152610.0,153215.0,278841,5,828106
WIN$D,M15,1719825300,153220.0,153420.0,153140.0,153360.0,156724,5,563493
WIN$D,M15,1719826200,153360.0,153360.0,152950.0,153065.0,166189,5,580184
WIN$D,M15,1719827100,153065.0,153135.0,152780.0,152815.0,216855,5,735972
WIN$D,M15,1719828000,152815.0,152850.0,152360.0,152510.0,266083,5,931108
WIN$D,M15,1719828900,152515.0,153175.0,152500.0,153150.0,271177,5,1033817
WIN$D,M15,1719829800,153145.0,153865.0,153110.0,153775.0,320023,5,1288791
WIN$D,M15,1719830700,153775.0,153830.0,153330.0,153465.0,164436,5,638901
WIN$D,M15,1719831600,153465.0,153635.0,153080.0,153145.0,248353,5,969076
WIN$D,M15,1719832500,153145.0,153520.0,152970.0,153465.0,240884,5,915533
WIN$D,M15,1719833400,153465.0,153675.0,153365.0,153625.0,191917,5,666153
WIN$D,M15,1719834300,153625.0,153780.0,153470.0,153690.0,190671,5,691905
WIN$D,M15,1719835200,153685.0,154020.0,153615.0,153910.0,182940,5,715845
WIN$D,M15,1719836100,153915.0,154010.0,153680.0,153805.0,152128,5,561546
WIN$D,M15,1719837000,153805.0,153835.0,153650.0,153740.0,101602,5,387310
WIN$D,M15,1719837900,153735.0,153820.0,153655.0,153665.0,94999,5,378390
WIN$D,M15,1719838800,153665.0,153855.0,153510.0,153800.0,130979,5,530318
WIN$D,M15,1719839700,153795.0,153900.0,153755.0,153805.0,89111,5,340183
WIN$D,M15,1719840600,153800.0,153920.0,153740.0,153830.0,99454,5,388289
WIN$D,M15,1719841500,153830.0,153850.0,153660.0,153745.0,108798,5,415695
WIN$D,M15,1719842400,153740.0,153820.0,153685.0,153690.0,72271,5,272011
WIN$D,M15,1719843300,153690.0,153775.0,153610.0,153740.0,97596,5,355719
WIN$D,M15,1719844200,153740.0,153760.0,153630.0,153705.0,73771,5,290242
WIN$D,M15,1719845100,153705.0,153820.0,153605.0,153800.0,112740,5,448292
WIN$D,M15,1719846000,153800.0,153805.0,153520.0,153695.0,130943,5,518199
WIN$D,M15,1719846900,153690.0,153730.0,153265.0,153375.0,133866,5,527034
WIN$D,M15,1719847800,153380.0,153635.0,153340.0,153590.0,98310,5,370354
WIN$D,M15,1719848700,153585.0,153635.0,153325.0,153365.0,88763,5,342865
WIN$D,M15,1719849600,153365.0,153450.0,153210.0,153300.0,117214,5,451011
WIN$D,M15,1719850500,153295.0,153425.0,153210.0,153325.0,97160,5,386313
WIN$D,M15,1719851400,153330.0,153475.0,153325.0,153370.0,74342,5,305474
WIN$D,M15,1719852300,153370.0,153535.0,153355.0,153400.0,84766,5,360340
WIN$D,M15,1719853200,153405.0,153480.0,153270.0,153280.0,68491,5,284053
WIN$D,M15,1719854100,153280.0,153425.0,153275.0,153390.0,42135,5,178269
WIN$D,M15,1719855000,153395.0,153470.0,153360.0,153370.0,33841,5,140086
WIN$D,M15,1719855900,153375.0,153485.0,153345.0,153415.0,30312,5,115833
WIN$D,M15,1719856800,153410.0,153485.0,153335.0,153425.0,29592,5,77582
WIN$D,M15,1719857700,153420.0,153440.0,153225.0,153225.0,16252,5,46754
WIN$D,M15,1719910800,153005.0,153600.0,152850.0,153485.0,290351,5,993036
WIN$D,M15,1719911700,153485.0,153490.0,153215.0,153425.0,168597,5,612142
WIN$D,M15,1719912600,153425.0,153555.0,153400.0,153465.0,147481,5,527327
WIN$D,M15,1719913500,153460.0,153560.0,153375.0,153445.0,149203,5,532884
WIN$D,M15,1719914400,153450.0,153860.0,153405.0,153855.0,287349,5,1073470
WIN$D,M15,1719915300,153855.0,153995.0,153325.0,153370.0,271055,5,1096259
WIN$D,M15,1719916200,153370.0,153930.0,153280.0,153890.0,338190,5,1333612
WIN$D,M15,1719917100,153885.0,154215.0,153810.0,154120.0,238005,5,902632
WIN$D,M15,1719918000,154125.0,154255.0,153820.0,153860.0,271981,5,1020561
WIN$D,M15,1719918900,153865.0,153885.0,153535.0,153700.0,208397,5,809892
WIN$D,M15,1719919800,153705.0,153885.0,153590.0,153685.0,234994,5,845511
WIN$D,M15,1719920700,153690.0,153880.0,153600.0,153825.0,166377,5,613606
WIN$D,M15,1719921600,153825.0,153980.0,153705.0,153795.0,148450,5,591440
WIN$D,M15,1719922500,153795.0,153835.0,153655.0,153720.0,94030,5,342377
WIN$D,M15,1719923400,153715.0,153720.0,153410.0,153475.0,151242,5,553117
WIN$D,M15,1719924300,153470.0,153580.0,153445.0,153540.0,87749,5,311872
WIN$D,M15,1719925200,153545.0,153555.0,153225.0,153450.0,134647,5,515706
WIN$D,M15,1719926100,153455.0,153490.0,153290.0,153420.0,101472,5,379822
WIN$D,M15,1719927000,153425.0,153425.0,153205.0,153360.0,94625,5,338381
WIN$D,M15,1719927900,153360.0,153390.0,152955.0,153130.0,153901,5,600296
WIN$D,M15,1719928800,153125.0,153395.0,153095.0,153355.0,104300,5,378129
WIN$D,M15,1719929700,153360.0,153455.0,153245.0,153410.0,98876,5,374544
WIN$D,M15,1719930600,153415.0,153460.0,153325.0,153370.0,77842,5,283866
WIN$D,M15,1719931500,153365.0,153385.0,153250.0,153340.0,72522,5,270171
WIN$D,M15,1719932400,153345.0,153480.0,153330.0,153390.0,73464,5,283752
WIN$D,M15,1719933300,153395.0,153455.0,153365.0,153430.0,38769,5,145529
WIN$D,M15,1719934200,153425.0,153645.0,153415.0,153605.0,95151,5,354765
WIN$D,M15,1719935100,153600.0,153750.0,153600.0,153670.0,107232,5,406091
WIN$D,M15,1719936000,153665.0,153710.0,153480.0,153525.0,112009,5,449598
WIN$D,M15,1719936900,153520.0,153710.0,153480.0,153645.0,87559,5,324487
WIN$D,M15,1719937800,153645.0,153720.0,153525.0,153705.0,93719,5,349664
WIN$D,M15,1719938700,153705.0,153820.0,153655.0,153725.0,79459,5,312439
WIN$D,M15,1719939600,153725.0,153805.0,153510.0,153520.0,69876,5,295099
WIN$D,M15,1719940500,153515.0,153715.0,153515.0,153680.0,44550,5,171139
WIN$D,M15,1719941400,153680.0,153690.0,153535.0,153620.0,43106,5,178664
WIN$D,M15,1719942300,153620.0,153705.0,153565.0,153660.0,25871,5,99401
WIN$D,M15,1719943200,153665.0,153775.0,153635.0,153720.0,25420,5,68057
WIN$D,M15,1719944100,153715.0,153785.0,153670.0,153785.0,12755,5,41202
WIN$D,M15,1719997200,154030.0,154285.0,153960.0,154200.0,190203,5,642843
WIN$D,M15,1719998100,154205.0,154280.0,154075.0,154200.0,121475,5,416165
WIN$D,M15,1719999000,154190.0,154425.0,154135.0,154275.0,168288,5,578733
WIN$D,M15,1719999900,154275.0,154350.0,154150.0,154315.0,132946,5,452712
WIN$D,M15,1720000800,154315.0,154770.0,154280.0,154770.0,299587,5,1103195
WIN$D,M15,1720001700,154770.0,154865.0,154585.0,154855.0,213594,5,785410
WIN$D,M15,1720002600,154860.0,155145.0,154820.0,155090.0,264281,5,1043896
WIN$D,M15,1720003500,155085.0,155190.0,154695.0,154770.0,199171,5,780079
WIN$D,M15,1720004400,154770.0,155275.0,154770.0,155105.0,266680,5,1013465
WIN$D,M15,1720005300,155110.0,155245.0,154940.0,155210.0,172205,5,660548
WIN$D,M15,1720006200,155210.0,155305.0,155025.0,155210.0,169484,5,626439
WIN$D,M15,1720007100,155215.0,155255.0,154980.0,155015.0,142627,5,529691
WIN$D,M15,1720008000,155015.0,155045.0,154635.0,154895.0,212487,5,842098
WIN$D,M15,1720008900,154895.0,155100.0,154875.0,154985.0,128660,5,492751
WIN$D,M15,1720009800,154985.0,155185.0,154965.0,155100.0,97209,5,370636
WIN$D,M15,1720010700,155095.0,155195.0,155060.0,155135.0,70979,5,263962
WIN$D,M15,1720011600,155130.0,155180.0,155005.0,155135.0,95985,5,386908
WIN$D,M15,1720012500,155140.0,155280.0,155025.0,155160.0,92362,5,380462
WIN$D,M15,1720013400,155160.0,155230.0,155060.0,155080.0,94107,5,367766
WIN$D,M15,1720014300,155075.0,155215.0,155030.0,155145.0,86506,5,334639
WIN$D,M15,1720015200,155145.0,155150.0,154925.0,154950.0,89926,5,349629
WIN$D,M15,1720016100,154945.0,155025.0,154845.0,154895.0,61383,5,243776
WIN$D,M15,1720017000,154900.0,154920.0,154735.0,154805.0,69627,5,292382
WIN$D,M15,1720017900,154805.0,154955.0,154745.0,154865.0,63375,5,256756
WIN$D,M15,1720018800,154860.0,154995.0,154810.0,154960.0,60754,5,231954
WIN$D,M15,1720019700,154960.0,155065.0,154895.0,154970.0,83941,5,311915
WIN$D,M15,1720020600,154965.0,155045.0,154935.0,155000.0,41001,5,154443
WIN$D,M15,1720021500,155005.0,155020.0,154920.0,154975.0,41954,5,144705
WIN$D,M15,1720022400,154975.0,154995.0,154750.0,154760.0,69254,5,275456
WIN$D,M15,1720023300,154760.0,154825.0,154705.0,154800.0,51169,5,201068
WIN$D,M15,1720024200,154795.0,154805.0,154595.0,154670.0,80671,5,353831
WIN$D,M15,1720025100,154675.0,154675.0,154365.0,154440.0,89035,5,375122
WIN$D,M15,1720026000,154440.0,154495.0,154380.0,154440.0,45552,5,193952
WIN$D,M15,1720026900,154440.0,154680.0,154405.0,154650.0,46906,5,206693
WIN$D,M15,1720027800,154650.0,154785.0,154630.0,154770.0,42270,5,181014
WIN$D,M15,1720028700,154765.0,154785.0,154715.0,154740.0,24472,5,90263
WIN$D,M15,1720029600,154740.0,154765.0,154685.0,154725.0,22920,5,57798
WIN$D,M15,1720030500,154725.0,154905.0,154690.0,154905.0,13569,5,45389
WIN$D,M15,1720083600,155305.0,155545.0,155150.0,155240.0,242204,5,749968
WIN$D,M15,1720084500,155240.0,155285.0,155025.0,155045.0,117419,5,374066
WIN$D,M15,1720085400,155050.0,155280.0,155040.0,155165.0,141554,5,473160
WIN$D,M15,1720086300,155170.0,155405.0,155160.0,155360.0,190128,5,612533
WIN$D,M15,1720087200,155365.0,155370.0,155090.0,155170.0,205226,5,660008
WIN$D,M15,1720088100,155175.0,155260.0,154865.0,154900.0,233986,5,809424
WIN$D,M15,1720089000,154895.0,155275.0,154880.0,155205.0,226060,5,782310
WIN$D,M15,1720089900,155205.0,155245.0,154880.0,154920.0,228658,5,806052
WIN$D,M15,1720090800,154920.0,155120.0,154835.0,154920.0,206079,5,747242
WIN$D,M15,1720091700,154925.0,154990.0,154705.0,154800.0,201453,5,750939
WIN$D,M15,1720092600,154795.0,154920.0,154715.0,154890.0,141663,5,513829
WIN$D,M15,1720093500,154890.0,155020.0,154675.0,154755.0,168575,5,629967
WIN$D,M15,1720094400,154755.0,154975.0,154710.0,154945.0,117299,5,438915
WIN$D,M15,1720095300,154945.0,155015.0,154885.0,154955.0,95075,5,376525
WIN$D,M15,1720096200,154960.0,155010.0,154910.0,154990.0,56423,5,207291
WIN$D,M15,1720097100,154990.0,155110.0,154975.0,154995.0,89902,5,318480
WIN$D,M15,1720098000,155000.0,155025.0,154870.0,154980.0,92154,5,348300
WIN$D,M15,1720098900,154980.0,155000.0,154820.0,154880.0,66981,5,249199
WIN$D,M15,1720099800,154885.0,154895.0,154730.0,154760.0,64870,5,250651
WIN$D,M15,1720100700,154760.0,154995.0,154750.0,154970.0,60902,5,244093
WIN$D,M15,1720101600,154975.0,155035.0,154775.0,154950.0,99082,5,416252
WIN$D,M15,1720102500,154940.0,155015.0,154780.0,154970.0,78469,5,331389
WIN$D,M15,1720103400,154970.0,154980.0,154825.0,154850.0,50276,5,203273
WIN$D,M15,1720104300,154845.0,154935.0,154840.0,154885.0,29948,5,120791
WIN$D,M15,1720105200,154885.0,154935.0,154795.0,154800.0,42780,5,171737
WIN$D,M15,1720106100,154795.0,154855.0,154680.0,154840.0,72453,5,293428
WIN$D,M15,1720107000,154845.0,154885.0,154720.0,154760.0,53482,5,216467
WIN$D,M15,1720107900,154755.0,154770.0,154690.0,154745.0,33279,5,137936
WIN$D,M15,1720108800,154750.0,154855.0,154720.0,154840.0,52910,5,224645
WIN$D,M15,1720109700,154840.0,154950.0,154820.0,154855.0,54944,5,213849
WIN$D,M15,1720110600,154860.0,154880.0,154735.0,154810.0,54740,5,218340
WIN$D,M15,1720111500,154815.0,154825.0,154705.0,154750.0,40061,5,158623
WIN$D,M15,1720112400,154745.0,154860.0,154740.0,154845.0,34128,5,142186
WIN$D,M15,1720113300,154845.0,154870.0,154795.0,154845.0,20951,5,88686
WIN$D,M15,1720114200,154845.0,154905.0,154825.0,154880.0,16813,5,64870
WIN$D,M15,1720115100,154885.0,154905.0,154795.0,154810.0,18072,5,69129
WIN$D,M15,1720116000,154810.0,154855.0,154780.0,154820.0,16051,5,44084
WIN$D,M15,1720116900,154825.0,154845.0,154790.0,154840.0,11961,5,39216
WIN$D,M15,1720170000,154905.0,155100.0,154505.0,154805.0,248350,5,811330
WIN$D,M15,1720170900,154805.0,155210.0,154740.0,155045.0,139954,5,474177
WIN$D,M15,1720171800,155045.0,155540.0,154685.0,154955.0,343160,5,1113646
WIN$D,M15,1720172700,154950.0,154960.0,154675.0,154850.0,204124,5,658627
WIN$D,M15,1720173600,154850.0,155025.0,154605.0,154975.0,255265,5,892230
WIN$D,M15,1720174500,154980.0,155260.0,154875.0,154980.0,278812,5,1065171
WIN$D,M15,1720175400,154975.0,155105.0,154135.0,154315.0,357242,5,1339177
WIN$D,M15,1720176300,154315.0,154395.0,154065.0,154390.0,211731,5,846772
WIN$D,M15,1720177200,154385.0,154640.0,154340.0,154460.0,206811,5,785875
WIN$D,M15,1720178100,154460.0,154525.0,154215.0,154425.0,164865,5,589274
WIN$D,M15,1720179000,154420.0,154555.0,154325.0,154455.0,130441,5,465772
WIN$D,M15,1720179900,154460.0,154540.0,154325.0,154460.0,117772,5,438207
WIN$D,M15,1720180800,154460.0,154625.0,154420.0,154525.0,113441,5,454340
WIN$D,M15,1720181700,154525.0,154775.0,154495.0,154745.0,112421,5,421344
WIN$D,M15,1720182600,154750.0,154800.0,154655.0,154780.0,86507,5,321954
WIN$D,M15,1720183500,154785.0,154840.0,154650.0,154685.0,76859,5,287212
WIN$D,M15,1720184400,154690.0,154830.0,154645.0,154790.0,68798,5,265238
WIN$D,M15,1720185300,154790.0,154945.0,154615.0,154630.0,104670,5,396810
WIN$D,M15,1720186200,154635.0,154660.0,154470.0,154590.0,98796,5,372778
WIN$D,M15,1720187100,154595.0,154675.0,154530.0,154640.0,74995,5,282671
WIN$D,M15,1720188000,154645.0,154735.0,154545.0,154550.0,80182,5,290267
WIN$D,M15,1720188900,154550.0,154630.0,154430.0,154490.0,85275,5,318679
WIN$D,M15,1720189800,154495.0,154620.0,154400.0,154585.0,73637,5,268214
WIN$D,M15,1720190700,154585.0,154805.0,154540.0,154780.0,85138,5,335866
WIN$D,M15,1720191600,154780.0,154790.0,154525.0,154545.0,95055,5,363136
WIN$D,M15,1720192500,154550.0,154550.0,154410.0,154525.0,77345,5,289306
WIN$D,M15,1720193400,154525.0,154735.0,154505.0,154700.0,78443,5,299277
WIN$D,M15,1720194300,154705.0,154835.0,154655.0,154760.0,69574,5,269698
WIN$D,M15,1720195200,154760.0,154830.0,154645.0,154715.0,71125,5,278350
WIN$D,M15,1720196100,154710.0,154815.0,154685.0,154715.0,55592,5,209412
WIN$D,M15,1720197000,154715.0,154900.0,154665.0,154875.0,68817,5,260487
WIN$D,M15,1720197900,154880.0,154945.0,154855.0,154890.0,55405,5,221209
WIN$D,M15,1720198800,154885.0,154905.0,154780.0,154800.0,43801,5,187364
WIN$D,M15,1720199700,154795.0,154850.0,154750.0,154800.0,27567,5,116261
WIN$D,M15,1720200600,154795.0,154890.0,154780.0,154880.0,21285,5,84857
WIN$D,M15,1720201500,154875.0,154925.0,154845.0,154875.0,18039,5,72636
WIN$D,M15,1720202400,154870.0,154970.0,154850.0,154940.0,14769,5,42142
WIN$D,M15,1720203300,154945.0,155105.0,154935.0,155065.0,14403,5,46352
WIN$D,M15,1720429200,154905.0,154935.0,154525.0,154790.0,202438,5,657402
WIN$D,M15,1720430100,154785.0,155005.0,154775.0,154835.0,128327,5,418820
WIN$D,M15,1720431000,154835.0,154925.0,154755.0,154915.0,112232,5,393831
WIN$D,M15,1720431900,154920.0,154930.0,154565.0,154675.0,172079,5,602369
WIN$D,M15,1720432800,154670.0,154750.0,154450.0,154540.0,223440,5,779365
WIN$D,M15,1720433700,154540.0,154610.0,154095.0,154230.0,274064,5,1027775
WIN$D,M15,1720434600,154230.0,154635.0,154155.0,154225.0,324510,5,1176867
WIN$D,M15,1720435500,154225.0,154865.0,154170.0,154825.0,239576,5,828047
WIN$D,M15,1720436400,154830.0,154985.0,154545.0,154590.0,290961,5,973472
WIN$D,M15,1720437300,154590.0,154650.0,154355.0,154395.0,189248,5,643133
WIN$D,M15,1720438200,154400.0,154490.0,154125.0,154300.0,214313,5,727909
WIN$D,M15,1720439100,154300.0,154395.0,154155.0,154200.0,130800,5,430956
WIN$D,M15,1720440000,154205.0,154415.0,154140.0,154220.0,165095,5,545078
WIN$D,M15,1720440900,154225.0,154495.0,154175.0,154350.0,144109,5,472754
WIN$D,M15,1720441800,154350.0,154725.0,154320.0,154660.0,193390,5,645460
WIN$D,M15,1720442700,154655.0,154855.0,154640.0,154820.0,112729,5,384644
WIN$D,M15,1720443600,154820.0,154980.0,154700.0,154945.0,125913,5,414013
WIN$D,M15,1720444500,154945.0,154960.0,154750.0,154790.0,102094,5,353431
WIN$D,M15,1720445400,154795.0,154830.0,154665.0,154710.0,76337,5,267164
WIN$D,M15,1720446300,154710.0,154865.0,154660.0,154700.0,106994,5,372340
WIN$D,M15,1720447200,154695.0,154725.0,154610.0,154635.0,82537,5,281652
WIN$D,M15,1720448100,154635.0,154855.0,154610.0,154700.0,100108,5,348542
WIN$D,M15,1720449000,154695.0,154920.0,154625.0,154895.0,98039,5,349875
WIN$D,M15,1720449900,154895.0,155150.0,154855.0,155065.0,112731,5,398903
WIN$D,M15,1720450800,155065.0,155115.0,155005.0,155010.0,84256,5,285952
WIN$D,M15,1720451700,155005.0,155040.0,154895.0,155020.0,87934,5,309166
WIN$D,M15,1720452600,155020.0,155055.0,154790.0,154815.0,84587,5,291166
WIN$D,M15,1720453500,154810.0,154950.0,154775.0,154925.0,80914,5,276740
WIN$D,M15,1720454400,154925.0,154940.0,154770.0,154870.0,77751,5,264937
WIN$D,M15,1720455300,154870.0,154930.0,154775.0,154820.0,59415,5,196523
WIN$D,M15,1720456200,154825.0,155005.0,154820.0,154975.0,73971,5,253332
WIN$D,M15,1720457100,154975.0,155035.0,154930.0,154945.0,55055,5,198598
WIN$D,M15,1720458000,154945.0,155020.0,154875.0,154940.0,63890,5,238282
WIN$D,M15,1720458900,154940.0,155000.0,154925.0,154970.0,28847,5,104398
WIN$D,M15,1720459800,154970.0,154995.0,154900.0,154915.0,23150,5,94951
WIN$D,M15,1720460700,154915.0,155095.0,154910.0,155050.0,30420,5,110953
WIN$D,M15,1720461600,155060.0,155060.0,154975.0,155040.0,20132,5,56432
WIN$D,M15,1720462500,155035.0,155080.0,154945.0,154985.0,15455,5,50076
WIN$D,M15,1720515600,154980.0,155030.0,154505.0,154595.0,188900,5,603190
WIN$D,M15,1720516500,154600.0,154725.0,154530.0,154635.0,128606,5,412883
WIN$D,M15,1720517400,154630.0,154725.0,154455.0,154530.0,181018,5,596042
WIN$D,M15,1720518300,154530.0,154780.0,154500.0,154705.0,176752,5,609397
WIN$D,M15,1720519200,154705.0,155065.0,154630.0,155045.0,248347,5,886669
WIN$D,M15,1720520100,155050.0,155115.0,154660.0,154800.0,297363,5,1082679
WIN$D,M15,1720521000,154800.0,155065.0,154415.0,155035.0,372489,5,1360424
WIN$D,M15,1720521900,155035.0,155205.0,155000.0,155075.0,217103,5,760559
WIN$D,M15,1720522800,155070.0,155245.0,154840.0,155155.0,254237,5,924628
WIN$D,M15,1720523700,155155.0,155295.0,155025.0,155280.0,186466,5,663878
WIN$D,M15,1720524600,155280.0,155290.0,155135.0,155275.0,122636,5,437793
WIN$D,M15,1720525500,155275.0,155375.0,155175.0,155285.0,144894,5,526296
WIN$D,M15,1720526400,155280.0,155335.0,155025.0,155080.0,156796,5,602051
WIN$D,M15,1720527300,155080.0,155190.0,155045.0,155120.0,103942,5,392689
WIN$D,M15,1720528200,155120.0,155355.0,155115.0,155340.0,122544,5,451595
WIN$D,M15,1720529100,155335.0,155580.0,155335.0,155555.0,143010,5,558799
WIN$D,M15,1720530000,155555.0,155640.0,155500.0,155595.0,117422,5,459354
WIN$D,M15,1720530900,155595.0,155720.0,155565.0,155695.0,113907,5,471164
WIN$D,M15,1720531800,155695.0,155710.0,155530.0,155610.0,98231,5,400966
WIN$D,M15,1720532700,155610.0,155675.0,155560.0,155650.0,61713,5,231186
WIN$D,M15,1720533600,155655.0,155705.0,155585.0,155680.0,71488,5,271737
WIN$D,M15,1720534500,155685.0,155685.0,155550.0,155640.0,69162,5,265416
WIN$D,M15,1720535400,155640.0,155825.0,155625.0,155705.0,117628,5,497107
WIN$D,M15,1720536300,155705.0,155840.0,155635.0,155640.0,97999,5,411845
WIN$D,M15,1720537200,155645.0,155695.0,155580.0,155665.0,72208,5,268373
WIN$D,M15,1720538100,155670.0,155705.0,155620.0,155695.0,59028,5,215554
WIN$D,M15,1720539000,155690.0,155730.0,155630.0,155665.0,63201,5,239131
WIN$D,M15,1720539900,155660.0,155675.0,155550.0,155600.0,65177,5,249739
WIN$D,M15,1720540800,155595.0,155615.0,155505.0,155555.0,71264,5,288035
WIN$D,M15,1720541700,155555.0,155635.0,155490.0,155615.0,69474,5,286905
WIN$D,M15,1720542600,155615.0,155655.0,155555.0,155565.0,63839,5,265387
WIN$D,M15,1720543500,155565.0,155720.0,155555.0,155675.0,68853,5,305667
WIN$D,M15,1720544400,155675.0,155725.0,155600.0,155635.0,51446,5,215689
WIN$D,M15,1720545300,155635.0,155680.0,155615.0,155665.0,26857,5,111178
WIN$D,M15,1720546200,155670.0,155725.0,155645.0,155670.0,29384,5,149352
WIN$D,M15,1720547100,155675.0,155715.0,155635.0,155685.0,19971,5,94075
WIN$D,M15,1720548000,155690.0,155815.0,155685.0,155775.0,41623,5,118096
WIN$D,M15,1720548900,155770.0,155905.0,155770.0,155780.0,25344,5,80257
WIN$D,M15,1720602000,155930.0,156315.0,155725.0,156150.0,300422,5,1016969
WIN$D,M15,1720602900,156150.0,156350.0,156105.0,156275.0,184627,5,574254
WIN$D,M15,1720603800,156275.0,156310.0,156005.0,156060.0,164294,5,533423
WIN$D,M15,1720604700,156060.0,156205.0,155920.0,156090.0,186875,5,611670
WIN$D,M15,1720605600,156095.0,156100.0,155860.0,156070.0,217825,5,681813
WIN$D,M15,1720606500,156075.0,156295.0,156015.0,156140.0,249825,5,859821
WIN$D,M15,1720607400,156145.0,156165.0,155615.0,155665.0,405185,5,1421885
WIN$D,M15,1720608300,155670.0,155810.0,155535.0,155570.0,217367,5,756335
WIN$D,M15,1720609200,155565.0,155840.0,155485.0,155575.0,225655,5,800247
WIN$D,M15,1720610100,155575.0,155720.0,155490.0,155500.0,159861,5,552787
WIN$D,M15,1720611000,155495.0,155760.0,155405.0,155690.0,197552,5,709327
WIN$D,M15,1720611900,155690.0,155715.0,155425.0,155585.0,157876,5,544669
WIN$D,M15,1720612800,155590.0,155735.0,155565.0,155635.0,109230,5,382396
WIN$D,M15,1720613700,155635.0,155755.0,155555.0,155675.0,99843,5,355206
WIN$D,M15,1720614600,155680.0,155715.0,155580.0,155600.0,82450,5,293936
WIN$D,M15,1720615500,155595.0,155735.0,155545.0,155640.0,90442,5,336878
WIN$D,M15,1720616400,155635.0,155710.0,155525.0,155685.0,75376,5,274676
WIN$D,M15,1720617300,155680.0,155820.0,155675.0,155745.0,91484,5,344874
WIN$D,M15,1720618200,155745.0,155830.0,155570.0,155725.0,107477,5,411546
WIN$D,M15,1720619100,155730.0,155745.0,155390.0,155445.0,122287,5,477288
WIN$D,M15,1720620000,155440.0,155585.0,155415.0,155425.0,113571,5,416803
WIN$D,M15,1720620900,155420.0,155505.0,155365.0,155455.0,105792,5,394670
WIN$D,M15,1720621800,155455.0,155650.0,155420.0,155640.0,96175,5,353154
WIN$D,M15,1720622700,155645.0,155665.0,155530.0,155620.0,91967,5,351556
WIN$D,M15,1720623600,155620.0,155655.0,155515.0,155580.0,76111,5,293914
WIN$D,M15,1720624500,155580.0,155645.0,155490.0,155630.0,77138,5,293709
WIN$D,M15,1720625400,155635.0,155755.0,155615.0,155740.0,68419,5,254491
WIN$D,M15,1720626300,155740.0,155835.0,155610.0,155650.0,109289,5,422399
WIN$D,M15,1720627200,155645.0,155780.0,155615.0,155710.0,80990,5,304037
WIN$D,M15,1720628100,155710.0,155730.0,155625.0,155700.0,66192,5,246092
WIN$D,M15,1720629000,155700.0,155715.0,155595.0,155655.0,60879,5,232042
WIN$D,M15,1720629900,155660.0,155755.0,155635.0,155695.0,56892,5,230001
WIN$D,M15,1720630800,155695.0,155765.0,155515.0,155520.0,65931,5,295347
WIN$D,M15,1720631700,155515.0,155580.0,155475.0,155540.0,51098,5,217544
WIN$D,M15,1720632600,155535.0,155660.0,155510.0,155615.0,31842,5,130795
WIN$D,M15,1720633500,155615.0,155650.0,155565.0,155590.0,25094,5,98446
WIN$D,M15,1720634400,155590.0,155635.0,155540.0,155590.0,19772,5,58764
WIN$D,M15,1720635300,155580.0,155600.0,155455.0,155465.0,15728,5,64441
WIN$D,M15,1720688400,155705.0,155915.0,155630.0,155890.0,168889,5,533206
WIN$D,M15,1720689300,155895.0,156035.0,155830.0,155975.0,131977,5,431958
WIN$D,M15,1720690200,155990.0,156505.0,155955.0,156230.0,306650,5,1040861
WIN$D,M15,1720691100,156230.0,156275.0,155945.0,156100.0,244230,5,837240
WIN$D,M15,1720692000,156100.0,156625.0,156075.0,156455.0,284660,5,1008469
WIN$D,M15,1720692900,156460.0,156525.0,156250.0,156370.0,215224,5,742547
WIN$D,M15,1720693800,156370.0,156595.0,156180.0,156435.0,320012,5,1134894
WIN$D,M15,1720694700,156430.0,156775.0,156365.0,156505.0,270175,5,995729
WIN$D,M15,1720695600,156505.0,156660.0,156370.0,156370.0,195519,5,696197
WIN$D,M15,1720696500,156375.0,156385.0,156170.0,156330.0,206221,5,748040
WIN$D,M15,1720697400,156330.0,156585.0,156235.0,156370.0,229408,5,808238
WIN$D,M15,1720698300,156365.0,156690.0,156270.0,156540.0,228953,5,834541
WIN$D,M15,1720699200,156545.0,156725.0,156415.0,156655.0,160507,5,575949
WIN$D,M15,1720700100,156650.0,156675.0,156500.0,156515.0,125856,5,462534
WIN$D,M15,1720701000,156515.0,156690.0,156500.0,156650.0,116084,5,416612
WIN$D,M15,1720701900,156650.0,156715.0,156535.0,156575.0,84996,5,289082
WIN$D,M15,1720702800,156575.0,156620.0,156490.0,156585.0,84165,5,294200
WIN$D,M15,1720703700,156585.0,156610.0,156515.0,156570.0,52652,5,178320
WIN$D,M15,1720704600,156570.0,156660.0,156455.0,156560.0,94007,5,351801
WIN$D,M15,1720705500,156560.0,156595.0,156415.0,156500.0,82383,5,315313
WIN$D,M15,1720706400,156500.0,156715.0,156425.0,156595.0,118593,5,443401
WIN$D,M15,1720707300,156595.0,156710.0,156580.0,156590.0,67085,5,242906
WIN$D,M15,1720708200,156585.0,156605.0,156525.0,156560.0,64022,5,228229
WIN$D,M15,1720709100,156560.0,156610.0,156410.0,156580.0,84949,5,317932
WIN$D,M15,1720710000,156575.0,156600.0,156415.0,156465.0,75676,5,284975
WIN$D,M15,1720710900,156470.0,156500.0,156405.0,156490.0,54435,5,202470
WIN$D,M15,1720711800,156490.0,156645.0,156485.0,156625.0,84570,5,331925
WIN$D,M15,1720712700,156625.0,156700.0,156580.0,156655.0,66193,5,243062
WIN$D,M15,1720713600,156660.0,156675.0,156580.0,156640.0,53597,5,200997
WIN$D,M15,1720714500,156640.0,156695.0,156615.0,156660.0,49702,5,183466
WIN$D,M15,1720715400,156665.0,156715.0,156650.0,156665.0,50809,5,192369
WIN$D,M15,1720716300,156670.0,156820.0,156640.0,156755.0,73270,5,329429
WIN$D,M15,1720717200,156750.0,156750.0,156615.0,156645.0,52565,5,229427
WIN$D,M15,1720718100,156650.0,156715.0,156615.0,156670.0,33262,5,135489
WIN$D,M15,1720719000,156670.0,156700.0,156625.0,156655.0,24111,5,90542
WIN$D,M15,1720719900,156650.0,156745.0,156640.0,156690.0,26486,5,101677
WIN$D,M15,1720720800,156690.0,156785.0,156685.0,156770.0,25245,5,60524
WIN$D,M15,1720721700,156765.0,156820.0,156710.0,156775.0,20841,5,65358
WIN$D,M15,1720774800,156725.0,156965.0,156610.0,156935.0,229655,5,705508
WIN$D,M15,1720775700,156935.0,156985.0,156820.0,156905.0,116754,5,380438
WIN$D,M15,1720776600,156900.0,157005.0,156655.0,156855.0,247530,5,842283
WIN$D,M15,1720777500,156855.0,156930.0,156725.0,156750.0,145152,5,493982
WIN$D,M15,1720778400,156750.0,156850.0,156610.0,156685.0,264708,5,967402
WIN$D,M15,1720779300,156690.0,156810.0,156370.0,156780.0,301219,5,1151895
WIN$D,M15,1720780200,156780.0,157020.0,156640.0,156855.0,327858,5,1249941
WIN$D,M15,1720781100,156855.0,157015.0,156575.0,156915.0,265961,5,988065
WIN$D,M15,1720782000,156915.0,157175.0,156785.0,157055.0,224962,5,843469
WIN$D,M15,1720782900,157050.0,157115.0,156860.0,157105.0,154516,5,578176
WIN$D,M15,1720783800,157105.0,157150.0,156835.0,156985.0,157748,5,581316
WIN$D,M15,1720784700,156985.0,157020.0,156835.0,156940.0,93053,5,344904
WIN$D,M15,1720785600,156940.0,157060.0,156890.0,156935.0,85365,5,317823
WIN$D,M15,1720786500,156940.0,156955.0,156855.0,156870.0,53345,5,205934
WIN$D,M15,1720787400,156865.0,157000.0,156830.0,156985.0,61375,5,238068
WIN$D,M15,1720788300,156985.0,157120.0,156900.0,156930.0,100161,5,389159
WIN$D,M15,1720789200,156925.0,156980.0,156825.0,156895.0,71917,5,271857
WIN$D,M15,1720790100,156890.0,157160.0,156885.0,157110.0,108037,5,440375
WIN$D,M15,1720791000,157110.0,157270.0,157110.0,157215.0,101481,5,399610
WIN$D,M15,1720791900,157220.0,157345.0,157170.0,157310.0,87574,5,340284
WIN$D,M15,1720792800,157310.0,157340.0,157215.0,157250.0,73251,5,272251
WIN$D,M15,1720793700,157250.0,157375.0,157215.0,157305.0,67013,5,269624
WIN$D,M15,1720794600,157310.0,157360.0,157225.0,157335.0,57638,5,231612
WIN$D,M15,1720795500,157340.0,157455.0,157315.0,157425.0,86597,5,355626
WIN$D,M15,1720796400,157425.0,157450.0,157325.0,157370.0,69163,5,286521
WIN$D,M15,1720797300,157375.0,157390.0,157245.0,157300.0,75688,5,328781
WIN$D,M15,1720798200,157300.0,157375.0,157230.0,157325.0,64784,5,267261
WIN$D,M15,1720799100,157330.0,157415.0,157300.0,157395.0,60280,5,251047
WIN$D,M15,1720800000,157395.0,157415.0,157325.0,157360.0,40277,5,168293
WIN$D,M15,1720800900,157360.0,157425.0,157310.0,157380.0,39883,5,175360
WIN$D,M15,1720801800,157375.0,157440.0,157280.0,157370.0,74386,5,311600
WIN$D,M15,1720802700,157365.0,157395.0,157255.0,157330.0,65626,5,299554
WIN$D,M15,1720803600,157330.0,157360.0,157215.0,157285.0,55997,5,248537
WIN$D,M15,1720804500,157285.0,157300.0,157225.0,157280.0,23093,5,91632
WIN$D,M15,1720805400,157280.0,157325.0,157265.0,157305.0,23945,5,91077
WIN$D,M15,1720806300,157310.0,157340.0,157275.0,157295.0,19103,5,68137
WIN$D,M15,1720807200,157290.0,157335.0,157260.0,157310.0,19562,5,51216
WIN$D,M15,1720808100,157310.0,157440.0,157295.0,157435.0,17584,5,54489
WIN$D,M15,1721034000,157255.0,157505.0,157085.0,157370.0,223123,5,692136
WIN$D,M15,1721034900,157370.0,157415.0,157235.0,157260.0,122739,5,388178
WIN$D,M15,1721035800,157255.0,157285.0,157160.0,157185.0,106159,5,340744
WIN$D,M15,1721036700,157190.0,157390.0,157180.0,157370.0,107957,5,352904
WIN$D,M15,1721037600,157365.0,157645.0,157110.0,157195.0,292639,5,1051803
WIN$D,M15,1721038500,157195.0,157390.0,157085.0,157310.0,219395,5,768140
WIN$D,M15,1721039400,157305.0,157420.0,157055.0,157125.0,249901,5,872659
WIN$D,M15,1721040300,157120.0,157325.0,157070.0,157300.0,178640,5,615696
WIN$D,M15,1721041200,157300.0,157370.0,157175.0,157205.0,183002,5,655146
WIN$D,M15,1721042100,157205.0,157385.0,157175.0,157345.0,149877,5,555782
WIN$D,M15,1721043000,157345.0,157400.0,157200.0,157225.0,121560,5,463561
WIN$D,M15,1721043900,157220.0,157625.0,157220.0,157475.0,193605,5,720781
WIN$D,M15,1721044800,157480.0,157535.0,157345.0,157405.0,124667,5,469262
WIN$D,M15,1721045700,157400.0,157460.0,157320.0,157455.0,91431,5,340736
WIN$D,M15,1721046600,157460.0,157695.0,157445.0,157610.0,135015,5,509671
WIN$D,M15,1721047500,157615.0,157720.0,157565.0,157665.0,94954,5,359257
WIN$D,M15,1721048400,157665.0,157685.0,157570.0,157585.0,78043,5,298632
WIN$D,M15,1721049300,157585.0,157710.0,157575.0,157625.0,85954,5,308570
WIN$D,M15,1721050200,157625.0,157835.0,157590.0,157620.0,112865,5,416258
WIN$D,M15,1721051100,157615.0,157670.0,157510.0,157615.0,123938,5,459945
WIN$D,M15,1721052000,157615.0,157740.0,157505.0,157705.0,104685,5,377918
WIN$D,M15,1721052900,157705.0,157760.0,157595.0,157620.0,100100,5,371569
WIN$D,M15,1721053800,157625.0,157685.0,157575.0,157660.0,76984,5,294985
WIN$D,M15,1721054700,157665.0,157740.0,157605.0,157610.0,64919,5,249139
WIN$D,M15,1721055600,157610.0,157740.0,157530.0,157735.0,82802,5,326007
WIN$D,M15,1721056500,157730.0,157795.0,157700.0,157720.0,68653,5,264461
WIN$D,M15,1721057400,157720.0,157855.0,157715.0,157795.0,88536,5,357827
WIN$D,M15,1721058300,157790.0,157875.0,157780.0,157855.0,54083,5,238582
WIN$D,M15,1721059200,157855.0,157865.0,157760.0,157780.0,49137,5,202890
WIN$D,M15,1721060100,157780.0,157830.0,157740.0,157800.0,45914,5,184135
WIN$D,M15,1721061000,157800.0,157840.0,157760.0,157765.0,38587,5,154880
WIN$D,M15,1721061900,157770.0,157795.0,157690.0,157730.0,61031,5,262289
WIN$D,M15,1721062800,157730.0,157765.0,157675.0,157750.0,39604,5,164125
WIN$D,M15,1721063700,157750.0,157775.0,157720.0,157740.0,22197,5,84542
WIN$D,M15,1721064600,157740.0,157770.0,157720.0,157755.0,16941,5,72067
WIN$D,M15,1721065500,157755.0,157795.0,157740.0,157785.0,16841,5,67993
WIN$D,M15,1721066400,157790.0,157825.0,157760.0,157790.0,22030,5,58221
WIN$D,M15,1721067300,157795.0,157875.0,157760.0,157840.0,22989,5,74985
WIN$D,M15,1721120400,157505.0,157765.0,157435.0,157740.0,210881,5,699543
WIN$D,M15,1721121300,157740.0,157840.0,157715.0,157745.0,113722,5,394363
WIN$D,M15,1721122200,157745.0,157870.0,157610.0,157660.0,203764,5,678742
WIN$D,M15,1721123100,157660.0,157710.0,157470.0,157500.0,145605,5,483960
WIN$D,M15,1721124000,157500.0,157870.0,157445.0,157645.0,284131,5,1012486
WIN$D,M15,1721124900,157645.0,157865.0,157640.0,157715.0,187412,5,725739
WIN$D,M15,1721125800,157715.0,157790.0,157420.0,157600.0,242800,5,882582
WIN$D,M15,1721126700,157605.0,157855.0,157520.0,157565.0,197881,5,738369
WIN$D,M15,1721127600,157560.0,157605.0,157360.0,157435.0,201170,5,770755
WIN$D,M15,1721128500,157435.0,157555.0,157395.0,157505.0,167695,5,608594
WIN$D,M15,1721129400,157510.0,157650.0,157455.0,157565.0,149342,5,557113
WIN$D,M15,1721130300,157560.0,157650.0,157475.0,157605.0,106889,5,410479
WIN$D,M15,1721131200,157605.0,157720.0,157460.0,157540.0,142542,5,557860
WIN$D,M15,1721132100,157535.0,157610.0,157470.0,157515.0,84900,5,320496
WIN$D,M15,1721133000,157515.0,157520.0,157335.0,157420.0,127832,5,480068
WIN$D,M15,1721133900,157425.0,157510.0,157145.0,157210.0,160522,5,623306
WIN$D,M15,1721134800,157210.0,157395.0,157195.0,157345.0,133129,5,513935
WIN$D,M15,1721135700,157345.0,157350.0,157225.0,157250.0,77146,5,291660
WIN$D,M15,1721136600,157250.0,157345.0,157035.0,157155.0,116848,5,458803
WIN$D,M15,1721137500,157155.0,157335.0,157145.0,157260.0,99964,5,397518
WIN$D,M15,1721138400,157260.0,157355.0,157180.0,157230.0,88336,5,336439
WIN$D,M15,1721139300,157230.0,157375.0,157175.0,157305.0,80340,5,324785
WIN$D,M15,1721140200,157300.0,157535.0,157280.0,157480.0,111213,5,448580
WIN$D,M15,1721141100,157480.0,157570.0,157390.0,157440.0,89141,5,363546
WIN$D,M15,1721142000,157440.0,157585.0,157410.0,157565.0,77984,5,306252
WIN$D,M15,1721142900,157565.0,157685.0,157525.0,157635.0,85394,5,349046
WIN$D,M15,1721143800,157635.0,157645.0,157460.0,157485.0,70857,5,293392
WIN$D,M15,1721144700,157485.0,157485.0,157290.0,157355.0,86312,5,355204
WIN$D,M15,1721145600,157350.0,157420.0,157305.0,157405.0,64827,5,264593
WIN$D,M15,1721146500,157405.0,157475.0,157355.0,157445.0,56040,5,237984
WIN$D,M15,1721147400,157440.0,157475.0,157340.0,157395.0,49999,5,210739
WIN$D,M15,1721148300,157395.0,157500.0,157355.0,157455.0,45881,5,185650
WIN$D,M15,1721149200,157455.0,157495.0,157445.0,157480.0,27503,5,119516
WIN$D,M15,1721150100,157485.0,157585.0,157480.0,157555.0,31160,5,135946
WIN$D,M15,1721151000,157555.0,157580.0,157510.0,157525.0,20110,5,85651
WIN$D,M15,1721151900,157525.0,157580.0,157520.0,157555.0,14840,5,52977
WIN$D,M15,1721152800,157555.0,157570.0,157535.0,157570.0,13941,5,37570
WIN$D,M15,1721153700,157560.0,157650.0,157545.0,157640.0,18458,5,55106
WIN$D,M15,1721206800,157285.0,157355.0,157140.0,157245.0,172968,5,588284
WIN$D,M15,1721207700,157250.0,157285.0,157095.0,157195.0,128345,5,465450
WIN$D,M15,1721208600,157195.0,157295.0,157160.0,157255.0,99608,5,333799
WIN$D,M15,1721209500,157260.0,157435.0,157215.0,157350.0,144524,5,497864
WIN$D,M15,1721210400,157350.0,157405.0,157260.0,157345.0,139318,5,481446
WIN$D,M15,1721211300,157345.0,157425.0,156975.0,157030.0,264679,5,958509
WIN$D,M15,1721212200,157030.0,157505.0,157020.0,157495.0,316383,5,1129473
WIN$D,M15,1721213100,157495.0,157665.0,157300.0,157540.0,264233,5,948160
WIN$D,M15,1721214000,157540.0,157580.0,157205.0,157415.0,265194,5,970229
WIN$D,M15,1721214900,157410.0,157625.0,157395.0,157610.0,137470,5,499293
WIN$D,M15,1721215800,157610.0,157800.0,157550.0,157795.0,168393,5,626162
WIN$D,M15,1721216700,157790.0,157830.0,157655.0,157670.0,121385,5,464158
WIN$D,M15,1721217600,157665.0,157805.0,157625.0,157745.0,100447,5,377854
WIN$D,M15,1721218500,157740.0,157900.0,157660.0,157665.0,121216,5,452150
WIN$D,M15,1721219400,157660.0,157700.0,157545.0,157645.0,103699,5,409247
WIN$D,M15,1721220300,157640.0,157660.0,157550.0,157635.0,63104,5,232185
WIN$D,M15,1721221200,157630.0,157690.0,157480.0,157480.0,75006,5,288343
WIN$D,M15,1721222100,157485.0,157570.0,157440.0,157460.0,72855,5,284186
WIN$D,M15,1721223000,157465.0,157615.0,157450.0,157505.0,72446,5,280041
WIN$D,M15,1721223900,157505.0,157735.0,157465.0,157720.0,89826,5,352971
WIN$D,M15,1721224800,157720.0,157785.0,157600.0,157765.0,103572,5,394486
WIN$D,M15,1721225700,157760.0,157830.0,157695.0,157775.0,82586,5,299669
WIN$D,M15,1721226600,157775.0,157860.0,157740.0,157845.0,82140,5,298866
WIN$D,M15,1721227500,157840.0,157885.0,157680.0,157695.0,80929,5,299823
WIN$D,M15,1721228400,157700.0,157850.0,157600.0,157775.0,111422,5,439542
WIN$D,M15,1721229300,157775.0,157880.0,157760.0,157840.0,63353,5,234324
WIN$D,M15,1721230200,157845.0,157880.0,157780.0,157800.0,54745,5,199643
WIN$D,M15,1721231100,157805.0,157845.0,157740.0,157780.0,57795,5,219681
WIN$D,M15,1721232000,157775.0,157820.0,157695.0,157770.0,66491,5,276737
WIN$D,M15,1721232900,157770.0,157830.0,157715.0,157770.0,51653,5,214193
WIN$D,M15,1721233800,157775.0,157825.0,157745.0,157810.0,36934,5,168704
WIN$D,M15,1721234700,157805.0,157830.0,157675.0,157680.0,50615,5,226460
WIN$D,M15,1721235600,157680.0,157685.0,157600.0,157665.0,54281,5,232943
WIN$D,M15,1721236500,157665.0,157695.0,157625.0,157660.0,28079,5,114597
WIN$D,M15,1721237400,157660.0,157725.0,157650.0,157700.0,26362,5,103976
WIN$D,M15,1721238300,157695.0,157785.0,157660.0,157750.0,24056,5,91055
WIN$D,M15,1721239200,157755.0,157760.0,157715.0,157735.0,19716,5,49146
WIN$D,M15,1721240100,157730.0,157780.0,157570.0,157620.0,16857,5,58139
WIN$D,M15,1721293200,157530.0,157770.0,157505.0,157525.0,172671,5,563676
WIN$D,M15,1721294100,157520.0,157585.0,157380.0,157445.0,118018,5,417397
WIN$D,M15,1721295000,157445.0,157500.0,157330.0,157380.0,123163,5,410703
WIN$D,M15,1721295900,157380.0,157425.0,157240.0,157270.0,122344,5,421956
WIN$D,M15,1721296800,157270.0,157365.0,157145.0,157345.0,214979,5,727439
WIN$D,M15,1721297700,157340.0,157415.0,156885.0,156930.0,309965,5,1074775
WIN$D,M15,1721298600,156925.0,157100.0,156790.0,156985.0,274069,5,934321
WIN$D,M15,1721299500,156985.0,157130.0,156830.0,156915.0,195033,5,665554
WIN$D,M15,1721300400,156915.0,156990.0,156625.0,156750.0,236163,5,838906
WIN$D,M15,1721301300,156755.0,156830.0,156580.0,156595.0,153857,5,573835
WIN$D,M15,1721302200,156590.0,156795.0,156525.0,156580.0,196952,5,754759
WIN$D,M15,1721303100,156580.0,156635.0,156450.0,156515.0,162915,5,598307
WIN$D,M15,1721304000,156510.0,156615.0,156395.0,156465.0,128306,5,473702
WIN$D,M15,1721304900,156465.0,156555.0,156410.0,156435.0,100392,5,390828
WIN$D,M15,1721305800,156435.0,156465.0,156345.0,156435.0,92508,5,360309
WIN$D,M15,1721306700,156435.0,156475.0,156375.0,156450.0,69745,5,247823
WIN$D,M15,1721307600,156445.0,156510.0,156410.0,156445.0,61542,5,232934
WIN$D,M15,1721308500,156445.0,156450.0,156170.0,156245.0,142210,5,575869
WIN$D,M15,1721309400,156245.0,156335.0,156205.0,156320.0,76444,5,273105
WIN$D,M15,1721310300,156325.0,156325.0,156175.0,156265.0,87497,5,348345
WIN$D,M15,1721311200,156270.0,156270.0,156040.0,156110.0,117245,5,474191
WIN$D,M15,1721312100,156115.0,156200.0,156070.0,156145.0,71532,5,263178
WIN$D,M15,1721313000,156140.0,156190.0,156090.0,156135.0,57488,5,210962
WIN$D,M15,1721313900,156135.0,156200.0,156095.0,156145.0,58575,5,221447
WIN$D,M15,1721314800,156145.0,156155.0,155790.0,155840.0,175490,5,737839
WIN$D,M15,1721315700,155840.0,155955.0,155820.0,155925.0,91651,5,364152
WIN$D,M15,1721316600,155930.0,155940.0,155800.0,155870.0,81721,5,334757
WIN$D,M15,1721317500,155870.0,155940.0,155805.0,155925.0,62941,5,257809
WIN$D,M15,1721318400,155920.0,155935.0,155735.0,155805.0,78674,5,342690
WIN$D,M15,1721319300,155805.0,155830.0,155755.0,155805.0,62954,5,247353
WIN$D,M15,1721320200,155800.0,155825.0,155685.0,155730.0,62895,5,269665
WIN$D,M15,1721321100,155730.0,155835.0,155725.0,155765.0,73755,5,326281
WIN$D,M15,1721322000,155770.0,155905.0,155760.0,155845.0,67276,5,319424
WIN$D,M15,1721322900,155840.0,155850.0,155790.0,155820.0,24377,5,115988
WIN$D,M15,1721323800,155815.0,155850.0,155745.0,155745.0,26305,5,133047
WIN$D,M15,1721324700,155745.0,156400.0,155745.0,156245.0,155570,5,639256
WIN$D,M15,1721325600,156245.0,156445.0,156210.0,156330.0,62172,5,163324
WIN$D,M15,1721326500,156330.0,156555.0,156320.0,156555.0,34444,5,114952
WIN$D,M15,1721379600,156345.0,156660.0,155975.0,156020.0,157797,5,523847
WIN$D,M15,1721380500,156020.0,156170.0,155835.0,155945.0,104393,5,357899
WIN$D,M15,1721381400,155940.0,156170.0,155910.0,155945.0,92311,5,283608
WIN$D,M15,1721382300,155940.0,156150.0,155895.0,155990.0,86107,5,271436
WIN$D,M15,1721383200,155990.0,156210.0,155915.0,156180.0,145053,5,456932
WIN$D,M15,1721384100,156180.0,156555.0,156110.0,156525.0,168861,5,547377
WIN$D,M15,1721385000,156525.0,156585.0,156200.0,156370.0,169792,5,546096
WIN$D,M15,1721385900,156365.0,156425.0,156185.0,156305.0,102254,5,318900
WIN$D,M15,1721386800,156305.0,156530.0,156240.0,156375.0,84992,5,281131
WIN$D,M15,1721387700,156375.0,156395.0,156185.0,156265.0,98848,5,313937
WIN$D,M15,1721388600,156265.0,156280.0,156090.0,156155.0,105838,5,332219
WIN$D,M15,1721389500,156160.0,156220.0,155930.0,156095.0,92157,5,313952
WIN$D,M15,1721390400,156100.0,156165.0,155910.0,155990.0,74248,5,273977
WIN$D,M15,1721391300,155990.0,156200.0,155840.0,155840.0,94983,5,366518
WIN$D,M15,1721392200,155845.0,155955.0,155780.0,155910.0,78565,5,314788
WIN$D,M15,1721393100,155910.0,156050.0,155890.0,156005.0,60526,5,233616
WIN$D,M15,1721394000,156000.0,156085.0,155980.0,156015.0,48483,5,188188
WIN$D,M15,1721394900,156010.0,156025.0,155920.0,155985.0,50612,5,192006
WIN$D,M15,1721395800,155985.0,156075.0,155935.0,155955.0,70118,5,297626
WIN$D,M15,1721396700,155960.0,156065.0,155935.0,156035.0,42518,5,180700
WIN$D,M15,1721397600,156040.0,156135.0,155985.0,156110.0,53783,5,225154
WIN$D,M15,1721398500,156110.0,156185.0,156005.0,156015.0,74806,5,310481
WIN$D,M15,1721399400,156015.0,156110.0,155880.0,156030.0,98093,5,413916
WIN$D,M15,1721400300,156030.0,156075.0,155970.0,156045.0,47509,5,190174
WIN$D,M15,1721401200,156045.0,156050.0,155870.0,155925.0,73649,5,305688
WIN$D,M15,1721402100,155925.0,155960.0,155805.0,155875.0,70975,5,289309
WIN$D,M15,1721403000,155875.0,155905.0,155635.0,155655.0,91106,5,381045
WIN$D,M15,1721403900,155660.0,155710.0,155550.0,155585.0,94013,5,404810
WIN$D,M15,1721404800,155585.0,155710.0,155570.0,155670.0,64836,5,269018
WIN$D,M15,1721405700,155670.0,155775.0,155645.0,155710.0,66827,5,295524
WIN$D,M15,1721406600,155710.0,155755.0,155635.0,155700.0,54185,5,221593
WIN$D,M15,1721407500,155695.0,155760.0,155650.0,155740.0,46844,5,203354
WIN$D,M15,1721408400,155740.0,155800.0,155625.0,155635.0,51992,5,250493
WIN$D,M15,1721409300,155635.0,155705.0,155610.0,155665.0,29047,5,133160
WIN$D,M15,1721410200,155665.0,155685.0,155635.0,155660.0,15573,5,69883
WIN$D,M15,1721411100,155655.0,155670.0,155615.0,155645.0,15089,5,62620
WIN$D,M15,1721412000,155640.0,155650.0,155460.0,155485.0,43628,5,106012
WIN$D,M15,1721412900,155480.0,155510.0,155205.0,155205.0,23628,5,74904
WIN$D,M15,1721638800,155705.0,155900.0,155440.0,155730.0,251276,5,794368
WIN$D,M15,1721639700,155730.0,155845.0,155670.0,155760.0,136204,5,425446
WIN$D,M15,1721640600,155760.0,155775.0,155565.0,155570.0,136362,5,406751
WIN$D,M15,1721641500,155565.0,155685.0,155480.0,155665.0,121482,5,365713
WIN$D,M15,1721642400,155665.0,155955.0,155585.0,155800.0,253623,5,812631
WIN$D,M15,1721643300,155800.0,155935.0,155730.0,155885.0,174096,5,622353
WIN$D,M15,1721644200,155885.0,155995.0,155730.0,155840.0,233137,5,828012
WIN$D,M15,1721645100,155840.0,155870.0,155485.0,155600.0,219620,5,779325
WIN$D,M15,1721646000,155595.0,155995.0,155515.0,155975.0,230511,5,845077
WIN$D,M15,1721646900,155975.0,156005.0,155860.0,155965.0,118358,5,423389
WIN$D,M15,1721647800,155960.0,156165.0,155900.0,156020.0,167709,5,640227
WIN$D,M15,1721648700,156015.0,156150.0,155945.0,156150.0,127219,5,489473
WIN$D,M15,1721649600,156145.0,156150.0,155965.0,156080.0,104300,5,389764
WIN$D,M15,1721650500,156080.0,156080.0,155765.0,155775.0,104967,5,413730
WIN$D,M15,1721651400,155780.0,156070.0,155770.0,156035.0,109345,5,459416
WIN$D,M15,1721652300,156035.0,156215.0,156010.0,156130.0,100942,5,397720
WIN$D,M15,1721653200,156130.0,156190.0,156045.0,156120.0,73901,5,280848
WIN$D,M15,1721654100,156115.0,156180.0,156040.0,156075.0,62672,5,250582
WIN$D,M15,1721655000,156075.0,156195.0,156005.0,156130.0,67591,5,262248
WIN$D,M15,1721655900,156130.0,156205.0,156080.0,156155.0,54788,5,213535
WIN$D,M15,1721656800,156160.0,156255.0,156105.0,156145.0,75671,5,321163
WIN$D,M15,1721657700,156145.0,156180.0,156095.0,156150.0,44925,5,178173
WIN$D,M15,1721658600,156155.0,156230.0,156135.0,156140.0,57355,5,234102
WIN$D,M15,1721659500,156145.0,156240.0,156120.0,156140.0,51450,5,208934
WIN$D,M15,1721660400,156135.0,156180.0,156075.0,156105.0,55250,5,217005
WIN$D,M15,1721661300,156100.0,156165.0,156065.0,156080.0,47734,5,199697
WIN$D,M15,1721662200,156080.0,156115.0,155940.0,155990.0,70292,5,283012
WIN$D,M15,1721663100,155990.0,156100.0,155955.0,156015.0,66377,5,280302
WIN$D,M15,1721664000,156010.0,156045.0,155940.0,155940.0,47768,5,194443
WIN$D,M15,1721664900,155945.0,156010.0,155905.0,155975.0,51831,5,213945
WIN$D,M15,1721665800,155970.0,156085.0,155960.0,156055.0,55261,5,238086
WIN$D,M15,1721666700,156055.0,156090.0,156005.0,156030.0,39539,5,170216
WIN$D,M15,1721667600,156030.0,156045.0,155960.0,156035.0,37467,5,164620
WIN$D,M15,1721668500,156035.0,156070.0,156020.0,156060.0,17130,5,76969
WIN$D,M15,1721669400,156055.0,156065.0,156005.0,156040.0,18194,5,77297
WIN$D,M15,1721670300,156040.0,156045.0,155995.0,156035.0,12935,5,50487
WIN$D,M15,1721671200,156035.0,156050.0,156015.0,156050.0,11688,5,33925
WIN$D,M15,1721672100,156040.0,156150.0,156035.0,156100.0,19855,5,61798
WIN$D,M15,1721725200,155770.0,155810.0,155555.0,155740.0,158267,5,534525
WIN$D,M15,1721726100,155740.0,155800.0,155560.0,155590.0,153469,5,569181
WIN$D,M15,1721727000,155585.0,155610.0,155500.0,155580.0,112251,5,385817
WIN$D,M15,1721727900,155585.0,155595.0,155500.0,155565.0,83675,5,295764
WIN$D,M15,1721728800,155560.0,155580.0,155280.0,155300.0,197431,5,780521
WIN$D,M15,1721729700,155300.0,155415.0,155205.0,155260.0,180717,5,733245
WIN$D,M15,1721730600,155260.0,155335.0,154940.0,155060.0,264155,5,1031383
WIN$D,M15,1721731500,155060.0,155140.0,154945.0,155080.0,140777,5,542273
WIN$D,M15,1721732400,155080.0,155200.0,155025.0,155170.0,157842,5,595244
WIN$D,M15,1721733300,155170.0,155240.0,155115.0,155145.0,119932,5,498141
WIN$D,M15,1721734200,155145.0,155300.0,155035.0,155240.0,183398,5,750136
WIN$D,M15,1721735100,155245.0,155255.0,154990.0,155065.0,143453,5,555577
WIN$D,M15,1721736000,155065.0,155135.0,154960.0,155135.0,90456,5,354025
WIN$D,M15,1721736900,155140.0,155250.0,155045.0,155105.0,108328,5,444499
WIN$D,M15,1721737800,155110.0,155135.0,155025.0,155055.0,56782,5,239091
WIN$D,M15,1721738700,155055.0,155070.0,154975.0,155060.0,67098,5,261128
WIN$D,M15,1721739600,155060.0,155100.0,154965.0,155040.0,71884,5,294127
WIN$D,M15,1721740500,155035.0,155085.0,154830.0,154890.0,114065,5,467897
WIN$D,M15,1721741400,154890.0,154945.0,154860.0,154905.0,65900,5,269987
WIN$D,M15,1721742300,154900.0,154925.0,154840.0,154915.0,53682,5,218965
WIN$D,M15,1721743200,154920.0,154985.0,154775.0,154825.0,102648,5,422459
WIN$D,M15,1721744100,154820.0,154915.0,154720.0,154750.0,88418,5,365823
WIN$D,M15,1721745000,154745.0,154775.0,154660.0,154745.0,91372,5,369054
WIN$D,M15,1721745900,154745.0,154795.0,154645.0,154680.0,66680,5,297225
WIN$D,M15,1721746800,154685.0,154710.0,154610.0,154645.0,65922,5,303331
WIN$D,M15,1721747700,154645.0,154690.0,154570.0,154605.0,72824,5,324677
WIN$D,M15,1721748600,154605.0,154670.0,154580.0,154625.0,50462,5,225996
WIN$D,M15,1721749500,154625.0,154690.0,154590.0,154615.0,45341,5,197526
WIN$D,M15,1721750400,154615.0,154620.0,154525.0,154565.0,56164,5,257955
WIN$D,M15,1721751300,154565.0,154620.0,154535.0,154580.0,41225,5,185733
WIN$D,M15,1721752200,154575.0,154615.0,154530.0,154550.0,42908,5,190336
WIN$D,M15,1721753100,154550.0,154615.0,154515.0,154525.0,52350,5,244313
WIN$D,M15,1721754000,154525.0,154605.0,154520.0,154540.0,50409,5,239751
WIN$D,M15,1721754900,154535.0,154570.0,154515.0,154545.0,20545,5,103502
WIN$D,M15,1721755800,154540.0,154570.0,154530.0,154560.0,16754,5,88425
WIN$D,M15,1721756700,154560.0,154570.0,154150.0,154390.0,56558,5,233898
WIN$D,M15,1721757600,154385.0,154390.0,154115.0,154175.0,66570,5,160312
WIN$D,M15,1721758500,154170.0,154220.0,154005.0,154190.0,39769,5,108902
WIN$D,M15,1721811600,154310.0,154360.0,154185.0,154345.0,128836,5,419638
WIN$D,M15,1721812500,154350.0,154370.0,154185.0,154240.0,118350,5,435067
WIN$D,M15,1721813400,154245.0,154285.0,154160.0,154225.0,80224,5,300032
WIN$D,M15,1721814300,154225.0,154470.0,154205.0,154395.0,117869,5,418801
WIN$D,M15,1721815200,154395.0,154575.0,154360.0,154405.0,175442,5,678116
WIN$D,M15,1721816100,154405.0,154470.0,154150.0,154175.0,216708,5,871439
WIN$D,M15,1721817000,154180.0,154660.0,154170.0,154550.0,237542,5,901319
WIN$D,M15,1721817900,154550.0,154630.0,154220.0,154350.0,222552,5,862876
WIN$D,M15,1721818800,154345.0,154460.0,154270.0,154385.0,165206,5,636646
WIN$D,M15,1721819700,154385.0,154665.0,154320.0,154630.0,158538,5,621230
WIN$D,M15,1721820600,154630.0,154645.0,154475.0,154590.0,123878,5,466237
WIN$D,M15,1721821500,154595.0,154725.0,154490.0,154700.0,126319,5,494760
WIN$D,M15,1721822400,154700.0,154755.0,154615.0,154725.0,78202,5,305600
WIN$D,M15,1721823300,154720.0,154780.0,154580.0,154630.0,99740,5,388231
WIN$D,M15,1721824200,154635.0,154710.0,154600.0,154615.0,61254,5,238888
WIN$D,M15,1721825100,154615.0,154695.0,154570.0,154585.0,64115,5,251750
WIN$D,M15,1721826000,154580.0,154600.0,154435.0,154545.0,91140,5,360631
WIN$D,M15,1721826900,154540.0,154680.0,154540.0,154620.0,76939,5,315676
WIN$D,M15,1721827800,154620.0,154685.0,154575.0,154615.0,46951,5,191112
WIN$D,M15,1721828700,154610.0,154675.0,154505.0,154535.0,55711,5,229538
WIN$D,M15,1721829600,154535.0,154680.0,154490.0,154610.0,70857,5,292420
WIN$D,M15,1721830500,154610.0,154660.0,154500.0,154520.0,56382,5,228505
WIN$D,M15,1721831400,154520.0,154560.0,154455.0,154530.0,61751,5,268640
WIN$D,M15,1721832300,154525.0,154555.0,154375.0,154395.0,67692,5,281954
WIN$D,M15,1721833200,154395.0,154405.0,154225.0,154330.0,104312,5,457156
WIN$D,M15,1721834100,154330.0,154345.0,154165.0,154240.0,92999,5,398805
WIN$D,M15,1721835000,154240.0,154415.0,154235.0,154280.0,97296,5,426635
WIN$D,M15,1721835900,154280.0,154405.0,154275.0,154370.0,60027,5,266335
WIN$D,M15,1721836800,154370.0,154425.0,154280.0,154300.0,70010,5,309890
WIN$D,M15,1721837700,154300.0,154400.0,154255.0,154365.0,56608,5,244666
WIN$D,M15,1721838600,154365.0,154490.0,154340.0,154455.0,63272,5,289350
WIN$D,M15,1721839500,154455.0,154540.0,154390.0,154450.0,76928,5,358735
WIN$D,M15,1721840400,154450.0,154470.0,154365.0,154400.0,40440,5,195717
WIN$D,M15,1721841300,154405.0,154460.0,154380.0,154430.0,19760,5,93376
WIN$D,M15,1721842200,154430.0,154465.0,154390.0,154415.0,17972,5,88373
WIN$D,M15,1721843100,154415.0,154610.0,154395.0,154580.0,32069,5,133148
WIN$D,M15,1721844000,154575.0,154630.0,154545.0,154600.0,19932,5,63098
WIN$D,M15,1721844900,154595.0,154610.0,154510.0,154510.0,15543,5,58080
WIN$D,M15,1721898000,154050.0,154085.0,153650.0,153860.0,216163,5,721840
WIN$D,M15,1721898900,153860.0,154040.0,153820.0,153900.0,128277,5,471584
WIN$D,M15,1721899800,153900.0,153965.0,153745.0,153745.0,154847,5,505379
WIN$D,M15,1721900700,153750.0,154050.0,153720.0,153945.0,157665,5,532648
WIN$D,M15,1721901600,153945.0,154150.0,153815.0,154035.0,201222,5,697445
WIN$D,M15,1721902500,154030.0,154065.0,153630.0,153690.0,209146,5,761703
WIN$D,M15,1721903400,153690.0,153690.0,153490.0,153545.0,202533,5,758182
WIN$D,M15,1721904300,153545.0,153805.0,153530.0,153750.0,213418,5,755071
WIN$D,M15,1721905200,153750.0,153840.0,153630.0,153800.0,187363,5,656866
WIN$D,M15,1721906100,153800.0,154005.0,153780.0,153910.0,152360,5,548684
WIN$D,M15,1721907000,153910.0,153950.0,153620.0,153660.0,136529,5,509854
WIN$D,M15,1721907900,153655.0,153885.0,153605.0,153880.0,115514,5,430854
WIN$D,M15,1721908800,153880.0,153930.0,153820.0,153865.0,83948,5,322570
WIN$D,M15,1721909700,153865.0,153955.0,153820.0,153870.0,75977,5,288422
WIN$D,M15,1721910600,153870.0,153985.0,153840.0,153930.0,68307,5,266992
WIN$D,M15,1721911500,153935.0,154000.0,153880.0,153920.0,58701,5,231512
WIN$D,M15,1721912400,153915.0,153935.0,153710.0,153870.0,93554,5,358690
WIN$D,M15,1721913300,153870.0,154105.0,153860.0,154040.0,93569,5,363638
WIN$D,M15,1721914200,154040.0,154075.0,153990.0,154025.0,56308,5,208378
WIN$D,M15,1721915100,154025.0,154145.0,154025.0,154090.0,66552,5,252138
WIN$D,M15,1721916000,154090.0,154180.0,154010.0,154015.0,85574,5,341103
WIN$D,M15,1721916900,154015.0,154055.0,153840.0,153920.0,100917,5,394860
WIN$D,M15,1721917800,153920.0,154055.0,153890.0,154035.0,73453,5,279528
WIN$D,M15,1721918700,154035.0,154100.0,153970.0,154090.0,57831,5,216666
WIN$D,M15,1721919600,154090.0,154130.0,153970.0,154010.0,86181,5,339635
WIN$D,M15,1721920500,154005.0,154025.0,153815.0,153865.0,99887,5,387627
WIN$D,M15,1721921400,153865.0,153955.0,153800.0,153845.0,77858,5,289727
WIN$D,M15,1721922300,153845.0,153895.0,153770.0,153870.0,66332,5,264432
WIN$D,M15,1721923200,153865.0,153970.0,153860.0,153955.0,51970,5,199606
WIN$D,M15,1721924100,153950.0,154030.0,153920.0,154005.0,54070,5,210031
WIN$D,M15,1721925000,154010.0,154020.0,153890.0,154000.0,58761,5,229697
WIN$D,M15,1721925900,154000.0,154030.0,153890.0,153895.0,53505,5,214653
WIN$D,M15,1721926800,153895.0,153920.0,153815.0,153910.0,49649,5,194488
WIN$D,M15,1721927700,153905.0,153980.0,153890.0,153975.0,34598,5,145251
WIN$D,M15,1721928600,153975.0,153980.0,153865.0,153895.0,27761,5,114395
WIN$D,M15,1721929500,153900.0,153925.0,153870.0,153905.0,13848,5,55461
WIN$D,M15,1721930400,153905.0,153920.0,153890.0,153905.0,7193,5,26631
WIN$D,M15,1721931300,153900.0,153910.0,153845.0,153905.0,9006,5,35742
WIN$D,M15,1721984400,154405.0,154405.0,154170.0,154185.0,138804,5,464274
WIN$D,M15,1721985300,154185.0,154205.0,154065.0,154110.0,91321,5,315815
WIN$D,M15,1721986200,154110.0,154200.0,153990.0,154050.0,147089,5,523925
WIN$D,M15,1721987100,154050.0,154175.0,154040.0,154165.0,99843,5,343767
WIN$D,M15,1721988000,154165.0,154220.0,154075.0,154110.0,156505,5,572104
WIN$D,M15,1721988900,154110.0,154135.0,153925.0,153965.0,187152,5,679064
WIN$D,M15,1721989800,153970.0,154105.0,153905.0,154075.0,182517,5,674650
WIN$D,M15,1721990700,154075.0,154195.0,154005.0,154135.0,127358,5,476996
WIN$D,M15,1721991600,154135.0,154355.0,154065.0,154260.0,182554,5,686782
WIN$D,M15,1721992500,154265.0,154395.0,154190.0,154365.0,136123,5,506470
WIN$D,M15,1721993400,154365.0,154510.0,154250.0,154475.0,194990,5,742155
WIN$D,M15,1721994300,154475.0,154515.0,154375.0,154420.0,108400,5,414113
WIN$D,M15,1721995200,154415.0,154685.0,154415.0,154550.0,131942,5,552096
WIN$D,M15,1721996100,154550.0,154675.0,154515.0,154605.0,76919,5,292608
WIN$D,M15,1721997000,154610.0,154755.0,154540.0,154725.0,97220,5,370059
WIN$D,M15,1721997900,154730.0,154800.0,154695.0,154770.0,59579,5,234183
WIN$D,M15,1721998800,154770.0,154905.0,154760.0,154895.0,70476,5,283031
WIN$D,M15,1721999700,154895.0,154970.0,154855.0,154945.0,61395,5,252272
WIN$D,M15,1722000600,154950.0,155000.0,154910.0,154990.0,65665,5,259602
WIN$D,M15,1722001500,154990.0,155125.0,154960.0,155095.0,78700,5,340820
WIN$D,M15,1722002400,155095.0,155155.0,155060.0,155110.0,67837,5,286193
WIN$D,M15,1722003300,155110.0,155295.0,155090.0,155220.0,93786,5,419593
WIN$D,M15,1722004200,155215.0,155235.0,155080.0,155195.0,87226,5,354628
WIN$D,M15,1722005100,155200.0,155230.0,155125.0,155200.0,58595,5,227982
WIN$D,M15,1722006000,155195.0,155575.0,155180.0,155500.0,123381,5,566797
WIN$D,M15,1722006900,155500.0,155605.0,155480.0,155495.0,96255,5,408096
WIN$D,M15,1722007800,155495.0,155540.0,155350.0,155405.0,82058,5,332370
WIN$D,M15,1722008700,155405.0,155425.0,155315.0,155375.0,71628,5,306464
WIN$D,M15,1722009600,155370.0,155470.0,155300.0,155415.0,72206,5,315488
WIN$D,M15,1722010500,155410.0,155500.0,155365.0,155450.0,50236,5,228401
WIN$D,M15,1722011400,155445.0,155500.0,155370.0,155490.0,64184,5,284310
WIN$D,M15,1722012300,155490.0,155555.0,155450.0,155475.0,58326,5,278123
WIN$D,M15,1722013200,155480.0,155515.0,155420.0,155490.0,42978,5,206319
WIN$D,M15,1722014100,155495.0,155545.0,155475.0,155505.0,21651,5,112910
WIN$D,M15,1722015000,155505.0,155520.0,155480.0,155505.0,15840,5,85890
WIN$D,M15,1722015900,155510.0,155545.0,155465.0,155520.0,20450,5,102160
WIN$D,M15,1722016800,155520.0,155585.0,155515.0,155540.0,20372,5,69441
WIN$D,M15,1722017700,155540.0,155680.0,155480.0,155535.0,21097,5,87073
WIN$D,M15,1722243600,155420.0,155480.0,155210.0,155480.0,157957,5,510249
WIN$D,M15,1722244500,155480.0,155625.0,155445.0,155470.0,127148,5,459262
WIN$D,M15,1722245400,155475.0,155540.0,155420.0,155520.0,89855,5,326645
WIN$D,M15,1722246300,155520.0,155520.0,155340.0,155380.0,84934,5,312477
WIN$D,M15,1722247200,155385.0,155490.0,155325.0,155470.0,148706,5,585594
WIN$D,M15,1722248100,155470.0,155480.0,155090.0,155150.0,190707,5,763736
WIN$D,M15,1722249000,155145.0,155265.0,154875.0,154935.0,242801,5,959881
WIN$D,M15,1722249900,154935.0,155025.0,154735.0,154800.0,161805,5,619193
WIN$D,M15,1722250800,154800.0,154860.0,154745.0,154810.0,103738,5,392670
WIN$D,M15,1722251700,154810.0,154850.0,154630.0,154675.0,118471,5,475430
WIN$D,M15,1722252600,154670.0,154715.0,154565.0,154610.0,126072,5,513663
WIN$D,M15,1722253500,154610.0,154645.0,154445.0,154510.0,113304,5,483649
WIN$D,M15,1722254400,154510.0,154585.0,154475.0,154520.0,76388,5,318266
WIN$D,M15,1722255300,154520.0,154610.0,154510.0,154590.0,63113,5,270563
WIN$D,M15,1722256200,154595.0,154610.0,154425.0,154475.0,86677,5,366283
WIN$D,M15,1722257100,154480.0,154580.0,154470.0,154575.0,67197,5,275509
WIN$D,M15,1722258000,154575.0,154675.0,154535.0,154605.0,81890,5,339539
WIN$D,M15,1722258900,154605.0,154640.0,154550.0,154615.0,43374,5,181304
WIN$D,M15,1722259800,154615.0,154645.0,154575.0,154630.0,40176,5,170095
WIN$D,M15,1722260700,154635.0,154770.0,154625.0,154675.0,88452,5,381128
WIN$D,M15,1722261600,154675.0,154675.0,154530.0,154610.0,80290,5,334919
WIN$D,M15,1722262500,154615.0,154670.0,154570.0,154575.0,51467,5,205413
WIN$D,M15,1722263400,154580.0,154665.0,154545.0,154660.0,53490,5,215681
WIN$D,M15,1722264300,154660.0,154865.0,154655.0,154800.0,101898,5,443038
WIN$D,M15,1722265200,154800.0,154855.0,154730.0,154735.0,73518,5,291080
WIN$D,M15,1722266100,154740.0,154785.0,154670.0,154695.0,66141,5,276388
WIN$D,M15,1722267000,154695.0,154735.0,154665.0,154700.0,43760,5,174032
WIN$D,M15,1722267900,154700.0,154815.0,154675.0,154795.0,53581,5,225363
WIN$D,M15,1722268800,154800.0,154860.0,154745.0,154830.0,69394,5,300177
WIN$D,M15,1722269700,154830.0,154885.0,154785.0,154850.0,49237,5,207755
WIN$D,M15,1722270600,154855.0,154895.0,154820.0,154875.0,42556,5,185886
WIN$D,M15,1722271500,154880.0,154950.0,154865.0,154905.0,54344,5,262813
WIN$D,M15,1722272400,154900.0,154950.0,154820.0,154830.0,47341,5,223583
WIN$D,M15,1722273300,154830.0,154895.0,154825.0,154875.0,28219,5,127483
WIN$D,M15,1722274200,154870.0,154990.0,154865.0,154980.0,28405,5,129496
WIN$D,M15,1722275100,154980.0,155045.0,154970.0,154995.0,26757,5,120281
WIN$D,M15,1722276000,154995.0,155060.0,154980.0,155045.0,15121,5,57234
WIN$D,M15,1722276900,155040.0,155135.0,155035.0,155100.0,15283,5,64580
WIN$D,M15,1722330000,154825.0,154970.0,154645.0,154720.0,127453,5,446285
WIN$D,M15,1722330900,154720.0,154765.0,154535.0,154560.0,118542,5,430578
WIN$D,M15,1722331800,154560.0,154565.0,154460.0,154500.0,78435,5,303090
WIN$D,M15,1722332700,154495.0,154515.0,154270.0,154305.0,128543,5,502766
WIN$D,M15,1722333600,154310.0,154375.0,154200.0,154360.0,148266,5,587165
WIN$D,M15,1722334500,154355.0,154410.0,154125.0,154175.0,195894,5,778070
WIN$D,M15,1722335400,154175.0,154215.0,154025.0,154150.0,163508,5,648517
WIN$D,M15,1722336300,154150.0,154210.0,154060.0,154165.0,104573,5,383186
WIN$D,M15,1722337200,154165.0,154190.0,153980.0,154075.0,148814,5,563109
WIN$D,M15,1722338100,154075.0,154290.0,154050.0,154145.0,154079,5,607470
WIN$D,M15,1722339000,154145.0,154285.0,154005.0,154250.0,153504,5,616859
WIN$D,M15,1722339900,154250.0,154370.0,154175.0,154195.0,117255,5,468968
WIN$D,M15,1722340800,154195.0,154205.0,153940.0,154050.0,142645,5,591432
WIN$D,M15,1722341700,154055.0,154080.0,153940.0,153965.0,75852,5,305236
WIN$D,M15,1722342600,153970.0,154015.0,153910.0,153990.0,67337,5,283697
WIN$D,M15,1722343500,153985.0,154010.0,153940.0,153950.0,38873,5,158466
WIN$D,M15,1722344400,153950.0,154005.0,153935.0,153990.0,38389,5,154694
WIN$D,M15,1722345300,153985.0,154000.0,153920.0,153970.0,38682,5,158897
WIN$D,M15,1722346200,153970.0,154080.0,153955.0,154035.0,63923,5,255351
WIN$D,M15,1722347100,154030.0,154060.0,153845.0,153860.0,87105,5,359896
WIN$D,M15,1722348000,153865.0,153900.0,153730.0,153895.0,116442,5,488774
WIN$D,M15,1722348900,153895.0,153945.0,153820.0,153870.0,77867,5,309798
WIN$D,M15,1722349800,153870.0,153925.0,153810.0,153895.0,65767,5,262008
WIN$D,M15,1722350700,153890.0,153955.0,153870.0,153935.0,57284,5,231970
WIN$D,M15,1722351600,153935.0,153995.0,153910.0,153965.0,47991,5,188686
WIN$D,M15,1722352500,153965.0,154025.0,153915.0,153945.0,56201,5,227335
WIN$D,M15,1722353400,153945.0,154045.0,153925.0,154010.0,50216,5,211725
WIN$D,M15,1722354300,154010.0,154060.0,153985.0,154040.0,40206,5,171744
WIN$D,M15,1722355200,154040.0,154070.0,154010.0,154065.0,32330,5,140104
WIN$D,M15,1722356100,154060.0,154095.0,154025.0,154080.0,40688,5,187870
WIN$D,M15,1722357000,154080.0,154140.0,154055.0,154130.0,41687,5,190142
WIN$D,M15,1722357900,154130.0,154190.0,154090.0,154105.0,63552,5,295619
WIN$D,M15,1722358800,154100.0,154135.0,153935.0,154040.0,93934,5,426846
WIN$D,M15,1722359700,154035.0,154135.0,154035.0,154095.0,42259,5,193366
WIN$D,M15,1722360600,154095.0,154170.0,154095.0,154150.0,31528,5,150812
WIN$D,M15,1722361500,154155.0,154180.0,154110.0,154175.0,23261,5,101273
WIN$D,M15,1722362400,154170.0,154220.0,154135.0,154175.0,23292,5,79005
WIN$D,M15,1722363300,154180.0,154280.0,154130.0,154215.0,14823,5,56541
WIN$D,M15,1722416400,154705.0,154945.0,154585.0,154665.0,180428,5,601618
WIN$D,M15,1722417300,154665.0,154755.0,154405.0,154520.0,141525,5,508202
WIN$D,M15,1722418200,154520.0,154615.0,154360.0,154440.0,121645,5,432348
WIN$D,M15,1722419100,154435.0,154605.0,154405.0,154595.0,90637,5,313197
WIN$D,M15,1722420000,154595.0,154960.0,154485.0,154935.0,229637,5,835224
WIN$D,M15,1722420900,154930.0,155010.0,154655.0,155005.0,191041,5,723665
WIN$D,M15,1722421800,155005.0,155355.0,154965.0,155205.0,204215,5,830172
WIN$D,M15,1722422700,155210.0,155320.0,154880.0,154915.0,166011,5,614725
WIN$D,M15,1722423600,154920.0,155235.0,154900.0,155080.0,142599,5,559575
WIN$D,M15,1722424500,155080.0,155155.0,155035.0,155130.0,94201,5,391434
WIN$D,M15,1722425400,155130.0,155140.0,154960.0,155020.0,86411,5,338194
WIN$D,M15,1722426300,155020.0,155065.0,154890.0,154970.0,93116,5,361351
WIN$D,M15,1722427200,154975.0,155010.0,154925.0,154975.0,52231,5,204278
WIN$D,M15,1722428100,154975.0,155170.0,154965.0,155060.0,69243,5,264500
WIN$D,M15,1722429000,155065.0,155090.0,154965.0,155040.0,70493,5,285272
WIN$D,M15,1722429900,155040.0,155105.0,155020.0,155095.0,38784,5,157064
WIN$D,M15,1722430800,155095.0,155320.0,155085.0,155315.0,73305,5,298414
WIN$D,M15,1722431700,155315.0,155400.0,155285.0,155330.0,70983,5,296436
WIN$D,M15,1722432600,155335.0,155435.0,155310.0,155390.0,58056,5,246563
WIN$D,M15,1722433500,155395.0,155545.0,155390.0,155480.0,74996,5,326211
WIN$D,M15,1722434400,155480.0,155540.0,155395.0,155395.0,60085,5,251876
WIN$D,M15,1722435300,155395.0,155420.0,155265.0,155275.0,59240,5,255904
WIN$D,M15,1722436200,155270.0,155280.0,155170.0,155230.0,70591,5,307201
WIN$D,M15,1722437100,155225.0,155340.0,155200.0,155250.0,48741,5,198632
WIN$D,M15,1722438000,155250.0,155290.0,155045.0,155105.0,124649,5,478931
WIN$D,M15,1722438900,155105.0,155220.0,155040.0,155195.0,70624,5,270376
WIN$D,M15,1722439800,155195.0,155430.0,155155.0,155390.0,139463,5,554227
WIN$D,M15,1722440700,155390.0,155575.0,155270.0,155515.0,116249,5,474230
WIN$D,M15,1722441600,155515.0,155600.0,155450.0,155530.0,98067,5,406860
WIN$D,M15,1722442500,155530.0,155595.0,155180.0,155180.0,119714,5,520746
WIN$D,M15,1722443400,155180.0,155325.0,155070.0,155275.0,122962,5,505097
WIN$D,M15,1722444300,155275.0,155365.0,155130.0,155295.0,107467,5,462689
WIN$D,M15,1722445200,155290.0,155495.0,155285.0,155435.0,75189,5,328570
WIN$D,M15,1722446100,155440.0,155480.0,155385.0,155460.0,29212,5,122181
WIN$D,M15,1722447000,155460.0,155545.0,155425.0,155525.0,26548,5,123236
WIN$D,M15,1722447900,155525.0,155530.0,155460.0,155500.0,17320,5,66162
WIN$D,M15,1722448800,155500.0,155530.0,155455.0,155460.0,14269,5,42292
WIN$D,M15,1722449700,155455.0,155500.0,155310.0,155410.0,18692,5,64134
WIN$D,M15,1722502800,155285.0,155475.0,155020.0,155390.0,188019,5,629734
WIN$D,M15,1722503700,155390.0,155635.0,155350.0,155575.0,158884,5,558705
WIN$D,M15,1722504600,155575.0,155780.0,155550.0,155755.0,136193,5,453175
WIN$D,M15,1722505500,155750.0,155940.0,155725.0,155860.0,109226,5,413704
WIN$D,M15,1722506400,155865.0,156155.0,155825.0,156040.0,188555,5,739086
WIN$D,M15,1722507300,156035.0,156305.0,155990.0,156185.0,186912,5,791552
WIN$D,M15,1722508200,156185.0,156405.0,156165.0,156320.0,151762,5,621202
WIN$D,M15,1722509100,156325.0,156405.0,156215.0,156345.0,142491,5,538255
WIN$D,M15,1722510000,156345.0,156630.0,156145.0,156320.0,229301,5,889013
WIN$D,M15,1722510900,156315.0,156355.0,156055.0,156100.0,168381,5,667015
WIN$D,M15,1722511800,156100.0,156125.0,155985.0,156020.0,97438,5,400108
WIN$D,M15,1722512700,156015.0,156135.0,155940.0,155960.0,118519,5,496221
WIN$D,M15,1722513600,155965.0,155980.0,155700.0,155785.0,128955,5,560039
WIN$D,M15,1722514500,155790.0,155885.0,155700.0,155780.0,94144,5,406219
WIN$D,M15,1722515400,155780.0,155855.0,155685.0,155700.0,96980,5,421567
WIN$D,M15,1722516300,155700.0,155720.0,155445.0,155455.0,124958,5,528477
WIN$D,M15,1722517200,155450.0,155475.0,155265.0,155420.0,141544,5,579720
WIN$D,M15,1722518100,155415.0,155575.0,155380.0,155410.0,101596,5,410401
WIN$D,M15,1722519000,155410.0,155445.0,155225.0,155360.0,107288,5,430770
WIN$D,M15,1722519900,155365.0,155380.0,155145.0,155285.0,111736,5,450148
WIN$D,M15,1722520800,155285.0,155350.0,155220.0,155265.0,84088,5,325892
WIN$D,M15,1722521700,155265.0,155365.0,155155.0,155335.0,95473,5,388922
WIN$D,M15,1722522600,155335.0,155365.0,155235.0,155295.0,68499,5,270250
WIN$D,M15,1722523500,155295.0,155505.0,155255.0,155390.0,93704,5,387143
WIN$D,M15,1722524400,155390.0,155410.0,155270.0,155305.0,72867,5,279857
WIN$D,M15,1722525300,155310.0,155360.0,155100.0,155140.0,87437,5,366355
WIN$D,M15,1722526200,155140.0,155165.0,154880.0,154900.0,114501,5,481190
WIN$D,M15,1722527100,154905.0,155010.0,154830.0,154855.0,94364,5,373404
WIN$D,M15,1722528000,154850.0,154965.0,154820.0,154950.0,76247,5,302118
WIN$D,M15,1722528900,154945.0,155175.0,154940.0,155155.0,82035,5,331244
WIN$D,M15,1722529800,155155.0,155190.0,155095.0,155145.0,55397,5,214821
WIN$D,M15,1722530700,155140.0,155220.0,155055.0,155080.0,75174,5,308794
WIN$D,M15,1722531600,155080.0,155175.0,154945.0,154975.0,85463,5,361301
WIN$D,M15,1722532500,154975.0,155035.0,154935.0,154970.0,35979,5,138867
WIN$D,M15,1722533400,154975.0,155065.0,154890.0,154915.0,48953,5,212951
WIN$D,M15,1722534300,154915.0,155025.0,154915.0,154990.0,24141,5,91631
WIN$D,M15,1722535200,154995.0,155055.0,154980.0,154985.0,16898,5,47675
WIN$D,M15,1722536100,154985.0,155045.0,154965.0,155015.0,12120,5,40791
WIN$D,M15,1722589200,154620.0,154820.0,154405.0,154795.0,184038,5,624071
WIN$D,M15,1722590100,154795.0,155105.0,154790.0,155070.0,142057,5,496242
WIN$D,M15,1722591000,155060.0,155255.0,154440.0,154985.0,346342,5,1154323
WIN$D,M15,1722591900,154985.0,155220.0,154875.0,155025.0,164485,5,583014
WIN$D,M15,1722592800,155025.0,155675.0,154985.0,155660.0,251402,5,940208
WIN$D,M15,1722593700,155665.0,155735.0,154965.0,155000.0,207605,5,837165
WIN$D,M15,1722594600,155000.0,155085.0,154555.0,154600.0,297267,5,1141873
WIN$D,M15,1722595500,154600.0,154850.0,154425.0,154520.0,218193,5,759347
WIN$D,M15,1722596400,154515.0,154790.0,154365.0,154395.0,219229,5,762873
WIN$D,M15,1722597300,154390.0,154470.0,154215.0,154220.0,202831,5,717852
WIN$D,M15,1722598200,154220.0,154335.0,154010.0,154070.0,167231,5,624256
WIN$D,M15,1722599100,154070.0,154150.0,153960.0,153975.0,109502,5,419383
WIN$D,M15,1722600000,153970.0,154065.0,153880.0,153950.0,136001,5,502794
WIN$D,M15,1722600900,153945.0,153995.0,153745.0,153825.0,123530,5,446142
WIN$D,M15,1722601800,153825.0,153895.0,153735.0,153885.0,81896,5,281612
WIN$D,M15,1722602700,153880.0,153965.0,153820.0,153850.0,85496,5,296650
WIN$D,M15,1722603600,153850.0,153910.0,153745.0,153785.0,91127,5,319741
WIN$D,M15,1722604500,153785.0,153830.0,153615.0,153665.0,91472,5,308315
WIN$D,M15,1722605400,153665.0,153805.0,153630.0,153730.0,69987,5,233342
WIN$D,M15,1722606300,153725.0,153835.0,153665.0,153815.0,91745,5,340176
WIN$D,M15,1722607200,153820.0,153975.0,153660.0,153940.0,100320,5,367321
WIN$D,M15,1722608100,153940.0,153950.0,153825.0,153875.0,77681,5,267707
WIN$D,M15,1722609000,153875.0,153940.0,153705.0,153875.0,91322,5,320834
WIN$D,M15,1722609900,153875.0,153895.0,153575.0,153680.0,89568,5,316283
WIN$D,M15,1722610800,153680.0,153730.0,153555.0,153690.0,85174,5,310402
WIN$D,M15,1722611700,153690.0,153795.0,153645.0,153785.0,69718,5,243863
WIN$D,M15,1722612600,153785.0,153845.0,153620.0,153640.0,90070,5,329994
WIN$D,M15,1722613500,153640.0,153685.0,153565.0,153605.0,66069,5,224991
WIN$D,M15,1722614400,153605.0,153760.0,153600.0,153700.0,73684,5,250878
WIN$D,M15,1722615300,153700.0,153705.0,153450.0,153550.0,93106,5,343050
WIN$D,M15,1722616200,153550.0,153630.0,153395.0,153460.0,81950,5,299409
WIN$D,M15,1722617100,153455.0,153575.0,153425.0,153525.0,76123,5,275227
WIN$D,M15,1722618000,153525.0,153645.0,153510.0,153585.0,55982,5,235498
WIN$D,M15,1722618900,153585.0,153760.0,153575.0,153730.0,37612,5,149946
WIN$D,M15,1722619800,153730.0,153750.0,153655.0,153715.0,28167,5,110162
WIN$D,M15,1722620700,153720.0,153730.0,153565.0,153575.0,23227,5,83491
WIN$D,M15,1722621600,153570.0,153675.0,153535.0,153660.0,22783,5,64205
WIN$D,M15,1722622500,153665.0,154080.0,153625.0,154080.0,20965,5,62872
WIN$D,M15,1722848400,151095.0,151385.0,150435.0,150880.0,332185,5,1059747
WIN$D,M15,1722849300,150880.0,151045.0,150455.0,150720.0,353134,5,992566
WIN$D,M15,1722850200,150725.0,150895.0,150555.0,150700.0,220166,5,668070
WIN$D,M15,1722851100,150700.0,150870.0,150625.0,150695.0,142643,5,460524
WIN$D,M15,1722852000,150695.0,151130.0,150610.0,151060.0,283018,5,946375
WIN$D,M15,1722852900,151060.0,151265.0,150610.0,150680.0,301097,5,1065171
WIN$D,M15,1722853800,150675.0,151500.0,150595.0,151280.0,322385,5,1125922
WIN$D,M15,1722854700,151275.0,151705.0,151220.0,151605.0,257499,5,816802
WIN$D,M15,1722855600,151605.0,152180.0,151285.0,151715.0,296022,5,1037317
WIN$D,M15,1722856500,151710.0,152035.0,151610.0,151690.0,217168,5,709419
WIN$D,M15,1722857400,151690.0,152030.0,151650.0,151945.0,171566,5,584242
WIN$D,M15,1722858300,151950.0,152025.0,151775.0,151885.0,142602,5,515011
WIN$D,M15,1722859200,151880.0,152000.0,151655.0,151925.0,156496,5,571304
WIN$D,M15,1722860100,151925.0,152165.0,151830.0,152050.0,138076,5,511779
WIN$D,M15,1722861000,152055.0,152450.0,152020.0,152220.0,154230,5,565804
WIN$D,M15,1722861900,152220.0,152310.0,152035.0,152160.0,109302,5,397936
WIN$D,M15,1722862800,152155.0,152325.0,152150.0,152270.0,89586,5,328962
WIN$D,M15,1722863700,152270.0,152570.0,152235.0,152505.0,106768,5,418441
WIN$D,M15,1722864600,152510.0,152545.0,152245.0,152360.0,105799,5,403529
WIN$D,M15,1722865500,152360.0,152400.0,152135.0,152335.0,111942,5,423487
WIN$D,M15,1722866400,152340.0,152640.0,152315.0,152505.0,136956,5,512518
WIN$D,M15,1722867300,152505.0,152860.0,152495.0,152715.0,142439,5,579006
WIN$D,M15,1722868200,152715.0,152915.0,152620.0,152795.0,119401,5,452171
WIN$D,M15,1722869100,152795.0,152865.0,152550.0,152610.0,96004,5,367861
WIN$D,M15,1722870000,152610.0,152690.0,152485.0,152585.0,98859,5,382646
WIN$D,M15,1722870900,152585.0,152785.0,152570.0,152705.0,86703,5,320173
WIN$D,M15,1722871800,152705.0,152715.0,152485.0,152485.0,77572,5,278901
WIN$D,M15,1722872700,152490.0,152620.0,152375.0,152505.0,115066,5,421864
WIN$D,M15,1722873600,152510.0,152615.0,152470.0,152550.0,69549,5,249906
WIN$D,M15,1722874500,152545.0,152730.0,152540.0,152680.0,77616,5,276879
WIN$D,M15,1722875400,152685.0,152765.0,152600.0,152710.0,64136,5,228345
WIN$D,M15,1722876300,152710.0,152850.0,152620.0,152840.0,84693,5,311675
WIN$D,M15,1722877200,152845.0,152945.0,152625.0,152910.0,80837,5,322986
WIN$D,M15,1722878100,152910.0,153095.0,152880.0,153080.0,51155,5,209817
WIN$D,M15,1722879000,153085.0,153170.0,153080.0,153150.0,43494,5,174251
WIN$D,M15,1722879900,153150.0,153260.0,153130.0,153200.0,39739,5,134149
WIN$D,M15,1722880800,153205.0,153345.0,153195.0,153240.0,46876,5,110068
WIN$D,M15,1722881700,153240.0,153890.0,153230.0,153410.0,27303,5,84539
WIN$D,M15,1722934800,153355.0,153360.0,152750.0,152780.0,214870,5,720724
WIN$D,M15,1722935700,152785.0,152850.0,152650.0,152805.0,154256,5,508996
WIN$D,M15,1722936600,152800.0,153005.0,152710.0,152990.0,167746,5,555119
WIN$D,M15,1722937500,152985.0,153065.0,152820.0,152825.0,153655,5,504225
WIN$D,M15,1722938400,152825.0,153335.0,152785.0,153065.0,348651,5,1170525
WIN$D,M15,1722939300,153065.0,153170.0,152775.0,152990.0,297418,5,1032246
WIN$D,M15,1722940200,152990.0,153150.0,152785.0,152960.0,276121,5,933879
WIN$D,M15,1722941100,152955.0,153255.0,152800.0,153120.0,231601,5,784559
WIN$D,M15,1722942000,153115.0,153295.0,152950.0,153135.0,229842,5,784912
WIN$D,M15,1722942900,153135.0,153300.0,153035.0,153055.0,176956,5,580675
WIN$D,M15,1722943800,153055.0,153115.0,152905.0,152940.0,181485,5,636753
WIN$D,M15,1722944700,152940.0,153130.0,152810.0,152830.0,165749,5,601511
WIN$D,M15,1722945600,152830.0,153060.0,152820.0,152895.0,137414,5,484064
WIN$D,M15,1722946500,152900.0,153080.0,152870.0,152975.0,108592,5,376964
WIN$D,M15,1722947400,152980.0,153275.0,152945.0,153235.0,136007,5,473920
WIN$D,M15,1722948300,153235.0,153345.0,153155.0,153305.0,93790,5,338683
WIN$D,M15,1722949200,153310.0,153505.0,153310.0,153375.0,123301,5,457966
WIN$D,M15,1722950100,153375.0,153475.0,153325.0,153465.0,73452,5,257528
WIN$D,M15,1722951000,153465.0,153745.0,153405.0,153640.0,147948,5,558451
WIN$D,M15,1722951900,153645.0,153770.0,153580.0,153605.0,106444,5,414467
WIN$D,M15,1722952800,153605.0,153705.0,153560.0,153635.0,81143,5,289062
WIN$D,M15,1722953700,153630.0,153870.0,153590.0,153870.0,107014,5,397275
WIN$D,M15,1722954600,153870.0,154075.0,153850.0,153940.0,122015,5,496710
WIN$D,M15,1722955500,153945.0,154030.0,153895.0,153915.0,69601,5,269344
WIN$D,M15,1722956400,153910.0,154065.0,153890.0,154035.0,79363,5,295690
WIN$D,M15,1722957300,154035.0,154395.0,154020.0,154390.0,127250,5,529363
WIN$D,M15,1722958200,154390.0,154545.0,154315.0,154445.0,112078,5,469643
WIN$D,M15,1722959100,154440.0,154510.0,154280.0,154290.0,93410,5,366470
WIN$D,M15,1722960000,154290.0,154295.0,153995.0,154160.0,148083,5,598000
WIN$D,M15,1722960900,154160.0,154215.0,154010.0,154150.0,98650,5,375070
WIN$D,M15,1722961800,154155.0,154200.0,154085.0,154090.0,65902,5,239644
WIN$D,M15,1722962700,154090.0,154130.0,153640.0,153645.0,136745,5,574237
WIN$D,M15,1722963600,153640.0,153770.0,153630.0,153680.0,66009,5,278432
WIN$D,M15,1722964500,153680.0,153780.0,153635.0,153695.0,55427,5,219406
WIN$D,M15,1722965400,153695.0,153700.0,153450.0,153465.0,53573,5,226880
WIN$D,M15,1722966300,153460.0,153490.0,153330.0,153490.0,49432,5,197725
WIN$D,M15,1722967200,153485.0,153550.0,153415.0,153505.0,43277,5,109044
WIN$D,M15,1722968100,153505.0,153540.0,153430.0,153535.0,16282,5,44596
WIN$D,M15,1723021200,154205.0,154670.0,154010.0,154635.0,216361,5,714415
WIN$D,M15,1723022100,154635.0,154830.0,154585.0,154620.0,162027,5,557672
WIN$D,M15,1723023000,154620.0,154945.0,154575.0,154860.0,175477,5,600876
WIN$D,M15,1723023900,154865.0,154875.0,154650.0,154665.0,109275,5,368844
WIN$D,M15,1723024800,154670.0,154730.0,154550.0,154560.0,213239,5,726552
WIN$D,M15,1723025700,154555.0,154855.0,154360.0,154640.0,327346,5,1117681
WIN$D,M15,1723026600,154640.0,154765.0,154415.0,154745.0,278650,5,911520
WIN$D,M15,1723027500,154750.0,154965.0,154610.0,154865.0,243494,5,800150
WIN$D,M15,1723028400,154870.0,154870.0,154530.0,154550.0,219875,5,730302
WIN$D,M15,1723029300,154545.0,154610.0,154285.0,154315.0,220915,5,764399
WIN$D,M15,1723030200,154315.0,154550.0,154220.0,154535.0,164065,5,593533
WIN$D,M15,1723031100,154540.0,154640.0,154385.0,154475.0,136852,5,472069
WIN$D,M15,1723032000,154475.0,154560.0,154320.0,154520.0,139939,5,497068
WIN$D,M15,1723032900,154515.0,154590.0,154360.0,154375.0,115918,5,410511
WIN$D,M15,1723033800,154375.0,154595.0,154375.0,154465.0,91253,5,313963
WIN$D,M15,1723034700,154465.0,154725.0,154430.0,154715.0,104314,5,366086
WIN$D,M15,1723035600,154720.0,154720.0,154470.0,154595.0,103310,5,370316
WIN$D,M15,1723036500,154595.0,154675.0,154530.0,154595.0,77866,5,268374
WIN$D,M15,1723037400,154590.0,154620.0,154475.0,154490.0,76676,5,279674
WIN$D,M15,1723038300,154495.0,154550.0,154280.0,154310.0,118668,5,438190
WIN$D,M15,1723039200,154310.0,154375.0,154140.0,154270.0,140149,5,488739
WIN$D,M15,1723040100,154270.0,154475.0,154155.0,154325.0,153014,5,553641
WIN$D,M15,1723041000,154325.0,154420.0,154255.0,154325.0,92757,5,318290
WIN$D,M15,1723041900,154325.0,154400.0,154170.0,154380.0,110280,5,393362
WIN$D,M15,1723042800,154375.0,154410.0,154170.0,154205.0,106501,5,374429
WIN$D,M15,1723043700,154205.0,154455.0,154155.0,154375.0,117706,5,423188
WIN$D,M15,1723044600,154375.0,154595.0,154300.0,154490.0,120651,5,434740
WIN$D,M15,1723045500,154495.0,154635.0,154390.0,154610.0,110977,5,402000
WIN$D,M15,1723046400,154615.0,154820.0,154565.0,154755.0,129194,5,491427
WIN$D,M15,1723047300,154760.0,154980.0,154750.0,154865.0,105940,5,410771
WIN$D,M15,1723048200,154870.0,155030.0,154775.0,154870.0,110471,5,435209
WIN$D,M15,1723049100,154870.0,155055.0,154855.0,154940.0,93164,5,363252
WIN$D,M15,1723050000,154940.0,155190.0,154920.0,155155.0,66860,5,261000
WIN$D,M15,1723050900,155155.0,155175.0,154910.0,154955.0,55782,5,212458
WIN$D,M15,1723051800,154955.0,155035.0,154935.0,154965.0,31887,5,122248
WIN$D,M15,1723052700,154960.0,155000.0,154765.0,154805.0,44813,5,158293
WIN$D,M15,1723053600,154800.0,154985.0,154800.0,154920.0,32170,5,83369
WIN$D,M15,1723054500,154920.0,155035.0,154875.0,154985.0,15586,5,49444
WIN$D,M15,1723107600,154705.0,155130.0,154700.0,155060.0,166557,5,545430
WIN$D,M15,1723108500,155065.0,155100.0,154885.0,154935.0,136981,5,474090
WIN$D,M15,1723109400,154935.0,155255.0,154930.0,155100.0,242443,5,854470
WIN$D,M15,1723110300,155095.0,155110.0,154885.0,154910.0,124633,5,438041
WIN$D,M15,1723111200,154910.0,155330.0,154905.0,155155.0,276977,5,979896
WIN$D,M15,1723112100,155160.0,155465.0,155115.0,155430.0,221408,5,822399
WIN$D,M15,1723113000,155430.0,155535.0,155270.0,155390.0,245225,5,873269
WIN$D,M15,1723113900,155385.0,155715.0,155375.0,155675.0,215292,5,801141
WIN$D,M15,1723114800,155675.0,155870.0,155630.0,155840.0,152231,5,610958
WIN$D,M15,1723115700,155845.0,155965.0,155785.0,155885.0,130368,5,526950
WIN$D,M15,1723116600,155885.0,155955.0,155795.0,155935.0,116168,5,457235
WIN$D,M15,1723117500,155940.0,156025.0,155875.0,155900.0,94719,5,370134
WIN$D,M15,1723118400,155895.0,155960.0,155865.0,155890.0,66270,5,247081
WIN$D,M15,1723119300,155885.0,155990.0,155825.0,155955.0,86009,5,339008
WIN$D,M15,1723120200,155955.0,156135.0,155945.0,156125.0,110093,5,439377
WIN$D,M15,1723121100,156125.0,156170.0,156085.0,156120.0,65495,5,260311
WIN$D,M15,1723122000,156120.0,156135.0,156005.0,156035.0,66949,5,252897
WIN$D,M15,1723122900,156040.0,156080.0,155990.0,156045.0,58950,5,237438
WIN$D,M15,1723123800,156050.0,156060.0,155970.0,156020.0,54234,5,213363
WIN$D,M15,1723124700,156020.0,156070.0,156015.0,156040.0,43137,5,164082
WIN$D,M15,1723125600,156040.0,156055.0,155915.0,155950.0,74005,5,290329
WIN$D,M15,1723126500,155950.0,156080.0,155945.0,156045.0,63149,5,254702
WIN$D,M15,1723127400,156045.0,156150.0,156015.0,156150.0,63966,5,250431
WIN$D,M15,1723128300,156145.0,156210.0,156035.0,156060.0,86003,5,344462
WIN$D,M15,1723129200,156060.0,156205.0,156020.0,156155.0,74982,5,313338
WIN$D,M15,1723130100,156155.0,156240.0,156090.0,156200.0,81831,5,327959
WIN$D,M15,1723131000,156195.0,156280.0,156140.0,156165.0,89210,5,350146
WIN$D,M15,1723131900,156160.0,156200.0,156070.0,156145.0,70205,5,270680
WIN$D,M15,1723132800,156145.0,156150.0,156050.0,156105.0,57863,5,229217
WIN$D,M15,1723133700,156110.0,156130.0,156010.0,156025.0,58215,5,224644
WIN$D,M15,1723134600,156025.0,156120.0,156000.0,156085.0,68908,5,261267
WIN$D,M15,1723135500,156085.0,156120.0,156020.0,156055.0,54928,5,204816
WIN$D,M15,1723136400,156055.0,156240.0,155980.0,156215.0,83794,5,365696
WIN$D,M15,1723137300,156215.0,156300.0,156200.0,156290.0,42099,5,188302
WIN$D,M15,1723138200,156290.0,156375.0,156285.0,156320.0,49525,5,205993
WIN$D,M15,1723139100,156320.0,156390.0,156285.0,156340.0,37612,5,132844
WIN$D,M15,1723140000,156345.0,156505.0,156325.0,156470.0,47416,5,113873
WIN$D,M15,1723140900,156470.0,156570.0,156455.0,156465.0,23765,5,71366
WIN$D,M15,1723194000,156140.0,156420.0,155940.0,156350.0,224058,5,748120
WIN$D,M15,1723194900,156345.0,156460.0,156315.0,156315.0,108573,5,370417
WIN$D,M15,1723195800,156315.0,156550.0,156305.0,156515.0,121044,5,427378
WIN$D,M15,1723196700,156515.0,156925.0,156505.0,156830.0,191306,5,738710
WIN$D,M15,1723197600,156835.0,157005.0,156700.0,156900.0,228894,5,861426
WIN$D,M15,1723198500,156900.0,157070.0,156815.0,156920.0,182023,5,691528
WIN$D,M15,1723199400,156920.0,156930.0,156515.0,156545.0,211035,5,797360
WIN$D,M15,1723200300,156545.0,156760.0,156440.0,156630.0,212015,5,791446
WIN$D,M15,1723201200,156635.0,156725.0,156465.0,156610.0,150961,5,548954
WIN$D,M15,1723202100,156615.0,156875.0,156520.0,156825.0,169973,5,635400
WIN$D,M15,1723203000,156820.0,157080.0,156730.0,157005.0,178391,5,696372
WIN$D,M15,1723203900,157010.0,157145.0,156940.0,157095.0,127928,5,488957
WIN$D,M15,1723204800,157095.0,157255.0,157085.0,157180.0,109866,5,426637
WIN$D,M15,1723205700,157175.0,157260.0,157145.0,157190.0,72847,5,282946
WIN$D,M15,1723206600,157195.0,157345.0,157190.0,157300.0,77423,5,305497
WIN$D,M15,1723207500,157305.0,157310.0,157115.0,157160.0,90062,5,356931
WIN$D,M15,1723208400,157160.0,157310.0,157155.0,157225.0,68303,5,255997
WIN$D,M15,1723209300,157225.0,157330.0,157190.0,157300.0,60049,5,231310
WIN$D,M15,1723210200,157295.0,157435.0,157275.0,157410.0,83043,5,338439
WIN$D,M15,1723211100,157415.0,157550.0,157405.0,157530.0,80441,5,340245
WIN$D,M15,1723212000,157535.0,157845.0,157525.0,157815.0,134505,5,615314
WIN$D,M15,1723212900,157815.0,158175.0,157790.0,157915.0,166095,5,741138
WIN$D,M15,1723213800,157920.0,158010.0,157805.0,157850.0,85507,5,331414
WIN$D,M15,1723214700,157850.0,157925.0,157805.0,157875.0,71878,5,292015
WIN$D,M15,1723215600,157875.0,157890.0,157775.0,157845.0,68577,5,273617
WIN$D,M15,1723216500,157850.0,157920.0,157785.0,157910.0,63564,5,252149
WIN$D,M15,1723217400,157910.0,158020.0,157895.0,157920.0,77564,5,310027
WIN$D,M15,1723218300,157920.0,158015.0,157910.0,157930.0,53830,5,231574
WIN$D,M15,1723219200,157930.0,158035.0,157870.0,157940.0,63748,5,279465
WIN$D,M15,1723220100,157940.0,158050.0,157905.0,158025.0,51179,5,232852
WIN$D,M15,1723221000,158020.0,158120.0,157960.0,157980.0,62033,5,285809
WIN$D,M15,1723221900,157975.0,158145.0,157965.0,158110.0,61965,5,299829
WIN$D,M15,1723222800,158115.0,158280.0,158095.0,158220.0,56467,5,278726
WIN$D,M15,1723223700,158220.0,158300.0,158215.0,158295.0,27162,5,126007
WIN$D,M15,1723224600,158295.0,158375.0,158270.0,158360.0,27379,5,134516
WIN$D,M15,1723225500,158360.0,158470.0,158340.0,158420.0,28755,5,127253
WIN$D,M15,1723226400,158425.0,158450.0,158390.0,158435.0,23060,5,51597
WIN$D,M15,1723227300,158430.0,158460.0,158105.0,158295.0,23084,5,73261
WIN$D,M15,1723453200,158305.0,158820.0,158210.0,158655.0,220038,5,745093
WIN$D,M15,1723454100,158660.0,158895.0,158625.0,158710.0,138213,5,504155
WIN$D,M15,1723455000,158715.0,158935.0,158710.0,158895.0,142934,5,500037
WIN$D,M15,1723455900,158890.0,159055.0,158875.0,158980.0,124935,5,440633
WIN$D,M15,1723456800,158985.0,159000.0,158755.0,158830.0,206962,5,700406
WIN$D,M15,1723457700,158835.0,159080.0,158810.0,158945.0,175731,5,586053
WIN$D,M15,1723458600,158940.0,159125.0,158795.0,158895.0,248532,5,863929
WIN$D,M15,1723459500,158900.0,159000.0,158595.0,158670.0,193867,5,678866
WIN$D,M15,1723460400,158665.0,158820.0,158615.0,158655.0,156282,5,530419
WIN$D,M15,1723461300,158660.0,158795.0,158610.0,158775.0,126320,5,435125
WIN$D,M15,1723462200,158780.0,158970.0,158770.0,158905.0,137401,5,484472
WIN$D,M15,1723463100,158905.0,158960.0,158860.0,158925.0,67799,5,239829
WIN$D,M15,1723464000,158920.0,158925.0,158760.0,158805.0,94421,5,350412
WIN$D,M15,1723464900,158800.0,158945.0,158650.0,158750.0,156504,5,575156
WIN$D,M15,1723465800,158750.0,158790.0,158675.0,158780.0,79288,5,270894
WIN$D,M15,1723466700,158775.0,158990.0,158675.0,158940.0,108552,5,388234
WIN$D,M15,1723467600,158940.0,158985.0,158875.0,158960.0,75380,5,282094
WIN$D,M15,1723468500,158965.0,159070.0,158920.0,158960.0,87752,5,318409
WIN$D,M15,1723469400,158965.0,159035.0,158920.0,158995.0,60155,5,225505
WIN$D,M15,1723470300,158990.0,159110.0,158950.0,158990.0,86453,5,322485
WIN$D,M15,1723471200,158990.0,158995.0,158870.0,158955.0,79158,5,299267
WIN$D,M15,1723472100,158955.0,158975.0,158860.0,158900.0,49808,5,190432
WIN$D,M15,1723473000,158895.0,158965.0,158845.0,158865.0,51021,5,197121
WIN$D,M15,1723473900,158865.0,158865.0,158655.0,158755.0,110271,5,448244
WIN$D,M15,1723474800,158760.0,158795.0,158525.0,158665.0,109400,5,440758
WIN$D,M15,1723475700,158670.0,158700.0,158565.0,158655.0,77475,5,309641
WIN$D,M15,1723476600,158655.0,158750.0,158580.0,158680.0,72006,5,294704
WIN$D,M15,1723477500,158680.0,158800.0,158595.0,158755.0,77000,5,321043
WIN$D,M15,1723478400,158750.0,158775.0,158675.0,158705.0,54328,5,243460
WIN$D,M15,1723479300,158700.0,158790.0,158685.0,158765.0,39816,5,165044
WIN$D,M15,1723480200,158765.0,158830.0,158710.0,158730.0,67153,5,281476
WIN$D,M15,1723481100,158725.0,158760.0,158620.0,158745.0,67993,5,287979
WIN$D,M15,1723482000,158750.0,158765.0,158635.0,158655.0,40882,5,176783
WIN$D,M15,1723482900,158655.0,158750.0,158645.0,158740.0,34175,5,143268
WIN$D,M15,1723483800,158740.0,158865.0,158710.0,158845.0,31100,5,125843
WIN$D,M15,1723484700,158850.0,158925.0,158775.0,158815.0,36202,5,138646
WIN$D,M15,1723485600,158810.0,158865.0,158705.0,158795.0,40939,5,102378
WIN$D,M15,1723486500,158795.0,158815.0,158725.0,158730.0,14303,5,48518
WIN$D,M15,1723539600,158825.0,159295.0,158785.0,159270.0,224137,5,759965
WIN$D,M15,1723540500,159270.0,159475.0,159255.0,159440.0,142848,5,527000
WIN$D,M15,1723541400,159445.0,159605.0,159235.0,159260.0,187130,5,662642
WIN$D,M15,1723542300,159260.0,159360.0,159190.0,159220.0,125761,5,444742
WIN$D,M15,1723543200,159220.0,159335.0,159160.0,159210.0,142549,5,532602
WIN$D,M15,1723544100,159210.0,159450.0,159125.0,159365.0,204760,5,750239
WIN$D,M15,1723545000,159365.0,159555.0,159285.0,159535.0,241150,5,898625
WIN$D,M15,1723545900,159530.0,159575.0,159380.0,159475.0,173566,5,643860
WIN$D,M15,1723546800,159475.0,159645.0,159415.0,159540.0,180645,5,687894
WIN$D,M15,1723547700,159535.0,159600.0,159305.0,159445.0,149164,5,567149
WIN$D,M15,1723548600,159445.0,159520.0,159345.0,159505.0,101425,5,375756
WIN$D,M15,1723549500,159500.0,159590.0,159465.0,159515.0,91970,5,366386
WIN$D,M15,1723550400,159510.0,159595.0,159470.0,159490.0,64643,5,268033
WIN$D,M15,1723551300,159485.0,159530.0,159405.0,159425.0,58150,5,256802
WIN$D,M15,1723552200,159430.0,159435.0,159370.0,159400.0,45553,5,208416
WIN$D,M15,1723553100,159400.0,159420.0,159285.0,159305.0,66484,5,296831
WIN$D,M15,1723554000,159305.0,159375.0,159290.0,159370.0,48658,5,221462
WIN$D,M15,1723554900,159370.0,159530.0,159355.0,159525.0,77252,5,353382
WIN$D,M15,1723555800,159525.0,159530.0,159365.0,159485.0,90117,5,384923
WIN$D,M15,1723556700,159485.0,159770.0,159480.0,159615.0,134830,5,555341
WIN$D,M15,1723557600,159620.0,159730.0,159515.0,159600.0,115676,5,475934
WIN$D,M15,1723558500,159600.0,159795.0,159560.0,159725.0,115256,5,463032
WIN$D,M15,1723559400,159720.0,159845.0,159665.0,159815.0,89898,5,363388
WIN$D,M15,1723560300,159810.0,159830.0,159575.0,159635.0,113588,5,461890
WIN$D,M15,1723561200,159635.0,159785.0,159630.0,159760.0,68281,5,262832
WIN$D,M15,1723562100,159765.0,159810.0,159675.0,159725.0,71940,5,271970
WIN$D,M15,1723563000,159725.0,159825.0,159690.0,159760.0,52549,5,197945
WIN$D,M15,1723563900,159755.0,159795.0,159675.0,159765.0,53342,5,224695
WIN$D,M15,1723564800,159765.0,159800.0,159715.0,159740.0,43914,5,157993
WIN$D,M15,1723565700,159740.0,159810.0,159705.0,159720.0,49004,5,171559
WIN$D,M15,1723566600,159720.0,159820.0,159705.0,159790.0,43976,5,153210
WIN$D,M15,1723567500,159790.0,159870.0,159765.0,159855.0,50535,5,189743
WIN$D,M15,1723568400,159855.0,159905.0,159825.0,159895.0,58384,5,209851
WIN$D,M15,1723569300,159890.0,159905.0,159775.0,159800.0,41915,5,143087
WIN$D,M15,1723570200,159800.0,159875.0,159775.0,159860.0,29586,5,99463
WIN$D,M15,1723571100,159855.0,159900.0,159825.0,159840.0,24813,5,75243
WIN$D,M15,1723572000,159835.0,159885.0,159830.0,159865.0,16955,5,42846
WIN$D,M15,1723572900,159860.0,159905.0,159840.0,159905.0,15299,5,53261
WIN$D,M15,1723626000,159840.0,159965.0,159650.0,159795.0,150662,5,471362
WIN$D,M15,1723626900,159795.0,159960.0,159705.0,159910.0,114033,5,359251
WIN$D,M15,1723627800,159915.0,160175.0,159750.0,159990.0,217347,5,665405
WIN$D,M15,1723628700,159985.0,160100.0,159960.0,159970.0,114490,5,365939
WIN$D,M15,1723629600,159965.0,160155.0,159700.0,160100.0,228052,5,749289
WIN$D,M15,1723630500,160095.0,160350.0,159940.0,160205.0,281642,5,951839
WIN$D,M15,1723631400,160200.0,160325.0,160035.0,160275.0,207960,5,701694
WIN$D,M15,1723632300,160280.0,160320.0,160080.0,160140.0,141602,5,486537
WIN$D,M15,1723633200,160140.0,160225.0,160010.0,160190.0,130253,5,434000
WIN$D,M15,1723634100,160195.0,160290.0,160165.0,160260.0,82737,5,291609
WIN$D,M15,1723635000,160260.0,160340.0,160150.0,160290.0,122468,5,433979
WIN$D,M15,1723635900,160290.0,160330.0,160190.0,160230.0,79937,5,287314
WIN$D,M15,1723636800,160235.0,160275.0,160140.0,160265.0,81561,5,298704
WIN$D,M15,1723637700,160265.0,160420.0,160240.0,160370.0,96651,5,359681
WIN$D,M15,1723638600,160370.0,160510.0,160345.0,160460.0,83571,5,321547
WIN$D,M15,1723639500,160465.0,160530.0,160415.0,160500.0,58411,5,230825
WIN$D,M15,1723640400,160500.0,160590.0,160450.0,160490.0,69911,5,276534
WIN$D,M15,1723641300,160485.0,160520.0,160345.0,160410.0,81221,5,306097
WIN$D,M15,1723642200,160405.0,160510.0,160365.0,160390.0,75283,5,288347
WIN$D,M15,1723643100,160385.0,160565.0,160345.0,160565.0,80648,5,297630
WIN$D,M15,1723644000,160565.0,160630.0,160520.0,160545.0,83262,5,318958
WIN$D,M15,1723644900,160545.0,160975.0,160540.0,160725.0,176879,5,724294
WIN$D,M15,1723645800,160725.0,160935.0,160705.0,160890.0,85816,5,334118
WIN$D,M15,1723646700,160890.0,160965.0,160850.0,160930.0,62259,5,236204
WIN$D,M15,1723647600,160935.0,161070.0,160895.0,160945.0,89880,5,351997
WIN$D,M15,1723648500,160945.0,161020.0,160905.0,160980.0,65784,5,251426
WIN$D,M15,1723649400,160985.0,161105.0,160930.0,161100.0,57927,5,219367
WIN$D,M15,1723650300,161100.0,161180.0,161070.0,161105.0,64348,5,261505
WIN$D,M15,1723651200,161105.0,161125.0,160935.0,160975.0,69679,5,291684
WIN$D,M15,1723652100,160975.0,160995.0,160795.0,160820.0,81967,5,335466
WIN$D,M15,1723653000,160825.0,160920.0,160815.0,160860.0,56792,5,214428
WIN$D,M15,1723653900,160865.0,160870.0,160685.0,160700.0,83293,5,351820
WIN$D,M15,1723654800,160695.0,160695.0,160480.0,160505.0,68932,5,319559
WIN$D,M15,1723655700,160505.0,160660.0,160500.0,160655.0,46640,5,196096
WIN$D,M15,1723656600,160655.0,160665.0,160490.0,160530.0,39088,5,167660
WIN$D,M15,1723657500,160525.0,160635.0,160470.0,160585.0,33590,5,125211
WIN$D,M15,1723658400,160585.0,160610.0,160485.0,160485.0,29495,5,76628
WIN$D,M15,1723659300,160490.0,160525.0,159970.0,160420.0,28657,5,93857
WIN$D,M15,1723712400,160580.0,160985.0,160525.0,160955.0,171407,5,597886
WIN$D,M15,1723713300,160950.0,161065.0,160835.0,160885.0,106916,5,377132
WIN$D,M15,1723714200,160885.0,161015.0,160525.0,160625.0,247033,5,869502
WIN$D,M15,1723715100,160630.0,161050.0,160610.0,161000.0,189894,5,639475
WIN$D,M15,1723716000,161000.0,161080.0,160800.0,160945.0,231189,5,788250
WIN$D,M15,1723716900,160945.0,161160.0,160855.0,160975.0,189913,5,664410
WIN$D,M15,1723717800,160975.0,161415.0,160925.0,161395.0,240702,5,921033
WIN$D,M15,1723718700,161400.0,161445.0,161215.0,161280.0,129174,5,483607
WIN$D,M15,1723719600,161285.0,161395.0,161190.0,161310.0,143452,5,549845
WIN$D,M15,1723720500,161310.0,161490.0,161285.0,161480.0,89397,5,355577
WIN$D,M15,1723721400,161480.0,161550.0,161420.0,161525.0,81130,5,327571
WIN$D,M15,1723722300,161530.0,161580.0,161400.0,161545.0,107063,5,450253
WIN$D,M15,1723723200,161545.0,161745.0,161515.0,161735.0,102439,5,441565
WIN$D,M15,1723724100,161735.0,161775.0,161685.0,161760.0,71898,5,307238
WIN$D,M15,1723725000,161760.0,161790.0,161655.0,161685.0,60638,5,252294
WIN$D,M15,1723725900,161685.0,161780.0,161665.0,161745.0,44185,5,183846
WIN$D,M15,1723726800,161750.0,161925.0,161715.0,161875.0,77990,5,343415
WIN$D,M15,1723727700,161880.0,161940.0,161835.0,161845.0,57712,5,263664
WIN$D,M15,1723728600,161845.0,161865.0,161780.0,161850.0,52731,5,223870
WIN$D,M15,1723729500,161850.0,161850.0,161770.0,161785.0,38457,5,154391
WIN$D,M15,1723730400,161790.0,161805.0,161695.0,161790.0,64435,5,273998
WIN$D,M15,1723731300,161795.0,161900.0,161775.0,161825.0,60555,5,254173
WIN$D,M15,1723732200,161825.0,161910.0,161785.0,161815.0,66273,5,280883
WIN$D,M15,1723733100,161810.0,161825.0,161755.0,161765.0,51159,5,225092
WIN$D,M15,1723734000,161765.0,161825.0,161610.0,161625.0,82124,5,334838
WIN$D,M15,1723734900,161625.0,161675.0,161440.0,161510.0,135936,5,574304
WIN$D,M15,1723735800,161510.0,161620.0,161420.0,161515.0,110342,5,459919
WIN$D,M15,1723736700,161510.0,161570.0,161445.0,161515.0,74668,5,315329
WIN$D,M15,1723737600,161520.0,161655.0,161455.0,161640.0,61771,5,253516
WIN$D,M15,1723738500,161645.0,161715.0,161500.0,161585.0,86828,5,364562
WIN$D,M15,1723739400,161590.0,161635.0,161550.0,161595.0,43089,5,180800
WIN$D,M15,1723740300,161600.0,161600.0,161445.0,161515.0,64545,5,290337
WIN$D,M15,1723741200,161520.0,161635.0,161470.0,161595.0,51122,5,220229
WIN$D,M15,1723742100,161590.0,161600.0,161490.0,161575.0,34935,5,138649
WIN$D,M15,1723743000,161575.0,161615.0,161545.0,161575.0,24971,5,104008
WIN$D,M15,1723743900,161575.0,161610.0,161550.0,161600.0,19293,5,74680
WIN$D,M15,1723744800,161605.0,161710.0,161580.0,161670.0,32644,5,78853
WIN$D,M15,1723745700,161670.0,161705.0,161525.0,161595.0,19833,5,64449
WIN$D,M15,1723798800,161370.0,161860.0,161290.0,161765.0,241063,5,739413
WIN$D,M15,1723799700,161770.0,161930.0,161755.0,161915.0,111053,5,398869
WIN$D,M15,1723800600,161920.0,162130.0,161900.0,162115.0,118686,5,452699
WIN$D,M15,1723801500,162110.0,162220.0,162055.0,162145.0,102731,5,405616
WIN$D,M15,1723802400,162145.0,162180.0,161990.0,162015.0,163813,5,616378
WIN$D,M15,1723803300,162020.0,162170.0,161960.0,162125.0,141885,5,529809
WIN$D,M15,1723804200,162130.0,162165.0,161965.0,162010.0,142070,5,540290
WIN$D,M15,1723805100,162005.0,162100.0,161920.0,162040.0,136055,5,497228
WIN$D,M15,1723806000,162040.0,162120.0,161800.0,161835.0,146210,5,557308
WIN$D,M15,1723806900,161830.0,161875.0,161715.0,161760.0,120788,5,470167
WIN$D,M15,1723807800,161765.0,161930.0,161610.0,161625.0,190777,5,746605
WIN$D,M15,1723808700,161625.0,161675.0,161450.0,161575.0,161209,5,633566
WIN$D,M15,1723809600,161580.0,161650.0,161460.0,161605.0,91575,5,375484
WIN$D,M15,1723810500,161610.0,161620.0,161430.0,161540.0,82030,5,338592
WIN$D,M15,1723811400,161540.0,161585.0,161490.0,161550.0,56594,5,225475
WIN$D,M15,1723812300,161550.0,161680.0,161545.0,161620.0,74086,5,302982
WIN$D,M15,1723813200,161625.0,161840.0,161585.0,161835.0,83161,5,345060
WIN$D,M15,1723814100,161830.0,161900.0,161640.0,161680.0,105920,5,436614
WIN$D,M15,1723815000,161680.0,161715.0,161615.0,161700.0,56579,5,229994
WIN$D,M15,1723815900,161700.0,161800.0,161675.0,161785.0,55992,5,223474
WIN$D,M15,1723816800,161790.0,161820.0,161650.0,161655.0,70671,5,284927
WIN$D,M15,1723817700,161660.0,161675.0,161325.0,161480.0,122705,5,514578
WIN$D,M15,1723818600,161480.0,161515.0,161405.0,161425.0,65393,5,263971
WIN$D,M15,1723819500,161430.0,161510.0,161315.0,161445.0,80626,5,337823
WIN$D,M15,1723820400,161445.0,161485.0,161375.0,161455.0,55443,5,230556
WIN$D,M15,1723821300,161455.0,161490.0,161325.0,161345.0,65000,5,277056
WIN$D,M15,1723822200,161345.0,161415.0,161275.0,161285.0,68709,5,288218
WIN$D,M15,1723823100,161285.0,161395.0,161200.0,161365.0,89739,5,371476
WIN$D,M15,1723824000,161365.0,161415.0,161235.0,161275.0,70443,5,289969
WIN$D,M15,1723824900,161275.0,161315.0,161240.0,161260.0,41227,5,170431
WIN$D,M15,1723825800,161260.0,161370.0,161235.0,161330.0,47830,5,203411
WIN$D,M15,1723826700,161335.0,161390.0,161240.0,161370.0,57260,5,244403
WIN$D,M15,1723827600,161375.0,161380.0,161270.0,161290.0,36053,5,161393
WIN$D,M15,1723828500,161285.0,161320.0,161245.0,161250.0,20304,5,96771
WIN$D,M15,1723829400,161250.0,161270.0,161210.0,161250.0,22280,5,105643
WIN$D,M15,1723830300,161250.0,161300.0,161245.0,161260.0,15151,5,55339
WIN$D,M15,1723831200,161260.0,161355.0,161255.0,161320.0,22134,5,59075
WIN$D,M15,1723832100,161325.0,161405.0,161270.0,161375.0,14662,5,48166
WIN$D,M15,1724058000,161525.0,161945.0,161495.0,161830.0,204429,5,643341
WIN$D,M15,1724058900,161830.0,161880.0,161675.0,161685.0,123420,5,429770
WIN$D,M15,1724059800,161680.0,161850.0,161670.0,161810.0,90168,5,333238
WIN$D,M15,1724060700,161810.0,161825.0,161695.0,161810.0,85480,5,305592
WIN$D,M15,1724061600,161805.0,162030.0,161785.0,162010.0,223882,5,808834
WIN$D,M15,1724062500,162010.0,162070.0,161925.0,162055.0,152274,5,565096
WIN$D,M15,1724063400,162050.0,162205.0,161910.0,162180.0,211438,5,804604
WIN$D,M15,1724064300,162175.0,162515.0,162095.0,162460.0,195574,5,758309
WIN$D,M15,1724065200,162465.0,162550.0,162410.0,162515.0,132120,5,524546
WIN$D,M15,1724066100,162515.0,162660.0,162475.0,162580.0,130323,5,543841
WIN$D,M15,1724067000,162580.0,162670.0,162485.0,162485.0,93781,5,363830
WIN$D,M15,1724067900,162490.0,162665.0,162475.0,162610.0,102268,5,406189
WIN$D,M15,1724068800,162605.0,162705.0,162535.0,162690.0,79594,5,311609
WIN$D,M15,1724069700,162690.0,162730.0,162610.0,162720.0,74772,5,306207
WIN$D,M15,1724070600,162715.0,162905.0,162695.0,162875.0,92093,5,407760
WIN$D,M15,1724071500,162875.0,162975.0,162860.0,162890.0,74730,5,321873
WIN$D,M15,1724072400,162890.0,163020.0,162870.0,162965.0,72225,5,318871
WIN$D,M15,1724073300,162965.0,163000.0,162870.0,162965.0,74993,5,320413
WIN$D,M15,1724074200,162965.0,162990.0,162930.0,162935.0,34659,5,130408
WIN$D,M15,1724075100,162930.0,163115.0,162925.0,163065.0,71003,5,308372
WIN$D,M15,1724076000,163065.0,163290.0,163050.0,163285.0,91304,5,426885
WIN$D,M15,1724076900,163280.0,163565.0,163260.0,163315.0,159713,5,746715
WIN$D,M15,1724077800,163315.0,163440.0,163300.0,163385.0,77399,5,321550
WIN$D,M15,1724078700,163390.0,163425.0,163320.0,163325.0,54197,5,221144
WIN$D,M15,1724079600,163325.0,163425.0,163255.0,163275.0,82528,5,350450
WIN$D,M15,1724080500,163275.0,163370.0,163270.0,163335.0,50225,5,211522
WIN$D,M15,1724081400,163335.0,163370.0,163290.0,163300.0,47683,5,195803
WIN$D,M15,1724082300,163300.0,163305.0,163120.0,163195.0,84675,5,364859
WIN$D,M15,1724083200,163190.0,163295.0,163165.0,163260.0,68661,5,286172
WIN$D,M15,1724084100,163265.0,163285.0,163205.0,163230.0,44463,5,189650
WIN$D,M15,1724085000,163230.0,163415.0,163225.0,163340.0,74328,5,316096
WIN$D,M15,1724085900,163335.0,163400.0,163285.0,163300.0,56314,5,251307
WIN$D,M15,1724086800,163300.0,163300.0,163035.0,163050.0,73519,5,333282
WIN$D,M15,1724087700,163045.0,163075.0,162945.0,163035.0,51289,5,227167
WIN$D,M15,1724088600,163030.0,163290.0,163020.0,163270.0,54440,5,258376
WIN$D,M15,1724089500,163275.0,163375.0,163230.0,163305.0,40390,5,157820
WIN$D,M15,1724090400,163305.0,163430.0,163230.0,163430.0,46245,5,124010
WIN$D,M15,1724091300,163425.0,163500.0,163350.0,163415.0,28406,5,84588
WIN$D,M15,1724144400,163220.0,163315.0,162775.0,163240.0,257541,5,889586
WIN$D,M15,1724145300,163240.0,163285.0,163040.0,163240.0,151158,5,521611
WIN$D,M15,1724146200,163240.0,163280.0,163075.0,163240.0,123059,5,426450
WIN$D,M15,1724147100,163240.0,163385.0,163130.0,163370.0,123770,5,453466
WIN$D,M15,1724148000,163370.0,163475.0,163205.0,163280.0,242270,5,885857
WIN$D,M15,1724148900,163285.0,163295.0,163090.0,163120.0,187969,5,692116
WIN$D,M15,1724149800,163120.0,163180.0,162900.0,163115.0,253138,5,941266
WIN$D,M15,1724150700,163120.0,163135.0,162740.0,162875.0,224436,5,841631
WIN$D,M15,1724151600,162875.0,162900.0,162695.0,162830.0,135082,5,510591
WIN$D,M15,1724152500,162830.0,162855.0,162635.0,162650.0,114823,5,441476
WIN$D,M15,1724153400,162645.0,162730.0,162575.0,162685.0,106583,5,413831
WIN$D,M15,1724154300,162690.0,162880.0,162680.0,162875.0,111706,5,436110
WIN$D,M15,1724155200,162880.0,163090.0,162835.0,163025.0,142006,5,557895
WIN$D,M15,1724156100,163025.0,163110.0,162985.0,163110.0,70510,5,270864
WIN$D,M15,1724157000,163110.0,163180.0,163005.0,163040.0,86599,5,332128
WIN$D,M15,1724157900,163040.0,163145.0,162990.0,163100.0,83171,5,317935
WIN$D,M15,1724158800,163100.0,163290.0,163065.0,163290.0,96334,5,371813
WIN$D,M15,1724159700,163290.0,163360.0,163250.0,163335.0,66631,5,273519
WIN$D,M15,1724160600,163335.0,163495.0,163290.0,163455.0,93593,5,396865
WIN$D,M15,1724161500,163455.0,163570.0,163280.0,163310.0,110608,5,481701
WIN$D,M15,1724162400,163305.0,163340.0,163200.0,163210.0,90867,5,378546
WIN$D,M15,1724163300,163210.0,163275.0,163155.0,163240.0,72675,5,314012
WIN$D,M15,1724164200,163245.0,163355.0,163160.0,163320.0,75666,5,297716
WIN$D,M15,1724165100,163315.0,163495.0,163280.0,163475.0,96849,5,408185
WIN$D,M15,1724166000,163480.0,163540.0,163440.0,163510.0,77026,5,317225
WIN$D,M15,1724166900,163505.0,163645.0,163485.0,163575.0,82749,5,355068
WIN$D,M15,1724167800,163580.0,163615.0,163450.0,163490.0,80772,5,341847
WIN$D,M15,1724168700,163490.0,163565.0,163485.0,163490.0,43602,5,185144
WIN$D,M15,1724169600,163490.0,163500.0,163365.0,163395.0,70620,5,304186
WIN$D,M15,1724170500,163395.0,163590.0,163395.0,163565.0,67484,5,290837
WIN$D,M15,1724171400,163570.0,163585.0,163430.0,163475.0,56097,5,233134
WIN$D,M15,1724172300,163475.0,163520.0,163395.0,163425.0,58648,5,261724
WIN$D,M15,1724173200,163425.0,163505.0,163390.0,163505.0,48202,5,218172
WIN$D,M15,1724174100,163500.0,163565.0,163475.0,163555.0,29733,5,135154
WIN$D,M15,1724175000,163555.0,163685.0,163550.0,163670.0,40090,5,172393
WIN$D,M15,1724175900,163675.0,163700.0,163600.0,163675.0,32069,5,117488
WIN$D,M15,1724176800,163670.0,163680.0,163500.0,163535.0,39189,5,98818
WIN$D,M15,1724177700,163540.0,163620.0,163450.0,163585.0,21810,5,66281
WIN$D,M15,1724230800,163760.0,164005.0,163720.0,163820.0,173285,5,552580
WIN$D,M15,1724231700,163820.0,163930.0,163770.0,163785.0,97912,5,328874
WIN$D,M15,1724232600,163790.0,163895.0,163755.0,163805.0,77455,5,267885
WIN$D,M15,1724233500,163800.0,163845.0,163745.0,163825.0,69618,5,253357
WIN$D,M15,1724234400,163830.0,163860.0,163675.0,163815.0,167149,5,609090
WIN$D,M15,1724235300,163815.0,164170.0,163760.0,164115.0,242112,5,887143
WIN$D,M15,1724236200,164110.0,164160.0,163905.0,164105.0,204411,5,737380
WIN$D,M15,1724237100,164105.0,164255.0,163965.0,164005.0,211582,5,796688
WIN$D,M15,1724238000,164010.0,164085.0,163660.0,163790.0,227355,5,827439
WIN$D,M15,1724238900,163790.0,163890.0,163710.0,163775.0,139935,5,482574
WIN$D,M15,1724239800,163770.0,163975.0,163740.0,163950.0,123846,5,440674
WIN$D,M15,1724240700,163950.0,163975.0,163585.0,163675.0,178485,5,698986
WIN$D,M15,1724241600,163675.0,163720.0,163610.0,163705.0,72437,5,278983
WIN$D,M15,1724242500,163705.0,163840.0,163645.0,163805.0,82773,5,308455
WIN$D,M15,1724243400,163805.0,163840.0,163750.0,163770.0,53913,5,213919
WIN$D,M15,1724244300,163770.0,163785.0,163500.0,163545.0,97248,5,372225
WIN$D,M15,1724245200,163545.0,163655.0,163500.0,163615.0,68164,5,263361
WIN$D,M15,1724246100,163615.0,163705.0,163540.0,163595.0,72667,5,282675
WIN$D,M15,1724247000,163600.0,163620.0,163475.0,163530.0,84004,5,323263
WIN$D,M15,1724247900,163535.0,163575.0,163475.0,163555.0,44987,5,176116
WIN$D,M15,1724248800,163550.0,163610.0,163430.0,163525.0,85547,5,337706
WIN$D,M15,1724249700,163525.0,163635.0,163500.0,163630.0,67205,5,253454
WIN$D,M15,1724250600,163625.0,163740.0,163585.0,163660.0,93445,5,343314
WIN$D,M15,1724251500,163665.0,163705.0,163515.0,163550.0,62116,5,235753
WIN$D,M15,1724252400,163550.0,163870.0,163545.0,163730.0,152922,5,596629
WIN$D,M15,1724253300,163730.0,163870.0,163650.0,163855.0,85201,5,314637
WIN$D,M15,1724254200,163860.0,163955.0,163790.0,163935.0,100449,5,376574
WIN$D,M15,1724255100,163935.0,164010.0,163800.0,163855.0,92602,5,370086
WIN$D,M15,1724256000,163860.0,163890.0,163810.0,163830.0,41824,5,154330
WIN$D,M15,1724256900,163825.0,163885.0,163775.0,163825.0,55936,5,220140
WIN$D,M15,1724257800,163820.0,163870.0,163755.0,163800.0,62557,5,247009
WIN$D,M15,1724258700,163800.0,163835.0,163750.0,163760.0,43075,5,181930
WIN$D,M15,1724259600,163760.0,163835.0,163710.0,163810.0,58229,5,262907
WIN$D,M15,1724260500,163815.0,163920.0,163785.0,163895.0,35674,5,151068
WIN$D,M15,1724261400,163900.0,163945.0,163855.0,163870.0,33422,5,131901
WIN$D,M15,1724262300,163865.0,163920.0,163835.0,163890.0,22949,5,79490
WIN$D,M15,1724263200,163890.0,163945.0,163855.0,163915.0,17809,5,44289
WIN$D,M15,1724264100,163920.0,163975.0,163870.0,163935.0,19387,5,56902
WIN$D,M15,1724317200,163895.0,163900.0,163320.0,163495.0,207882,5,718734
WIN$D,M15,1724318100,163490.0,163690.0,163395.0,163455.0,178121,5,655044
WIN$D,M15,1724319000,163450.0,163490.0,163340.0,163470.0,119800,5,400612
WIN$D,M15,1724319900,163470.0,163475.0,163290.0,163340.0,113139,5,394714
WIN$D,M15,1724320800,163340.0,163510.0,163210.0,163225.0,231270,5,808332
WIN$D,M15,1724321700,163230.0,163275.0,163025.0,163035.0,182118,5,688154
WIN$D,M15,1724322600,163035.0,163110.0,162890.0,163080.0,205351,5,784836
WIN$D,M15,1724323500,163080.0,163130.0,162810.0,162885.0,164707,5,604359
WIN$D,M15,1724324400,162890.0,163050.0,162785.0,162840.0,165783,5,599987
WIN$D,M15,1724325300,162840.0,162890.0,162640.0,162720.0,127003,5,480816
WIN$D,M15,1724326200,162725.0,162865.0,162645.0,162705.0,128737,5,483654
WIN$D,M15,1724327100,162705.0,162915.0,162690.0,162810.0,105871,5,400649
WIN$D,M15,1724328000,162815.0,162895.0,162520.0,162560.0,142017,5,564427
WIN$D,M15,1724328900,162560.0,162575.0,162395.0,162420.0,108968,5,425521
WIN$D,M15,1724329800,162420.0,162435.0,162225.0,162235.0,131969,5,545337
WIN$D,M15,1724330700,162240.0,162305.0,162195.0,162250.0,74630,5,289671
WIN$D,M15,1724331600,162250.0,162310.0,162195.0,162200.0,54912,5,200681
WIN$D,M15,1724332500,162200.0,162300.0,162170.0,162285.0,64389,5,245606
WIN$D,M15,1724333400,162290.0,162420.0,162250.0,162375.0,75422,5,308278
WIN$D,M15,1724334300,162370.0,162375.0,162205.0,162265.0,83909,5,335074
WIN$D,M15,1724335200,162265.0,162375.0,162190.0,162315.0,94082,5,359439
WIN$D,M15,1724336100,162315.0,162395.0,162285.0,162300.0,55555,5,202938
WIN$D,M15,1724337000,162300.0,162315.0,161960.0,162045.0,171479,5,723809
WIN$D,M15,1724337900,162050.0,162270.0,161930.0,162020.0,164435,5,688096
WIN$D,M15,1724338800,162020.0,162200.0,161910.0,162160.0,118512,5,492918
WIN$D,M15,1724339700,162155.0,162220.0,161990.0,162010.0,87512,5,351993
WIN$D,M15,1724340600,162015.0,162250.0,162010.0,162240.0,81959,5,323327
WIN$D,M15,1724341500,162235.0,162375.0,162220.0,162275.0,85997,5,332256
WIN$D,M15,1724342400,162270.0,162440.0,162250.0,162370.0,78063,5,288649
WIN$D,M15,1724343300,162365.0,162370.0,162130.0,162180.0,94721,5,379889
WIN$D,M15,1724344200,162180.0,162235.0,162065.0,162145.0,71638,5,287722
WIN$D,M15,1724345100,162150.0,162285.0,162080.0,162275.0,68365,5,277750
WIN$D,M15,1724346000,162270.0,162365.0,162240.0,162325.0,62510,5,251333
WIN$D,M15,1724346900,162325.0,162420.0,162320.0,162405.0,27066,5,105899
WIN$D,M15,1724347800,162410.0,162555.0,162355.0,162425.0,57416,5,240799
WIN$D,M15,1724348700,162430.0,162580.0,162425.0,162525.0,39265,5,151621
WIN$D,M15,1724349600,162525.0,162605.0,162465.0,162555.0,24712,5,70287
WIN$D,M15,1724350500,162555.0,162590.0,162310.0,162520.0,19332,5,62661
WIN$D,M15,1724403600,162930.0,163035.0,162645.0,162700.0,207985,5,676648
WIN$D,M15,1724404500,162700.0,163080.0,162680.0,162835.0,182401,5,647070
WIN$D,M15,1724405400,162835.0,162860.0,162655.0,162715.0,88900,5,336412
WIN$D,M15,1724406300,162715.0,163005.0,162705.0,162825.0,134590,5,475510
WIN$D,M15,1724407200,162830.0,162910.0,162710.0,162790.0,174556,5,621183
WIN$D,M15,1724408100,162785.0,163080.0,162760.0,162905.0,187982,5,678309
WIN$D,M15,1724409000,162905.0,163055.0,162715.0,162860.0,170052,5,621881
WIN$D,M15,1724409900,162860.0,162870.0,162490.0,162655.0,194853,5,720317
WIN$D,M15,1724410800,162655.0,163315.0,162605.0,163225.0,305246,5,1108619
WIN$D,M15,1724411700,163225.0,163475.0,162945.0,163405.0,210777,5,723533
WIN$D,M15,1724412600,163395.0,163515.0,163350.0,163430.0,127852,5,459463
WIN$D,M15,1724413500,163425.0,163515.0,163100.0,163495.0,173519,5,654163
WIN$D,M15,1724414400,163495.0,163655.0,163320.0,163530.0,140967,5,550348
WIN$D,M15,1724415300,163530.0,163640.0,163505.0,163555.0,80979,5,319727
WIN$D,M15,1724416200,163550.0,163625.0,163465.0,163495.0,77153,5,310616
WIN$D,M15,1724417100,163500.0,163510.0,163345.0,163375.0,68727,5,267199
WIN$D,M15,1724418000,163375.0,163420.0,163210.0,163255.0,81698,5,320258
WIN$D,M15,1724418900,163250.0,163355.0,163195.0,163320.0,70807,5,271200
WIN$D,M15,1724419800,163320.0,163560.0,163315.0,163320.0,112929,5,441089
WIN$D,M15,1724420700,163325.0,163460.0,163230.0,163365.0,88100,5,336914
WIN$D,M15,1724421600,163365.0,163395.0,163240.0,163380.0,66598,5,250759
WIN$D,M15,1724422500,163380.0,163395.0,163290.0,163335.0,46383,5,167004
WIN$D,M15,1724423400,163330.0,163360.0,163255.0,163310.0,45850,5,166545
WIN$D,M15,1724424300,163305.0,163360.0,163290.0,163350.0,38894,5,145417
WIN$D,M15,1724425200,163345.0,163435.0,163305.0,163325.0,64029,5,239055
WIN$D,M15,1724426100,163325.0,163400.0,163315.0,163350.0,35569,5,134738
WIN$D,M15,1724427000,163355.0,163370.0,163240.0,163325.0,51779,5,203528
WIN$D,M15,1724427900,163325.0,163340.0,163175.0,163215.0,53058,5,199517
WIN$D,M15,1724428800,163210.0,163245.0,163110.0,163235.0,55470,5,213420
WIN$D,M15,1724429700,163235.0,163270.0,163100.0,163110.0,50380,5,211604
WIN$D,M15,1724430600,163115.0,163170.0,162980.0,163025.0,64407,5,240910
WIN$D,M15,1724431500,163025.0,163110.0,162955.0,162985.0,57335,5,229994
WIN$D,M15,1724432400,162980.0,163010.0,162770.0,162805.0,64823,5,271605
WIN$D,M15,1724433300,162800.0,162860.0,162755.0,162825.0,29332,5,117307
WIN$D,M15,1724434200,162825.0,163000.0,162820.0,162970.0,38707,5,156650
WIN$D,M15,1724435100,162970.0,162995.0,162815.0,162910.0,31490,5,109759
WIN$D,M15,1724436000,162910.0,162970.0,162840.0,162940.0,25422,5,72294
WIN$D,M15,1724436900,162935.0,162970.0,162780.0,162920.0,16733,5,49640
WIN$D,M15,1724662800,163135.0,163520.0,162940.0,163430.0,205543,5,672720
WIN$D,M15,1724663700,163430.0,163470.0,163190.0,163365.0,142477,5,481800
WIN$D,M15,1724664600,163370.0,163465.0,163315.0,163430.0,87790,5,303439
WIN$D,M15,1724665500,163430.0,163550.0,163390.0,163460.0,96043,5,334638
WIN$D,M15,1724666400,163460.0,163480.0,163030.0,163070.0,242091,5,826450
WIN$D,M15,1724667300,163075.0,163285.0,162965.0,162980.0,227671,5,810039
WIN$D,M15,1724668200,162985.0,163765.0,162955.0,163720.0,327321,5,1199834
WIN$D,M15,1724669100,163715.0,163840.0,163550.0,163715.0,218196,5,785316
WIN$D,M15,1724670000,163715.0,163930.0,163610.0,163900.0,164192,5,567236
WIN$D,M15,1724670900,163900.0,163960.0,163825.0,163925.0,116284,5,422819
WIN$D,M15,1724671800,163930.0,163930.0,163525.0,163530.0,166550,5,599643
WIN$D,M15,1724672700,163535.0,163730.0,163530.0,163610.0,115511,5,441934
WIN$D,M15,1724673600,163610.0,163660.0,163470.0,163470.0,82510,5,291118
WIN$D,M15,1724674500,163470.0,163650.0,163320.0,163630.0,129991,5,502715
WIN$D,M15,1724675400,163630.0,163720.0,163455.0,163610.0,117388,5,448073
WIN$D,M15,1724676300,163610.0,163710.0,163540.0,163665.0,82776,5,309651
WIN$D,M15,1724677200,163665.0,163750.0,163585.0,163715.0,69570,5,256576
WIN$D,M15,1724678100,163710.0,163850.0,163670.0,163810.0,62125,5,239534
WIN$D,M15,1724679000,163815.0,163920.0,163800.0,163890.0,63036,5,245684
WIN$D,M15,1724679900,163890.0,163985.0,163820.0,163840.0,81725,5,313848
WIN$D,M15,1724680800,163835.0,164055.0,163835.0,164025.0,101750,5,399117
WIN$D,M15,1724681700,164025.0,164120.0,164000.0,164050.0,77953,5,326380
WIN$D,M15,1724682600,164055.0,164065.0,163845.0,163940.0,102383,5,411151
WIN$D,M15,1724683500,163940.0,163965.0,163795.0,163910.0,88999,5,357622
WIN$D,M15,1724684400,163915.0,164000.0,163830.0,163865.0,82736,5,327143
WIN$D,M15,1724685300,163870.0,163895.0,163795.0,163885.0,54555,5,215713
WIN$D,M15,1724686200,163890.0,163985.0,163860.0,163940.0,56544,5,216236
WIN$D,M15,1724687100,163935.0,163995.0,163900.0,163990.0,46040,5,183174
WIN$D,M15,1724688000,163995.0,164015.0,163905.0,163950.0,48630,5,205712
WIN$D,M15,1724688900,163950.0,163970.0,163880.0,163925.0,39178,5,156408
WIN$D,M15,1724689800,163925.0,164010.0,163885.0,163975.0,49634,5,214747
WIN$D,M15,1724690700,163975.0,164035.0,163925.0,164020.0,55203,5,245380
WIN$D,M15,1724691600,164020.0,164070.0,163950.0,164050.0,55208,5,239441
WIN$D,M15,1724692500,164050.0,164060.0,163980.0,164000.0,24301,5,109907
WIN$D,M15,1724693400,164000.0,164015.0,163940.0,163980.0,26240,5,109854
WIN$D,M15,1724694300,163980.0,164060.0,163965.0,164030.0,20386,5,76268
WIN$D,M15,1724695200,164025.0,164030.0,163970.0,163970.0,20480,5,52935
WIN$D,M15,1724696100,163970.0,164015.0,163895.0,163980.0,18629,5,55172
WIN$D,M15,1724749200,163920.0,164145.0,163820.0,164140.0,236461,5,687887
WIN$D,M15,1724750100,164140.0,164160.0,163905.0,164155.0,182009,5,616808
WIN$D,M15,1724751000,164155.0,164225.0,164060.0,164170.0,126829,5,436270
WIN$D,M15,1724751900,164175.0,164235.0,164095.0,164120.0,95120,5,343274
WIN$D,M15,1724752800,164120.0,164135.0,163880.0,163880.0,200349,5,735164
WIN$D,M15,1724753700,163880.0,163980.0,163755.0,163875.0,215119,5,824527
WIN$D,M15,1724754600,163875.0,164090.0,163755.0,163760.0,243496,5,938268
WIN$D,M15,1724755500,163755.0,163910.0,163630.0,163835.0,207113,5,785277
WIN$D,M15,1724756400,163840.0,163930.0,163705.0,163925.0,153910,5,576519
WIN$D,M15,1724757300,163920.0,164240.0,163870.0,164225.0,166907,5,651616
WIN$D,M15,1724758200,164220.0,164230.0,163965.0,164055.0,135264,5,552177
WIN$D,M15,1724759100,164050.0,164145.0,163990.0,164060.0,99474,5,391331
WIN$D,M15,1724760000,164060.0,164230.0,164015.0,164105.0,115162,5,465645
WIN$D,M15,1724760900,164110.0,164145.0,163980.0,163985.0,94958,5,377894
WIN$D,M15,1724761800,163985.0,164045.0,163865.0,163885.0,91192,5,368090
WIN$D,M15,1724762700,163890.0,163975.0,163865.0,163895.0,55345,5,222890
WIN$D,M15,1724763600,163895.0,163930.0,163835.0,163880.0,49884,5,202686
WIN$D,M15,1724764500,163885.0,163905.0,163775.0,163885.0,59583,5,248638
WIN$D,M15,1724765400,163880.0,163955.0,163830.0,163885.0,58715,5,240340
WIN$D,M15,1724766300,163890.0,163915.0,163825.0,163835.0,37380,5,151663
WIN$D,M15,1724767200,163835.0,164015.0,163815.0,164005.0,65950,5,277116
WIN$D,M15,1724768100,164005.0,164065.0,163945.0,164040.0,79754,5,337031
WIN$D,M15,1724769000,164035.0,164065.0,163940.0,164040.0,64009,5,264658
WIN$D,M15,1724769900,164040.0,164060.0,163925.0,163995.0,51107,5,219880
WIN$D,M15,1724770800,163995.0,164030.0,163955.0,164020.0,41125,5,173125
WIN$D,M15,1724771700,164015.0,164110.0,164000.0,164065.0,51983,5,220225
WIN$D,M15,1724772600,164070.0,164120.0,164040.0,164050.0,33790,5,134528
WIN$D,M15,1724773500,164045.0,164080.0,163995.0,164005.0,39828,5,167138
WIN$D,M15,1724774400,164005.0,164120.0,164000.0,164040.0,46897,5,185969
WIN$D,M15,1724775300,164045.0,164110.0,164020.0,164050.0,32970,5,132856
WIN$D,M15,1724776200,164055.0,164080.0,163935.0,163975.0,41814,5,173638
WIN$D,M15,1724777100,163980.0,164010.0,163955.0,163970.0,34493,5,149571
WIN$D,M15,1724778000,163965.0,163995.0,163840.0,163905.0,52622,5,228625
WIN$D,M15,1724778900,163905.0,163905.0,163740.0,163760.0,42972,5,183090
WIN$D,M15,1724779800,163755.0,163840.0,163745.0,163820.0,31300,5,127074
WIN$D,M15,1724780700,163815.0,163855.0,163775.0,163815.0,20963,5,74985
WIN$D,M15,1724781600,163815.0,163855.0,163755.0,163840.0,22255,5,57083
WIN$D,M15,1724782500,163840.0,163905.0,163795.0,163795.0,14811,5,46931
WIN$D,M15,1724835600,163430.0,163550.0,163230.0,163390.0,190179,5,586846
WIN$D,M15,1724836500,163385.0,163460.0,163240.0,163275.0,123480,5,429421
WIN$D,M15,1724837400,163270.0,163335.0,163210.0,163260.0,98475,5,344292
WIN$D,M15,1724838300,163255.0,163290.0,163110.0,163130.0,90267,5,308185
WIN$D,M15,1724839200,163130.0,163165.0,163005.0,163120.0,163551,5,605588
WIN$D,M15,1724840100,163125.0,163285.0,162950.0,163000.0,277103,5,1062691
WIN$D,M15,1724841000,163000.0,163105.0,162690.0,163085.0,246319,5,954362
WIN$D,M15,1724841900,163085.0,163185.0,162920.0,163005.0,228851,5,849007
WIN$D,M15,1724842800,163010.0,163240.0,162980.0,163155.0,141990,5,533918
WIN$D,M15,1724843700,163160.0,163625.0,163135.0,163620.0,198968,5,804985
WIN$D,M15,1724844600,163625.0,163780.0,163560.0,163685.0,158868,5,672767
WIN$D,M15,1724845500,163680.0,163715.0,163550.0,163620.0,118024,5,474711
WIN$D,M15,1724846400,163620.0,163660.0,163485.0,163525.0,96926,5,393722
WIN$D,M15,1724847300,163530.0,163610.0,163325.0,163440.0,110878,5,454776
WIN$D,M15,1724848200,163440.0,163640.0,163375.0,163620.0,90332,5,372679
WIN$D,M15,1724849100,163615.0,163755.0,163585.0,163680.0,69418,5,280082
WIN$D,M15,1724850000,163680.0,163685.0,163530.0,163675.0,76629,5,301007
WIN$D,M15,1724850900,163675.0,163685.0,163445.0,163540.0,94966,5,408339
WIN$D,M15,1724851800,163540.0,163760.0,163510.0,163685.0,96169,5,395167
WIN$D,M15,1724852700,163685.0,163845.0,163630.0,163725.0,85733,5,346144
WIN$D,M15,1724853600,163720.0,163870.0,163705.0,163785.0,72139,5,307645
WIN$D,M15,1724854500,163780.0,163950.0,163775.0,163855.0,82904,5,347737
WIN$D,M15,1724855400,163850.0,163975.0,163825.0,163925.0,69364,5,285584
WIN$D,M15,1724856300,163920.0,163945.0,163695.0,163760.0,96943,5,419303
WIN$D,M15,1724857200,163765.0,163845.0,163665.0,163825.0,76509,5,336144
WIN$D,M15,1724858100,163820.0,164070.0,163805.0,163970.0,101543,5,446310
WIN$D,M15,1724859000,163970.0,163995.0,163795.0,163875.0,95637,5,425023
WIN$D,M15,1724859900,163870.0,164185.0,163835.0,164150.0,98177,5,442246
WIN$D,M15,1724860800,164150.0,164450.0,164130.0,164145.0,130022,5,586926
WIN$D,M15,1724861700,164150.0,164350.0,164135.0,164330.0,63511,5,261246
WIN$D,M15,1724862600,164330.0,164340.0,164175.0,164195.0,54441,5,232066
WIN$D,M15,1724863500,164190.0,164355.0,164150.0,164305.0,68776,5,303255
WIN$D,M15,1724864400,164300.0,164365.0,164220.0,164300.0,43876,5,187475
WIN$D,M15,1724865300,164300.0,164320.0,164060.0,164155.0,85546,5,378303
WIN$D,M15,1724866200,164150.0,164290.0,164135.0,164220.0,31626,5,136491
WIN$D,M15,1724867100,164225.0,164320.0,164170.0,164290.0,35607,5,130008
WIN$D,M15,1724868000,164290.0,164355.0,164225.0,164290.0,27985,5,73349
WIN$D,M15,1724868900,164290.0,164335.0,164230.0,164335.0,16669,5,49582
WIN$D,M15,1724922000,164485.0,164595.0,164340.0,164385.0,147964,5,455052
WIN$D,M15,1724922900,164390.0,164400.0,164275.0,164350.0,89497,5,306670
WIN$D,M15,1724923800,164350.0,164400.0,164185.0,164205.0,118648,5,428491
WIN$D,M15,1724924700,164205.0,164220.0,164000.0,164035.0,102591,5,387905
WIN$D,M15,1724925600,164035.0,164040.0,163670.0,163695.0,205089,5,810982
WIN$D,M15,1724926500,163700.0,163750.0,163350.0,163560.0,226453,5,943297
WIN$D,M15,1724927400,163560.0,163640.0,163380.0,163395.0,210976,5,842507
WIN$D,M15,1724928300,163395.0,163650.0,163290.0,163575.0,186706,5,737089
WIN$D,M15,1724929200,163575.0,163630.0,163300.0,163355.0,173745,5,704244
WIN$D,M15,1724930100,163355.0,163430.0,163175.0,163175.0,150678,5,627265
WIN$D,M15,1724931000,163175.0,163265.0,162995.0,163255.0,172310,5,731917
WIN$D,M15,1724931900,163260.0,163265.0,163105.0,163165.0,121428,5,526901
WIN$D,M15,1724932800,163160.0,163180.0,162980.0,163040.0,95739,5,406043
WIN$D,M15,1724933700,163045.0,163135.0,162990.0,163020.0,74925,5,334733
WIN$D,M15,1724934600,163015.0,163040.0,162870.0,163010.0,107323,5,443729
WIN$D,M15,1724935500,163015.0,163030.0,162900.0,162920.0,59442,5,248875
WIN$D,M15,1724936400,162915.0,162965.0,162795.0,162960.0,89481,5,383576
WIN$D,M15,1724937300,162960.0,162995.0,162800.0,162895.0,78189,5,327075
WIN$D,M15,1724938200,162895.0,162905.0,162680.0,162780.0,98348,5,412748
WIN$D,M15,1724939100,162780.0,162930.0,162735.0,162810.0,76102,5,313186
WIN$D,M15,1724940000,162810.0,162875.0,162710.0,162830.0,71937,5,299624
WIN$D,M15,1724940900,162830.0,162900.0,162795.0,162855.0,53059,5,236348
WIN$D,M15,1724941800,162850.0,162985.0,162790.0,162980.0,71428,5,299030
WIN$D,M15,1724942700,162975.0,163075.0,162900.0,163040.0,85437,5,362296
WIN$D,M15,1724943600,163045.0,163120.0,162985.0,163100.0,55274,5,227037
WIN$D,M15,1724944500,163100.0,163240.0,163070.0,163120.0,81282,5,350111
WIN$D,M15,1724945400,163120.0,163170.0,162930.0,163025.0,121669,5,538073
WIN$D,M15,1724946300,163020.0,163095.0,162810.0,163060.0,103889,5,452035
WIN$D,M15,1724947200,163055.0,163165.0,162970.0,163150.0,78126,5,328855
WIN$D,M15,1724948100,163150.0,163205.0,163050.0,163105.0,63376,5,293065
WIN$D,M15,1724949000,163110.0,163150.0,162870.0,162875.0,72458,5,318836
WIN$D,M15,1724949900,162880.0,162940.0,162830.0,162905.0,72078,5,338615
WIN$D,M15,1724950800,162905.0,162920.0,162760.0,162780.0,47523,5,241619
WIN$D,M15,1724951700,162780.0,162800.0,162635.0,162675.0,38288,5,187034
WIN$D,M15,1724952600,162675.0,162730.0,162660.0,162695.0,28162,5,134485
WIN$D,M15,1724953500,162690.0,162755.0,162590.0,162650.0,34489,5,135922
WIN$D,M15,1724954400,162650.0,162665.0,162570.0,162595.0,22711,5,64108
WIN$D,M15,1724955300,162590.0,162705.0,162580.0,162640.0,16144,5,51510
WIN$D,M15,1725008400,162970.0,163145.0,162475.0,162580.0,242317,5,795638
WIN$D,M15,1725009300,162580.0,162765.0,162535.0,162635.0,130598,5,468728
WIN$D,M15,1725010200,162635.0,162715.0,162300.0,162300.0,168147,5,581244
WIN$D,M15,1725011100,162300.0,162325.0,162025.0,162115.0,176121,5,658250
WIN$D,M15,1725012000,162115.0,162120.0,161740.0,161775.0,271072,5,1045725
WIN$D,M15,1725012900,161780.0,161980.0,161670.0,161825.0,206009,5,725600
WIN$D,M15,1725013800,161820.0,162170.0,161755.0,162140.0,188563,5,670013
WIN$D,M15,1725014700,162140.0,162340.0,162040.0,162150.0,166693,5,612859
WIN$D,M15,1725015600,162150.0,162570.0,162100.0,162340.0,208029,5,767756
WIN$D,M15,1725016500,162340.0,162655.0,162250.0,162405.0,167008,5,644347
WIN$D,M15,1725017400,162400.0,162780.0,162375.0,162625.0,238951,5,912321
WIN$D,M15,1725018300,162630.0,163030.0,162585.0,162825.0,211301,5,804875
WIN$D,M15,1725019200,162820.0,162965.0,162755.0,162915.0,107921,5,407264
WIN$D,M15,1725020100,162915.0,163030.0,162835.0,162845.0,93069,5,369370
WIN$D,M15,1725021000,162845.0,162885.0,162740.0,162760.0,81457,5,314562
WIN$D,M15,1725021900,162760.0,162825.0,162515.0,162525.0,146165,5,593099
WIN$D,M15,1725022800,162525.0,162615.0,162475.0,162490.0,69022,5,263157
WIN$D,M15,1725023700,162485.0,162530.0,162395.0,162415.0,76015,5,302068
WIN$D,M15,1725024600,162415.0,162445.0,162040.0,162185.0,127303,5,509750
WIN$D,M15,1725025500,162180.0,162200.0,161985.0,162055.0,80860,5,319982
WIN$D,M15,1725026400,162055.0,162300.0,162040.0,162225.0,76067,5,287678
WIN$D,M15,1725027300,162230.0,162250.0,162090.0,162150.0,70536,5,260871
WIN$D,M15,1725028200,162145.0,162315.0,162140.0,162300.0,59158,5,219758
WIN$D,M15,1725029100,162295.0,162325.0,162125.0,162235.0,74680,5,286855
WIN$D,M15,1725030000,162240.0,162285.0,162175.0,162265.0,43837,5,162727
WIN$D,M15,1725030900,162260.0,162325.0,162195.0,162220.0,51895,5,200522
WIN$D,M15,1725031800,162225.0,162275.0,162180.0,162190.0,47329,5,180911
WIN$D,M15,1725032700,162190.0,162220.0,162115.0,162170.0,52571,5,209581
WIN$D,M15,1725033600,162170.0,162240.0,162140.0,162225.0,37214,5,142542
WIN$D,M15,1725034500,162225.0,162290.0,162155.0,162210.0,51359,5,208510
WIN$D,M15,1725035400,162210.0,162265.0,162185.0,162250.0,33696,5,142879
WIN$D,M15,1725036300,162245.0,162940.0,162220.0,162855.0,141046,5,618692
WIN$D,M15,1725037200,162855.0,164160.0,162805.0,163055.0,217478,5,918344
WIN$D,M15,1725038100,163055.0,163410.0,163020.0,163180.0,100233,5,375315
WIN$D,M15,1725039000,163180.0,163340.0,163025.0,163245.0,58279,5,205658
WIN$D,M15,1725039900,163245.0,163370.0,163185.0,163235.0,33972,5,105843
WIN$D,M15,1725040800,163240.0,163370.0,163185.0,163315.0,18094,5,58292
WIN$D,M15,1725041700,163315.0,163390.0,163040.0,163195.0,15247,5,44124
WIN$D,M15,1725267600,162420.0,162535.0,162210.0,162395.0,205765,5,623833
WIN$D,M15,1725268500,162400.0,162655.0,162390.0,162565.0,144524,5,466379
WIN$D,M15,1725269400,162565.0,162570.0,162350.0,162455.0,94760,5,309076
WIN$D,M15,1725270300,162450.0,162500.0,162170.0,162260.0,158391,5,536276
WIN$D,M15,1725271200,162260.0,162495.0,162030.0,162155.0,279516,5,929232
WIN$D,M15,1725272100,162160.0,162170.0,161730.0,161750.0,228695,5,819189
WIN$D,M15,1725273000,161755.0,161960.0,161545.0,161565.0,187373,5,710114
WIN$D,M15,1725273900,161570.0,161655.0,161430.0,161490.0,158667,5,590365
WIN$D,M15,1725274800,161490.0,161545.0,161330.0,161470.0,138452,5,542682
WIN$D,M15,1725275700,161465.0,161620.0,161295.0,161620.0,140092,5,526014
WIN$D,M15,1725276600,161620.0,161620.0,161350.0,161465.0,125818,5,487481
WIN$D,M15,1725277500,161470.0,161740.0,161425.0,161565.0,129640,5,494887
WIN$D,M15,1725278400,161560.0,161695.0,161510.0,161670.0,86136,5,331427
WIN$D,M15,1725279300,161670.0,161760.0,161615.0,161620.0,62985,5,238458
WIN$D,M15,1725280200,161620.0,161685.0,161585.0,161600.0,51578,5,198589
WIN$D,M15,1725281100,161595.0,161650.0,161550.0,161630.0,48446,5,190907
WIN$D,M15,1725282000,161625.0,161655.0,161485.0,161495.0,55589,5,215927
WIN$D,M15,1725282900,161500.0,161595.0,161465.0,161570.0,51339,5,205124
WIN$D,M15,1725283800,161570.0,161590.0,161480.0,161540.0,34778,5,128888
WIN$D,M15,1725284700,161540.0,161750.0,161520.0,161725.0,57585,5,204593
WIN$D,M15,1725285600,161725.0,161860.0,161660.0,161820.0,100000,5,370058
WIN$D,M15,1725286500,161820.0,162045.0,161800.0,161985.0,96094,5,350806
WIN$D,M15,1725287400,161985.0,162115.0,161940.0,161975.0,68897,5,257829
WIN$D,M15,1725288300,161980.0,161995.0,161805.0,161825.0,55518,5,208653
WIN$D,M15,1725289200,161825.0,161830.0,161700.0,161725.0,63793,5,232766
WIN$D,M15,1725290100,161725.0,161790.0,161710.0,161770.0,31280,5,115774
WIN$D,M15,1725291000,161770.0,161775.0,161650.0,161675.0,44639,5,167972
WIN$D,M15,1725291900,161680.0,161735.0,161620.0,161645.0,32173,5,115548
WIN$D,M15,1725292800,161645.0,161760.0,161580.0,161660.0,63569,5,247234
WIN$D,M15,1725293700,161655.0,161855.0,161655.0,161730.0,64450,5,241859
WIN$D,M15,1725294600,161735.0,161770.0,161625.0,161665.0,43832,5,167277
WIN$D,M15,1725295500,161665.0,161665.0,161520.0,161520.0,41674,5,169291
WIN$D,M15,1725296400,161520.0,161655.0,161465.0,161525.0,59062,5,232909
WIN$D,M15,1725297300,161520.0,161635.0,161520.0,161570.0,31082,5,125395
WIN$D,M15,1725298200,161570.0,161655.0,161540.0,161555.0,31624,5,112794
WIN$D,M15,1725299100,161555.0,161595.0,161495.0,161585.0,27325,5,91479
WIN$D,M15,1725300000,161585.0,161590.0,161470.0,161485.0,22516,5,56480
WIN$D,M15,1725300900,161485.0,161515.0,161390.0,161390.0,23220,5,62930
WIN$D,M15,1725354000,160865.0,161680.0,160770.0,161645.0,244792,5,785663
WIN$D,M15,1725354900,161640.0,161665.0,161360.0,161505.0,165377,5,618026
WIN$D,M15,1725355800,161505.0,161725.0,161400.0,161695.0,164237,5,597996
WIN$D,M15,1725356700,161700.0,161700.0,161505.0,161540.0,107576,5,399795
WIN$D,M15,1725357600,161545.0,161760.0,161485.0,161630.0,232171,5,866121
WIN$D,M15,1725358500,161630.0,161710.0,161385.0,161695.0,238186,5,934085
WIN$D,M15,1725359400,161695.0,161720.0,161370.0,161425.0,212152,5,813399
WIN$D,M15,1725360300,161430.0,161475.0,161075.0,161240.0,230304,5,874340
WIN$D,M15,1725361200,161240.0,161280.0,160965.0,161060.0,219536,5,817355
WIN$D,M15,1725362100,161065.0,161665.0,161030.0,161585.0,210595,5,813726
WIN$D,M15,1725363000,161580.0,161725.0,161305.0,161395.0,213365,5,843997
WIN$D,M15,1725363900,161395.0,161455.0,161270.0,161300.0,136850,5,513094
WIN$D,M15,1725364800,161300.0,161480.0,161150.0,161320.0,149253,5,557367
WIN$D,M15,1725365700,161320.0,161350.0,161160.0,161245.0,91785,5,344162
WIN$D,M15,1725366600,161240.0,161290.0,161075.0,161120.0,78206,5,292455
WIN$D,M15,1725367500,161120.0,161240.0,161065.0,161070.0,86290,5,335828
WIN$D,M15,1725368400,161075.0,161310.0,161070.0,161290.0,76012,5,302009
WIN$D,M15,1725369300,161295.0,161380.0,161225.0,161340.0,82318,5,329990
WIN$D,M15,1725370200,161345.0,161360.0,161200.0,161200.0,53936,5,207019
WIN$D,M15,1725371100,161205.0,161245.0,161085.0,161160.0,70327,5,271665
WIN$D,M15,1725372000,161160.0,161370.0,161150.0,161315.0,77111,5,307915
WIN$D,M15,1725372900,161315.0,161600.0,161300.0,161540.0,105565,5,425731
WIN$D,M15,1725373800,161535.0,161545.0,161345.0,161415.0,101170,5,418984
WIN$D,M15,1725374700,161420.0,161445.0,161245.0,161275.0,75334,5,296608
WIN$D,M15,1725375600,161275.0,161285.0,161110.0,161225.0,95424,5,371945
WIN$D,M15,1725376500,161225.0,161230.0,161140.0,161210.0,58088,5,225149
WIN$D,M15,1725377400,161215.0,161340.0,161195.0,161265.0,74470,5,289847
WIN$D,M15,1725378300,161265.0,161300.0,161175.0,161205.0,59022,5,224697
WIN$D,M15,1725379200,161205.0,161270.0,161160.0,161190.0,47667,5,187656
WIN$D,M15,1725380100,161185.0,161230.0,161090.0,161110.0,53426,5,218659
WIN$D,M15,1725381000,161110.0,161180.0,160875.0,161020.0,104175,5,432066
WIN$D,M15,1725381900,161015.0,161170.0,160935.0,161155.0,87283,5,366042
WIN$D,M15,1725382800,161155.0,161315.0,161075.0,161290.0,71515,5,319020
WIN$D,M15,1725383700,161290.0,161295.0,161110.0,161120.0,36590,5,154523
WIN$D,M15,1725384600,161125.0,161235.0,161080.0,161145.0,43512,5,192096
WIN$D,M15,1725385500,161150.0,161315.0,161145.0,161275.0,33870,5,120331
WIN$D,M15,1725386400,161270.0,161325.0,161220.0,161270.0,26298,5,75306
WIN$D,M15,1725387300,161275.0,161420.0,161255.0,161390.0,16153,5,50849
WIN$D,M15,1725440400,161050.0,161385.0,160925.0,161220.0,211868,5,616301
WIN$D,M15,1725441300,161220.0,161370.0,161195.0,161350.0,118019,5,399375
WIN$D,M15,1725442200,161355.0,161730.0,161340.0,161670.0,172012,5,619180
WIN$D,M15,1725443100,161670.0,161855.0,161630.0,161690.0,157338,5,578552
WIN$D,M15,1725444000,161690.0,161765.0,161585.0,161605.0,170627,5,596665
WIN$D,M15,1725444900,161605.0,162255.0,161605.0,162105.0,327595,5,1184786
WIN$D,M15,1725445800,162110.0,162685.0,162060.0,162590.0,267169,5,1063138
WIN$D,M15,1725446700,162595.0,162935.0,162555.0,162805.0,163568,5,699835
WIN$D,M15,1725447600,162810.0,163105.0,162650.0,162920.0,241779,5,954151
WIN$D,M15,1725448500,162915.0,163090.0,162795.0,162970.0,156753,5,611308
WIN$D,M15,1725449400,162975.0,163285.0,162920.0,163245.0,135228,5,563809
WIN$D,M15,1725450300,163240.0,163630.0,163180.0,163565.0,151897,5,672211
WIN$D,M15,1725451200,163570.0,163595.0,163375.0,163425.0,109104,5,464068
WIN$D,M15,1725452100,163425.0,163505.0,163395.0,163400.0,63625,5,257596
WIN$D,M15,1725453000,163400.0,163495.0,163295.0,163385.0,96613,5,381808
WIN$D,M15,1725453900,163385.0,163420.0,163260.0,163270.0,55316,5,222402
WIN$D,M15,1725454800,163265.0,163285.0,163085.0,163140.0,92767,5,386531
WIN$D,M15,1725455700,163145.0,163240.0,163125.0,163165.0,55418,5,220110
WIN$D,M15,1725456600,163165.0,163240.0,163130.0,163165.0,57411,5,235055
WIN$D,M15,1725457500,163165.0,163190.0,163110.0,163125.0,43936,5,178940
WIN$D,M15,1725458400,163125.0,163155.0,163000.0,163010.0,68435,5,283839
WIN$D,M15,1725459300,163015.0,163050.0,162825.0,162870.0,87801,5,389744
WIN$D,M15,1725460200,162870.0,163010.0,162845.0,162970.0,66350,5,277125
WIN$D,M15,1725461100,162965.0,163115.0,162855.0,162940.0,109255,5,457731
WIN$D,M15,1725462000,162940.0,163075.0,162890.0,163065.0,66731,5,267365
WIN$D,M15,1725462900,163070.0,163090.0,162860.0,162995.0,85143,5,348261
WIN$D,M15,1725463800,163000.0,163065.0,162920.0,162955.0,71045,5,290020
WIN$D,M15,1725464700,162955.0,163045.0,162920.0,162940.0,58791,5,235023
WIN$D,M15,1725465600,162945.0,163225.0,162915.0,163220.0,90007,5,377025
WIN$D,M15,1725466500,163220.0,163430.0,163190.0,163410.0,119978,5,522244
WIN$D,M15,1725467400,163415.0,163480.0,163210.0,163230.0,106051,5,456426
WIN$D,M15,1725468300,163235.0,163290.0,163075.0,163090.0,86269,5,369159
WIN$D,M15,1725469200,163095.0,163110.0,162855.0,162990.0,102938,5,467400
WIN$D,M15,1725470100,162985.0,163150.0,162920.0,163135.0,53124,5,227871
WIN$D,M15,1725471000,163130.0,163245.0,163115.0,163200.0,53673,5,221045
WIN$D,M15,1725471900,163205.0,163230.0,163115.0,163175.0,28385,5,110081
WIN$D,M15,1725472800,163175.0,163175.0,163030.0,163075.0,35747,5,99242
WIN$D,M15,1725473700,163065.0,163245.0,162950.0,163090.0,24134,5,72924
WIN$D,M15,1725526800,163020.0,163510.0,162795.0,162920.0,248413,5,782275
WIN$D,M15,1725527700,162920.0,163085.0,162830.0,162955.0,164783,5,554797
WIN$D,M15,1725528600,162960.0,163015.0,162580.0,162620.0,184754,5,638893
WIN$D,M15,1725529500,162615.0,162735.0,162440.0,162705.0,153853,5,564932
WIN$D,M15,1725530400,162710.0,162810.0,162520.0,162650.0,234083,5,837793
WIN$D,M15,1725531300,162650.0,163050.0,162615.0,162910.0,216509,5,776022
WIN$D,M15,1725532200,162910.0,163190.0,162670.0,163115.0,274301,5,976258
WIN$D,M15,1725533100,163120.0,163175.0,162820.0,162935.0,171461,5,588689
WIN$D,M15,1725534000,162930.0,163110.0,162825.0,162885.0,195714,5,716999
WIN$D,M15,1725534900,162885.0,163030.0,162845.0,162910.0,104986,5,392366
WIN$D,M15,1725535800,162915.0,163035.0,162870.0,162910.0,83924,5,305691
WIN$D,M15,1725536700,162910.0,162950.0,162635.0,162765.0,137032,5,516608
WIN$D,M15,1725537600,162770.0,162925.0,162655.0,162820.0,116150,5,446967
WIN$D,M15,1725538500,162820.0,162870.0,162655.0,162660.0,80828,5,300332
WIN$D,M15,1725539400,162665.0,162795.0,162655.0,162765.0,73047,5,282039
WIN$D,M15,1725540300,162770.0,162900.0,162685.0,162690.0,82812,5,318858
WIN$D,M15,1725541200,162690.0,162810.0,162645.0,162800.0,73670,5,281288
WIN$D,M15,1725542100,162795.0,163090.0,162715.0,163085.0,114248,5,427958
WIN$D,M15,1725543000,163090.0,163195.0,162965.0,162995.0,109642,5,409991
WIN$D,M15,1725543900,162995.0,163225.0,162955.0,163205.0,91063,5,339659
WIN$D,M15,1725544800,163205.0,163370.0,163125.0,163255.0,124673,5,459597
WIN$D,M15,1725545700,163255.0,163270.0,162920.0,162935.0,96877,5,368100
WIN$D,M15,1725546600,162930.0,163085.0,162900.0,163070.0,84030,5,357890
WIN$D,M15,1725547500,163065.0,163100.0,162905.0,162990.0,72724,5,293168
WIN$D,M15,1725548400,162990.0,163035.0,162870.0,162950.0,66744,5,266676
WIN$D,M15,1725549300,162950.0,163145.0,162945.0,163020.0,78412,5,333206
WIN$D,M15,1725550200,163020.0,163080.0,162960.0,162995.0,51877,5,224691
WIN$D,M15,1725551100,162995.0,163170.0,162960.0,163050.0,71604,5,316793
WIN$D,M15,1725552000,163050.0,163215.0,162995.0,163160.0,65557,5,292800
WIN$D,M15,1725552900,163160.0,163260.0,163095.0,163235.0,59055,5,249738
WIN$D,M15,1725553800,163230.0,163330.0,163130.0,163145.0,72572,5,318592
WIN$D,M15,1725554700,163140.0,163265.0,163110.0,163255.0,62764,5,260574
WIN$D,M15,1725555600,163255.0,163300.0,163185.0,163255.0,43286,5,187991
WIN$D,M15,1725556500,163260.0,163320.0,163205.0,163220.0,30927,5,128547
WIN$D,M15,1725557400,163225.0,163350.0,163210.0,163315.0,25573,5,103595
WIN$D,M15,1725558300,163315.0,163325.0,163175.0,163230.0,22270,5,95983
WIN$D,M15,1725559200,163230.0,163360.0,163205.0,163345.0,15766,5,60084
WIN$D,M15,1725560100,163345.0,163465.0,163335.0,163435.0,12216,5,51902
WIN$D,M15,1725613200,162970.0,163340.0,162965.0,163120.0,179403,5,523798
WIN$D,M15,1725614100,163120.0,163270.0,163015.0,163015.0,97466,5,307888
WIN$D,M15,1725615000,163015.0,163950.0,162730.0,163735.0,359794,5,1171176
WIN$D,M15,1725615900,163730.0,163760.0,163185.0,163305.0,229236,5,758427
WIN$D,M15,1725616800,163305.0,163340.0,162765.0,163250.0,292880,5,974789
WIN$D,M15,1725617700,163250.0,163260.0,162460.0,163035.0,331668,5,1093895
WIN$D,M15,1725618600,163030.0,163160.0,162550.0,162685.0,266659,5,871222
WIN$D,M15,1725619500,162685.0,162920.0,162580.0,162585.0,175034,5,563221
WIN$D,M15,1725620400,162585.0,162685.0,162360.0,162530.0,202849,5,714301
WIN$D,M15,1725621300,162535.0,162715.0,162380.0,162390.0,155034,5,531909
WIN$D,M15,1725622200,162385.0,162415.0,161950.0,161960.0,190014,5,735163
WIN$D,M15,1725623100,161965.0,162005.0,161685.0,161755.0,138700,5,596753
WIN$D,M15,1725624000,161760.0,162185.0,161735.0,161885.0,203078,5,788199
WIN$D,M15,1725624900,161885.0,161910.0,161565.0,161585.0,133941,5,535023
WIN$D,M15,1725625800,161585.0,161760.0,161550.0,161570.0,101966,5,395776
WIN$D,M15,1725626700,161575.0,161600.0,161400.0,161450.0,90630,5,354263
WIN$D,M15,1725627600,161450.0,161555.0,161350.0,161505.0,85619,5,322178
WIN$D,M15,1725628500,161510.0,161540.0,161370.0,161380.0,59696,5,218426
WIN$D,M15,1725629400,161385.0,161495.0,161280.0,161375.0,97344,5,377512
WIN$D,M15,1725630300,161375.0,161405.0,161225.0,161355.0,65554,5,252210
WIN$D,M15,1725631200,161360.0,161520.0,161325.0,161495.0,72136,5,272838
WIN$D,M15,1725632100,161495.0,161545.0,161210.0,161230.0,92665,5,360433
WIN$D,M15,1725633000,161230.0,161285.0,161135.0,161205.0,79679,5,308243
WIN$D,M15,1725633900,161205.0,161250.0,161120.0,161155.0,63694,5,245659
WIN$D,M15,1725634800,161155.0,161220.0,161050.0,161160.0,71371,5,274608
WIN$D,M15,1725635700,161160.0,161190.0,161005.0,161110.0,76991,5,320123
WIN$D,M15,1725636600,161105.0,161215.0,161020.0,161195.0,68911,5,270483
WIN$D,M15,1725637500,161195.0,161335.0,161150.0,161290.0,70764,5,271851
WIN$D,M15,1725638400,161295.0,161325.0,161170.0,161200.0,58543,5,244587
WIN$D,M15,1725639300,161200.0,161270.0,161150.0,161235.0,50216,5,201592
WIN$D,M15,1725640200,161235.0,161255.0,161100.0,161185.0,62093,5,244357
WIN$D,M15,1725641100,161190.0,161220.0,161090.0,161155.0,45917,5,189120
WIN$D,M15,1725642000,161155.0,161170.0,160990.0,160995.0,47984,5,206211
WIN$D,M15,1725642900,160995.0,161085.0,160940.0,160960.0,38186,5,160335
WIN$D,M15,1725643800,160955.0,161145.0,160955.0,161025.0,41948,5,168352
WIN$D,M15,1725644700,161025.0,161065.0,160820.0,160965.0,33364,5,130447
WIN$D,M15,1725645600,160965.0,160970.0,160895.0,160930.0,15344,5,47525
WIN$D,M15,1725646500,160930.0,161085.0,160920.0,161085.0,13729,5,50535
WIN$D,M15,1725872400,161670.0,161970.0,161210.0,161310.0,238976,5,724796
WIN$D,M15,1725873300,161315.0,161425.0,161240.0,161320.0,123942,5,403722
WIN$D,M15,1725874200,161320.0,161345.0,161175.0,161190.0,94338,5,310691
WIN$D,M15,1725875100,161190.0,161280.0,161040.0,161240.0,131785,5,440019
WIN$D,M15,1725876000,161235.0,161430.0,161030.0,161320.0,283047,5,946868
WIN$D,M15,1725876900,161325.0,161425.0,161180.0,161360.0,210982,5,708144
WIN$D,M15,1725877800,161360.0,161525.0,161195.0,161360.0,212723,5,715642
WIN$D,M15,1725878700,161355.0,161690.0,161345.0,161595.0,189590,5,636303
WIN$D,M15,1725879600,161595.0,161765.0,161510.0,161575.0,164179,5,577361
WIN$D,M15,1725880500,161580.0,161700.0,161535.0,161560.0,103142,5,374294
WIN$D,M15,1725881400,161560.0,161690.0,161440.0,161560.0,147610,5,543473
WIN$D,M15,1725882300,161565.0,161625.0,161470.0,161560.0,96497,5,366741
WIN$D,M15,1725883200,161555.0,161600.0,161425.0,161435.0,65003,5,241448
WIN$D,M15,1725884100,161435.0,161505.0,161315.0,161340.0,76859,5,283903
WIN$D,M15,1725885000,161335.0,161410.0,161290.0,161350.0,62368,5,234033
WIN$D,M15,1725885900,161345.0,161390.0,161300.0,161375.0,39463,5,145762
WIN$D,M15,1725886800,161375.0,161560.0,161300.0,161535.0,124898,5,476434
WIN$D,M15,1725887700,161530.0,161600.0,161480.0,161500.0,67870,5,248329
WIN$D,M15,1725888600,161495.0,161590.0,161450.0,161580.0,47774,5,174223
WIN$D,M15,1725889500,161580.0,161635.0,161535.0,161565.0,50950,5,193090
WIN$D,M15,1725890400,161565.0,161665.0,161535.0,161655.0,48245,5,181066
WIN$D,M15,1725891300,161655.0,161705.0,161610.0,161625.0,51106,5,186816
WIN$D,M15,1725892200,161630.0,161635.0,161355.0,161390.0,95925,5,361910
WIN$D,M15,1725893100,161390.0,161470.0,161315.0,161340.0,80645,5,310494
WIN$D,M15,1725894000,161340.0,161400.0,161185.0,161235.0,74737,5,288690
WIN$D,M15,1725894900,161230.0,161330.0,161150.0,161250.0,77601,5,292465
WIN$D,M15,1725895800,161250.0,161395.0,161245.0,161370.0,69980,5,267323
WIN$D,M15,1725896700,161370.0,161420.0,161325.0,161390.0,42912,5,164960
WIN$D,M15,1725897600,161385.0,161445.0,161310.0,161430.0,47610,5,181183
WIN$D,M15,1725898500,161430.0,161485.0,161385.0,161445.0,45849,5,180845
WIN$D,M15,1725899400,161445.0,161450.0,161290.0,161310.0,54848,5,218485
WIN$D,M15,1725900300,161305.0,161320.0,161210.0,161255.0,58654,5,237773
WIN$D,M15,1725901200,161255.0,161305.0,161175.0,161245.0,47274,5,188571
WIN$D,M15,1725902100,161250.0,161285.0,161120.0,161165.0,41854,5,171066
WIN$D,M15,1725903000,161165.0,161170.0,161065.0,161100.0,30922,5,121595
WIN$D,M15,1725903900,161100.0,161180.0,161040.0,161135.0,29551,5,111120
WIN$D,M15,1725904800,161135.0,161165.0,161095.0,161135.0,12938,5,39950
WIN$D,M15,1725905700,161125.0,161150.0,161020.0,161020.0,9331,5,40286
WIN$D,M15,1725958800,160910.0,161315.0,160810.0,161080.0,256560,5,806113
WIN$D,M15,1725959700,161075.0,161105.0,160640.0,160695.0,179019,5,631286
WIN$D,M15,1725960600,160690.0,160785.0,160585.0,160640.0,140175,5,488420
WIN$D,M15,1725961500,160640.0,160800.0,160625.0,160630.0,106548,5,368891
WIN$D,M15,1725962400,160625.0,160755.0,160530.0,160585.0,177324,5,622260
WIN$D,M15,1725963300,160590.0,160915.0,160585.0,160840.0,200830,5,732227
WIN$D,M15,1725964200,160840.0,161005.0,160705.0,160970.0,196840,5,697270
WIN$D,M15,1725965100,160965.0,160995.0,160435.0,160440.0,214307,5,757937
WIN$D,M15,1725966000,160440.0,160605.0,160300.0,160380.0,221867,5,824195
WIN$D,M15,1725966900,160375.0,160440.0,160260.0,160285.0,131569,5,501061
WIN$D,M15,1725967800,160285.0,160415.0,160205.0,160360.0,117962,5,439907
WIN$D,M15,1725968700,160355.0,160510.0,160325.0,160400.0,104230,5,388770
WIN$D,M15,1725969600,160400.0,160450.0,160335.0,160420.0,59718,5,211315
WIN$D,M15,1725970500,160425.0,160620.0,160395.0,160605.0,82793,5,307110
WIN$D,M15,1725971400,160605.0,160680.0,160560.0,160610.0,77289,5,289565
WIN$D,M15,1725972300,160605.0,160625.0,160395.0,160410.0,76314,5,272495
WIN$D,M15,1725973200,160410.0,160455.0,160345.0,160380.0,72559,5,252651
WIN$D,M15,1725974100,160385.0,160535.0,160375.0,160445.0,63482,5,235714
WIN$D,M15,1725975000,160445.0,160520.0,160430.0,160490.0,44526,5,176006
WIN$D,M15,1725975900,160485.0,160605.0,160480.0,160505.0,59402,5,226586
WIN$D,M15,1725976800,160505.0,160515.0,160375.0,160470.0,64485,5,251264
WIN$D,M15,1725977700,160470.0,160565.0,160420.0,160450.0,64337,5,250268
WIN$D,M15,1725978600,160450.0,160480.0,160270.0,160340.0,78253,5,301362
WIN$D,M15,1725979500,160340.0,160405.0,160220.0,160400.0,72936,5,274642
WIN$D,M15,1725980400,160395.0,160590.0,160395.0,160555.0,99578,5,369496
WIN$D,M15,1725981300,160555.0,160765.0,160530.0,160730.0,100134,5,408333
WIN$D,M15,1725982200,160735.0,160790.0,160665.0,160785.0,69059,5,291285
WIN$D,M15,1725983100,160785.0,160810.0,160625.0,160775.0,81870,5,338080
WIN$D,M15,1725984000,160775.0,160845.0,160725.0,160790.0,61867,5,257603
WIN$D,M15,1725984900,160790.0,160840.0,160730.0,160750.0,50344,5,207871
WIN$D,M15,1725985800,160750.0,160965.0,160655.0,160945.0,90116,5,376492
WIN$D,M15,1725986700,160945.0,160960.0,160815.0,160870.0,60073,5,248338
WIN$D,M15,1725987600,160870.0,160875.0,160720.0,160775.0,57702,5,250859
WIN$D,M15,1725988500,160775.0,160790.0,160640.0,160650.0,41877,5,175335
WIN$D,M15,1725989400,160655.0,160765.0,160600.0,160690.0,45138,5,182229
WIN$D,M15,1725990300,160690.0,160810.0,160640.0,160805.0,26961,5,109203
WIN$D,M15,1725991200,160800.0,160895.0,160745.0,160780.0,24100,5,84462
WIN$D,M15,1725992100,160785.0,160835.0,160750.0,160790.0,10319,5,41781
WIN$D,M15,1726045200,161070.0,161340.0,161030.0,161315.0,206010,5,633245
WIN$D,M15,1726046100,161315.0,161410.0,161240.0,161345.0,135320,5,478880
WIN$D,M15,1726047000,161350.0,161350.0,160975.0,161065.0,215586,5,726359
WIN$D,M15,1726047900,161065.0,161090.0,160885.0,161075.0,156721,5,545512
WIN$D,M15,1726048800,161075.0,161480.0,161065.0,161400.0,288941,5,998476
WIN$D,M15,1726049700,161405.0,161410.0,160835.0,160920.0,268671,5,960438
WIN$D,M15,1726050600,160915.0,161030.0,160605.0,161000.0,289047,5,1055611
WIN$D,M15,1726051500,161000.0,161010.0,160685.0,160760.0,188124,5,676330
WIN$D,M15,1726052400,160765.0,161110.0,160670.0,160860.0,221241,5,810458
WIN$D,M15,1726053300,160865.0,160865.0,160660.0,160675.0,160056,5,589714
WIN$D,M15,1726054200,160675.0,160680.0,160185.0,160330.0,204237,5,779463
WIN$D,M15,1726055100,160335.0,160415.0,160215.0,160400.0,114856,5,427531
WIN$D,M15,1726056000,160405.0,160615.0,160335.0,160585.0,118044,5,456164
WIN$D,M15,1726056900,160585.0,160625.0,160475.0,160510.0,68074,5,267852
WIN$D,M15,1726057800,160510.0,160740.0,160445.0,160730.0,93447,5,344744
WIN$D,M15,1726058700,160735.0,160895.0,160685.0,160860.0,103526,5,381130
WIN$D,M15,1726059600,160860.0,161040.0,160815.0,160980.0,105658,5,403485
WIN$D,M15,1726060500,160975.0,161060.0,160925.0,160995.0,58531,5,214564
WIN$D,M15,1726061400,161000.0,161250.0,160985.0,161185.0,84745,5,335136
WIN$D,M15,1726062300,161190.0,161195.0,161030.0,161100.0,69772,5,267247
WIN$D,M15,1726063200,161100.0,161225.0,161100.0,161185.0,66649,5,255822
WIN$D,M15,1726064100,161185.0,161190.0,161055.0,161165.0,63296,5,239742
WIN$D,M15,1726065000,161165.0,161360.0,161135.0,161325.0,76885,5,299678
WIN$D,M15,1726065900,161330.0,161420.0,161260.0,161285.0,80078,5,321067
WIN$D,M15,1726066800,161280.0,161305.0,161125.0,161145.0,77949,5,300743
WIN$D,M15,1726067700,161145.0,161200.0,161020.0,161115.0,93699,5,387218
WIN$D,M15,1726068600,161115.0,161285.0,161040.0,161170.0,86977,5,352813
WIN$D,M15,1726069500,161170.0,161190.0,161005.0,161035.0,63110,5,248343
WIN$D,M15,1726070400,161030.0,161100.0,160960.0,160990.0,57874,5,223446
WIN$D,M15,1726071300,160990.0,161115.0,160980.0,161105.0,44884,5,167510
WIN$D,M15,1726072200,161110.0,161110.0,160975.0,161000.0,41499,5,154925
WIN$D,M15,1726073100,161000.0,161165.0,160985.0,161090.0,50031,5,190424
WIN$D,M15,1726074000,161090.0,161270.0,161080.0,161235.0,51044,5,193893
WIN$D,M15,1726074900,161230.0,161310.0,161160.0,161190.0,42990,5,168184
WIN$D,M15,1726075800,161190.0,161220.0,161030.0,161100.0,40514,5,154780
WIN$D,M15,1726076700,161100.0,161120.0,161005.0,161080.0,23101,5,84848
WIN$D,M15,1726077600,161085.0,161085.0,161015.0,161030.0,9473,5,29987
WIN$D,M15,1726078500,161025.0,161055.0,160865.0,160950.0,12982,5,49501
WIN$D,M15,1726131600,161455.0,161465.0,160975.0,161180.0,223791,5,682873
WIN$D,M15,1726132500,161175.0,161210.0,160900.0,160945.0,108084,5,383190
WIN$D,M15,1726133400,160940.0,161140.0,160780.0,160805.0,159607,5,567699
WIN$D,M15,1726134300,160810.0,160850.0,160725.0,160765.0,79103,5,284675
WIN$D,M15,1726135200,160765.0,160780.0,160540.0,160680.0,157547,5,568714
WIN$D,M15,1726136100,160675.0,160685.0,160350.0,160420.0,174354,5,670933
WIN$D,M15,1726137000,160420.0,160835.0,160365.0,160560.0,274187,5,999934
WIN$D,M15,1726137900,160560.0,160600.0,160285.0,160335.0,167294,5,620130
WIN$D,M15,1726138800,160335.0,160495.0,160205.0,160430.0,178895,5,698400
WIN$D,M15,1726139700,160430.0,160440.0,160075.0,160085.0,159105,5,641802
WIN$D,M15,1726140600,160080.0,160095.0,159895.0,159945.0,147100,5,602485
WIN$D,M15,1726141500,159945.0,160120.0,159930.0,159970.0,105923,5,430451
WIN$D,M15,1726142400,159970.0,160275.0,159920.0,160265.0,105940,5,445989
WIN$D,M15,1726143300,160265.0,160355.0,160200.0,160340.0,89835,5,368412
WIN$D,M15,1726144200,160345.0,160355.0,160240.0,160320.0,55763,5,224160
WIN$D,M15,1726145100,160315.0,160350.0,160145.0,160160.0,70242,5,276639
WIN$D,M15,1726146000,160155.0,160230.0,160075.0,160195.0,75716,5,300615
WIN$D,M15,1726146900,160190.0,160305.0,160155.0,160175.0,67299,5,269104
WIN$D,M15,1726147800,160180.0,160200.0,160105.0,160105.0,45123,5,174621
WIN$D,M15,1726148700,160105.0,160345.0,160080.0,160305.0,75986,5,312085
WIN$D,M15,1726149600,160305.0,160390.0,160240.0,160250.0,71401,5,288601
WIN$D,M15,1726150500,160250.0,160325.0,160195.0,160255.0,66122,5,274122
WIN$D,M15,1726151400,160260.0,160410.0,160230.0,160350.0,74275,5,320852
WIN$D,M15,1726152300,160345.0,160610.0,160330.0,160565.0,84831,5,365670
WIN$D,M15,1726153200,160560.0,160650.0,160505.0,160600.0,79186,5,352607
WIN$D,M15,1726154100,160595.0,160730.0,160590.0,160700.0,72743,5,314719
WIN$D,M15,1726155000,160700.0,160705.0,160550.0,160650.0,60719,5,254087
WIN$D,M15,1726155900,160645.0,160725.0,160450.0,160620.0,109554,5,468989
WIN$D,M15,1726156800,160620.0,160660.0,160525.0,160540.0,50847,5,221089
WIN$D,M15,1726157700,160540.0,160620.0,160520.0,160620.0,49395,5,226618
WIN$D,M15,1726158600,160615.0,160635.0,160555.0,160565.0,36489,5,160804
WIN$D,M15,1726159500,160570.0,160620.0,160475.0,160505.0,48450,5,211093
WIN$D,M15,1726160400,160500.0,160505.0,160325.0,160345.0,50905,5,208203
WIN$D,M15,1726161300,160340.0,160385.0,160305.0,160335.0,26882,5,107363
WIN$D,M15,1726162200,160340.0,160415.0,160315.0,160390.0,27668,5,120203
WIN$D,M15,1726163100,160385.0,160395.0,160335.0,160385.0,15441,5,62702
WIN$D,M15,1726164000,160385.0,160435.0,160370.0,160420.0,13175,5,47098
WIN$D,M15,1726164900,160415.0,160495.0,160390.0,160430.0,10114,5,43013
WIN$D,M15,1726218000,160420.0,160650.0,160310.0,160390.0,192374,5,578611
WIN$D,M15,1726218900,160390.0,160570.0,160265.0,160545.0,150282,5,485025
WIN$D,M15,1726219800,160540.0,160620.0,160495.0,160605.0,69985,5,237079
WIN$D,M15,1726220700,160605.0,160910.0,160535.0,160875.0,129634,5,442167
WIN$D,M15,1726221600,160875.0,161365.0,160865.0,161165.0,279943,5,992873
WIN$D,M15,1726222500,161160.0,161800.0,161160.0,161770.0,271647,5,937021
WIN$D,M15,1726223400,161770.0,161950.0,161720.0,161875.0,181328,5,653077
WIN$D,M15,1726224300,161870.0,162165.0,161780.0,162040.0,175075,5,659442
WIN$D,M15,1726225200,162040.0,162070.0,161700.0,161705.0,172092,5,650500
WIN$D,M15,1726226100,161710.0,161930.0,161705.0,161910.0,111378,5,417201
WIN$D,M15,1726227000,161910.0,162240.0,161905.0,162205.0,164086,5,622721
WIN$D,M15,1726227900,162205.0,162255.0,162065.0,162195.0,113883,5,428665
WIN$D,M15,1726228800,162195.0,162200.0,162025.0,162050.0,79991,5,294121
WIN$D,M15,1726229700,162045.0,162090.0,161885.0,161910.0,65461,5,248498
WIN$D,M15,1726230600,161910.0,162040.0,161815.0,161960.0,81653,5,353476
WIN$D,M15,1726231500,161960.0,162020.0,161940.0,162015.0,34994,5,138157
WIN$D,M15,1726232400,162020.0,162035.0,161850.0,161870.0,54237,5,218977
WIN$D,M15,1726233300,161870.0,161925.0,161785.0,161790.0,47646,5,184762
WIN$D,M15,1726234200,161790.0,161800.0,161325.0,161395.0,120442,5,521851
WIN$D,M15,1726235100,161390.0,161445.0,161340.0,161395.0,68506,5,290393
WIN$D,M15,1726236000,161390.0,161395.0,161110.0,161220.0,109422,5,469412
WIN$D,M15,1726236900,161220.0,161350.0,161175.0,161240.0,71075,5,292851
WIN$D,M15,1726237800,161240.0,161490.0,161220.0,161360.0,76511,5,312644
WIN$D,M15,1726238700,161360.0,161365.0,161085.0,161145.0,83128,5,345300
WIN$D,M15,1726239600,161145.0,161165.0,160995.0,161160.0,95399,5,390503
WIN$D,M15,1726240500,161160.0,161310.0,161130.0,161190.0,83271,5,327901
WIN$D,M15,1726241400,161190.0,161305.0,161160.0,161255.0,51867,5,211739
WIN$D,M15,1726242300,161255.0,161290.0,161125.0,161230.0,49874,5,192215
WIN$D,M15,1726243200,161230.0,161300.0,161165.0,161260.0,49739,5,205683
WIN$D,M15,1726244100,161265.0,161390.0,161260.0,161365.0,45064,5,196958
WIN$D,M15,1726245000,161370.0,161410.0,161310.0,161350.0,36723,5,155488
WIN$D,M15,1726245900,161350.0,161400.0,161275.0,161295.0,35967,5,155077
WIN$D,M15,1726246800,161295.0,161370.0,161170.0,161235.0,56219,5,229467
WIN$D,M15,1726247700,161230.0,161270.0,161180.0,161235.0,23017,5,91706
WIN$D,M15,1726248600,161235.0,161260.0,161175.0,161210.0,15876,5,69404
WIN$D,M15,1726249500,161215.0,161325.0,161210.0,161275.0,14799,5,61863
WIN$D,M15,1726250400,161280.0,161310.0,161220.0,161235.0,10711,5,40562
WIN$D,M15,1726251300,161235.0,161260.0,161120.0,161185.0,7496,5,35515
WIN$D,M15,1726477200,161410.0,161485.0,161020.0,161335.0,217468,5,698638
WIN$D,M15,1726478100,161340.0,161370.0,161175.0,161310.0,135317,5,465278
WIN$D,M15,1726479000,161310.0,161310.0,161215.0,161280.0,55345,5,199197
WIN$D,M15,1726479900,161280.0,161435.0,161115.0,161425.0,140070,5,493522
WIN$D,M15,1726480800,161425.0,161720.0,161350.0,161580.0,306037,5,1033638
WIN$D,M15,1726481700,161585.0,161970.0,161535.0,161780.0,269443,5,894928
WIN$D,M15,1726482600,161785.0,162055.0,161650.0,161675.0,219550,5,758788
WIN$D,M15,1726483500,161670.0,161845.0,161590.0,161825.0,143717,5,491898
WIN$D,M15,1726484400,161830.0,161925.0,161685.0,161685.0,144349,5,523866
WIN$D,M15,1726485300,161685.0,161750.0,161575.0,161605.0,103952,5,379725
WIN$D,M15,1726486200,161600.0,161685.0,161440.0,161555.0,145122,5,567545
WIN$D,M15,1726487100,161555.0,161595.0,161470.0,161535.0,79862,5,302115
WIN$D,M15,1726488000,161530.0,161590.0,161455.0,161490.0,66288,5,249360
WIN$D,M15,1726488900,161490.0,161515.0,161275.0,161330.0,97122,5,371436
WIN$D,M15,1726489800,161330.0,161410.0,161285.0,161390.0,46718,5,168768
WIN$D,M15,1726490700,161385.0,161455.0,161200.0,161225.0,83496,5,310785
WIN$D,M15,1726491600,161220.0,161395.0,161200.0,161310.0,70429,5,270711
WIN$D,M15,1726492500,161310.0,161420.0,161305.0,161370.0,47145,5,176440
WIN$D,M15,1726493400,161370.0,161380.0,161240.0,161245.0,43259,5,163351
WIN$D,M15,1726494300,161250.0,161325.0,161205.0,161275.0,54891,5,206547
WIN$D,M15,1726495200,161275.0,161375.0,161240.0,161330.0,55137,5,204573
WIN$D,M15,1726496100,161330.0,161415.0,161315.0,161330.0,46454,5,173815
WIN$D,M15,1726497000,161335.0,161365.0,161185.0,161330.0,73429,5,280470
WIN$D,M15,1726497900,161330.0,161490.0,161295.0,161470.0,67845,5,261645
WIN$D,M15,1726498800,161470.0,161550.0,161390.0,161430.0,69429,5,270359
WIN$D,M15,1726499700,161430.0,161455.0,161330.0,161370.0,44778,5,170041
WIN$D,M15,1726500600,161375.0,161390.0,161270.0,161300.0,46669,5,180541
WIN$D,M15,1726501500,161300.0,161340.0,161250.0,161300.0,36831,5,137502
WIN$D,M15,1726502400,161305.0,161330.0,161250.0,161280.0,37435,5,151990
WIN$D,M15,1726503300,161275.0,161310.0,161235.0,161265.0,34040,5,131825
WIN$D,M15,1726504200,161260.0,161405.0,161260.0,161380.0,54416,5,217607
WIN$D,M15,1726505100,161385.0,161435.0,161345.0,161375.0,47135,5,190456
WIN$D,M15,1726506000,161380.0,161470.0,161375.0,161395.0,41946,5,173280
WIN$D,M15,1726506900,161390.0,161530.0,161360.0,161505.0,29235,5,114532
WIN$D,M15,1726507800,161505.0,161545.0,161485.0,161535.0,25203,5,92233
WIN$D,M15,1726508700,161530.0,161530.0,161420.0,161440.0,20264,5,76664
WIN$D,M15,1726509600,161435.0,161500.0,161395.0,161420.0,15432,5,54108
WIN$D,M15,1726510500,161415.0,161450.0,161380.0,161425.0,8945,5,34762
WIN$D,M15,1726563600,161720.0,161905.0,161600.0,161700.0,198495,5,563108
WIN$D,M15,1726564500,161700.0,161780.0,161690.0,161725.0,67130,5,231200
WIN$D,M15,1726565400,161725.0,161755.0,160970.0,160980.0,282204,5,1073051
WIN$D,M15,1726566300,160980.0,161125.0,160820.0,161050.0,218142,5,830842
WIN$D,M15,1726567200,161055.0,161110.0,160830.0,160925.0,211950,5,787406
WIN$D,M15,1726568100,160920.0,160925.0,160475.0,160610.0,295789,5,1086769
WIN$D,M15,1726569000,160610.0,160620.0,160330.0,160460.0,188128,5,709332
WIN$D,M15,1726569900,160455.0,160570.0,160310.0,160565.0,167268,5,626158
WIN$D,M15,1726570800,160565.0,161145.0,160520.0,161070.0,239040,5,962104
WIN$D,M15,1726571700,161065.0,161100.0,160825.0,160835.0,159684,5,632156
WIN$D,M15,1726572600,160830.0,160915.0,160560.0,160580.0,157048,5,629174
WIN$D,M15,1726573500,160575.0,160740.0,160575.0,160630.0,107446,5,398153
WIN$D,M15,1726574400,160625.0,160885.0,160590.0,160815.0,118686,5,446116
WIN$D,M15,1726575300,160815.0,160940.0,160780.0,160905.0,82162,5,314555
WIN$D,M15,1726576200,160900.0,160955.0,160840.0,160905.0,59293,5,220155
WIN$D,M15,1726577100,160910.0,160930.0,160785.0,160790.0,46531,5,183401
WIN$D,M15,1726578000,160795.0,160795.0,160685.0,160735.0,61464,5,246961
WIN$D,M15,1726578900,160730.0,160890.0,160645.0,160870.0,91442,5,352404
WIN$D,M15,1726579800,160875.0,160875.0,160720.0,160755.0,58489,5,225966
WIN$D,M15,1726580700,160755.0,160780.0,160530.0,160600.0,99659,5,387506
WIN$D,M15,1726581600,160595.0,160775.0,160570.0,160770.0,82098,5,325931
WIN$D,M15,1726582500,160770.0,160770.0,160595.0,160615.0,74981,5,301885
WIN$D,M15,1726583400,160615.0,160700.0,160540.0,160600.0,76107,5,295464
WIN$D,M15,1726584300,160600.0,161020.0,160560.0,161020.0,111048,5,449511
WIN$D,M15,1726585200,161020.0,161060.0,160905.0,160915.0,104809,5,432801
WIN$D,M15,1726586100,160915.0,161085.0,160890.0,160895.0,83725,5,329779
WIN$D,M15,1726587000,160895.0,161010.0,160890.0,160970.0,44113,5,178348
WIN$D,M15,1726587900,160975.0,161035.0,160905.0,160990.0,56871,5,213163
WIN$D,M15,1726588800,160990.0,161015.0,160895.0,160930.0,43697,5,171734
WIN$D,M15,1726589700,160925.0,161005.0,160905.0,161000.0,33825,5,139223
WIN$D,M15,1726590600,161005.0,161085.0,160985.0,161050.0,50861,5,218340
WIN$D,M15,1726591500,161045.0,161135.0,161045.0,161120.0,45018,5,188246
WIN$D,M15,1726592400,161120.0,161295.0,161100.0,161270.0,55268,5,224127
WIN$D,M15,1726593300,161270.0,161350.0,161210.0,161345.0,42988,5,171888
WIN$D,M15,1726594200,161340.0,161395.0,161315.0,161370.0,33275,5,131158
WIN$D,M15,1726595100,161370.0,161415.0,161280.0,161320.0,34808,5,133798
WIN$D,M15,1726596000,161320.0,161385.0,161315.0,161350.0,13284,5,48862
WIN$D,M15,1726596900,161350.0,161455.0,161345.0,161455.0,10513,5,47777
WIN$D,M15,1726650000,161210.0,161360.0,160805.0,160920.0,235320,5,731785
WIN$D,M15,1726650900,160915.0,161070.0,160880.0,160975.0,119928,5,403395
WIN$D,M15,1726651800,160980.0,160990.0,160585.0,160605.0,172871,5,571640
WIN$D,M15,1726652700,160605.0,160610.0,160360.0,160475.0,146866,5,521864
WIN$D,M15,1726653600,160475.0,160490.0,160220.0,160465.0,226777,5,809405
WIN$D,M15,1726654500,160465.0,161125.0,160440.0,160925.0,330444,5,1206614
WIN$D,M15,1726655400,160920.0,161090.0,160305.0,160575.0,323830,5,1218391
WIN$D,M15,1726656300,160570.0,160685.0,160335.0,160560.0,196228,5,708043
WIN$D,M15,1726657200,160560.0,160765.0,160460.0,160475.0,169293,5,616882
WIN$D,M15,1726658100,160480.0,160490.0,160205.0,160250.0,156505,5,611315
WIN$D,M15,1726659000,160245.0,160280.0,160135.0,160195.0,120280,5,474993
WIN$D,M15,1726659900,160195.0,160355.0,160160.0,160230.0,97492,5,365383
WIN$D,M15,1726660800,160230.0,160265.0,160050.0,160165.0,122345,5,500715
WIN$D,M15,1726661700,160165.0,160235.0,160110.0,160140.0,59696,5,227805
WIN$D,M15,1726662600,160140.0,160140.0,160035.0,160065.0,63755,5,256057
WIN$D,M15,1726663500,160070.0,160080.0,159965.0,159990.0,51059,5,201914
WIN$D,M15,1726664400,159990.0,160145.0,159960.0,160140.0,68930,5,263585
WIN$D,M15,1726665300,160135.0,160340.0,160135.0,160320.0,64328,5,238805
WIN$D,M15,1726666200,160320.0,160350.0,160230.0,160265.0,50597,5,194617
WIN$D,M15,1726667100,160265.0,160385.0,160170.0,160375.0,69035,5,264337
WIN$D,M15,1726668000,160375.0,160415.0,160245.0,160265.0,66487,5,243796
WIN$D,M15,1726668900,160265.0,160480.0,160240.0,160470.0,75196,5,288449
WIN$D,M15,1726669800,160475.0,160595.0,160410.0,160550.0,94499,5,379692
WIN$D,M15,1726670700,160545.0,160770.0,160175.0,160525.0,115682,5,402195
WIN$D,M15,1726671600,160525.0,161415.0,160370.0,160855.0,360277,5,1121084
WIN$D,M15,1726672500,160860.0,161165.0,160840.0,161145.0,184121,5,635418
WIN$D,M15,1726673400,161145.0,161415.0,160750.0,160785.0,257330,5,903127
WIN$D,M15,1726674300,160780.0,160975.0,160390.0,160410.0,224519,5,829270
WIN$D,M15,1726675200,160405.0,160490.0,160100.0,160400.0,246695,5,913749
WIN$D,M15,1726676100,160400.0,160485.0,160040.0,160400.0,202936,5,725303
WIN$D,M15,1726677000,160400.0,160420.0,159865.0,159880.0,172915,5,621266
WIN$D,M15,1726677900,159880.0,160015.0,159815.0,159925.0,123339,5,444862
WIN$D,M15,1726678800,159925.0,159965.0,159745.0,159780.0,73817,5,259052
WIN$D,M15,1726679700,159785.0,159945.0,159770.0,159925.0,43764,5,146141
WIN$D,M15,1726680600,159925.0,160055.0,159855.0,159925.0,51817,5,168838
WIN$D,M15,1726681500,159925.0,160020.0,159670.0,159700.0,50545,5,178811
WIN$D,M15,1726682400,159700.0,159765.0,159620.0,159730.0,21174,5,70429
WIN$D,M15,1726683300,159730.0,159835.0,159705.0,159770.0,9553,5,34826
WIN$D,M15,1726736400,160920.0,161350.0,160720.0,161130.0,272136,5,854802
WIN$D,M15,1726737300,161125.0,161330.0,161000.0,161150.0,216020,5,730345
WIN$D,M15,1726738200,161150.0,161190.0,160780.0,160815.0,197794,5,690807
WIN$D,M15,1726739100,160815.0,160990.0,160620.0,160665.0,222210,5,736125
WIN$D,M15,1726740000,160665.0,160955.0,160455.0,160675.0,318725,5,1048611
WIN$D,M15,1726740900,160675.0,160885.0,160520.0,160600.0,233610,5,781612
WIN$D,M15,1726741800,160600.0,160700.0,160145.0,160155.0,304216,5,1029932
WIN$D,M15,1726742700,160160.0,160240.0,159985.0,160115.0,213192,5,733631
WIN$D,M15,1726743600,160115.0,160270.0,159950.0,159980.0,207007,5,709029
WIN$D,M15,1726744500,159980.0,160030.0,159645.0,159650.0,148231,5,547404
WIN$D,M15,1726745400,159650.0,159690.0,159480.0,159565.0,172794,5,656635
WIN$D,M15,1726746300,159565.0,159845.0,159545.0,159820.0,130521,5,475714
WIN$D,M15,1726747200,159815.0,159940.0,159735.0,159790.0,108054,5,389676
WIN$D,M15,1726748100,159785.0,159920.0,159680.0,159905.0,87021,5,331797
WIN$D,M15,1726749000,159910.0,159995.0,159870.0,159930.0,81028,5,301116
WIN$D,M15,1726749900,159925.0,160005.0,159810.0,159865.0,85630,5,318044
WIN$D,M15,1726750800,159860.0,159990.0,159795.0,159930.0,65987,5,248492
WIN$D,M15,1726751700,159930.0,160050.0,159870.0,159890.0,71467,5,265981
WIN$D,M15,1726752600,159890.0,159990.0,159860.0,159965.0,48725,5,182909
WIN$D,M15,1726753500,159960.0,160060.0,159950.0,160005.0,53377,5,210776
WIN$D,M15,1726754400,160005.0,160020.0,159670.0,159800.0,111637,5,432182
WIN$D,M15,1726755300,159800.0,159825.0,159710.0,159820.0,59238,5,222745
WIN$D,M15,1726756200,159820.0,159930.0,159730.0,159750.0,85507,5,332134
WIN$D,M15,1726757100,159750.0,159785.0,159370.0,159485.0,125044,5,509337
WIN$D,M15,1726758000,159490.0,159530.0,159290.0,159460.0,106712,5,419794
WIN$D,M15,1726758900,159460.0,159590.0,159425.0,159560.0,73040,5,265521
WIN$D,M15,1726759800,159555.0,159595.0,159455.0,159470.0,53498,5,195264
WIN$D,M15,1726760700,159470.0,159655.0,159400.0,159505.0,97974,5,385843
WIN$D,M15,1726761600,159505.0,159570.0,159480.0,159490.0,42560,5,157516
WIN$D,M15,1726762500,159490.0,159505.0,159350.0,159495.0,63943,5,232289
WIN$D,M15,1726763400,159490.0,159520.0,159230.0,159375.0,75483,5,294237
WIN$D,M15,1726764300,159375.0,159415.0,159270.0,159325.0,69904,5,286254
WIN$D,M15,1726765200,159325.0,159340.0,159045.0,159065.0,78865,5,313714
WIN$D,M15,1726766100,159065.0,159145.0,158950.0,159015.0,49923,5,188400
WIN$D,M15,1726767000,159020.0,159045.0,158910.0,158935.0,36797,5,145089
WIN$D,M15,1726767900,158935.0,159010.0,158910.0,159000.0,20155,5,77929
WIN$D,M15,1726768800,158995.0,159000.0,158890.0,158905.0,14954,5,54024
WIN$D,M15,1726769700,158915.0,158960.0,158840.0,158885.0,12362,5,57853
WIN$D,M15,1726822800,158910.0,159285.0,158735.0,159075.0,303655,5,862974
WIN$D,M15,1726823700,159075.0,159260.0,158930.0,159175.0,197681,5,614215
WIN$D,M15,1726824600,159180.0,159245.0,158935.0,159095.0,214905,5,712425
WIN$D,M15,1726825500,159095.0,159160.0,158810.0,158995.0,217996,5,719263
WIN$D,M15,1726826400,158995.0,159230.0,158675.0,158925.0,375904,5,1182258
WIN$D,M15,1726827300,158925.0,159120.0,158700.0,158950.0,312200,5,1047590
WIN$D,M15,1726828200,158945.0,159085.0,158435.0,158505.0,307433,5,1023430
WIN$D,M15,1726829100,158505.0,158525.0,158295.0,158415.0,202742,5,714488
WIN$D,M15,1726830000,158415.0,158440.0,158060.0,158120.0,190699,5,691543
WIN$D,M15,1726830900,158115.0,158160.0,157975.0,157985.0,105246,5,403337
WIN$D,M15,1726831800,157985.0,158040.0,157780.0,157815.0,126517,5,483334
WIN$D,M15,1726832700,157815.0,157935.0,157720.0,157790.0,102854,5,392137
WIN$D,M15,1726833600,157790.0,157880.0,157735.0,157760.0,91777,5,339858
WIN$D,M15,1726834500,157765.0,157895.0,157680.0,157760.0,100298,5,382715
WIN$D,M15,1726835400,157760.0,157815.0,157555.0,157760.0,122848,5,465656
WIN$D,M15,1726836300,157765.0,157840.0,157665.0,157680.0,77385,5,286634
WIN$D,M15,1726837200,157685.0,157725.0,157505.0,157575.0,93082,5,355423
WIN$D,M15,1726838100,157570.0,157605.0,157450.0,157545.0,76588,5,288121
WIN$D,M15,1726839000,157540.0,157660.0,157485.0,157645.0,72810,5,280190
WIN$D,M15,1726839900,157645.0,157655.0,157275.0,157305.0,102160,5,401615
WIN$D,M15,1726840800,157310.0,157405.0,157220.0,157375.0,86726,5,341992
WIN$D,M15,1726841700,157370.0,157380.0,157205.0,157245.0,59798,5,235608
WIN$D,M15,1726842600,157245.0,157250.0,157050.0,157140.0,89200,5,366575
WIN$D,M15,1726843500,157140.0,157210.0,156980.0,157055.0,81928,5,329205
WIN$D,M15,1726844400,157050.0,157115.0,156935.0,157040.0,76008,5,316619
WIN$D,M15,1726845300,157040.0,157170.0,156895.0,156905.0,82701,5,336874
WIN$D,M15,1726846200,156910.0,157010.0,156880.0,156990.0,67583,5,280930
WIN$D,M15,1726847100,156985.0,157085.0,156955.0,157060.0,52730,5,202029
WIN$D,M15,1726848000,157060.0,157110.0,156965.0,157050.0,71550,5,279572
WIN$D,M15,1726848900,157050.0,157210.0,157010.0,157150.0,79546,5,316624
WIN$D,M15,1726849800,157145.0,157265.0,157090.0,157235.0,65753,5,275050
WIN$D,M15,1726850700,157235.0,157235.0,156925.0,156990.0,85895,5,356704
WIN$D,M15,1726851600,156995.0,157080.0,156895.0,157015.0,77073,5,307472
WIN$D,M15,1726852500,157015.0,157200.0,157005.0,157035.0,57458,5,208981
WIN$D,M15,1726853400,157030.0,157045.0,156925.0,157010.0,33790,5,124674
WIN$D,M15,1726854300,157015.0,157045.0,156975.0,157015.0,18910,5,68068
WIN$D,M15,1726855200,157020.0,157025.0,156925.0,156960.0,15356,5,60333
WIN$D,M15,1726856100,156960.0,156965.0,156780.0,156780.0,14486,5,62921
WIN$D,M15,1727082000,156570.0,156675.0,156055.0,156545.0,336761,5,1009740
WIN$D,M15,1727082900,156550.0,156615.0,156395.0,156505.0,145131,5,449437
WIN$D,M15,1727083800,156510.0,156610.0,156340.0,156560.0,195659,5,633082
WIN$D,M15,1727084700,156555.0,156710.0,156465.0,156550.0,152888,5,499332
WIN$D,M15,1727085600,156550.0,156645.0,156360.0,156465.0,229189,5,759501
WIN$D,M15,1727086500,156465.0,156695.0,156375.0,156410.0,207335,5,719092
WIN$D,M15,1727087400,156405.0,156920.0,156285.0,156695.0,264862,5,930797
WIN$D,M15,1727088300,156690.0,156790.0,156305.0,156380.0,200584,5,716641
WIN$D,M15,1727089200,156380.0,156445.0,156230.0,156345.0,156238,5,556432
WIN$D,M15,1727090100,156345.0,156515.0,156195.0,156245.0,141325,5,493240
WIN$D,M15,1727091000,156245.0,156460.0,156020.0,156435.0,190892,5,709984
WIN$D,M15,1727091900,156440.0,156755.0,156390.0,156600.0,155644,5,582240
WIN$D,M15,1727092800,156605.0,156735.0,156515.0,156515.0,110203,5,394254
WIN$D,M15,1727093700,156520.0,156710.0,156510.0,156570.0,86347,5,317157
WIN$D,M15,1727094600,156570.0,156810.0,156520.0,156795.0,82731,5,302378
WIN$D,M15,1727095500,156795.0,156800.0,156675.0,156680.0,64748,5,241217
WIN$D,M15,1727096400,156685.0,156685.0,156470.0,156550.0,87472,5,332613
WIN$D,M15,1727097300,156555.0,156615.0,156505.0,156510.0,60776,5,219912
WIN$D,M15,1727098200,156510.0,156595.0,156400.0,156470.0,94590,5,359290
WIN$D,M15,1727099100,156465.0,156665.0,156430.0,156540.0,85477,5,322486
WIN$D,M15,1727100000,156545.0,156585.0,156420.0,156510.0,80350,5,292149
WIN$D,M15,1727100900,156515.0,156550.0,156400.0,156535.0,58280,5,208846
WIN$D,M15,1727101800,156540.0,156700.0,156520.0,156655.0,68300,5,254651
WIN$D,M15,1727102700,156655.0,156735.0,156580.0,156610.0,67272,5,243074
WIN$D,M15,1727103600,156615.0,156655.0,156530.0,156570.0,56105,5,199677
WIN$D,M15,1727104500,156575.0,156600.0,156470.0,156555.0,54398,5,195690
WIN$D,M15,1727105400,156555.0,156620.0,156435.0,156445.0,60513,5,226336
WIN$D,M15,1727106300,156440.0,156475.0,156295.0,156350.0,89695,5,350763
WIN$D,M15,1727107200,156355.0,156480.0,156330.0,156450.0,67791,5,255789
WIN$D,M15,1727108100,156450.0,156555.0,156410.0,156515.0,55991,5,213582
WIN$D,M15,1727109000,156515.0,156610.0,156495.0,156515.0,63414,5,239706
WIN$D,M15,1727109900,156515.0,156650.0,156515.0,156550.0,62952,5,251870
WIN$D,M15,1727110800,156550.0,156610.0,156425.0,156595.0,69786,5,255804
WIN$D,M15,1727111700,156600.0,156620.0,156495.0,156500.0,33410,5,118448
WIN$D,M15,1727112600,156500.0,156505.0,156370.0,156435.0,37780,5,136191
WIN$D,M15,1727113500,156440.0,156495.0,156390.0,156435.0,23130,5,82187
WIN$D,M15,1727114400,156435.0,156505.0,156435.0,156470.0,12139,5,44456
WIN$D,M15,1727115300,156480.0,156585.0,156435.0,156530.0,13024,5,52819
WIN$D,M15,1727168400,157760.0,158225.0,157670.0,157750.0,277651,5,854431
WIN$D,M15,1727169300,157750.0,158070.0,157600.0,158070.0,190804,5,612689
WIN$D,M15,1727170200,158070.0,158195.0,157920.0,158145.0,148615,5,469040
WIN$D,M15,1727171100,158145.0,158400.0,158110.0,158265.0,165833,5,535675
WIN$D,M15,1727172000,158265.0,158435.0,158090.0,158180.0,317229,5,1041580
WIN$D,M15,1727172900,158175.0,158400.0,157975.0,158330.0,281764,5,911649
WIN$D,M15,1727173800,158335.0,159035.0,158210.0,158930.0,342912,5,1211820
WIN$D,M15,1727174700,158930.0,158960.0,158635.0,158655.0,185103,5,658697
WIN$D,M15,1727175600,158655.0,158690.0,158455.0,158595.0,176863,5,641220
WIN$D,M15,1727176500,158595.0,158635.0,158095.0,158145.0,174114,5,646600
WIN$D,M15,1727177400,158145.0,158170.0,157845.0,157955.0,180862,5,704868
WIN$D,M15,1727178300,157955.0,158020.0,157780.0,157800.0,122831,5,463742
WIN$D,M15,1727179200,157800.0,157905.0,157600.0,157710.0,129159,5,509517
WIN$D,M15,1727180100,157710.0,157785.0,157505.0,157765.0,122049,5,470273
WIN$D,M15,1727181000,157770.0,157920.0,157725.0,157895.0,97447,5,366822
WIN$D,M15,1727181900,157895.0,158065.0,157840.0,157990.0,80654,5,307096
WIN$D,M15,1727182800,157995.0,158130.0,157950.0,158105.0,60458,5,227584
WIN$D,M15,1727183700,158110.0,158170.0,158000.0,158040.0,61535,5,233508
WIN$D,M15,1727184600,158035.0,158150.0,157950.0,158140.0,77183,5,309809
WIN$D,M15,1727185500,158145.0,158415.0,158130.0,158275.0,98436,5,381990
WIN$D,M15,1727186400,158275.0,158300.0,158175.0,158295.0,66352,5,253531
WIN$D,M15,1727187300,158290.0,158295.0,158070.0,158105.0,73586,5,276078
WIN$D,M15,1727188200,158105.0,158225.0,158040.0,158060.0,70628,5,268472
WIN$D,M15,1727189100,158065.0,158130.0,158000.0,158120.0,52248,5,201804
WIN$D,M15,1727190000,158120.0,158340.0,158095.0,158295.0,76666,5,296235
WIN$D,M15,1727190900,158295.0,158305.0,158195.0,158255.0,54713,5,209746
WIN$D,M15,1727191800,158255.0,158260.0,158135.0,158245.0,68867,5,264212
WIN$D,M15,1727192700,158245.0,158365.0,158235.0,158340.0,59002,5,227993
WIN$D,M15,1727193600,158340.0,158345.0,158185.0,158195.0,67526,5,255644
WIN$D,M15,1727194500,158200.0,158235.0,158115.0,158170.0,57794,5,222940
WIN$D,M15,1727195400,158165.0,158180.0,158060.0,158110.0,59114,5,231486
WIN$D,M15,1727196300,158115.0,158145.0,157980.0,158145.0,62416,5,246707
WIN$D,M15,1727197200,158140.0,158160.0,158015.0,158115.0,52964,5,198355
WIN$D,M15,1727198100,158115.0,158150.0,158015.0,158070.0,28350,5,100864
WIN$D,M15,1727199000,158075.0,158135.0,158025.0,158115.0,21464,5,76544
WIN$D,M15,1727199900,158115.0,158165.0,158055.0,158120.0,19306,5,67811
WIN$D,M15,1727200800,158115.0,158140.0,158065.0,158120.0,11387,5,39182
WIN$D,M15,1727201700,158120.0,158145.0,158025.0,158070.0,7550,5,34365
WIN$D,M15,1727254800,158540.0,159015.0,158225.0,158725.0,331130,5,934599
WIN$D,M15,1727255700,158720.0,158790.0,158420.0,158510.0,173348,5,529076
WIN$D,M15,1727256600,158505.0,158645.0,158440.0,158555.0,117129,5,363075
WIN$D,M15,1727257500,158555.0,158685.0,158475.0,158500.0,129513,5,425908
WIN$D,M15,1727258400,158500.0,158735.0,158345.0,158660.0,285887,5,906763
WIN$D,M15,1727259300,158660.0,158875.0,158300.0,158325.0,288941,5,908250
WIN$D,M15,1727260200,158325.0,158445.0,158095.0,158150.0,265936,5,883696
WIN$D,M15,1727261100,158150.0,158350.0,158080.0,158165.0,178147,5,581799
WIN$D,M15,1727262000,158165.0,158340.0,158095.0,158195.0,140149,5,485960
WIN$D,M15,1727262900,158195.0,158225.0,157765.0,157860.0,203713,5,754417
WIN$D,M15,1727263800,157860.0,158250.0,157825.0,158115.0,165649,5,628704
WIN$D,M15,1727264700,158110.0,158290.0,157990.0,158050.0,146910,5,539298
WIN$D,M15,1727265600,158045.0,158170.0,157880.0,157890.0,108163,5,383688
WIN$D,M15,1727266500,157895.0,157915.0,157605.0,157610.0,112041,5,450343
WIN$D,M15,1727267400,157610.0,157715.0,157495.0,157550.0,130204,5,531342
WIN$D,M15,1727268300,157545.0,157755.0,157505.0,157635.0,98858,5,386363
WIN$D,M15,1727269200,157640.0,157805.0,157595.0,157695.0,80424,5,298187
WIN$D,M15,1727270100,157700.0,157920.0,157680.0,157865.0,64823,5,246036
WIN$D,M15,1727271000,157865.0,157990.0,157770.0,157775.0,102074,5,407792
WIN$D,M15,1727271900,157780.0,157860.0,157655.0,157680.0,76653,5,294450
WIN$D,M15,1727272800,157685.0,157685.0,157455.0,157525.0,89585,5,352410
WIN$D,M15,1727273700,157525.0,157585.0,157425.0,157435.0,74369,5,297870
WIN$D,M15,1727274600,157435.0,157535.0,157335.0,157475.0,98587,5,375798
WIN$D,M15,1727275500,157475.0,157600.0,157420.0,157510.0,79677,5,300202
WIN$D,M15,1727276400,157510.0,157590.0,157420.0,157530.0,74047,5,279044
WIN$D,M15,1727277300,157535.0,157640.0,157495.0,157620.0,51352,5,190688
WIN$D,M15,1727278200,157620.0,157655.0,157460.0,157475.0,70041,5,281330
WIN$D,M15,1727279100,157475.0,157630.0,157460.0,157555.0,56455,5,216086
WIN$D,M15,1727280000,157555.0,157650.0,157545.0,157595.0,45572,5,174022
WIN$D,M15,1727280900,157590.0,157600.0,157475.0,157575.0,51455,5,198530
WIN$D,M15,1727281800,157580.0,157585.0,157430.0,157520.0,57641,5,234287
WIN$D,M15,1727282700,157515.0,157540.0,157415.0,157475.0,42562,5,183439
WIN$D,M15,1727283600,157475.0,157495.0,157375.0,157465.0,42922,5,170845
WIN$D,M15,1727284500,157465.0,157485.0,157345.0,157400.0,37310,5,134586
WIN$D,M15,1727285400,157395.0,157625.0,157395.0,157585.0,44658,5,162969
WIN$D,M15,1727286300,157585.0,157615.0,157510.0,157570.0,21479,5,75684
WIN$D,M15,1727287200,157570.0,157590.0,157510.0,157565.0,12366,5,46597
WIN$D,M15,1727288100,157570.0,157890.0,157550.0,157600.0,12698,5,51275
WIN$D,M15,1727341200,158470.0,158955.0,158325.0,158905.0,260443,5,741804
WIN$D,M15,1727342100,158900.0,159170.0,158865.0,158915.0,197790,5,600260
WIN$D,M15,1727343000,158915.0,159150.0,158750.0,158800.0,209706,5,620983
WIN$D,M15,1727343900,158800.0,158920.0,158535.0,158545.0,182091,5,541061
WIN$D,M15,1727344800,158540.0,158695.0,158420.0,158580.0,234078,5,696683
WIN$D,M15,1727345700,158580.0,158755.0,158280.0,158315.0,282485,5,834960
WIN$D,M15,1727346600,158310.0,158915.0,158215.0,158910.0,329683,5,1076096
WIN$D,M15,1727347500,158910.0,158945.0,158340.0,158380.0,232331,5,785243
WIN$D,M15,1727348400,158375.0,158565.0,158165.0,158450.0,236948,5,798039
WIN$D,M15,1727349300,158450.0,158520.0,158085.0,158195.0,151448,5,549822
WIN$D,M15,1727350200,158195.0,158240.0,157970.0,158060.0,127507,5,491792
WIN$D,M15,1727351100,158060.0,158180.0,157915.0,157940.0,152280,5,564798
WIN$D,M15,1727352000,157940.0,158120.0,157930.0,158050.0,102661,5,362022
WIN$D,M15,1727352900,158050.0,158210.0,158000.0,158130.0,84004,5,301541
WIN$D,M15,1727353800,158130.0,158495.0,158110.0,158475.0,115996,5,436695
WIN$D,M15,1727354700,158470.0,158490.0,158290.0,158325.0,80608,5,292693
WIN$D,M15,1727355600,158325.0,158375.0,158235.0,158365.0,71214,5,268042
WIN$D,M15,1727356500,158365.0,158635.0,158355.0,158610.0,79316,5,289067
WIN$D,M15,1727357400,158610.0,158815.0,158605.0,158665.0,102289,5,399534
WIN$D,M15,1727358300,158665.0,158735.0,158590.0,158640.0,62806,5,235956
WIN$D,M15,1727359200,158640.0,158780.0,158595.0,158760.0,72824,5,294662
WIN$D,M15,1727360100,158765.0,158770.0,158605.0,158655.0,72136,5,271442
WIN$D,M15,1727361000,158655.0,158885.0,158650.0,158870.0,79928,5,295458
WIN$D,M15,1727361900,158870.0,158990.0,158825.0,158985.0,58443,5,227865
WIN$D,M15,1727362800,158990.0,159135.0,158855.0,158950.0,107584,5,425818
WIN$D,M15,1727363700,158950.0,159095.0,158935.0,159050.0,65685,5,257390
WIN$D,M15,1727364600,159050.0,159160.0,159045.0,159135.0,64794,5,262889
WIN$D,M15,1727365500,159135.0,159155.0,158940.0,158975.0,69991,5,278974
WIN$D,M15,1727366400,158975.0,159045.0,158875.0,158900.0,78967,5,298357
WIN$D,M15,1727367300,158895.0,158910.0,158655.0,158780.0,113769,5,442981
WIN$D,M15,1727368200,158780.0,158875.0,158675.0,158725.0,74828,5,296930
WIN$D,M15,1727369100,158725.0,158925.0,158675.0,158865.0,63861,5,255876
WIN$D,M15,1727370000,158865.0,158955.0,158735.0,158770.0,64420,5,239011
WIN$D,M15,1727370900,158775.0,158775.0,158670.0,158705.0,39241,5,137485
WIN$D,M15,1727371800,158700.0,158745.0,158670.0,158735.0,23135,5,80217
WIN$D,M15,1727372700,158735.0,158815.0,158695.0,158780.0,22706,5,75636
WIN$D,M15,1727373600,158780.0,158810.0,158730.0,158750.0,16973,5,56388
WIN$D,M15,1727374500,158755.0,158770.0,158695.0,158705.0,9001,5,36072
WIN$D,M15,1727427600,158770.0,158830.0,158275.0,158560.0,229957,5,660387
WIN$D,M15,1727428500,158565.0,158760.0,158535.0,158615.0,132988,5,417095
WIN$D,M15,1727429400,158615.0,158810.0,158445.0,158630.0,190672,5,604558
WIN$D,M15,1727430300,158630.0,158685.0,158500.0,158645.0,116820,5,372898
WIN$D,M15,1727431200,158645.0,158900.0,158610.0,158735.0,258936,5,826655
WIN$D,M15,1727432100,158730.0,158840.0,158570.0,158745.0,187904,5,673312
WIN$D,M15,1727433000,158745.0,159345.0,158710.0,159100.0,302314,5,1051896
WIN$D,M15,1727433900,159100.0,159310.0,158950.0,159235.0,188289,5,655106
WIN$D,M15,1727434800,159230.0,159310.0,159080.0,159270.0,138676,5,506327
WIN$D,M15,1727435700,159270.0,159635.0,159245.0,159600.0,165086,5,614485
WIN$D,M15,1727436600,159600.0,159715.0,159530.0,159660.0,125919,5,471115
WIN$D,M15,1727437500,159655.0,159765.0,159480.0,159485.0,136196,5,491924
WIN$D,M15,1727438400,159485.0,159595.0,159215.0,159280.0,135457,5,519488
WIN$D,M15,1727439300,159275.0,159305.0,159075.0,159110.0,102622,5,381027
WIN$D,M15,1727440200,159110.0,159145.0,158925.0,158995.0,73797,5,277722
WIN$D,M15,1727441100,158990.0,159065.0,158875.0,158925.0,88136,5,333662
WIN$D,M15,1727442000,158925.0,159080.0,158865.0,158945.0,90599,5,342783
WIN$D,M15,1727442900,158945.0,159115.0,158925.0,159080.0,71077,5,273263
WIN$D,M15,1727443800,159080.0,159100.0,158905.0,158930.0,71345,5,264214
WIN$D,M15,1727444700,158935.0,158960.0,158830.0,158840.0,62608,5,229386
WIN$D,M15,1727445600,158835.0,158905.0,158705.0,158705.0,70579,5,264113
WIN$D,M15,1727446500,158710.0,158755.0,158505.0,158635.0,91072,5,361461
WIN$D,M15,1727447400,158640.0,158690.0,158575.0,158630.0,64657,5,252806
WIN$D,M15,1727448300,158630.0,158870.0,158630.0,158870.0,73827,5,282682
WIN$D,M15,1727449200,158865.0,159015.0,158845.0,158930.0,87048,5,344285
WIN$D,M15,1727450100,158925.0,158940.0,158605.0,158615.0,91703,5,359617
WIN$D,M15,1727451000,158615.0,158760.0,158495.0,158755.0,90988,5,365624
WIN$D,M15,1727451900,158750.0,158785.0,158550.0,158575.0,83115,5,337353
WIN$D,M15,1727452800,158575.0,158630.0,158410.0,158590.0,107314,5,426914
WIN$D,M15,1727453700,158590.0,158715.0,158550.0,158715.0,59500,5,238679
WIN$D,M15,1727454600,158710.0,158735.0,158570.0,158600.0,55345,5,221251
WIN$D,M15,1727455500,158600.0,158685.0,158585.0,158600.0,40650,5,169911
WIN$D,M15,1727456400,158605.0,158605.0,158390.0,158395.0,53158,5,211473
WIN$D,M15,1727457300,158400.0,158560.0,158385.0,158535.0,42323,5,146389
WIN$D,M15,1727458200,158535.0,158570.0,158480.0,158510.0,26019,5,94055
WIN$D,M15,1727459100,158515.0,158545.0,158470.0,158505.0,14985,5,50346
WIN$D,M15,1727460000,158505.0,158530.0,158475.0,158510.0,9836,5,31290
WIN$D,M15,1727460900,158510.0,158585.0,158495.0,158540.0,7214,5,33341
WIN$D,M15,1727686800,158885.0,159365.0,158540.0,159160.0,254529,5,743972
WIN$D,M15,1727687700,159155.0,159265.0,159115.0,159255.0,96554,5,279888
WIN$D,M15,1727688600,159260.0,159305.0,158920.0,159035.0,148238,5,446156
WIN$D,M15,1727689500,159035.0,159035.0,158730.0,158835.0,130718,5,393352
WIN$D,M15,1727690400,158830.0,158835.0,158355.0,158385.0,197103,5,606714
WIN$D,M15,1727691300,158385.0,158880.0,158355.0,158625.0,270061,5,790196
WIN$D,M15,1727692200,158625.0,158720.0,158200.0,158575.0,254415,5,781460
WIN$D,M15,1727693100,158575.0,158650.0,158245.0,158275.0,163206,5,508633
WIN$D,M15,1727694000,158270.0,158600.0,158270.0,158375.0,113936,5,363745
WIN$D,M15,1727694900,158380.0,158480.0,158120.0,158125.0,141722,5,513628
WIN$D,M15,1727695800,158130.0,158600.0,158120.0,158565.0,131951,5,473287
WIN$D,M15,1727696700,158570.0,158720.0,158495.0,158620.0,107482,5,377771
WIN$D,M15,1727697600,158620.0,158790.0,158575.0,158740.0,99491,5,382574
WIN$D,M15,1727698500,158740.0,158770.0,158420.0,158420.0,85119,5,300096
WIN$D,M15,1727699400,158425.0,158460.0,158180.0,158205.0,81555,5,292328
WIN$D,M15,1727700300,158210.0,158265.0,158035.0,158050.0,65445,5,230264
WIN$D,M15,1727701200,158045.0,158150.0,158025.0,158100.0,55761,5,200779
WIN$D,M15,1727702100,158095.0,158210.0,158040.0,158185.0,66758,5,233884
WIN$D,M15,1727703000,158185.0,158260.0,158130.0,158195.0,52423,5,174777
WIN$D,M15,1727703900,158200.0,158205.0,158050.0,158060.0,47976,5,160551
WIN$D,M15,1727704800,158060.0,158225.0,158005.0,158220.0,69669,5,246922
WIN$D,M15,1727705700,158215.0,158235.0,158015.0,158030.0,59231,5,207894
WIN$D,M15,1727706600,158025.0,158145.0,158005.0,158125.0,53330,5,208496
WIN$D,M15,1727707500,158125.0,158220.0,158115.0,158155.0,60770,5,241082
WIN$D,M15,1727708400,158150.0,158260.0,157930.0,157960.0,117649,5,474652
WIN$D,M15,1727709300,157955.0,157970.0,157635.0,157740.0,142028,5,546106
WIN$D,M15,1727710200,157745.0,158090.0,157705.0,158055.0,99254,5,377987
WIN$D,M15,1727711100,158060.0,158150.0,157935.0,157950.0,77208,5,301776
WIN$D,M15,1727712000,157950.0,157995.0,157805.0,157900.0,76871,5,302456
WIN$D,M15,1727712900,157895.0,157975.0,157860.0,157940.0,60712,5,237762
WIN$D,M15,1727713800,157935.0,158030.0,157850.0,157895.0,77667,5,300114
WIN$D,M15,1727714700,157895.0,158010.0,157755.0,157770.0,80152,5,309200
WIN$D,M15,1727715600,157765.0,157855.0,157625.0,157760.0,72581,5,271741
WIN$D,M15,1727716500,157755.0,157885.0,157745.0,157855.0,50839,5,182132
WIN$D,M15,1727717400,157855.0,157935.0,157800.0,157845.0,36175,5,124976
WIN$D,M15,1727718300,157840.0,157900.0,157750.0,157885.0,27806,5,88453
WIN$D,M15,1727719200,157885.0,157905.0,157830.0,157880.0,16684,5,46668
WIN$D,M15,1727720100,157885.0,157970.0,157805.0,157845.0,16054,5,53209
WIN$D,M15,1727773200,157615.0,158090.0,157540.0,158050.0,263108,5,760558
WIN$D,M15,1727774100,158045.0,158195.0,157935.0,158030.0,173343,5,536114
WIN$D,M15,1727775000,158030.0,158180.0,158030.0,158145.0,113742,5,358277
WIN$D,M15,1727775900,158145.0,158350.0,158120.0,158285.0,172707,5,560578
WIN$D,M15,1727776800,158280.0,158405.0,157985.0,158105.0,314901,5,984098
WIN$D,M15,1727777700,158100.0,158490.0,158025.0,158110.0,296850,5,889094
WIN$D,M15,1727778600,158110.0,158460.0,157710.0,158020.0,435624,5,1434754
WIN$D,M15,1727779500,158025.0,158260.0,157810.0,158165.0,289651,5,929592
WIN$D,M15,1727780400,158165.0,158510.0,157980.0,158390.0,283496,5,1004229
WIN$D,M15,1727781300,158385.0,158765.0,158325.0,158535.0,250750,5,893902
WIN$D,M15,1727782200,158535.0,158825.0,158235.0,158750.0,215011,5,754185
WIN$D,M15,1727783100,158750.0,158855.0,158585.0,158825.0,155113,5,588758
WIN$D,M15,1727784000,158825.0,158880.0,158490.0,158620.0,163246,5,608791
WIN$D,M15,1727784900,158620.0,159055.0,158620.0,159005.0,138841,5,508320
WIN$D,M15,1727785800,159005.0,159130.0,158950.0,159040.0,116470,5,432182
WIN$D,M15,1727786700,159040.0,159085.0,158935.0,158965.0,88441,5,330714
WIN$D,M15,1727787600,158960.0,158995.0,158860.0,158915.0,78041,5,315588
WIN$D,M15,1727788500,158915.0,159020.0,158810.0,158970.0,82396,5,306791
WIN$D,M15,1727789400,158965.0,159055.0,158795.0,158905.0,141106,5,529018
WIN$D,M15,1727790300,158905.0,159160.0,158805.0,159080.0,123934,5,446724
WIN$D,M15,1727791200,159085.0,159135.0,158840.0,158860.0,121902,5,440753
WIN$D,M15,1727792100,158860.0,158865.0,158180.0,158315.0,216636,5,877919
WIN$D,M15,1727793000,158310.0,158590.0,158290.0,158545.0,160346,5,636296
WIN$D,M15,1727793900,158540.0,158885.0,158505.0,158735.0,142284,5,559900
WIN$D,M15,1727794800,158735.0,158825.0,158580.0,158755.0,111490,5,441722
WIN$D,M15,1727795700,158760.0,158865.0,158730.0,158825.0,73403,5,289820
WIN$D,M15,1727796600,158825.0,158910.0,158650.0,158765.0,90901,5,349534
WIN$D,M15,1727797500,158765.0,158810.0,158540.0,158660.0,86929,5,344139
WIN$D,M15,1727798400,158660.0,158665.0,158490.0,158525.0,65806,5,237631
WIN$D,M15,1727799300,158530.0,158580.0,158440.0,158475.0,65628,5,263311
WIN$D,M15,1727800200,158475.0,158525.0,158330.0,158410.0,75071,5,291601
WIN$D,M15,1727801100,158415.0,158415.0,158215.0,158260.0,73707,5,299617
WIN$D,M15,1727802000,158255.0,158380.0,158100.0,158245.0,85063,5,323900
WIN$D,M15,1727802900,158250.0,158345.0,158120.0,158290.0,58852,5,213400
WIN$D,M15,1727803800,158295.0,158650.0,158255.0,158490.0,74123,5,274671
WIN$D,M15,1727804700,158490.0,158545.0,158350.0,158510.0,46551,5,160900
WIN$D,M15,1727805600,158505.0,158645.0,158500.0,158560.0,21022,5,73458
WIN$D,M15,1727806500,158560.0,158755.0,158550.0,158655.0,10148,5,45026
WIN$D,M15,1727859600,158890.0,159525.0,158815.0,159380.0,316872,5,888645
WIN$D,M15,1727860500,159380.0,159590.0,159180.0,159550.0,237704,5,697295
WIN$D,M15,1727861400,159545.0,159690.0,159470.0,159630.0,185397,5,581252
WIN$D,M15,1727862300,159630.0,159970.0,159545.0,159935.0,196241,5,651237
WIN$D,M15,1727863200,159935.0,160350.0,159930.0,160055.0,325626,5,1103903
WIN$D,M15,1727864100,160050.0,160530.0,159920.0,160475.0,352317,5,1080138
WIN$D,M15,1727865000,160475.0,160640.0,160120.0,160160.0,364515,5,1189161
WIN$D,M15,1727865900,160155.0,160515.0,160080.0,160190.0,233021,5,727607
WIN$D,M15,1727866800,160190.0,160650.0,160175.0,160455.0,211488,5,747762
WIN$D,M15,1727867700,160455.0,160540.0,160185.0,160240.0,173876,5,582000
WIN$D,M15,1727868600,160245.0,160265.0,159910.0,159910.0,139633,5,512632
WIN$D,M15,1727869500,159910.0,160190.0,159710.0,159755.0,201436,5,736086
WIN$D,M15,1727870400,159755.0,159870.0,159560.0,159605.0,158316,5,603690
WIN$D,M15,1727871300,159605.0,159760.0,159540.0,159610.0,108508,5,409199
WIN$D,M15,1727872200,159610.0,159915.0,159610.0,159780.0,128425,5,486483
WIN$D,M15,1727873100,159785.0,160045.0,159740.0,160045.0,94910,5,353132
WIN$D,M15,1727874000,160040.0,160100.0,159940.0,160050.0,85818,5,300052
WIN$D,M15,1727874900,160045.0,160155.0,159960.0,160025.0,88311,5,334133
WIN$D,M15,1727875800,160025.0,160030.0,159725.0,159845.0,101930,5,361623
WIN$D,M15,1727876700,159845.0,159900.0,159740.0,159805.0,65652,5,235340
WIN$D,M15,1727877600,159800.0,159835.0,159695.0,159705.0,55481,5,200887
WIN$D,M15,1727878500,159710.0,159795.0,159575.0,159760.0,94448,5,341495
WIN$D,M15,1727879400,159760.0,159865.0,159720.0,159825.0,69033,5,260275
WIN$D,M15,1727880300,159820.0,159875.0,159770.0,159820.0,56799,5,223923
WIN$D,M15,1727881200,159815.0,159830.0,159655.0,159760.0,73584,5,276154
WIN$D,M15,1727882100,159760.0,159785.0,159050.0,159165.0,175334,5,695754
WIN$D,M15,1727883000,159160.0,159240.0,159080.0,159200.0,94818,5,377887
WIN$D,M15,1727883900,159195.0,159210.0,158950.0,159100.0,96323,5,379917
WIN$D,M15,1727884800,159100.0,159190.0,159045.0,159170.0,59751,5,218356
WIN$D,M15,1727885700,159175.0,159230.0,159125.0,159175.0,54993,5,204977
WIN$D,M15,1727886600,159170.0,159265.0,159125.0,159215.0,44941,5,161105
WIN$D,M15,1727887500,159215.0,159325.0,159175.0,159260.0,71245,5,302754
WIN$D,M15,1727888400,159255.0,159290.0,159080.0,159100.0,54729,5,203884
WIN$D,M15,1727889300,159100.0,159410.0,159095.0,159390.0,63827,5,226241
WIN$D,M15,1727890200,159390.0,159475.0,159285.0,159445.0,62394,5,210547
WIN$D,M15,1727891100,159445.0,159450.0,159225.0,159240.0,43873,5,128856
WIN$D,M15,1727892000,159245.0,159360.0,159235.0,159305.0,18717,5,58728
WIN$D,M15,1727892900,159305.0,159380.0,159275.0,159310.0,9723,5,38386
WIN$D,M15,1727946000,159045.0,159110.0,158095.0,158340.0,309456,5,964161
WIN$D,M15,1727946900,158340.0,158365.0,157915.0,157970.0,250296,5,780707
WIN$D,M15,1727947800,157965.0,158045.0,157775.0,157890.0,216340,5,701639
WIN$D,M15,1727948700,157895.0,158015.0,157720.0,157825.0,211671,5,671752
WIN$D,M15,1727949600,157830.0,157895.0,157510.0,157710.0,357428,5,1110267
WIN$D,M15,1727950500,157710.0,157720.0,157330.0,157385.0,278935,5,927208
WIN$D,M15,1727951400,157380.0,157570.0,157235.0,157485.0,239606,5,811949
WIN$D,M15,1727952300,157485.0,157680.0,157165.0,157450.0,284619,5,989126
WIN$D,M15,1727953200,157450.0,157530.0,157135.0,157185.0,269706,5,959132
WIN$D,M15,1727954100,157185.0,157280.0,156845.0,156930.0,243675,5,931400
WIN$D,M15,1727955000,156930.0,157125.0,156710.0,156885.0,209557,5,807174
WIN$D,M15,1727955900,156880.0,156990.0,156735.0,156755.0,140135,5,511217
WIN$D,M15,1727956800,156750.0,156950.0,156740.0,156940.0,98904,5,361988
WIN$D,M15,1727957700,156940.0,156990.0,156790.0,156935.0,88597,5,334637
WIN$D,M15,1727958600,156935.0,157110.0,156850.0,157075.0,105491,5,397805
WIN$D,M15,1727959500,157075.0,157085.0,156910.0,156920.0,70588,5,267013
WIN$D,M15,1727960400,156920.0,157030.0,156770.0,157010.0,98202,5,361360
WIN$D,M15,1727961300,157015.0,157160.0,156980.0,157040.0,80831,5,317708
WIN$D,M15,1727962200,157040.0,157135.0,156905.0,156935.0,109715,5,445111
WIN$D,M15,1727963100,156940.0,157010.0,156795.0,156910.0,116349,5,463152
WIN$D,M15,1727964000,156915.0,157000.0,156795.0,156930.0,89995,5,351567
WIN$D,M15,1727964900,156930.0,157085.0,156830.0,156900.0,123776,5,469440
WIN$D,M15,1727965800,156900.0,157075.0,156880.0,156965.0,84667,5,330668
WIN$D,M15,1727966700,156965.0,157070.0,156940.0,157055.0,62644,5,249401
WIN$D,M15,1727967600,157060.0,157105.0,156900.0,157090.0,76478,5,311143
WIN$D,M15,1727968500,157090.0,157310.0,157065.0,157280.0,107824,5,440072
WIN$D,M15,1727969400,157280.0,157500.0,157210.0,157285.0,149110,5,617628
WIN$D,M15,1727970300,157285.0,157455.0,157175.0,157240.0,121763,5,486569
WIN$D,M15,1727971200,157240.0,157300.0,157110.0,157265.0,90167,5,359817
WIN$D,M15,1727972100,157270.0,157300.0,157095.0,157155.0,77147,5,322391
WIN$D,M15,1727973000,157160.0,157285.0,157105.0,157160.0,71566,5,291092
WIN$D,M15,1727973900,157165.0,157260.0,157110.0,157225.0,64020,5,270584
WIN$D,M15,1727974800,157225.0,157350.0,157125.0,157240.0,101779,5,419433
WIN$D,M15,1727975700,157245.0,157260.0,157165.0,157170.0,35695,5,133585
WIN$D,M15,1727976600,157170.0,157260.0,157155.0,157230.0,22946,5,92417
WIN$D,M15,1727977500,157235.0,157290.0,157135.0,157170.0,26804,5,101295
WIN$D,M15,1727978400,157175.0,157185.0,157105.0,157115.0,19828,5,69785
WIN$D,M15,1727979300,157110.0,157125.0,157040.0,157090.0,15742,5,66507
WIN$D,M15,1728032400,157320.0,157770.0,156980.0,157165.0,318330,5,883300
WIN$D,M15,1728033300,157160.0,157265.0,156950.0,157105.0,173304,5,529717
WIN$D,M15,1728034200,157080.0,157465.0,156505.0,156770.0,433683,5,1342681
WIN$D,M15,1728035100,156765.0,156820.0,156605.0,156695.0,190615,5,578612
WIN$D,M15,1728036000,156695.0,157010.0,156565.0,156810.0,325889,5,991765
WIN$D,M15,1728036900,156810.0,157135.0,156705.0,157020.0,287647,5,879375
WIN$D,M15,1728037800,157015.0,157370.0,156730.0,157190.0,339060,5,1153153
WIN$D,M15,1728038700,157195.0,157275.0,157000.0,157150.0,166599,5,574132
WIN$D,M15,1728039600,157145.0,157385.0,157060.0,157340.0,163358,5,608675
WIN$D,M15,1728040500,157340.0,157480.0,157120.0,157160.0,166542,5,618614
WIN$D,M15,1728041400,157155.0,157215.0,157010.0,157065.0,149171,5,569839
WIN$D,M15,1728042300,157060.0,157230.0,157010.0,157135.0,90531,5,329689
WIN$D,M15,1728043200,157130.0,157270.0,157010.0,157025.0,93282,5,365918
WIN$D,M15,1728044100,157030.0,157060.0,156850.0,156870.0,92848,5,343758
WIN$D,M15,1728045000,156870.0,157120.0,156855.0,157095.0,88982,5,357735
WIN$D,M15,1728045900,157090.0,157175.0,157050.0,157145.0,67033,5,265663
WIN$D,M15,1728046800,157150.0,157210.0,157105.0,157190.0,56441,5,214026
WIN$D,M15,1728047700,157195.0,157240.0,157100.0,157190.0,59665,5,237359
WIN$D,M15,1728048600,157195.0,157240.0,157090.0,157220.0,52151,5,218058
WIN$D,M15,1728049500,157220.0,157260.0,157145.0,157235.0,46918,5,194943
WIN$D,M15,1728050400,157235.0,157285.0,157195.0,157245.0,45398,5,188835
WIN$D,M15,1728051300,157245.0,157395.0,157230.0,157285.0,63615,5,259806
WIN$D,M15,1728052200,157285.0,157295.0,157055.0,157185.0,94930,5,416082
WIN$D,M15,1728053100,157185.0,157210.0,157095.0,157125.0,49623,5,197710
WIN$D,M15,1728054000,157125.0,157275.0,157100.0,157235.0,56736,5,225977
WIN$D,M15,1728054900,157240.0,157290.0,157180.0,157215.0,46720,5,197493
WIN$D,M15,1728055800,157210.0,157370.0,157190.0,157280.0,63620,5,287538
WIN$D,M15,1728056700,157285.0,157445.0,157280.0,157410.0,66524,5,282336
WIN$D,M15,1728057600,157410.0,157440.0,157280.0,157350.0,60867,5,263993
WIN$D,M15,1728058500,157350.0,157385.0,157270.0,157335.0,42199,5,179304
WIN$D,M15,1728059400,157340.0,157420.0,157300.0,157395.0,41868,5,172410
WIN$D,M15,1728060300,157390.0,157465.0,157365.0,157410.0,41854,5,191541
WIN$D,M15,1728061200,157410.0,157415.0,157280.0,157300.0,42908,5,182766
WIN$D,M15,1728062100,157300.0,157335.0,157240.0,157275.0,27458,5,105136
WIN$D,M15,1728063000,157275.0,157285.0,157230.0,157250.0,15746,5,63236
WIN$D,M15,1728063900,157255.0,157375.0,157235.0,157320.0,22050,5,83580
WIN$D,M15,1728064800,157315.0,157335.0,157270.0,157320.0,12360,5,41049
WIN$D,M15,1728065700,157325.0,157380.0,157250.0,157380.0,10279,5,42835
WIN$D,M15,1728291600,157080.0,158085.0,157020.0,157985.0,326076,5,903138
WIN$D,M15,1728292500,157985.0,158170.0,157870.0,158105.0,199134,5,627831
WIN$D,M15,1728293400,158100.0,158270.0,158025.0,158210.0,174759,5,554190
WIN$D,M15,1728294300,158205.0,158335.0,158145.0,158335.0,122564,5,375227
WIN$D,M15,1728295200,158335.0,158370.0,157720.0,157735.0,272182,5,847514
WIN$D,M15,1728296100,157735.0,157900.0,157220.0,157255.0,313994,5,1008191
WIN$D,M15,1728297000,157260.0,157975.0,157135.0,157940.0,271742,5,927842
WIN$D,M15,1728297900,157940.0,158060.0,157815.0,157980.0,208708,5,709641
WIN$D,M15,1728298800,157985.0,158520.0,157980.0,158485.0,232945,5,861094
WIN$D,M15,1728299700,158485.0,158490.0,158235.0,158300.0,124854,5,431124
WIN$D,M15,1728300600,158300.0,158305.0,158005.0,158085.0,126306,5,466030
WIN$D,M15,1728301500,158085.0,158090.0,157805.0,157820.0,110203,5,406391
WIN$D,M15,1728302400,157820.0,157865.0,157560.0,157630.0,132653,5,526211
WIN$D,M15,1728303300,157630.0,157755.0,157525.0,157535.0,104043,5,395302
WIN$D,M15,1728304200,157530.0,157680.0,157500.0,157545.0,81326,5,300422
WIN$D,M15,1728305100,157545.0,157560.0,157360.0,157505.0,100523,5,388717
WIN$D,M15,1728306000,157505.0,157635.0,157370.0,157425.0,97278,5,384560
WIN$D,M15,1728306900,157420.0,157485.0,157325.0,157420.0,68177,5,252846
WIN$D,M15,1728307800,157420.0,157525.0,157380.0,157520.0,47609,5,175109
WIN$D,M15,1728308700,157520.0,157560.0,157465.0,157540.0,46870,5,181778
WIN$D,M15,1728309600,157535.0,157735.0,157475.0,157715.0,80432,5,307859
WIN$D,M15,1728310500,157715.0,157745.0,157580.0,157690.0,78983,5,305221
WIN$D,M15,1728311400,157690.0,157800.0,157650.0,157715.0,63396,5,239241
WIN$D,M15,1728312300,157720.0,157740.0,157605.0,157715.0,66543,5,267665
WIN$D,M15,1728313200,157710.0,157785.0,157625.0,157645.0,70443,5,282029
WIN$D,M15,1728314100,157645.0,157650.0,157375.0,157440.0,101142,5,407003
WIN$D,M15,1728315000,157440.0,157460.0,157200.0,157390.0,130605,5,512436
WIN$D,M15,1728315900,157395.0,157395.0,157135.0,157315.0,122496,5,474812
WIN$D,M15,1728316800,157320.0,157430.0,157215.0,157410.0,78141,5,307641
WIN$D,M15,1728317700,157410.0,157530.0,157405.0,157430.0,69040,5,282342
WIN$D,M15,1728318600,157430.0,157490.0,157340.0,157400.0,67078,5,279470
WIN$D,M15,1728319500,157405.0,157475.0,157370.0,157435.0,45247,5,181139
WIN$D,M15,1728320400,157435.0,157540.0,157380.0,157515.0,44766,5,190751
WIN$D,M15,1728321300,157515.0,157585.0,157480.0,157520.0,39399,5,151437
WIN$D,M15,1728322200,157520.0,157585.0,157415.0,157430.0,31423,5,118317
WIN$D,M15,1728323100,157435.0,157580.0,157400.0,157520.0,29402,5,102996
WIN$D,M15,1728324000,157525.0,157525.0,157415.0,157485.0,21322,5,73553
WIN$D,M15,1728324900,157485.0,157550.0,157455.0,157485.0,9284,5,39690
WIN$D,M15,1728378000,156555.0,156870.0,155980.0,156375.0,405806,5,1206404
WIN$D,M15,1728378900,156370.0,156670.0,156320.0,156390.0,250522,5,807547
WIN$D,M15,1728379800,156390.0,156430.0,156115.0,156135.0,182209,5,597733
WIN$D,M15,1728380700,156135.0,156200.0,155850.0,156005.0,236929,5,789212
WIN$D,M15,1728381600,156010.0,156185.0,155770.0,155950.0,316909,5,1021014
WIN$D,M15,1728382500,155945.0,156300.0,155875.0,156230.0,285188,5,935203
WIN$D,M15,1728383400,156230.0,156600.0,156155.0,156460.0,323250,5,1030723
WIN$D,M15,1728384300,156460.0,156765.0,156310.0,156705.0,228708,5,747412
WIN$D,M15,1728385200,156705.0,156745.0,156505.0,156630.0,178883,5,649939
WIN$D,M15,1728386100,156625.0,156630.0,156185.0,156255.0,195758,5,694935
WIN$D,M15,1728387000,156255.0,156480.0,156185.0,156415.0,157900,5,600286
WIN$D,M15,1728387900,156410.0,156735.0,156365.0,156650.0,115671,5,432902
WIN$D,M15,1728388800,156645.0,156750.0,156560.0,156690.0,112061,5,452270
WIN$D,M15,1728389700,156690.0,156790.0,156505.0,156550.0,103525,5,399922
WIN$D,M15,1728390600,156550.0,156740.0,156525.0,156660.0,85332,5,339114
WIN$D,M15,1728391500,156660.0,156890.0,156635.0,156875.0,83128,5,339451
WIN$D,M15,1728392400,156875.0,156960.0,156770.0,156915.0,111540,5,442553
WIN$D,M15,1728393300,156920.0,157080.0,156910.0,156960.0,88517,5,345279
WIN$D,M15,1728394200,156965.0,157045.0,156850.0,156915.0,81902,5,331930
WIN$D,M15,1728395100,156915.0,156950.0,156805.0,156890.0,58211,5,227788
WIN$D,M15,1728396000,156890.0,156910.0,156705.0,156755.0,86547,5,354242
WIN$D,M15,1728396900,156755.0,156830.0,156630.0,156810.0,93703,5,387410
WIN$D,M15,1728397800,156810.0,156955.0,156800.0,156945.0,74855,5,286391
WIN$D,M15,1728398700,156945.0,156985.0,156870.0,156925.0,49289,5,198055
WIN$D,M15,1728399600,156925.0,157100.0,156835.0,157020.0,86224,5,351882
WIN$D,M15,1728400500,157015.0,157105.0,156970.0,157020.0,67579,5,277785
WIN$D,M15,1728401400,157025.0,157080.0,156900.0,156920.0,64673,5,266320
WIN$D,M15,1728402300,156915.0,156950.0,156820.0,156825.0,62270,5,261119
WIN$D,M15,1728403200,156830.0,156875.0,156645.0,156680.0,89123,5,377832
WIN$D,M15,1728404100,156680.0,156780.0,156665.0,156760.0,44683,5,184472
WIN$D,M15,1728405000,156760.0,156880.0,156745.0,156815.0,52518,5,216694
WIN$D,M15,1728405900,156815.0,156985.0,156810.0,156875.0,64113,5,262822
WIN$D,M15,1728406800,156875.0,156955.0,156825.0,156940.0,58854,5,249960
WIN$D,M15,1728407700,156940.0,156940.0,156795.0,156810.0,30174,5,113021
WIN$D,M15,1728408600,156805.0,156845.0,156735.0,156835.0,36096,5,136296
WIN$D,M15,1728409500,156830.0,156905.0,156820.0,156870.0,26063,5,93817
WIN$D,M15,1728410400,156875.0,156900.0,156810.0,156870.0,16200,5,59724
WIN$D,M15,1728411300,156870.0,156995.0,156870.0,156995.0,9858,5,46853
WIN$D,M15,1728464400,156920.0,156995.0,156140.0,156295.0,320839,5,930552
WIN$D,M15,1728465300,156295.0,156375.0,156045.0,156085.0,194578,5,640324
WIN$D,M15,1728466200,156090.0,156170.0,155975.0,155995.0,191572,5,675566
WIN$D,M15,1728467100,155990.0,156040.0,155875.0,155945.0,134850,5,473744
WIN$D,M15,1728468000,155950.0,156015.0,155750.0,155830.0,189613,5,676871
WIN$D,M15,1728468900,155825.0,155885.0,155540.0,155610.0,170585,5,632499
WIN$D,M15,1728469800,155610.0,155900.0,155440.0,155870.0,290686,5,1042350
WIN$D,M15,1728470700,155870.0,155950.0,155655.0,155805.0,219740,5,780232
WIN$D,M15,1728471600,155810.0,155815.0,155395.0,155480.0,202835,5,761053
WIN$D,M15,1728472500,155480.0,155595.0,155360.0,155525.0,126390,5,494359
WIN$D,M15,1728473400,155525.0,155545.0,155275.0,155470.0,168786,5,651165
WIN$D,M15,1728474300,155465.0,155785.0,155400.0,155780.0,138346,5,549905
WIN$D,M15,1728475200,155780.0,155900.0,155715.0,155830.0,130689,5,526689
WIN$D,M15,1728476100,155830.0,155840.0,155530.0,155560.0,124444,5,498672
WIN$D,M15,1728477000,155560.0,155755.0,155535.0,155740.0,80746,5,311632
WIN$D,M15,1728477900,155735.0,155755.0,155330.0,155390.0,117901,5,477587
WIN$D,M15,1728478800,155395.0,155550.0,155345.0,155500.0,86025,5,337433
WIN$D,M15,1728479700,155500.0,155565.0,155330.0,155345.0,84706,5,333975
WIN$D,M15,1728480600,155350.0,155405.0,155060.0,155145.0,148221,5,610951
WIN$D,M15,1728481500,155145.0,155210.0,155040.0,155140.0,101466,5,398395
WIN$D,M15,1728482400,155140.0,155240.0,155065.0,155145.0,80224,5,341586
WIN$D,M15,1728483300,155145.0,155185.0,155070.0,155095.0,60357,5,253447
WIN$D,M15,1728484200,155095.0,155235.0,155070.0,155230.0,50738,5,216327
WIN$D,M15,1728485100,155230.0,155245.0,155110.0,155190.0,64622,5,262106
WIN$D,M15,1728486000,155190.0,155270.0,155030.0,155095.0,106299,5,445639
WIN$D,M15,1728486900,155095.0,155255.0,155060.0,155245.0,59103,5,246495
WIN$D,M15,1728487800,155250.0,155260.0,155100.0,155175.0,68023,5,294047
WIN$D,M15,1728488700,155175.0,155200.0,155060.0,155120.0,48658,5,209426
WIN$D,M15,1728489600,155120.0,155295.0,155100.0,155270.0,73377,5,314496
WIN$D,M15,1728490500,155270.0,155375.0,155230.0,155370.0,78706,5,342749
WIN$D,M15,1728491400,155370.0,155390.0,155215.0,155280.0,67932,5,297730
WIN$D,M15,1728492300,155280.0,155375.0,155235.0,155245.0,66476,5,283963
WIN$D,M15,1728493200,155250.0,155350.0,155220.0,155285.0,54604,5,235993
WIN$D,M15,1728494100,155285.0,155330.0,155225.0,155265.0,33518,5,141054
WIN$D,M15,1728495000,155270.0,155330.0,155245.0,155285.0,23508,5,93593
WIN$D,M15,1728495900,155285.0,155325.0,155265.0,155280.0,16877,5,65967
WIN$D,M15,1728496800,155285.0,155290.0,155095.0,155140.0,31726,5,119286
WIN$D,M15,1728497700,155145.0,155175.0,155080.0,155175.0,13324,5,56868
WIN$D,M15,1728550800,155410.0,155560.0,155250.0,155350.0,264290,5,749671
WIN$D,M15,1728551700,155350.0,155400.0,155290.0,155305.0,81787,5,253850
WIN$D,M15,1728552600,155305.0,155495.0,155065.0,155375.0,309802,5,944052
WIN$D,M15,1728553500,155380.0,155535.0,155260.0,155455.0,164382,5,507247
WIN$D,M15,1728554400,155450.0,155675.0,155340.0,155405.0,284195,5,874344
WIN$D,M15,1728555300,155405.0,155580.0,155305.0,155465.0,166961,5,512215
WIN$D,M15,1728556200,155470.0,155495.0,155115.0,155150.0,301509,5,960496
WIN$D,M15,1728557100,155145.0,155610.0,155135.0,155405.0,228877,5,754714
WIN$D,M15,1728558000,155405.0,155585.0,155375.0,155560.0,146838,5,513472
WIN$D,M15,1728558900,155565.0,155685.0,155445.0,155655.0,122092,5,443529
WIN$D,M15,1728559800,155655.0,155700.0,155515.0,155595.0,115291,5,425112
WIN$D,M15,1728560700,155595.0,155630.0,155475.0,155560.0,88053,5,345273
WIN$D,M15,1728561600,155560.0,155720.0,155550.0,155705.0,75319,5,309301
WIN$D,M15,1728562500,155705.0,155740.0,155535.0,155580.0,76365,5,298179
WIN$D,M15,1728563400,155575.0,155595.0,155460.0,155480.0,68763,5,271871
WIN$D,M15,1728564300,155480.0,155560.0,155460.0,155470.0,42273,5,173352
WIN$D,M15,1728565200,155475.0,155565.0,155430.0,155560.0,60087,5,241501
WIN$D,M15,1728566100,155560.0,155585.0,155520.0,155570.0,39752,5,157692
WIN$D,M15,1728567000,155575.0,155620.0,155495.0,155515.0,58412,5,237183
WIN$D,M15,1728567900,155520.0,155545.0,155375.0,155400.0,73712,5,286008
WIN$D,M15,1728568800,155400.0,155425.0,155125.0,155155.0,117081,5,474090
WIN$D,M15,1728569700,155155.0,155575.0,155135.0,155555.0,117899,5,479516
WIN$D,M15,1728570600,155550.0,155650.0,155500.0,155635.0,67760,5,271606
WIN$D,M15,1728571500,155635.0,155665.0,155485.0,155635.0,75344,5,306071
WIN$D,M15,1728572400,155640.0,155655.0,155525.0,155585.0,54065,5,223334
WIN$D,M15,1728573300,155580.0,155725.0,155570.0,155690.0,55687,5,225060
WIN$D,M15,1728574200,155690.0,155715.0,155555.0,155610.0,67924,5,286074
WIN$D,M15,1728575100,155610.0,155650.0,155560.0,155625.0,37441,5,151626
WIN$D,M15,1728576000,155625.0,155685.0,155595.0,155610.0,35054,5,140035
WIN$D,M15,1728576900,155610.0,155660.0,155560.0,155630.0,33096,5,140349
WIN$D,M15,1728577800,155635.0,155720.0,155630.0,155660.0,34574,5,143876
WIN$D,M15,1728578700,155660.0,155805.0,155650.0,155710.0,58277,5,255234
WIN$D,M15,1728579600,155710.0,155775.0,155650.0,155685.0,47586,5,197998
WIN$D,M15,1728580500,155685.0,155770.0,155665.0,155705.0,29695,5,118963
WIN$D,M15,1728581400,155705.0,155705.0,155590.0,155605.0,31633,5,130303
WIN$D,M15,1728582300,155605.0,155815.0,155595.0,155695.0,33106,5,133801
WIN$D,M15,1728583200,155695.0,155760.0,155680.0,155700.0,14934,5,53816
WIN$D,M15,1728584100,155700.0,155735.0,155645.0,155645.0,8849,5,39137
WIN$D,M15,1728637200,155510.0,156065.0,155435.0,155955.0,239898,5,719471
WIN$D,M15,1728638100,155955.0,156045.0,155865.0,155950.0,111018,5,361717
WIN$D,M15,1728639000,155955.0,156115.0,155530.0,155545.0,298341,5,1015189
WIN$D,M15,1728639900,155545.0,155565.0,155370.0,155415.0,169067,5,559228
WIN$D,M15,1728640800,155415.0,155480.0,155105.0,155150.0,224293,5,784820
WIN$D,M15,1728641700,155150.0,155200.0,154685.0,154830.0,241055,5,875280
WIN$D,M15,1728642600,154825.0,154930.0,154665.0,154735.0,217172,5,725403
WIN$D,M15,1728643500,154740.0,154795.0,154545.0,154685.0,151640,5,554512
WIN$D,M15,1728644400,154680.0,154835.0,154610.0,154815.0,117976,5,411075
WIN$D,M15,1728645300,154810.0,155315.0,154790.0,155090.0,203692,5,797126
WIN$D,M15,1728646200,155090.0,155225.0,154960.0,155160.0,122057,5,466926
WIN$D,M15,1728647100,155160.0,155160.0,154980.0,155080.0,104261,5,387721
WIN$D,M15,1728648000,155085.0,155270.0,155040.0,155270.0,80554,5,306472
WIN$D,M15,1728648900,155270.0,155350.0,155180.0,155325.0,75476,5,306128
WIN$D,M15,1728649800,155320.0,155365.0,155135.0,155150.0,75585,5,312141
WIN$D,M15,1728650700,155155.0,155185.0,154870.0,154910.0,92743,5,366097
WIN$D,M15,1728651600,154910.0,154935.0,154700.0,154870.0,87689,5,348671
WIN$D,M15,1728652500,154870.0,154895.0,154700.0,154740.0,65735,5,251212
WIN$D,M15,1728653400,154735.0,154890.0,154715.0,154845.0,73468,5,291496
WIN$D,M15,1728654300,154845.0,154930.0,154820.0,154920.0,46263,5,177145
WIN$D,M15,1728655200,154920.0,155080.0,154915.0,155060.0,67520,5,279944
WIN$D,M15,1728656100,155060.0,155230.0,155025.0,155215.0,82704,5,352378
WIN$D,M15,1728657000,155215.0,155220.0,155080.0,155155.0,69435,5,285375
WIN$D,M15,1728657900,155155.0,155175.0,155030.0,155130.0,62600,5,248893
WIN$D,M15,1728658800,155130.0,155250.0,155120.0,155175.0,57290,5,233129
WIN$D,M15,1728659700,155175.0,155190.0,155110.0,155115.0,36826,5,147065
WIN$D,M15,1728660600,155115.0,155150.0,155030.0,155095.0,64402,5,272397
WIN$D,M15,1728661500,155100.0,155235.0,155090.0,155175.0,54893,5,232195
WIN$D,M15,1728662400,155180.0,155220.0,155130.0,155170.0,33764,5,142196
WIN$D,M15,1728663300,155165.0,155330.0,155160.0,155280.0,51528,5,219213
WIN$D,M15,1728664200,155280.0,155335.0,155230.0,155280.0,40522,5,170385
WIN$D,M15,1728665100,155280.0,155415.0,155270.0,155345.0,50589,5,219392
WIN$D,M15,1728666000,155350.0,155375.0,155235.0,155265.0,35622,5,144495
WIN$D,M15,1728666900,155265.0,155360.0,155240.0,155335.0,30992,5,122437
WIN$D,M15,1728667800,155335.0,155335.0,155270.0,155285.0,16268,5,64732
WIN$D,M15,1728668700,155285.0,155365.0,155275.0,155330.0,15823,5,66606
WIN$D,M15,1728669600,155335.0,155395.0,155310.0,155390.0,10540,5,39315
WIN$D,M15,1728670500,155390.0,155575.0,155360.0,155440.0,15661,5,65570
WIN$D,M15,1728896400,155270.0,155335.0,154810.0,154875.0,242188,5,731460
WIN$D,M15,1728897300,154875.0,154955.0,154590.0,154655.0,197067,5,608559
WIN$D,M15,1728898200,154650.0,155000.0,154635.0,154995.0,169588,5,502895
WIN$D,M15,1728899100,154995.0,155320.0,154925.0,155285.0,224700,5,700986
WIN$D,M15,1728900000,155290.0,155590.0,155125.0,155410.0,280023,5,860975
WIN$D,M15,1728900900,155410.0,155470.0,155125.0,155235.0,253492,5,827061
WIN$D,M15,1728901800,155230.0,155480.0,154960.0,155455.0,335870,5,1051546
WIN$D,M15,1728902700,155460.0,155695.0,155165.0,155180.0,293394,5,939734
WIN$D,M15,1728903600,155185.0,155380.0,155130.0,155240.0,151748,5,515922
WIN$D,M15,1728904500,155240.0,155265.0,154910.0,154975.0,174975,5,639516
WIN$D,M15,1728905400,154980.0,155150.0,154945.0,155140.0,123117,5,440875
WIN$D,M15,1728906300,155135.0,155740.0,155120.0,155645.0,172647,5,639138
WIN$D,M15,1728907200,155650.0,155670.0,155295.0,155355.0,131060,5,516796
WIN$D,M15,1728908100,155355.0,155380.0,154970.0,155240.0,120124,5,498122
WIN$D,M15,1728909000,155240.0,155410.0,155210.0,155385.0,74484,5,286947
WIN$D,M15,1728909900,155380.0,155755.0,155355.0,155720.0,112888,5,456798
WIN$D,M15,1728910800,155720.0,155890.0,155630.0,155860.0,135547,5,526286
WIN$D,M15,1728911700,155860.0,155900.0,155735.0,155865.0,72227,5,280013
WIN$D,M15,1728912600,155865.0,156080.0,155755.0,155900.0,127894,5,513538
WIN$D,M15,1728913500,155895.0,156090.0,155790.0,156060.0,81867,5,319237
WIN$D,M15,1728914400,156065.0,156070.0,155895.0,155985.0,81434,5,320690
WIN$D,M15,1728915300,155990.0,156140.0,155970.0,156110.0,78785,5,307215
WIN$D,M15,1728916200,156105.0,156360.0,156100.0,156215.0,122208,5,480456
WIN$D,M15,1728917100,156215.0,156425.0,156175.0,156260.0,94869,5,370339
WIN$D,M15,1728918000,156265.0,156420.0,156195.0,156355.0,75585,5,300854
WIN$D,M15,1728918900,156360.0,156440.0,156270.0,156320.0,68778,5,290941
WIN$D,M15,1728919800,156325.0,156420.0,156220.0,156285.0,82130,5,358514
WIN$D,M15,1728920700,156285.0,156385.0,156240.0,156335.0,54588,5,221092
WIN$D,M15,1728921600,156330.0,156370.0,156220.0,156285.0,55468,5,230717
WIN$D,M15,1728922500,156285.0,156390.0,156275.0,156315.0,34878,5,144051
WIN$D,M15,1728923400,156310.0,156385.0,156255.0,156370.0,40303,5,171477
WIN$D,M15,1728924300,156370.0,156430.0,156310.0,156320.0,51489,5,226032
WIN$D,M15,1728925200,156320.0,156345.0,156230.0,156315.0,45296,5,193710
WIN$D,M15,1728926100,156315.0,156335.0,156180.0,156210.0,35852,5,141589
WIN$D,M15,1728927000,156210.0,156275.0,156105.0,156250.0,44508,5,194274
WIN$D,M15,1728927900,156250.0,156295.0,156215.0,156225.0,22394,5,91700
WIN$D,M15,1728928800,156230.0,156270.0,156190.0,156245.0,15125,5,58488
WIN$D,M15,1728929700,156240.0,156360.0,156235.0,156360.0,12896,5,56672
WIN$D,M15,1728982800,155780.0,156310.0,155580.0,156190.0,287201,5,897837
WIN$D,M15,1728983700,156190.0,156365.0,155935.0,156035.0,221854,5,700211
WIN$D,M15,1728984600,156035.0,156270.0,155920.0,155960.0,188570,5,598575
WIN$D,M15,1728985500,155960.0,155975.0,155855.0,155920.0,84087,5,276958
WIN$D,M15,1728986400,155920.0,156500.0,155905.0,156105.0,326050,5,1054187
WIN$D,M15,1728987300,156110.0,156335.0,155885.0,155920.0,256281,5,885950
WIN$D,M15,1728988200,155920.0,156045.0,155500.0,155545.0,304053,5,1097363
WIN$D,M15,1728989100,155550.0,155690.0,155375.0,155535.0,196541,5,724858
WIN$D,M15,1728990000,155535.0,156110.0,155460.0,156075.0,188995,5,751758
WIN$D,M15,1728990900,156075.0,156225.0,155815.0,155835.0,194099,5,782484
WIN$D,M15,1728991800,155835.0,156100.0,155820.0,156065.0,155314,5,594673
WIN$D,M15,1728992700,156065.0,156315.0,155990.0,156125.0,138096,5,507869
WIN$D,M15,1728993600,156130.0,156285.0,156030.0,156130.0,112574,5,445064
WIN$D,M15,1728994500,156135.0,156160.0,156020.0,156070.0,52852,5,202762
WIN$D,M15,1728995400,156070.0,156190.0,155940.0,155965.0,84359,5,322992
WIN$D,M15,1728996300,155970.0,155985.0,155730.0,155755.0,81909,5,326343
WIN$D,M15,1728997200,155755.0,155860.0,155685.0,155755.0,82409,5,307910
WIN$D,M15,1728998100,155750.0,155815.0,155685.0,155755.0,64870,5,234929
WIN$D,M15,1728999000,155755.0,155945.0,155685.0,155910.0,78893,5,312990
WIN$D,M15,1728999900,155915.0,156020.0,155785.0,156010.0,82217,5,323250
WIN$D,M15,1729000800,156010.0,156050.0,155795.0,155855.0,76384,5,304327
WIN$D,M15,1729001700,155860.0,156060.0,155850.0,155915.0,78869,5,316226
WIN$D,M15,1729002600,155915.0,155990.0,155810.0,155880.0,69510,5,275521
WIN$D,M15,1729003500,155885.0,156125.0,155855.0,156065.0,79100,5,331066
WIN$D,M15,1729004400,156065.0,156115.0,156005.0,156025.0,50745,5,210365
WIN$D,M15,1729005300,156025.0,156115.0,155925.0,155960.0,66523,5,283425
WIN$D,M15,1729006200,155965.0,156030.0,155920.0,155970.0,48772,5,214614
WIN$D,M15,1729007100,155965.0,156110.0,155930.0,156080.0,58860,5,250899
WIN$D,M15,1729008000,156075.0,156110.0,155905.0,155920.0,65705,5,259107
WIN$D,M15,1729008900,155920.0,156020.0,155920.0,156000.0,42417,5,174573
WIN$D,M15,1729009800,156000.0,156050.0,155930.0,156010.0,42608,5,167031
WIN$D,M15,1729010700,156010.0,156090.0,155965.0,156065.0,44959,5,177159
WIN$D,M15,1729011600,156065.0,156270.0,156040.0,156170.0,77775,5,288177
WIN$D,M15,1729012500,156175.0,156225.0,156120.0,156145.0,34843,5,118945
WIN$D,M15,1729013400,156140.0,156195.0,156030.0,156070.0,35574,5,128125
WIN$D,M15,1729014300,156070.0,156105.0,156040.0,156060.0,16666,5,52600
WIN$D,M15,1729015200,156060.0,156100.0,156050.0,156050.0,9146,5,31983
WIN$D,M15,1729016100,156050.0,156060.0,155935.0,155935.0,10204,5,45169
WIN$D,M15,1729069200,156070.0,156785.0,155980.0,156600.0,260650,5,745285
WIN$D,M15,1729070100,156605.0,156660.0,156320.0,156570.0,176401,5,551775
WIN$D,M15,1729071000,156570.0,156620.0,155970.0,156010.0,290185,5,936019
WIN$D,M15,1729071900,156010.0,156305.0,155835.0,156215.0,323365,5,1077576
WIN$D,M15,1729072800,156220.0,156265.0,155925.0,156150.0,243425,5,787937
WIN$D,M15,1729073700,156150.0,156240.0,155790.0,156145.0,258641,5,849416
WIN$D,M15,1729074600,156145.0,156410.0,156050.0,156255.0,238180,5,795666
WIN$D,M15,1729075500,156250.0,156260.0,155895.0,155910.0,143169,5,500688
WIN$D,M15,1729076400,155910.0,156340.0,155815.0,156330.0,203016,5,786656
WIN$D,M15,1729077300,156330.0,156365.0,155895.0,155935.0,173919,5,665104
WIN$D,M15,1729078200,155930.0,156240.0,155875.0,156225.0,150946,5,576943
WIN$D,M15,1729079100,156225.0,156575.0,156170.0,156560.0,135113,5,500291
WIN$D,M15,1729080000,156555.0,156560.0,156250.0,156445.0,139313,5,539265
WIN$D,M15,1729080900,156450.0,156460.0,156285.0,156425.0,68754,5,261239
WIN$D,M15,1729081800,156425.0,156565.0,156360.0,156515.0,68640,5,269837
WIN$D,M15,1729082700,156510.0,156525.0,156415.0,156455.0,50401,5,199874
WIN$D,M15,1729083600,156450.0,156780.0,156425.0,156745.0,93936,5,382249
WIN$D,M15,1729084500,156740.0,156855.0,156620.0,156730.0,91538,5,370221
WIN$D,M15,1729085400,156730.0,156820.0,156645.0,156730.0,68667,5,256998
WIN$D,M15,1729086300,156725.0,156770.0,156560.0,156690.0,73610,5,287445
WIN$D,M15,1729087200,156690.0,156955.0,156675.0,156890.0,128094,5,493019
WIN$D,M15,1729088100,156895.0,157140.0,156850.0,157135.0,113739,5,426190
WIN$D,M15,1729089000,157135.0,157240.0,157050.0,157135.0,87868,5,349064
WIN$D,M15,1729089900,157135.0,157135.0,156995.0,157085.0,65051,5,261033
WIN$D,M15,1729090800,157080.0,157135.0,156935.0,156960.0,70986,5,312322
WIN$D,M15,1729091700,156960.0,157015.0,156725.0,156845.0,95964,5,435878
WIN$D,M15,1729092600,156845.0,156980.0,156775.0,156860.0,74766,5,335891
WIN$D,M15,1729093500,156860.0,156865.0,156665.0,156710.0,58745,5,261643
WIN$D,M15,1729094400,156715.0,156755.0,156550.0,156625.0,80789,5,366131
WIN$D,M15,1729095300,156630.0,156680.0,156540.0,156640.0,55391,5,252141
WIN$D,M15,1729096200,156645.0,156680.0,156560.0,156635.0,47178,5,213821
WIN$D,M15,1729097100,156640.0,156660.0,156520.0,156565.0,39740,5,192789
WIN$D,M15,1729098000,156570.0,156750.0,156495.0,156655.0,66438,5,289484
WIN$D,M15,1729098900,156655.0,156655.0,156540.0,156585.0,35016,5,141540
WIN$D,M15,1729099800,156590.0,156595.0,156490.0,156515.0,19686,5,79267
WIN$D,M15,1729100700,156510.0,156600.0,156495.0,156540.0,15681,5,60898
WIN$D,M15,1729101600,156535.0,156565.0,156385.0,156400.0,15093,5,63103
WIN$D,M15,1729102500,156405.0,156465.0,156345.0,156345.0,9633,5,48942
WIN$D,M15,1729155600,156220.0,156310.0,155550.0,155700.0,299308,5,962636
WIN$D,M15,1729156500,155700.0,155705.0,155400.0,155495.0,169359,5,602790
WIN$D,M15,1729157400,155495.0,155625.0,155230.0,155310.0,204879,5,714034
WIN$D,M15,1729158300,155305.0,155325.0,155115.0,155165.0,142033,5,523787
WIN$D,M15,1729159200,155160.0,155215.0,154955.0,154980.0,220455,5,759591
WIN$D,M15,1729160100,154980.0,155025.0,154820.0,155020.0,179018,5,651744
WIN$D,M15,1729161000,155020.0,155295.0,154840.0,155210.0,334280,5,1171152
WIN$D,M15,1729161900,155210.0,155520.0,155125.0,155385.0,231668,5,828306
WIN$D,M15,1729162800,155390.0,155685.0,155350.0,155445.0,215590,5,755802
WIN$D,M15,1729163700,155445.0,155570.0,155330.0,155335.0,136444,5,519659
WIN$D,M15,1729164600,155340.0,155580.0,155335.0,155475.0,121273,5,446700
WIN$D,M15,1729165500,155470.0,155610.0,155390.0,155590.0,97091,5,362487
WIN$D,M15,1729166400,155590.0,155670.0,155510.0,155630.0,85567,5,342203
WIN$D,M15,1729167300,155625.0,155735.0,155550.0,155695.0,69245,5,279440
WIN$D,M15,1729168200,155695.0,155765.0,155545.0,155560.0,76507,5,313011
WIN$D,M15,1729169100,155560.0,155565.0,155425.0,155445.0,72898,5,299066
WIN$D,M15,1729170000,155440.0,155445.0,155285.0,155365.0,75225,5,296053
WIN$D,M15,1729170900,155365.0,155420.0,155255.0,155385.0,76815,5,301636
WIN$D,M15,1729171800,155385.0,155610.0,155365.0,155580.0,75066,5,294810
WIN$D,M15,1729172700,155580.0,155675.0,155515.0,155650.0,67622,5,269511
WIN$D,M15,1729173600,155650.0,155700.0,155545.0,155660.0,71660,5,289901
WIN$D,M15,1729174500,155655.0,155680.0,155550.0,155590.0,45803,5,180718
WIN$D,M15,1729175400,155590.0,155720.0,155535.0,155655.0,67587,5,275179
WIN$D,M15,1729176300,155655.0,155865.0,155640.0,155795.0,73723,5,288905
WIN$D,M15,1729177200,155795.0,155830.0,155715.0,155790.0,67451,5,268605
WIN$D,M15,1729178100,155790.0,155840.0,155740.0,155795.0,42229,5,177775
WIN$D,M15,1729179000,155795.0,155875.0,155735.0,155815.0,55067,5,238294
WIN$D,M15,1729179900,155815.0,155830.0,155680.0,155705.0,43872,5,188608
WIN$D,M15,1729180800,155710.0,155825.0,155705.0,155815.0,42489,5,198539
WIN$D,M15,1729181700,155810.0,155830.0,155755.0,155800.0,32803,5,154980
WIN$D,M15,1729182600,155800.0,155860.0,155740.0,155835.0,42724,5,189930
WIN$D,M15,1729183500,155835.0,155870.0,155785.0,155845.0,35690,5,161231
WIN$D,M15,1729184400,155850.0,155850.0,155705.0,155725.0,52396,5,252746
WIN$D,M15,1729185300,155720.0,155780.0,155710.0,155735.0,19802,5,79342
WIN$D,M15,1729186200,155730.0,155810.0,155710.0,155800.0,21583,5,92043
WIN$D,M15,1729187100,155795.0,155870.0,155770.0,155800.0,24999,5,108906
WIN$D,M15,1729188000,155800.0,155865.0,155770.0,155850.0,16319,5,57945
WIN$D,M15,1729188900,155855.0,155960.0,155815.0,155900.0,12489,5,57652
WIN$D,M15,1729242000,156350.0,156530.0,155650.0,155825.0,339126,5,1041857
WIN$D,M15,1729242900,155825.0,155995.0,155780.0,155985.0,129669,5,429327
WIN$D,M15,1729243800,155985.0,156355.0,155925.0,156335.0,157796,5,572255
WIN$D,M15,1729244700,156335.0,156490.0,156240.0,156375.0,159977,5,573790
WIN$D,M15,1729245600,156380.0,156605.0,156295.0,156525.0,232778,5,801406
WIN$D,M15,1729246500,156520.0,156700.0,156315.0,156420.0,232013,5,822059
WIN$D,M15,1729247400,156415.0,156445.0,155695.0,155765.0,289061,5,1072816
WIN$D,M15,1729248300,155760.0,155785.0,155230.0,155290.0,215495,5,908018
WIN$D,M15,1729249200,155285.0,155360.0,155035.0,155060.0,168753,5,727647
WIN$D,M15,1729250100,155055.0,155175.0,155000.0,155085.0,117130,5,477777
WIN$D,M15,1729251000,155085.0,155710.0,155075.0,155655.0,162471,5,710108
WIN$D,M15,1729251900,155660.0,155690.0,155420.0,155435.0,121505,5,519957
WIN$D,M15,1729252800,155435.0,155445.0,155085.0,155135.0,111680,5,471402
WIN$D,M15,1729253700,155140.0,155210.0,155030.0,155170.0,90741,5,381031
WIN$D,M15,1729254600,155165.0,155265.0,155100.0,155160.0,74610,5,322226
WIN$D,M15,1729255500,155160.0,155225.0,155085.0,155210.0,46526,5,192694
WIN$D,M15,1729256400,155210.0,155235.0,155130.0,155205.0,41507,5,168564
WIN$D,M15,1729257300,155210.0,155410.0,155175.0,155400.0,52943,5,203767
WIN$D,M15,1729258200,155400.0,155410.0,155295.0,155310.0,42017,5,174248
WIN$D,M15,1729259100,155310.0,155345.0,155225.0,155250.0,59545,5,249083
WIN$D,M15,1729260000,155255.0,155345.0,155245.0,155315.0,45307,5,195323
WIN$D,M15,1729260900,155315.0,155360.0,155250.0,155275.0,42096,5,170977
WIN$D,M15,1729261800,155270.0,155290.0,155055.0,155160.0,79182,5,344068
WIN$D,M15,1729262700,155165.0,155180.0,155055.0,155110.0,59035,5,247516
WIN$D,M15,1729263600,155110.0,155235.0,155035.0,155205.0,54739,5,248155
WIN$D,M15,1729264500,155200.0,155285.0,155160.0,155250.0,41419,5,183624
WIN$D,M15,1729265400,155245.0,155255.0,155185.0,155235.0,36902,5,165946
WIN$D,M15,1729266300,155240.0,155385.0,155235.0,155355.0,39256,5,173966
WIN$D,M15,1729267200,155355.0,155360.0,155260.0,155350.0,40988,5,191909
WIN$D,M15,1729268100,155350.0,155350.0,155215.0,155295.0,38082,5,179344
WIN$D,M15,1729269000,155290.0,155330.0,155220.0,155300.0,43076,5,208596
WIN$D,M15,1729269900,155305.0,155570.0,155295.0,155555.0,66696,5,318533
WIN$D,M15,1729270800,155555.0,155665.0,155420.0,155480.0,72630,5,323530
WIN$D,M15,1729271700,155475.0,155480.0,155305.0,155365.0,46446,5,190281
WIN$D,M15,1729272600,155365.0,155400.0,155325.0,155385.0,19885,5,75679
WIN$D,M15,1729273500,155385.0,155510.0,155370.0,155480.0,22627,5,86486
WIN$D,M15,1729274400,155485.0,155490.0,155345.0,155440.0,20815,5,75596
WIN$D,M15,1729275300,155440.0,155440.0,155190.0,155190.0,9265,5,42696
WIN$D,M15,1729501200,155020.0,155595.0,154890.0,155545.0,333150,5,1013144
WIN$D,M15,1729502100,155545.0,155685.0,155395.0,155630.0,213150,5,767004
WIN$D,M15,1729503000,155630.0,155730.0,155575.0,155660.0,136652,5,471599
WIN$D,M15,1729503900,155665.0,155815.0,155535.0,155800.0,166709,5,564488
WIN$D,M15,1729504800,155805.0,155995.0,155560.0,155845.0,309506,5,1044490
WIN$D,M15,1729505700,155845.0,155955.0,155615.0,155765.0,254591,5,868401
WIN$D,M15,1729506600,155760.0,155900.0,155530.0,155715.0,238282,5,792923
WIN$D,M15,1729507500,155715.0,155780.0,155515.0,155535.0,130727,5,449673
WIN$D,M15,1729508400,155535.0,155725.0,155370.0,155385.0,249113,5,887495
WIN$D,M15,1729509300,155385.0,155460.0,155050.0,155225.0,238981,5,891319
WIN$D,M15,1729510200,155230.0,155550.0,155215.0,155455.0,158043,5,606788
WIN$D,M15,1729511100,155450.0,155465.0,155260.0,155295.0,127462,5,489134
WIN$D,M15,1729512000,155300.0,155320.0,155085.0,155260.0,127943,5,491150
WIN$D,M15,1729512900,155260.0,155310.0,154985.0,155095.0,114675,5,444994
WIN$D,M15,1729513800,155095.0,155205.0,154995.0,155190.0,80094,5,318797
WIN$D,M15,1729514700,155190.0,155435.0,155185.0,155325.0,94400,5,378007
WIN$D,M15,1729515600,155325.0,155325.0,155120.0,155230.0,89863,5,347573
WIN$D,M15,1729516500,155235.0,155540.0,155200.0,155420.0,101635,5,412634
WIN$D,M15,1729517400,155420.0,155450.0,155295.0,155450.0,67223,5,247426
WIN$D,M15,1729518300,155445.0,155570.0,155390.0,155540.0,66362,5,269598
WIN$D,M15,1729519200,155535.0,155550.0,155350.0,155365.0,63654,5,243811
WIN$D,M15,1729520100,155365.0,155385.0,155255.0,155290.0,68374,5,255705
WIN$D,M15,1729521000,155290.0,155335.0,155245.0,155270.0,54725,5,219595
WIN$D,M15,1729521900,155265.0,155300.0,155145.0,155170.0,60545,5,242067
WIN$D,M15,1729522800,155170.0,155230.0,155035.0,155110.0,71125,5,302546
WIN$D,M15,1729523700,155105.0,155360.0,155100.0,155350.0,71160,5,295137
WIN$D,M15,1729524600,155345.0,155355.0,155215.0,155235.0,62152,5,271036
WIN$D,M15,1729525500,155240.0,155295.0,155090.0,155160.0,58369,5,243398
WIN$D,M15,1729526400,155155.0,155295.0,155140.0,155290.0,54710,5,239436
WIN$D,M15,1729527300,155290.0,155310.0,155200.0,155215.0,40947,5,181681
WIN$D,M15,1729528200,155220.0,155260.0,155155.0,155245.0,38428,5,167997
WIN$D,M15,1729529100,155245.0,155315.0,155185.0,155210.0,50095,5,225875
WIN$D,M15,1729530000,155210.0,155310.0,155175.0,155195.0,40925,5,169095
WIN$D,M15,1729530900,155200.0,155275.0,155185.0,155220.0,27297,5,108864
WIN$D,M15,1729531800,155215.0,155265.0,155210.0,155235.0,15084,5,58621
WIN$D,M15,1729532700,155235.0,155245.0,155200.0,155235.0,10676,5,39918
WIN$D,M15,1729533600,155235.0,155240.0,155190.0,155215.0,9995,5,35553
WIN$D,M15,1729534500,155210.0,155235.0,155100.0,155100.0,8295,5,39137
WIN$D,M15,1729587600,154930.0,155015.0,154205.0,154495.0,432292,5,1333437
WIN$D,M15,1729588500,154490.0,154530.0,154245.0,154360.0,171488,5,584989
WIN$D,M15,1729589400,154355.0,154425.0,154295.0,154365.0,82084,5,303644
WIN$D,M15,1729590300,154365.0,154510.0,154185.0,154285.0,190576,5,688966
WIN$D,M15,1729591200,154285.0,154485.0,154085.0,154450.0,295873,5,1025585
WIN$D,M15,1729592100,154450.0,154945.0,154380.0,154735.0,415574,5,1517795
WIN$D,M15,1729593000,154740.0,155015.0,154585.0,154615.0,272397,5,953150
WIN$D,M15,1729593900,154615.0,154650.0,153960.0,154060.0,319362,5,1232757
WIN$D,M15,1729594800,154060.0,154210.0,153915.0,153955.0,207268,5,819782
WIN$D,M15,1729595700,153955.0,154080.0,153840.0,153895.0,152942,5,643208
WIN$D,M15,1729596600,153895.0,154380.0,153880.0,154370.0,189312,5,779045
WIN$D,M15,1729597500,154375.0,154540.0,154200.0,154250.0,177452,5,721018
WIN$D,M15,1729598400,154245.0,154255.0,153895.0,153990.0,132907,5,560650
WIN$D,M15,1729599300,153985.0,154125.0,153935.0,154115.0,89102,5,369993
WIN$D,M15,1729600200,154115.0,154350.0,154110.0,154345.0,64594,5,275698
WIN$D,M15,1729601100,154345.0,154455.0,154325.0,154445.0,77514,5,359608
WIN$D,M15,1729602000,154445.0,154610.0,154375.0,154590.0,72842,5,314451
WIN$D,M15,1729602900,154585.0,154705.0,154520.0,154550.0,98797,5,420944
WIN$D,M15,1729603800,154545.0,154685.0,154440.0,154460.0,83967,5,340503
WIN$D,M15,1729604700,154460.0,154560.0,154445.0,154455.0,55847,5,221643
WIN$D,M15,1729605600,154450.0,154540.0,154105.0,154175.0,116290,5,471232
WIN$D,M15,1729606500,154170.0,154370.0,154170.0,154355.0,70609,5,300619
WIN$D,M15,1729607400,154355.0,154430.0,154260.0,154295.0,72641,5,302623
WIN$D,M15,1729608300,154295.0,154450.0,154260.0,154440.0,60878,5,248932
WIN$D,M15,1729609200,154435.0,154490.0,154250.0,154330.0,85881,5,369101
WIN$D,M15,1729610100,154335.0,154695.0,154330.0,154670.0,92072,5,402904
WIN$D,M15,1729611000,154670.0,154770.0,154640.0,154730.0,69602,5,286140
WIN$D,M15,1729611900,154730.0,154760.0,154625.0,154700.0,60203,5,253914
WIN$D,M15,1729612800,154700.0,154840.0,154680.0,154805.0,55509,5,245121
WIN$D,M15,1729613700,154805.0,154880.0,154775.0,154850.0,33988,5,158692
WIN$D,M15,1729614600,154855.0,154880.0,154805.0,154855.0,38360,5,177474
WIN$D,M15,1729615500,154855.0,154945.0,154815.0,154825.0,45041,5,202110
WIN$D,M15,1729616400,154825.0,154845.0,154710.0,154780.0,56781,5,236012
WIN$D,M15,1729617300,154780.0,154900.0,154770.0,154880.0,48465,5,197609
WIN$D,M15,1729618200,154880.0,154900.0,154815.0,154850.0,18762,5,68481
WIN$D,M15,1729619100,154850.0,154895.0,154840.0,154870.0,13212,5,50650
WIN$D,M15,1729620000,154875.0,155040.0,154860.0,155040.0,22529,5,88416
WIN$D,M15,1729620900,155035.0,155075.0,154985.0,155000.0,12086,5,56468
WIN$D,M15,1729674000,154390.0,154410.0,153640.0,153750.0,458495,5,1529840
WIN$D,M15,1729674900,153755.0,153895.0,153630.0,153680.0,187906,5,664575
WIN$D,M15,1729675800,153680.0,153740.0,153580.0,153680.0,118354,5,436859
WIN$D,M15,1729676700,153680.0,153700.0,153595.0,153670.0,64117,5,234572
WIN$D,M15,1729677600,153665.0,154145.0,153620.0,153960.0,329443,5,1160479
WIN$D,M15,1729678500,153960.0,154110.0,153850.0,153965.0,259297,5,913653
WIN$D,M15,1729679400,153960.0,154175.0,153680.0,153950.0,308510,5,1080888
WIN$D,M15,1729680300,153945.0,154140.0,153930.0,154040.0,163301,5,590437
WIN$D,M15,1729681200,154035.0,154085.0,153635.0,153665.0,222487,5,840808
WIN$D,M15,1729682100,153660.0,153740.0,153470.0,153635.0,218872,5,834620
WIN$D,M15,1729683000,153635.0,153660.0,153310.0,153340.0,171184,5,715030
WIN$D,M15,1729683900,153340.0,153585.0,153320.0,153575.0,129871,5,526586
WIN$D,M15,1729684800,153580.0,153610.0,153420.0,153480.0,94704,5,384851
WIN$D,M15,1729685700,153480.0,153605.0,153430.0,153590.0,85297,5,346394
WIN$D,M15,1729686600,153590.0,153845.0,153580.0,153840.0,91026,5,386592
WIN$D,M15,1729687500,153840.0,153950.0,153820.0,153930.0,70706,5,315289
WIN$D,M15,1729688400,153930.0,153980.0,153745.0,153745.0,109498,5,436858
WIN$D,M15,1729689300,153745.0,153810.0,153670.0,153695.0,78461,5,302505
WIN$D,M15,1729690200,153690.0,153720.0,153530.0,153605.0,82556,5,335375
WIN$D,M15,1729691100,153600.0,153795.0,153545.0,153790.0,78609,5,303935
WIN$D,M15,1729692000,153790.0,153890.0,153765.0,153865.0,81030,5,327361
WIN$D,M15,1729692900,153865.0,153925.0,153790.0,153795.0,67816,5,279771
WIN$D,M15,1729693800,153795.0,153965.0,153680.0,153920.0,119044,5,522179
WIN$D,M15,1729694700,153920.0,154020.0,153845.0,153865.0,93201,5,391713
WIN$D,M15,1729695600,153865.0,153895.0,153700.0,153735.0,79499,5,348368
WIN$D,M15,1729696500,153730.0,153810.0,153645.0,153730.0,67925,5,299814
WIN$D,M15,1729697400,153730.0,153810.0,153705.0,153715.0,48083,5,221175
WIN$D,M15,1729698300,153720.0,153865.0,153715.0,153860.0,50684,5,225044
WIN$D,M15,1729699200,153860.0,153900.0,153810.0,153875.0,36557,5,163152
WIN$D,M15,1729700100,153875.0,153910.0,153775.0,153905.0,52792,5,247602
WIN$D,M15,1729701000,153905.0,153955.0,153825.0,153850.0,53626,5,268126
WIN$D,M15,1729701900,153845.0,153980.0,153790.0,153940.0,49155,5,231967
WIN$D,M15,1729702800,153940.0,153990.0,153865.0,153950.0,43699,5,202278
WIN$D,M15,1729703700,153945.0,154000.0,153875.0,153890.0,31564,5,142813
WIN$D,M15,1729704600,153895.0,153925.0,153845.0,153920.0,21981,5,92155
WIN$D,M15,1729705500,153925.0,153925.0,153860.0,153870.0,13102,5,58936
WIN$D,M15,1729706400,153865.0,153915.0,153815.0,153825.0,10983,5,45482
WIN$D,M15,1729707300,153825.0,153855.0,153680.0,153680.0,12095,5,55882
WIN$D,M15,1729760400,154195.0,154435.0,153900.0,154050.0,350584,5,1135784
WIN$D,M15,1729761300,154045.0,154230.0,153805.0,153840.0,247498,5,876419
WIN$D,M15,1729762200,153835.0,154010.0,153750.0,153990.0,196827,5,677855
WIN$D,M15,1729763100,153990.0,154105.0,153815.0,153880.0,176518,5,596004
WIN$D,M15,1729764000,153875.0,153920.0,153585.0,153705.0,246602,5,862515
WIN$D,M15,1729764900,153710.0,153855.0,153490.0,153750.0,248122,5,857835
WIN$D,M15,1729765800,153745.0,153930.0,153545.0,153860.0,260207,5,895770
WIN$D,M15,1729766700,153855.0,154000.0,153715.0,153835.0,173254,5,613361
WIN$D,M15,1729767600,153830.0,153835.0,153645.0,153670.0,130797,5,454492
WIN$D,M15,1729768500,153675.0,153700.0,153520.0,153525.0,128770,5,489111
WIN$D,M15,1729769400,153530.0,153865.0,153520.0,153850.0,113956,5,447418
WIN$D,M15,1729770300,153845.0,154175.0,153780.0,154150.0,152167,5,623004
WIN$D,M15,1729771200,154150.0,154285.0,154055.0,154125.0,138419,5,572104
WIN$D,M15,1729772100,154130.0,154195.0,154015.0,154120.0,94202,5,388286
WIN$D,M15,1729773000,154125.0,154190.0,154060.0,154120.0,58817,5,245181
WIN$D,M15,1729773900,154120.0,154135.0,153925.0,153930.0,67758,5,276415
WIN$D,M15,1729774800,153930.0,153955.0,153545.0,153630.0,139869,5,578578
WIN$D,M15,1729775700,153630.0,153770.0,153560.0,153750.0,74231,5,292193
WIN$D,M15,1729776600,153745.0,153805.0,153610.0,153780.0,84557,5,335120
WIN$D,M15,1729777500,153780.0,153945.0,153765.0,153895.0,64634,5,259380
WIN$D,M15,1729778400,153895.0,154070.0,153875.0,154065.0,78848,5,323090
WIN$D,M15,1729779300,154065.0,154525.0,154020.0,154460.0,151607,5,615653
WIN$D,M15,1729780200,154455.0,154765.0,154405.0,154600.0,190673,5,744827
WIN$D,M15,1729781100,154595.0,154635.0,154330.0,154345.0,108344,5,401316
WIN$D,M15,1729782000,154340.0,154520.0,154315.0,154365.0,95657,5,389847
WIN$D,M15,1729782900,154365.0,154410.0,154240.0,154255.0,67338,5,270216
WIN$D,M15,1729783800,154255.0,154465.0,154250.0,154365.0,74761,5,301022
WIN$D,M15,1729784700,154365.0,154475.0,154300.0,154370.0,63665,5,256962
WIN$D,M15,1729785600,154370.0,154505.0,154360.0,154490.0,42162,5,167983
WIN$D,M15,1729786500,154490.0,154740.0,154480.0,154720.0,77525,5,319787
WIN$D,M15,1729787400,154720.0,154865.0,154695.0,154800.0,81197,5,340221
WIN$D,M15,1729788300,154800.0,154920.0,154785.0,154805.0,61554,5,266714
WIN$D,M15,1729789200,154805.0,154930.0,154730.0,154855.0,66304,5,278498
WIN$D,M15,1729790100,154860.0,154900.0,154800.0,154825.0,26883,5,98478
WIN$D,M15,1729791000,154825.0,154840.0,154775.0,154840.0,24752,5,89997
WIN$D,M15,1729791900,154840.0,154895.0,154800.0,154865.0,21092,5,81616
WIN$D,M15,1729792800,154870.0,155015.0,154860.0,155010.0,26247,5,95938
WIN$D,M15,1729793700,155010.0,155095.0,154975.0,155060.0,13641,5,62597
WIN$D,M15,1729846800,155180.0,155240.0,154600.0,154700.0,305870,5,958499
WIN$D,M15,1729847700,154705.0,154955.0,154635.0,154925.0,167969,5,551988
WIN$D,M15,1729848600,154930.0,155000.0,154715.0,154740.0,155312,5,549463
WIN$D,M15,1729849500,154740.0,154955.0,154535.0,154920.0,187745,5,645499
WIN$D,M15,1729850400,154920.0,155140.0,154665.0,154865.0,276039,5,937262
WIN$D,M15,1729851300,154860.0,154955.0,154615.0,154830.0,234710,5,768465
WIN$D,M15,1729852200,154825.0,154925.0,154560.0,154805.0,237299,5,781074
WIN$D,M15,1729853100,154805.0,155005.0,154680.0,154725.0,176895,5,610786
WIN$D,M15,1729854000,154725.0,155125.0,154650.0,155085.0,174442,5,618544
WIN$D,M15,1729854900,155090.0,155220.0,154670.0,154785.0,204176,5,733605
WIN$D,M15,1729855800,154790.0,154895.0,154615.0,154760.0,159576,5,583047
WIN$D,M15,1729856700,154765.0,155065.0,154705.0,155005.0,117928,5,442905
WIN$D,M15,1729857600,155000.0,155025.0,154750.0,154850.0,94565,5,363029
WIN$D,M15,1729858500,154850.0,154975.0,154685.0,154700.0,98803,5,381508
WIN$D,M15,1729859400,154700.0,154835.0,154580.0,154645.0,78505,5,316287
WIN$D,M15,1729860300,154645.0,154705.0,154465.0,154545.0,90836,5,358642
WIN$D,M15,1729861200,154550.0,154595.0,154410.0,154520.0,94877,5,355868
WIN$D,M15,1729862100,154520.0,154620.0,154410.0,154615.0,86067,5,330332
WIN$D,M15,1729863000,154615.0,155030.0,154590.0,154985.0,100263,5,402784
WIN$D,M15,1729863900,154985.0,155050.0,154790.0,154830.0,97167,5,379176
WIN$D,M15,1729864800,154835.0,154885.0,154665.0,154795.0,92311,5,360283
WIN$D,M15,1729865700,154795.0,154875.0,154700.0,154815.0,75761,5,299630
WIN$D,M15,1729866600,154815.0,154820.0,154435.0,154465.0,92214,5,375802
WIN$D,M15,1729867500,154465.0,154630.0,154390.0,154405.0,92089,5,366960
WIN$D,M15,1729868400,154410.0,154555.0,154400.0,154515.0,79277,5,328751
WIN$D,M15,1729869300,154520.0,154690.0,154450.0,154620.0,64520,5,267499
WIN$D,M15,1729870200,154625.0,154700.0,154530.0,154600.0,55784,5,237289
WIN$D,M15,1729871100,154600.0,154710.0,154570.0,154675.0,47042,5,201005
WIN$D,M15,1729872000,154675.0,154685.0,154490.0,154545.0,47697,5,205920
WIN$D,M15,1729872900,154545.0,154645.0,154495.0,154645.0,51269,5,221810
WIN$D,M15,1729873800,154640.0,154680.0,154520.0,154530.0,43069,5,191361
WIN$D,M15,1729874700,154530.0,154635.0,154480.0,154590.0,53820,5,220577
WIN$D,M15,1729875600,154595.0,154730.0,154510.0,154610.0,57359,5,249769
WIN$D,M15,1729876500,154615.0,154645.0,154560.0,154610.0,21101,5,84742
WIN$D,M15,1729877400,154605.0,154660.0,154570.0,154585.0,17448,5,65031
WIN$D,M15,1729878300,154585.0,154610.0,154500.0,154575.0,17879,5,75985
WIN$D,M15,1729879200,154575.0,154585.0,154415.0,154480.0,23492,5,86166
WIN$D,M15,1729880100,154480.0,154525.0,154360.0,154360.0,12119,5,49625
WIN$D,M15,1730106000,154480.0,154955.0,154235.0,154905.0,285847,5,856616
WIN$D,M15,1730106900,154905.0,155125.0,154725.0,155100.0,193571,5,669435
WIN$D,M15,1730107800,155100.0,155220.0,155000.0,155215.0,125541,5,452101
WIN$D,M15,1730108700,155215.0,155350.0,155150.0,155340.0,154817,5,564884
WIN$D,M15,1730109600,155340.0,155520.0,155215.0,155235.0,238458,5,886920
WIN$D,M15,1730110500,155230.0,155620.0,155145.0,155610.0,263395,5,914045
WIN$D,M15,1730111400,155610.0,155740.0,155525.0,155545.0,216403,5,776836
WIN$D,M15,1730112300,155550.0,155840.0,155525.0,155755.0,170405,5,642211
WIN$D,M15,1730113200,155755.0,155840.0,155595.0,155695.0,172580,5,637223
WIN$D,M15,1730114100,155690.0,155780.0,155535.0,155585.0,147993,5,553514
WIN$D,M15,1730115000,155585.0,155645.0,155495.0,155610.0,94333,5,377862
WIN$D,M15,1730115900,155610.0,155835.0,155580.0,155775.0,127146,5,488892
WIN$D,M15,1730116800,155775.0,155970.0,155715.0,155960.0,112280,5,450002
WIN$D,M15,1730117700,155960.0,156000.0,155795.0,155825.0,100145,5,410569
WIN$D,M15,1730118600,155825.0,155885.0,155750.0,155795.0,69163,5,282213
WIN$D,M15,1730119500,155800.0,155900.0,155760.0,155850.0,61329,5,267773
WIN$D,M15,1730120400,155845.0,155930.0,155800.0,155900.0,58884,5,229351
WIN$D,M15,1730121300,155900.0,155940.0,155735.0,155770.0,68684,5,272449
WIN$D,M15,1730122200,155770.0,155860.0,155765.0,155860.0,60373,5,250804
WIN$D,M15,1730123100,155855.0,155880.0,155765.0,155775.0,42460,5,178338
WIN$D,M15,1730124000,155775.0,155840.0,155750.0,155785.0,45105,5,182025
WIN$D,M15,1730124900,155785.0,155985.0,155700.0,155900.0,115889,5,474784
WIN$D,M15,1730125800,155900.0,156070.0,155855.0,156065.0,94342,5,377400
WIN$D,M15,1730126700,156065.0,156120.0,155940.0,156050.0,96790,5,418821
WIN$D,M15,1730127600,156055.0,156090.0,155970.0,156035.0,56631,5,240191
WIN$D,M15,1730128500,156035.0,156045.0,155850.0,155850.0,57603,5,240024
WIN$D,M15,1730129400,155850.0,155960.0,155805.0,155895.0,81604,5,373695
WIN$D,M15,1730130300,155890.0,155940.0,155870.0,155880.0,33186,5,140616
WIN$D,M15,1730131200,155880.0,155935.0,155825.0,155900.0,47034,5,214947
WIN$D,M15,1730132100,155900.0,155920.0,155785.0,155860.0,54470,5,238905
WIN$D,M15,1730133000,155860.0,155975.0,155850.0,155930.0,52906,5,239512
WIN$D,M15,1730133900,155925.0,155990.0,155840.0,155955.0,62385,5,282484
WIN$D,M15,1730134800,155955.0,155995.0,155840.0,155915.0,58617,5,264218
WIN$D,M15,1730135700,155915.0,155970.0,155885.0,155950.0,25594,5,111097
WIN$D,M15,1730136600,155950.0,155965.0,155920.0,155945.0,18819,5,80827
WIN$D,M15,1730137500,155945.0,156170.0,155935.0,156130.0,48261,5,221652
WIN$D,M15,1730138400,156130.0,156315.0,156120.0,156310.0,41537,5,164380
WIN$D,M15,1730139300,156305.0,156440.0,156215.0,156275.0,28449,5,125728
WIN$D,M15,1730192400,156005.0,156365.0,155880.0,155905.0,368977,5,1160997
WIN$D,M15,1730193300,155900.0,156255.0,155855.0,156155.0,235901,5,839552
WIN$D,M15,1730194200,156150.0,156340.0,156040.0,156280.0,181908,5,682898
WIN$D,M15,1730195100,156275.0,156310.0,156090.0,156245.0,138874,5,525400
WIN$D,M15,1730196000,156240.0,156355.0,156150.0,156205.0,205335,5,758596
WIN$D,M15,1730196900,156210.0,156275.0,155895.0,156095.0,294974,5,1046723
WIN$D,M15,1730197800,156100.0,156250.0,155955.0,155990.0,239896,5,875891
WIN$D,M15,1730198700,155990.0,156045.0,155795.0,155940.0,230970,5,836816
WIN$D,M15,1730199600,155945.0,156110.0,155815.0,155890.0,215728,5,788835
WIN$D,M15,1730200500,155895.0,156030.0,155790.0,155860.0,167757,5,625744
WIN$D,M15,1730201400,155860.0,156030.0,155805.0,155960.0,100647,5,381173
WIN$D,M15,1730202300,155955.0,155960.0,155760.0,155900.0,119159,5,474191
WIN$D,M15,1730203200,155900.0,156050.0,155890.0,156035.0,88702,5,373436
WIN$D,M15,1730204100,156035.0,156125.0,155925.0,155950.0,94242,5,385734
WIN$D,M15,1730205000,155955.0,156015.0,155705.0,155710.0,81829,5,319166
WIN$D,M15,1730205900,155710.0,155805.0,155660.0,155775.0,85661,5,375844
WIN$D,M15,1730206800,155780.0,155820.0,155670.0,155670.0,74091,5,307437
WIN$D,M15,1730207700,155670.0,155745.0,155570.0,155705.0,113431,5,471846
WIN$D,M15,1730208600,155705.0,155725.0,155540.0,155645.0,75591,5,309458
WIN$D,M15,1730209500,155650.0,155725.0,155555.0,155615.0,72493,5,292938
WIN$D,M15,1730210400,155615.0,155705.0,155580.0,155660.0,63654,5,266583
WIN$D,M15,1730211300,155665.0,155670.0,155445.0,155515.0,94396,5,396482
WIN$D,M15,1730212200,155510.0,155510.0,155310.0,155390.0,87499,5,375518
WIN$D,M15,1730213100,155390.0,155400.0,155275.0,155345.0,70872,5,312564
WIN$D,M15,1730214000,155340.0,155470.0,155340.0,155455.0,52278,5,226372
WIN$D,M15,1730214900,155455.0,155525.0,155435.0,155490.0,49872,5,221459
WIN$D,M15,1730215800,155490.0,155590.0,155390.0,155455.0,75054,5,332260
WIN$D,M15,1730216700,155460.0,155490.0,155265.0,155340.0,79866,5,365207
WIN$D,M15,1730217600,155345.0,155395.0,155295.0,155370.0,47451,5,202307
WIN$D,M15,1730218500,155370.0,155370.0,155235.0,155280.0,51223,5,236961
WIN$D,M15,1730219400,155280.0,155385.0,155260.0,155325.0,45233,5,215679
WIN$D,M15,1730220300,155330.0,155430.0,155280.0,155400.0,50507,5,239832
WIN$D,M15,1730221200,155400.0,155480.0,155270.0,155315.0,65469,5,285904
WIN$D,M15,1730222100,155310.0,155395.0,155280.0,155350.0,25404,5,107395
WIN$D,M15,1730223000,155350.0,155445.0,155335.0,155365.0,29491,5,115555
WIN$D,M15,1730223900,155365.0,155380.0,155290.0,155335.0,17455,5,64803
WIN$D,M15,1730224800,155335.0,155365.0,155275.0,155275.0,15147,5,57402
WIN$D,M15,1730225700,155280.0,155295.0,155210.0,155285.0,12231,5,60425
WIN$D,M15,1730278800,155130.0,155205.0,154765.0,155050.0,286552,5,867482
WIN$D,M15,1730279700,155045.0,155060.0,154820.0,155010.0,139259,5,466179
WIN$D,M15,1730280600,155015.0,155175.0,154925.0,155055.0,161201,5,559128
WIN$D,M15,1730281500,155060.0,155315.0,155005.0,155275.0,124452,5,446131
WIN$D,M15,1730282400,155280.0,155530.0,155220.0,155510.0,221807,5,806325
WIN$D,M15,1730283300,155510.0,155515.0,155130.0,155315.0,272227,5,969478
WIN$D,M15,1730284200,155310.0,155450.0,155120.0,155270.0,264175,5,919053
WIN$D,M15,1730285100,155270.0,155585.0,155195.0,155490.0,186536,5,689298
WIN$D,M15,1730286000,155485.0,155525.0,155360.0,155515.0,135627,5,499817
WIN$D,M15,1730286900,155515.0,155545.0,155240.0,155285.0,133013,5,496990
WIN$D,M15,1730287800,155285.0,155345.0,154980.0,154990.0,131741,5,510899
WIN$D,M15,1730288700,154990.0,155290.0,154960.0,155215.0,139081,5,526845
WIN$D,M15,1730289600,155210.0,155315.0,155175.0,155185.0,94967,5,347580
WIN$D,M15,1730290500,155185.0,155340.0,155135.0,155330.0,78972,5,297469
WIN$D,M15,1730291400,155325.0,155595.0,155320.0,155425.0,113592,5,452717
WIN$D,M15,1730292300,155420.0,155475.0,155245.0,155320.0,84222,5,357465
WIN$D,M15,1730293200,155320.0,155345.0,155205.0,155265.0,69477,5,283613
WIN$D,M15,1730294100,155260.0,155355.0,155220.0,155235.0,52187,5,197239
WIN$D,M15,1730295000,155235.0,155290.0,155165.0,155250.0,68466,5,258805
WIN$D,M15,1730295900,155245.0,155355.0,155205.0,155225.0,65812,5,252964
WIN$D,M15,1730296800,155220.0,155270.0,155140.0,155225.0,53961,5,221863
WIN$D,M15,1730297700,155220.0,155350.0,155215.0,155265.0,61329,5,259198
WIN$D,M15,1730298600,155260.0,155320.0,155205.0,155240.0,61908,5,252425
WIN$D,M15,1730299500,155235.0,155295.0,155210.0,155245.0,32305,5,142176
WIN$D,M15,1730300400,155245.0,155410.0,155240.0,155385.0,45498,5,208223
WIN$D,M15,1730301300,155390.0,155420.0,155290.0,155290.0,40134,5,191387
WIN$D,M15,1730302200,155295.0,155315.0,155230.0,155270.0,40912,5,195003
WIN$D,M15,1730303100,155265.0,155310.0,155235.0,155295.0,30860,5,146885
WIN$D,M15,1730304000,155295.0,155310.0,155090.0,155150.0,74635,5,366279
WIN$D,M15,1730304900,155155.0,155265.0,155120.0,155245.0,43191,5,191690
WIN$D,M15,1730305800,155245.0,155260.0,155170.0,155250.0,36579,5,167800
WIN$D,M15,1730306700,155250.0,155295.0,155215.0,155245.0,39158,5,176804
WIN$D,M15,1730307600,155245.0,155280.0,155155.0,155170.0,45624,5,206900
WIN$D,M15,1730308500,155170.0,155215.0,155155.0,155195.0,19134,5,78121
WIN$D,M15,1730309400,155195.0,155250.0,155185.0,155195.0,16903,5,69026
WIN$D,M15,1730310300,155195.0,155205.0,155155.0,155190.0,13178,5,55878
WIN$D,M15,1730311200,155190.0,155215.0,155095.0,155120.0,13494,5,56821
WIN$D,M15,1730312100,155120.0,155145.0,155020.0,155020.0,8784,5,39168
WIN$D,M15,1730365200,154820.0,155065.0,154780.0,154985.0,235550,5,716678
WIN$D,M15,1730366100,154980.0,155050.0,154635.0,154715.0,166490,5,574277
WIN$D,M15,1730367000,154715.0,154920.0,154580.0,154820.0,150825,5,483572
WIN$D,M15,1730367900,154820.0,154830.0,154630.0,154680.0,120034,5,402401
WIN$D,M15,1730368800,154675.0,155180.0,154600.0,154990.0,296402,5,1008952
WIN$D,M15,1730369700,154990.0,155020.0,154435.0,154600.0,284589,5,999202
WIN$D,M15,1730370600,154595.0,155045.0,154480.0,155010.0,244956,5,852875
WIN$D,M15,1730371500,155015.0,155070.0,154725.0,154845.0,214448,5,715761
WIN$D,M15,1730372400,154845.0,155090.0,154765.0,154920.0,163928,5,594038
WIN$D,M15,1730373300,154920.0,155215.0,154915.0,155050.0,155528,5,550300
WIN$D,M15,1730374200,155050.0,155120.0,154860.0,154890.0,117144,5,433247
WIN$D,M15,1730375100,154885.0,154940.0,154635.0,154665.0,118797,5,454358
WIN$D,M15,1730376000,154660.0,154770.0,154450.0,154655.0,141419,5,555570
WIN$D,M15,1730376900,154660.0,154820.0,154600.0,154630.0,81739,5,329274
WIN$D,M15,1730377800,154630.0,154715.0,154550.0,154580.0,65961,5,271787
WIN$D,M15,1730378700,154580.0,154595.0,154475.0,154555.0,57238,5,241103
WIN$D,M15,1730379600,154555.0,154640.0,154525.0,154570.0,65115,5,256172
WIN$D,M15,1730380500,154570.0,154590.0,154455.0,154540.0,53090,5,211743
WIN$D,M15,1730381400,154540.0,154640.0,154505.0,154580.0,52330,5,210380
WIN$D,M15,1730382300,154585.0,154680.0,154500.0,154560.0,64992,5,256895
WIN$D,M15,1730383200,154560.0,154595.0,154465.0,154495.0,49291,5,197595
WIN$D,M15,1730384100,154490.0,154625.0,154465.0,154490.0,56819,5,227696
WIN$D,M15,1730385000,154490.0,154495.0,154290.0,154340.0,104021,5,405787
WIN$D,M15,1730385900,154340.0,154380.0,154245.0,154330.0,74512,5,316013
WIN$D,M15,1730386800,154325.0,154405.0,154295.0,154330.0,55593,5,228932
WIN$D,M15,1730387700,154325.0,154380.0,154230.0,154275.0,56936,5,242830
WIN$D,M15,1730388600,154270.0,154360.0,154250.0,154325.0,56569,5,243155
WIN$D,M15,1730389500,154325.0,154465.0,154320.0,154385.0,66206,5,286801
WIN$D,M15,1730390400,154380.0,154440.0,154295.0,154330.0,48197,5,206411
WIN$D,M15,1730391300,154330.0,154360.0,154260.0,154310.0,47728,5,222947
WIN$D,M15,1730392200,154305.0,154315.0,154095.0,154220.0,76549,5,345250
WIN$D,M15,1730393100,154215.0,154310.0,154195.0,154220.0,65217,5,303690
WIN$D,M15,1730394000,154215.0,154300.0,154170.0,154195.0,56772,5,227618
WIN$D,M15,1730394900,154195.0,154265.0,154180.0,154230.0,27770,5,106648
WIN$D,M15,1730395800,154230.0,154250.0,154185.0,154210.0,22301,5,81714
WIN$D,M15,1730396700,154210.0,154220.0,154115.0,154140.0,21675,5,82100
WIN$D,M15,1730397600,154135.0,154150.0,153950.0,153965.0,29820,5,109893
WIN$D,M15,1730398500,153970.0,154020.0,153910.0,154020.0,13391,5,63503
WIN$D,M15,1730451600,154345.0,154410.0,153950.0,154060.0,204194,5,676189
WIN$D,M15,1730452500,154060.0,154090.0,153950.0,154000.0,84156,5,309418
WIN$D,M15,1730453400,154000.0,154380.0,153925.0,154370.0,192067,5,693344
WIN$D,M15,1730454300,154370.0,154515.0,154305.0,154485.0,133515,5,488780
WIN$D,M15,1730455200,154480.0,154505.0,154065.0,154090.0,250863,5,928905
WIN$D,M15,1730456100,154095.0,154155.0,153465.0,153595.0,285857,5,1099707
WIN$D,M15,1730457000,153595.0,153870.0,153490.0,153835.0,225929,5,813487
WIN$D,M15,1730457900,153830.0,153850.0,153610.0,153770.0,135343,5,464633
WIN$D,M15,1730458800,153770.0,153835.0,153525.0,153665.0,171299,5,617564
WIN$D,M15,1730459700,153670.0,153745.0,153240.0,153370.0,204823,5,768874
WIN$D,M15,1730460600,153370.0,153470.0,153145.0,153255.0,136286,5,528011
WIN$D,M15,1730461500,153260.0,153425.0,153255.0,153390.0,102466,5,396793
WIN$D,M15,1730462400,153390.0,153400.0,153220.0,153300.0,75881,5,284682
WIN$D,M15,1730463300,153305.0,153310.0,153220.0,153305.0,49050,5,189359
WIN$D,M15,1730464200,153305.0,153335.0,153175.0,153215.0,58339,5,230627
WIN$D,M15,1730465100,153220.0,153250.0,153105.0,153220.0,75039,5,317477
WIN$D,M15,1730466000,153220.0,153300.0,153155.0,153190.0,62765,5,245952
WIN$D,M15,1730466900,153185.0,153245.0,153140.0,153185.0,47391,5,190085
WIN$D,M15,1730467800,153185.0,153255.0,153115.0,153135.0,47551,5,179100
WIN$D,M15,1730468700,153130.0,153185.0,153115.0,153135.0,37916,5,142537
WIN$D,M15,1730469600,153130.0,153140.0,152995.0,153055.0,71951,5,290082
WIN$D,M15,1730470500,153050.0,153075.0,152970.0,152990.0,44556,5,180238
WIN$D,M15,1730471400,152990.0,152995.0,152855.0,152895.0,73990,5,302951
WIN$D,M15,1730472300,152900.0,152965.0,152745.0,152805.0,84571,5,360973
WIN$D,M15,1730473200,152800.0,152870.0,152640.0,152695.0,91809,5,430446
WIN$D,M15,1730474100,152695.0,152725.0,152585.0,152645.0,69848,5,326118
WIN$D,M15,1730475000,152645.0,152795.0,152610.0,152745.0,92193,5,447239
WIN$D,M15,1730475900,152745.0,152765.0,152635.0,152685.0,46309,5,186654
WIN$D,M15,1730476800,152690.0,152705.0,152585.0,152595.0,44403,5,187461
WIN$D,M15,1730477700,152595.0,152645.0,152505.0,152560.0,55371,5,252118
WIN$D,M15,1730478600,152565.0,152580.0,152445.0,152480.0,57696,5,266844
WIN$D,M15,1730479500,152475.0,152510.0,152335.0,152400.0,71855,5,340986
WIN$D,M15,1730480400,152400.0,152540.0,152355.0,152365.0,55311,5,232636
WIN$D,M15,1730481300,152365.0,152420.0,152340.0,152360.0,21085,5,86195
WIN$D,M15,1730482200,152365.0,152375.0,152040.0,152125.0,55357,5,237959
WIN$D,M15,1730483100,152125.0,152130.0,151970.0,152040.0,37983,5,152167
WIN$D,M15,1730484000,152035.0,152080.0,151900.0,151945.0,25711,5,92375
WIN$D,M15,1730484900,151950.0,152050.0,151875.0,152050.0,18587,5,91093
WIN$D,M15,1730710800,152880.0,153470.0,152880.0,153430.0,269718,5,849730
WIN$D,M15,1730711700,153430.0,153575.0,153310.0,153550.0,159734,5,523245
WIN$D,M15,1730712600,153555.0,153615.0,153435.0,153560.0,129646,5,434506
WIN$D,M15,1730713500,153560.0,153710.0,153545.0,153665.0,106258,5,367660
WIN$D,M15,1730714400,153670.0,153860.0,153655.0,153770.0,192923,5,684329
WIN$D,M15,1730715300,153765.0,153970.0,153590.0,153890.0,263184,5,925484
WIN$D,M15,1730716200,153890.0,154035.0,153870.0,153955.0,155463,5,550781
WIN$D,M15,1730717100,153955.0,154065.0,153840.0,154000.0,154547,5,558127
WIN$D,M15,1730718000,154005.0,154260.0,153970.0,154235.0,151981,5,604014
WIN$D,M15,1730718900,154235.0,154275.0,154095.0,154230.0,117888,5,458672
WIN$D,M15,1730719800,154230.0,154525.0,154180.0,154475.0,174942,5,738751
WIN$D,M15,1730720700,154475.0,154525.0,154375.0,154455.0,93249,5,387405
WIN$D,M15,1730721600,154455.0,154705.0,154420.0,154670.0,124336,5,539240
WIN$D,M15,1730722500,154670.0,154820.0,154665.0,154775.0,111352,5,517789
WIN$D,M15,1730723400,154770.0,154975.0,154715.0,154930.0,107817,5,507005
WIN$D,M15,1730724300,154930.0,155050.0,154905.0,154990.0,80737,5,386942
WIN$D,M15,1730725200,154990.0,155025.0,154890.0,154940.0,76648,5,322236
WIN$D,M15,1730726100,154940.0,154960.0,154735.0,154770.0,84515,5,355796
WIN$D,M15,1730727000,154770.0,154805.0,154605.0,154645.0,93808,5,379102
WIN$D,M15,1730727900,154645.0,154750.0,154575.0,154630.0,92760,5,385772
WIN$D,M15,1730728800,154630.0,154770.0,154620.0,154670.0,96918,5,403148
WIN$D,M15,1730729700,154675.0,154695.0,154490.0,154545.0,86923,5,368614
WIN$D,M15,1730730600,154545.0,154675.0,154510.0,154540.0,89573,5,381634
WIN$D,M15,1730731500,154545.0,154620.0,154385.0,154535.0,114595,5,475563
WIN$D,M15,1730732400,154530.0,154540.0,154385.0,154465.0,72475,5,306409
WIN$D,M15,1730733300,154465.0,154595.0,154405.0,154535.0,77655,5,332232
WIN$D,M15,1730734200,154530.0,154635.0,154420.0,154625.0,77379,5,337534
WIN$D,M15,1730735100,154620.0,154645.0,154535.0,154610.0,59177,5,266606
WIN$D,M15,1730736000,154615.0,154690.0,154545.0,154670.0,48677,5,214085
WIN$D,M15,1730736900,154670.0,154755.0,154645.0,154660.0,60633,5,284260
WIN$D,M15,1730737800,154655.0,154720.0,154610.0,154610.0,45440,5,194410
WIN$D,M15,1730738700,154615.0,154650.0,154530.0,154540.0,47217,5,211199
WIN$D,M15,1730739600,154545.0,154600.0,154495.0,154550.0,42879,5,186460
WIN$D,M15,1730740500,154550.0,154580.0,154525.0,154560.0,25249,5,102940
WIN$D,M15,1730741400,154560.0,154805.0,154540.0,154800.0,65691,5,283362
WIN$D,M15,1730742300,154795.0,154920.0,154760.0,154890.0,68636,5,289268
WIN$D,M15,1730743200,154895.0,155015.0,154845.0,154970.0,44974,5,193537
WIN$D,M15,1730744100,154975.0,155015.0,154805.0,154875.0,19564,5,110655
WIN$D,M15,1730797200,154805.0,155005.0,154660.0,154910.0,228286,5,682664
WIN$D,M15,1730798100,154910.0,154985.0,154595.0,154740.0,208622,5,722949
WIN$D,M15,1730799000,154740.0,154815.0,154650.0,154780.0,99203,5,335175
WIN$D,M15,1730799900,154785.0,154895.0,154710.0,154885.0,116647,5,399347
WIN$D,M15,1730800800,154885.0,154975.0,154660.0,154725.0,251319,5,881319
WIN$D,M15,1730801700,154720.0,154865.0,154570.0,154670.0,257923,5,918725
WIN$D,M15,1730802600,154670.0,154710.0,154440.0,154545.0,160176,5,593192
WIN$D,M15,1730803500,154545.0,154660.0,154470.0,154515.0,131331,5,501426
WIN$D,M15,1730804400,154510.0,154775.0,154500.0,154580.0,161672,5,614048
WIN$D,M15,1730805300,154585.0,154615.0,154180.0,154305.0,181877,5,699522
WIN$D,M15,1730806200,154300.0,154450.0,154240.0,154315.0,154941,5,623636
WIN$D,M15,1730807100,154315.0,154400.0,154110.0,154270.0,128123,5,525794
WIN$D,M15,1730808000,154270.0,154370.0,154040.0,154095.0,138416,5,586664
WIN$D,M15,1730808900,154100.0,154295.0,154010.0,154155.0,111799,5,468174
WIN$D,M15,1730809800,154160.0,154330.0,154120.0,154325.0,73985,5,298611
WIN$D,M15,1730810700,154325.0,154375.0,154220.0,154300.0,70258,5,282009
WIN$D,M15,1730811600,154300.0,154400.0,154265.0,154370.0,64517,5,244575
WIN$D,M15,1730812500,154365.0,154505.0,154275.0,154345.0,80765,5,323261
WIN$D,M15,1730813400,154350.0,154525.0,154320.0,154515.0,70551,5,295749
WIN$D,M15,1730814300,154515.0,154595.0,154490.0,154545.0,72969,5,289511
WIN$D,M15,1730815200,154550.0,154785.0,154515.0,154695.0,101073,5,419192
WIN$D,M15,1730816100,154695.0,154960.0,154685.0,154890.0,114203,5,484585
WIN$D,M15,1730817000,154890.0,154895.0,154735.0,154780.0,67620,5,263013
WIN$D,M15,1730817900,154775.0,154825.0,154690.0,154760.0,69011,5,281296
WIN$D,M15,1730818800,154755.0,154970.0,154740.0,154875.0,72530,5,306670
WIN$D,M15,1730819700,154870.0,154935.0,154830.0,154905.0,47252,5,213900
WIN$D,M15,1730820600,154905.0,154905.0,154785.0,154855.0,55592,5,239750
WIN$D,M15,1730821500,154860.0,154940.0,154840.0,154900.0,38197,5,164579
WIN$D,M15,1730822400,154900.0,154920.0,154760.0,154880.0,61430,5,272750
WIN$D,M15,1730823300,154875.0,154960.0,154835.0,154860.0,41153,5,180886
WIN$D,M15,1730824200,154855.0,155025.0,154840.0,155000.0,44320,5,203716
WIN$D,M15,1730825100,155000.0,155145.0,154885.0,154935.0,77237,5,343375
WIN$D,M15,1730826000,154935.0,154970.0,154825.0,154925.0,49446,5,217258
WIN$D,M15,1730826900,154925.0,155025.0,154915.0,154935.0,43336,5,178845
WIN$D,M15,1730827800,154935.0,154990.0,154885.0,154940.0,34137,5,135136
WIN$D,M15,1730828700,154940.0,155010.0,154895.0,155005.0,32988,5,139253
WIN$D,M15,1730829600,155005.0,155060.0,154975.0,155000.0,26396,5,119406
WIN$D,M15,1730830500,155000.0,155020.0,154810.0,154810.0,14649,5,77778
WIN$D,M15,1730883600,153535.0,153790.0,152835.0,153340.0,384995,5,1266082
WIN$D,M15,1730884500,153335.0,153445.0,152900.0,152955.0,240536,5,800814
WIN$D,M15,1730885400,152955.0,153140.0,152750.0,152950.0,237942,5,799895
WIN$D,M15,1730886300,152945.0,153050.0,152725.0,152785.0,198218,5,664771
WIN$D,M15,1730887200,152790.0,153330.0,152660.0,153250.0,324576,5,1066733
WIN$D,M15,1730888100,153245.0,153600.0,153105.0,153600.0,283223,5,947816
WIN$D,M15,1730889000,153595.0,153650.0,153205.0,153255.0,274198,5,939685
WIN$D,M15,1730889900,153250.0,153745.0,153155.0,153730.0,225441,5,774869
WIN$D,M15,1730890800,153735.0,153860.0,153525.0,153600.0,205338,5,710472
WIN$D,M15,1730891700,153600.0,153680.0,153300.0,153415.0,180781,5,609783
WIN$D,M15,1730892600,153415.0,153455.0,153020.0,153065.0,225464,5,788311
WIN$D,M15,1730893500,153065.0,153305.0,152985.0,153300.0,155200,5,545777
WIN$D,M15,1730894400,153305.0,153875.0,153255.0,153870.0,206856,5,805985
WIN$D,M15,1730895300,153875.0,154230.0,153780.0,154170.0,205556,5,811880
WIN$D,M15,1730896200,154175.0,154275.0,154080.0,154180.0,126275,5,476123
WIN$D,M15,1730897100,154180.0,154285.0,154055.0,154205.0,114270,5,425550
WIN$D,M15,1730898000,154200.0,154255.0,153965.0,154020.0,108971,5,391290
WIN$D,M15,1730898900,154020.0,154050.0,153675.0,153710.0,134049,5,497251
WIN$D,M15,1730899800,153710.0,153810.0,153560.0,153770.0,106046,5,380067
WIN$D,M15,1730900700,153765.0,154095.0,153745.0,154040.0,115991,5,434863
WIN$D,M15,1730901600,154040.0,154255.0,153950.0,154205.0,86784,5,329515
WIN$D,M15,1730902500,154210.0,154500.0,154070.0,154440.0,115387,5,456874
WIN$D,M15,1730903400,154435.0,154565.0,154365.0,154465.0,98101,5,374683
WIN$D,M15,1730904300,154460.0,154605.0,154330.0,154540.0,89597,5,341309
WIN$D,M15,1730905200,154535.0,154755.0,154490.0,154705.0,103744,5,424032
WIN$D,M15,1730906100,154705.0,154900.0,154670.0,154710.0,102242,5,428417
WIN$D,M15,1730907000,154710.0,154805.0,154560.0,154670.0,88697,5,374056
WIN$D,M15,1730907900,154670.0,154785.0,154450.0,154525.0,97831,5,401101
WIN$D,M15,1730908800,154525.0,154695.0,154495.0,154570.0,63496,5,263379
WIN$D,M15,1730909700,154570.0,154600.0,154485.0,154530.0,48292,5,219148
WIN$D,M15,1730910600,154535.0,154630.0,154505.0,154590.0,47831,5,222643
WIN$D,M15,1730911500,154595.0,154670.0,154550.0,154600.0,42054,5,174783
WIN$D,M15,1730912400,154595.0,154680.0,154535.0,154585.0,37260,5,156770
WIN$D,M15,1730913300,154585.0,154640.0,154560.0,154605.0,27210,5,113820
WIN$D,M15,1730914200,154600.0,154715.0,154590.0,154665.0,30682,5,133903
WIN$D,M15,1730915100,154670.0,154675.0,154430.0,154445.0,40892,5,176710
WIN$D,M15,1730916000,154450.0,154545.0,154260.0,154290.0,35288,5,160359
WIN$D,M15,1730916900,154290.0,154300.0,153320.0,153320.0,50732,5,260840
WIN$D,M15,1730970000,154030.0,154500.0,153910.0,154370.0,265534,5,750913
WIN$D,M15,1730970900,154370.0,154560.0,154320.0,154480.0,141537,5,470689
WIN$D,M15,1730971800,154475.0,154490.0,153990.0,154000.0,191825,5,643836
WIN$D,M15,1730972700,154005.0,154140.0,153775.0,153915.0,190689,5,635798
WIN$D,M15,1730973600,153910.0,155015.0,153835.0,154960.0,416138,5,1368059
WIN$D,M15,1730974500,154965.0,155090.0,154510.0,154810.0,316533,5,1031385
WIN$D,M15,1730975400,154815.0,155350.0,154710.0,155175.0,250113,5,866085
WIN$D,M15,1730976300,155175.0,155480.0,155130.0,155435.0,171039,5,627287
WIN$D,M15,1730977200,155435.0,155545.0,155270.0,155275.0,173523,5,658506
WIN$D,M15,1730978100,155270.0,155285.0,154935.0,155250.0,202631,5,716286
WIN$D,M15,1730979000,155250.0,155275.0,154900.0,154990.0,204869,5,723267
WIN$D,M15,1730979900,154985.0,155105.0,154785.0,154795.0,160618,5,606779
WIN$D,M15,1730980800,154790.0,154945.0,154680.0,154720.0,119115,5,470968
WIN$D,M15,1730981700,154725.0,154925.0,154665.0,154870.0,101593,5,420343
WIN$D,M15,1730982600,154875.0,154935.0,154630.0,154640.0,97798,5,379895
WIN$D,M15,1730983500,154640.0,154650.0,154395.0,154440.0,118237,5,469854
WIN$D,M15,1730984400,154435.0,154470.0,154185.0,154285.0,137996,5,539253
WIN$D,M15,1730985300,154285.0,154440.0,154110.0,154265.0,128813,5,508158
WIN$D,M15,1730986200,154260.0,154325.0,154050.0,154255.0,119028,5,459051
WIN$D,M15,1730987100,154255.0,154355.0,154145.0,154200.0,88517,5,336696
WIN$D,M15,1730988000,154200.0,154320.0,154120.0,154245.0,76645,5,292220
WIN$D,M15,1730988900,154245.0,154340.0,154155.0,154230.0,76024,5,294137
WIN$D,M15,1730989800,154235.0,154240.0,153485.0,153600.0,229604,5,932226
WIN$D,M15,1730990700,153600.0,153735.0,153530.0,153655.0,116310,5,449175
WIN$D,M15,1730991600,153655.0,153755.0,153585.0,153630.0,80202,5,346092
WIN$D,M15,1730992500,153630.0,153820.0,153600.0,153815.0,72303,5,306023
WIN$D,M15,1730993400,153815.0,153970.0,153765.0,153915.0,73328,5,322194
WIN$D,M15,1730994300,153920.0,153960.0,153735.0,153800.0,67544,5,280551
WIN$D,M15,1730995200,153795.0,154055.0,153740.0,153925.0,117457,5,428887
WIN$D,M15,1730996100,153920.0,153945.0,153705.0,153850.0,72206,5,291965
WIN$D,M15,1730997000,153855.0,153915.0,153560.0,153750.0,115757,5,455781
WIN$D,M15,1730997900,153755.0,153985.0,153720.0,153820.0,108763,5,409499
WIN$D,M15,1730998800,153820.0,154050.0,153795.0,154020.0,69194,5,261331
WIN$D,M15,1730999700,154025.0,154305.0,153930.0,153970.0,115802,5,429809
WIN$D,M15,1731000600,153975.0,154130.0,153870.0,154085.0,69640,5,245065
WIN$D,M15,1731001500,154080.0,154090.0,153790.0,153825.0,60375,5,213617
WIN$D,M15,1731002400,153820.0,153920.0,153670.0,153710.0,47681,5,163209
WIN$D,M15,1731003300,153710.0,153830.0,153695.0,153815.0,18775,5,80248
WIN$D,M15,1731056400,152980.0,153220.0,152310.0,152490.0,296302,5,963133
WIN$D,M15,1731057300,152495.0,152525.0,152035.0,152135.0,185304,5,671934
WIN$D,M15,1731058200,152135.0,152170.0,152010.0,152130.0,117819,5,434233
WIN$D,M15,1731059100,152125.0,152225.0,151895.0,151945.0,172859,5,637410
WIN$D,M15,1731060000,151950.0,152000.0,151650.0,151765.0,264791,5,968320
WIN$D,M15,1731060900,151765.0,151850.0,151540.0,151825.0,245399,5,869260
WIN$D,M15,1731061800,151825.0,152055.0,151805.0,151975.0,200471,5,711131
WIN$D,M15,1731062700,151980.0,152220.0,151950.0,152160.0,175003,5,637195
WIN$D,M15,1731063600,152160.0,152320.0,152035.0,152220.0,151212,5,555035
WIN$D,M15,1731064500,152215.0,152305.0,152040.0,152295.0,148695,5,499406
WIN$D,M15,1731065400,152295.0,152315.0,151810.0,152010.0,255739,5,890951
WIN$D,M15,1731066300,152005.0,152090.0,151640.0,151715.0,171070,5,631833
WIN$D,M15,1731067200,151720.0,151835.0,151615.0,151720.0,147780,5,544871
WIN$D,M15,1731068100,151720.0,151825.0,151545.0,151640.0,140491,5,542917
WIN$D,M15,1731069000,151640.0,151730.0,151370.0,151385.0,141815,5,575013
WIN$D,M15,1731069900,151380.0,151490.0,151315.0,151485.0,99914,5,396774
WIN$D,M15,1731070800,151485.0,151560.0,151250.0,151345.0,117383,5,441328
WIN$D,M15,1731071700,151340.0,151450.0,151275.0,151350.0,80420,5,303961
WIN$D,M15,1731072600,151345.0,151430.0,151060.0,151210.0,136288,5,530696
WIN$D,M15,1731073500,151210.0,151310.0,150985.0,151005.0,107944,5,408722
WIN$D,M15,1731074400,151000.0,151105.0,150905.0,150935.0,108530,5,439670
WIN$D,M15,1731075300,150935.0,151155.0,150925.0,151010.0,105515,5,426101
WIN$D,M15,1731076200,151010.0,151120.0,150965.0,151075.0,66032,5,249132
WIN$D,M15,1731077100,151070.0,151260.0,151055.0,151245.0,82955,5,330650
WIN$D,M15,1731078000,151240.0,151295.0,151130.0,151275.0,79250,5,323730
WIN$D,M15,1731078900,151275.0,151445.0,151220.0,151310.0,88009,5,376564
WIN$D,M15,1731079800,151305.0,151380.0,151200.0,151215.0,71328,5,310184
WIN$D,M15,1731080700,151210.0,151520.0,151190.0,151495.0,74677,5,319078
WIN$D,M15,1731081600,151490.0,151530.0,151430.0,151485.0,52894,5,219398
WIN$D,M15,1731082500,151480.0,151655.0,151410.0,151640.0,72873,5,321678
WIN$D,M15,1731083400,151640.0,151900.0,151615.0,151825.0,92833,5,410744
WIN$D,M15,1731084300,151820.0,151950.0,151725.0,151885.0,81976,5,359210
WIN$D,M15,1731085200,151885.0,151970.0,151815.0,151940.0,60392,5,262955
WIN$D,M15,1731086100,151935.0,152225.0,151840.0,151840.0,101097,5,424035
WIN$D,M15,1731087000,151835.0,151895.0,151510.0,151770.0,118526,5,489429
WIN$D,M15,1731087900,151765.0,151950.0,151650.0,151935.0,79337,5,296122
WIN$D,M15,1731088800,151935.0,151945.0,151725.0,151755.0,59761,5,221167
WIN$D,M15,1731089700,151755.0,151880.0,151680.0,151750.0,18746,5,78178
WIN$D,M15,1731315600,151330.0,151695.0,151225.0,151585.0,271831,5,806769
WIN$D,M15,1731316500,151585.0,151665.0,151330.0,151665.0,199372,5,671931
WIN$D,M15,1731317400,151660.0,151665.0,151120.0,151155.0,203295,5,692715
WIN$D,M15,1731318300,151155.0,151370.0,151110.0,151360.0,157245,5,531682
WIN$D,M15,1731319200,151355.0,151530.0,151210.0,151290.0,265049,5,902977
WIN$D,M15,1731320100,151285.0,151445.0,151180.0,151365.0,248914,5,863488
WIN$D,M15,1731321000,151365.0,151530.0,151285.0,151305.0,212138,5,729953
WIN$D,M15,1731321900,151300.0,151675.0,151220.0,151560.0,206719,5,700051
WIN$D,M15,1731322800,151555.0,151580.0,151345.0,151440.0,162505,5,565569
WIN$D,M15,1731323700,151445.0,151635.0,151425.0,151560.0,140341,5,514025
WIN$D,M15,1731324600,151560.0,151595.0,151285.0,151350.0,183796,5,691483
WIN$D,M15,1731325500,151350.0,151485.0,151265.0,151305.0,121323,5,444645
WIN$D,M15,1731326400,151305.0,151720.0,151255.0,151600.0,147823,5,601050
WIN$D,M15,1731327300,151600.0,151695.0,151545.0,151585.0,83321,5,332064
WIN$D,M15,1731328200,151585.0,151600.0,151395.0,151445.0,85334,5,391388
WIN$D,M15,1731329100,151450.0,151630.0,151420.0,151630.0,70337,5,297088
WIN$D,M15,1731330000,151630.0,151680.0,151555.0,151635.0,66437,5,252517
WIN$D,M15,1731330900,151635.0,151765.0,151610.0,151710.0,65377,5,262167
WIN$D,M15,1731331800,151710.0,151825.0,151625.0,151795.0,85622,5,338853
WIN$D,M15,1731332700,151795.0,151860.0,151705.0,151830.0,70988,5,283043
WIN$D,M15,1731333600,151825.0,151955.0,151790.0,151870.0,73768,5,285614
WIN$D,M15,1731334500,151865.0,151975.0,151760.0,151765.0,82360,5,339190
WIN$D,M15,1731335400,151765.0,151920.0,151690.0,151735.0,92958,5,372055
WIN$D,M15,1731336300,151735.0,151890.0,151675.0,151855.0,77881,5,310850
WIN$D,M15,1731337200,151860.0,151950.0,151805.0,151940.0,63393,5,276048
WIN$D,M15,1731338100,151940.0,152095.0,151800.0,151865.0,112078,5,498632
WIN$D,M15,1731339000,151865.0,151880.0,151765.0,151830.0,68379,5,283091
WIN$D,M15,1731339900,151835.0,151860.0,151700.0,151800.0,63082,5,262635
WIN$D,M15,1731340800,151800.0,151805.0,151670.0,151750.0,58502,5,244922
WIN$D,M15,1731341700,151745.0,151805.0,151695.0,151765.0,45017,5,196256
WIN$D,M15,1731342600,151765.0,151830.0,151700.0,151740.0,48516,5,213876
WIN$D,M15,1731343500,151740.0,151970.0,151740.0,151895.0,66168,5,282660
WIN$D,M15,1731344400,151895.0,152010.0,151845.0,151995.0,69837,5,283979
WIN$D,M15,1731345300,151995.0,152030.0,151925.0,151950.0,49922,5,200616
WIN$D,M15,1731346200,151950.0,152000.0,151750.0,151765.0,61041,5,237448
WIN$D,M15,1731347100,151765.0,151905.0,151740.0,151775.0,51760,5,188030
WIN$D,M15,1731348000,151775.0,151870.0,151705.0,151740.0,34955,5,127881
WIN$D,M15,1731348900,151735.0,151855.0,151705.0,151780.0,17253,5,72585
WIN$D,M15,1731402000,151400.0,151645.0,151110.0,151620.0,251267,5,788941
WIN$D,M15,1731402900,151625.0,151735.0,151510.0,151520.0,137557,5,489266
WIN$D,M15,1731403800,151520.0,151680.0,151490.0,151660.0,112142,5,403025
WIN$D,M15,1731404700,151665.0,151850.0,151635.0,151825.0,193296,5,676592
WIN$D,M15,1731405600,151825.0,152130.0,151745.0,152025.0,239209,5,858334
WIN$D,M15,1731406500,152025.0,152110.0,151655.0,151815.0,255071,5,946354
WIN$D,M15,1731407400,151815.0,152015.0,151440.0,151480.0,219481,5,792326
WIN$D,M15,1731408300,151475.0,151570.0,151285.0,151385.0,220814,5,818244
WIN$D,M15,1731409200,151385.0,151485.0,151280.0,151415.0,145024,5,531234
WIN$D,M15,1731410100,151415.0,151720.0,151380.0,151605.0,166300,5,614575
WIN$D,M15,1731411000,151605.0,152005.0,151530.0,151850.0,197294,5,751620
WIN$D,M15,1731411900,151850.0,151965.0,151655.0,151735.0,143782,5,549221
WIN$D,M15,1731412800,151735.0,151910.0,151705.0,151790.0,116916,5,429986
WIN$D,M15,1731413700,151785.0,151940.0,151745.0,151815.0,84518,5,315579
WIN$D,M15,1731414600,151815.0,151850.0,151695.0,151740.0,67381,5,262505
WIN$D,M15,1731415500,151740.0,151895.0,151720.0,151805.0,79813,5,315931
WIN$D,M15,1731416400,151810.0,151830.0,151625.0,151690.0,96528,5,362019
WIN$D,M15,1731417300,151690.0,151905.0,151640.0,151890.0,80847,5,300216
WIN$D,M15,1731418200,151895.0,151980.0,151775.0,151805.0,90729,5,356493
WIN$D,M15,1731419100,151800.0,151855.0,151655.0,151665.0,68221,5,257713
WIN$D,M15,1731420000,151665.0,151665.0,151415.0,151490.0,119023,5,472539
WIN$D,M15,1731420900,151495.0,151570.0,151415.0,151450.0,78070,5,288520
WIN$D,M15,1731421800,151450.0,151555.0,151380.0,151430.0,92992,5,353673
WIN$D,M15,1731422700,151430.0,151465.0,151270.0,151365.0,89335,5,348408
WIN$D,M15,1731423600,151365.0,151530.0,151340.0,151525.0,81933,5,326559
WIN$D,M15,1731424500,151520.0,151595.0,151475.0,151565.0,68612,5,280933
WIN$D,M15,1731425400,151560.0,151695.0,151500.0,151670.0,68400,5,287050
WIN$D,M15,1731426300,151665.0,151745.0,151590.0,151620.0,76652,5,312077
WIN$D,M15,1731427200,151615.0,151655.0,151505.0,151630.0,75085,5,326091
WIN$D,M15,1731428100,151625.0,151635.0,151560.0,151615.0,34678,5,139860
WIN$D,M15,1731429000,151615.0,151685.0,151580.0,151620.0,39040,5,156533
WIN$D,M15,1731429900,151615.0,151620.0,151535.0,151555.0,35303,5,150004
WIN$D,M15,1731430800,151555.0,151640.0,151505.0,151615.0,35589,5,147762
WIN$D,M15,1731431700,151615.0,151650.0,151465.0,151520.0,51602,5,213988
WIN$D,M15,1731432600,151525.0,151545.0,151420.0,151530.0,41971,5,167343
WIN$D,M15,1731433500,151530.0,151625.0,151465.0,151480.0,45088,5,177815
WIN$D,M15,1731434400,151480.0,151650.0,151475.0,151625.0,31974,5,126296
WIN$D,M15,1731435300,151625.0,151700.0,151580.0,151580.0,13887,5,67383
WIN$D,M15,1731488400,151680.0,152105.0,151570.0,151750.0,299632,5,896266
WIN$D,M15,1731489300,151755.0,151845.0,151495.0,151550.0,179057,5,596697
WIN$D,M15,1731490200,151550.0,151555.0,151415.0,151470.0,131494,5,454271
WIN$D,M15,1731491100,151475.0,151495.0,151345.0,151455.0,122135,5,421809
WIN$D,M15,1731492000,151450.0,151830.0,151405.0,151545.0,276413,5,953219
WIN$D,M15,1731492900,151540.0,151655.0,151405.0,151570.0,174340,5,570090
WIN$D,M15,1731493800,151570.0,151900.0,151255.0,151300.0,293469,5,1005155
WIN$D,M15,1731494700,151295.0,151700.0,151155.0,151520.0,269637,5,923742
WIN$D,M15,1731495600,151525.0,151735.0,151375.0,151400.0,216836,5,771792
WIN$D,M15,1731496500,151405.0,151430.0,151130.0,151245.0,183931,5,674109
WIN$D,M15,1731497400,151245.0,151350.0,150840.0,150890.0,201575,5,779628
WIN$D,M15,1731498300,150885.0,151025.0,150785.0,150960.0,164537,5,642580
WIN$D,M15,1731499200,150960.0,151075.0,150820.0,151000.0,150461,5,615451
WIN$D,M15,1731500100,150995.0,151020.0,150840.0,150930.0,118562,5,465269
WIN$D,M15,1731501000,150930.0,150975.0,150700.0,150840.0,132879,5,525316
WIN$D,M15,1731501900,150835.0,150940.0,150745.0,150915.0,78196,5,298924
WIN$D,M15,1731502800,150915.0,151015.0,150840.0,150980.0,85275,5,339089
WIN$D,M15,1731503700,150975.0,150985.0,150800.0,150915.0,81120,5,318371
WIN$D,M15,1731504600,150915.0,151055.0,150870.0,150915.0,75628,5,312770
WIN$D,M15,1731505500,150915.0,150990.0,150770.0,150815.0,74298,5,286526
WIN$D,M15,1731506400,150810.0,150985.0,150785.0,150975.0,58733,5,216013
WIN$D,M15,1731507300,150975.0,151030.0,150930.0,151020.0,53279,5,192084
WIN$D,M15,1731508200,151020.0,151235.0,151015.0,151185.0,96116,5,366779
WIN$D,M15,1731509100,151185.0,151265.0,151015.0,151030.0,77371,5,296302
WIN$D,M15,1731510000,151030.0,151175.0,151000.0,151080.0,77419,5,312653
WIN$D,M15,1731510900,151085.0,151085.0,150925.0,150975.0,67973,5,276142
WIN$D,M15,1731511800,150975.0,151055.0,150865.0,150965.0,84881,5,342062
WIN$D,M15,1731512700,150960.0,150970.0,150825.0,150860.0,58214,5,231131
WIN$D,M15,1731513600,150860.0,151375.0,150850.0,151300.0,126536,5,530035
WIN$D,M15,1731514500,151300.0,151550.0,151220.0,151510.0,108924,5,438857
WIN$D,M15,1731515400,151510.0,151675.0,151450.0,151670.0,100255,5,417500
WIN$D,M15,1731516300,151675.0,151900.0,151625.0,151885.0,102060,5,440750
WIN$D,M15,1731517200,151885.0,151995.0,151655.0,151740.0,96527,5,422433
WIN$D,M15,1731518100,151745.0,151800.0,151570.0,151670.0,66094,5,262554
WIN$D,M15,1731519000,151670.0,151810.0,151575.0,151720.0,70159,5,266448
WIN$D,M15,1731519900,151720.0,151785.0,151660.0,151720.0,43353,5,158514
WIN$D,M15,1731520800,151720.0,151760.0,151575.0,151645.0,41102,5,144550
WIN$D,M15,1731521700,151650.0,151775.0,151620.0,151635.0,20727,5,85616
WIN$D,M15,1731574800,151945.0,152040.0,151510.0,151840.0,334660,5,1013045
WIN$D,M15,1731575700,151840.0,152030.0,151590.0,151595.0,195425,5,665264
WIN$D,M15,1731576600,151595.0,151730.0,151560.0,151645.0,150110,5,518233
WIN$D,M15,1731577500,151650.0,151705.0,151390.0,151390.0,129169,5,435483
WIN$D,M15,1731578400,151395.0,151520.0,151230.0,151475.0,215201,5,761094
WIN$D,M15,1731579300,151475.0,151485.0,151250.0,151350.0,175078,5,586514
WIN$D,M15,1731580200,151355.0,151745.0,151255.0,151445.0,260932,5,889826
WIN$D,M15,1731581100,151440.0,151865.0,151435.0,151850.0,234451,5,825207
WIN$D,M15,1731582000,151850.0,152230.0,151755.0,152200.0,211152,5,736571
WIN$D,M15,1731582900,152200.0,152320.0,151955.0,152065.0,206950,5,747032
WIN$D,M15,1731583800,152070.0,152100.0,151915.0,151990.0,154655,5,539225
WIN$D,M15,1731584700,151990.0,152115.0,151815.0,152000.0,156056,5,551474
WIN$D,M15,1731585600,152000.0,152175.0,151970.0,152065.0,131744,5,483471
WIN$D,M15,1731586500,152065.0,152100.0,151810.0,151925.0,104554,5,389107
WIN$D,M15,1731587400,151930.0,151980.0,151840.0,151915.0,74452,5,281184
WIN$D,M15,1731588300,151910.0,151930.0,151765.0,151810.0,60135,5,226392
WIN$D,M15,1731589200,151810.0,151980.0,151800.0,151890.0,71488,5,265958
WIN$D,M15,1731590100,151895.0,152085.0,151875.0,151985.0,69550,5,246979
WIN$D,M15,1731591000,151980.0,151985.0,151880.0,151920.0,54935,5,193835
WIN$D,M15,1731591900,151925.0,152085.0,151910.0,151970.0,61527,5,218349
WIN$D,M15,1731592800,151970.0,152045.0,151850.0,151860.0,68709,5,244860
WIN$D,M15,1731593700,151860.0,151895.0,151620.0,151640.0,100055,5,380713
WIN$D,M15,1731594600,151640.0,151725.0,151595.0,151690.0,78461,5,289764
WIN$D,M15,1731595500,151695.0,151940.0,151655.0,151800.0,94440,5,356854
WIN$D,M15,1731596400,151795.0,151855.0,151610.0,151635.0,76298,5,304925
WIN$D,M15,1731597300,151630.0,151650.0,151475.0,151530.0,80419,5,311761
WIN$D,M15,1731598200,151525.0,151815.0,151515.0,151795.0,70789,5,292952
WIN$D,M15,1731599100,151795.0,151860.0,151710.0,151785.0,64929,5,266097
WIN$D,M15,1731600000,151785.0,151925.0,151780.0,151845.0,52312,5,219832
WIN$D,M15,1731600900,151850.0,151970.0,151845.0,151925.0,44869,5,177135
WIN$D,M15,1731601800,151920.0,151925.0,151765.0,151815.0,57375,5,232304
WIN$D,M15,1731602700,151815.0,151825.0,151695.0,151700.0,48522,5,186661
WIN$D,M15,1731603600,151695.0,151730.0,151470.0,151640.0,98786,5,387836
WIN$D,M15,1731604500,151645.0,151805.0,151570.0,151620.0,83826,5,318113
WIN$D,M15,1731605400,151620.0,151670.0,151530.0,151610.0,51298,5,184082
WIN$D,M15,1731606300,151610.0,151675.0,151495.0,151505.0,45777,5,155876
WIN$D,M15,1731607200,151505.0,151620.0,151475.0,151540.0,35941,5,131086
WIN$D,M15,1731608100,151535.0,151555.0,151480.0,151500.0,13043,5,57260
WIN$D,M15,1731920400,151730.0,152125.0,151510.0,152085.0,227724,5,626458
WIN$D,M15,1731921300,152090.0,152175.0,151990.0,152080.0,107463,5,344087
WIN$D,M15,1731922200,152075.0,152090.0,151365.0,151380.0,210958,5,697348
WIN$D,M15,1731923100,151385.0,151400.0,151205.0,151270.0,155868,5,529227
WIN$D,M15,1731924000,151270.0,151510.0,151155.0,151295.0,253742,5,840887
WIN$D,M15,1731924900,151295.0,151495.0,151195.0,151470.0,159093,5,537809
WIN$D,M15,1731925800,151465.0,151625.0,151335.0,151350.0,198286,5,683003
WIN$D,M15,1731926700,151355.0,151530.0,151290.0,151475.0,128391,5,405682
WIN$D,M15,1731927600,151475.0,151615.0,151320.0,151330.0,154225,5,504865
WIN$D,M15,1731928500,151335.0,151365.0,151105.0,151310.0,187490,5,627476
WIN$D,M15,1731929400,151310.0,152130.0,151305.0,151755.0,283844,5,1003356
WIN$D,M15,1731930300,151755.0,151820.0,151325.0,151410.0,157388,5,569998
WIN$D,M15,1731931200,151415.0,151415.0,151155.0,151195.0,112267,5,397510
WIN$D,M15,1731932100,151190.0,151260.0,150985.0,151070.0,115195,5,430385
WIN$D,M15,1731933000,151070.0,151215.0,151060.0,151185.0,82020,5,295531
WIN$D,M15,1731933900,151185.0,151400.0,151160.0,151395.0,83209,5,305329
WIN$D,M15,1731934800,151395.0,151455.0,151245.0,151275.0,87741,5,311498
WIN$D,M15,1731935700,151280.0,151375.0,151180.0,151210.0,68943,5,246471
WIN$D,M15,1731936600,151210.0,151370.0,151150.0,151280.0,93385,5,337566
WIN$D,M15,1731937500,151275.0,151295.0,151110.0,151140.0,78881,5,272364
WIN$D,M15,1731938400,151140.0,151265.0,151100.0,151190.0,70191,5,241700
WIN$D,M15,1731939300,151190.0,151345.0,151170.0,151315.0,60372,5,217134
WIN$D,M15,1731940200,151315.0,151500.0,151315.0,151480.0,72003,5,257348
WIN$D,M15,1731941100,151485.0,151775.0,151370.0,151710.0,134611,5,491349
WIN$D,M15,1731942000,151710.0,151715.0,151460.0,151585.0,94367,5,356617
WIN$D,M15,1731942900,151590.0,151825.0,151575.0,151740.0,86181,5,310226
WIN$D,M15,1731943800,151745.0,151755.0,151470.0,151480.0,73049,5,278408
WIN$D,M15,1731944700,151475.0,151545.0,151410.0,151455.0,69309,5,267164
WIN$D,M15,1731945600,151450.0,151600.0,151425.0,151535.0,55398,5,200738
WIN$D,M15,1731946500,151535.0,151650.0,151455.0,151625.0,59420,5,229358
WIN$D,M15,1731947400,151630.0,151680.0,151495.0,151510.0,54072,5,204954
WIN$D,M15,1731948300,151515.0,151660.0,151485.0,151635.0,47132,5,181804
WIN$D,M15,1731949200,151635.0,151750.0,151590.0,151745.0,47496,5,183926
WIN$D,M15,1731950100,151745.0,151755.0,151620.0,151640.0,39889,5,138417
WIN$D,M15,1731951000,151635.0,151675.0,151510.0,151560.0,50627,5,177093
WIN$D,M15,1731951900,151560.0,151670.0,151530.0,151620.0,39859,5,141839
WIN$D,M15,1731952800,151620.0,151660.0,151555.0,151565.0,29536,5,99539
WIN$D,M15,1731953700,151565.0,151600.0,151460.0,151460.0,12810,5,52896
WIN$D,M15,1732006800,151270.0,151725.0,151185.0,151685.0,259851,5,720818
WIN$D,M15,1732007700,151690.0,151970.0,151675.0,151795.0,218644,5,704568
WIN$D,M15,1732008600,151790.0,151955.0,151700.0,151730.0,189406,5,596228
WIN$D,M15,1732009500,151730.0,151865.0,151555.0,151565.0,182934,5,578651
WIN$D,M15,1732010400,151570.0,151600.0,151150.0,151205.0,290787,5,932760
WIN$D,M15,1732011300,151205.0,151240.0,150950.0,150990.0,226061,5,742504
WIN$D,M15,1732012200,150990.0,151300.0,150925.0,151225.0,231064,5,735108
WIN$D,M15,1732013100,151220.0,151690.0,151205.0,151650.0,269994,5,942742
WIN$D,M15,1732014000,151645.0,152010.0,151615.0,151850.0,216486,5,762082
WIN$D,M15,1732014900,151850.0,151860.0,151625.0,151765.0,162076,5,521094
WIN$D,M15,1732015800,151765.0,152120.0,151610.0,152030.0,197664,5,703997
WIN$D,M15,1732016700,152035.0,152140.0,151890.0,151950.0,135050,5,470792
WIN$D,M15,1732017600,151945.0,152155.0,151915.0,152090.0,99440,5,374936
WIN$D,M15,1732018500,152095.0,152115.0,151825.0,151895.0,86815,5,328235
WIN$D,M15,1732019400,151895.0,152245.0,151775.0,152175.0,140769,5,527083
WIN$D,M15,1732020300,152170.0,152220.0,151940.0,151995.0,91565,5,334367
WIN$D,M15,1732021200,152000.0,152105.0,151885.0,152070.0,87574,5,315712
WIN$D,M15,1732022100,152075.0,152205.0,151965.0,152125.0,105593,5,372780
WIN$D,M15,1732023000,152125.0,152165.0,152030.0,152100.0,68262,5,244360
WIN$D,M15,1732023900,152100.0,152360.0,152010.0,152320.0,89637,5,327434
WIN$D,M15,1732024800,152320.0,152325.0,152200.0,152265.0,86280,5,303065
WIN$D,M15,1732025700,152265.0,152320.0,152150.0,152265.0,73275,5,253676
WIN$D,M15,1732026600,152270.0,152340.0,152115.0,152185.0,82926,5,308081
WIN$D,M15,1732027500,152180.0,152225.0,151965.0,151990.0,73881,5,275973
WIN$D,M15,1732028400,151990.0,151990.0,151750.0,151840.0,113239,5,452451
WIN$D,M15,1732029300,151845.0,151905.0,151750.0,151860.0,71074,5,288542
WIN$D,M15,1732030200,151860.0,152050.0,151845.0,151970.0,66725,5,265394
WIN$D,M15,1732031100,151965.0,152025.0,151880.0,152020.0,52681,5,209564
WIN$D,M15,1732032000,152015.0,152075.0,151965.0,151975.0,48221,5,193250
WIN$D,M15,1732032900,151975.0,152035.0,151925.0,151950.0,46941,5,187019
WIN$D,M15,1732033800,151950.0,152020.0,151815.0,151875.0,53330,5,215754
WIN$D,M15,1732034700,151875.0,151920.0,151805.0,151920.0,39693,5,160624
WIN$D,M15,1732035600,151920.0,152025.0,151885.0,151985.0,41488,5,160186
WIN$D,M15,1732036500,151985.0,152020.0,151890.0,151910.0,32668,5,121580
WIN$D,M15,1732037400,151910.0,151995.0,151845.0,151930.0,49755,5,198898
WIN$D,M15,1732038300,151925.0,152050.0,151915.0,152005.0,42744,5,168138
WIN$D,M15,1732039200,152000.0,152150.0,151990.0,152065.0,43922,5,157950
WIN$D,M15,1732040100,152060.0,152140.0,152035.0,152140.0,15664,5,61677
WIN$D,M15,1732179600,151780.0,152045.0,151410.0,151525.0,289565,5,772647
WIN$D,M15,1732180500,151520.0,151630.0,151380.0,151450.0,200755,5,629280
WIN$D,M15,1732181400,151455.0,151495.0,151210.0,151290.0,150912,5,510455
WIN$D,M15,1732182300,151285.0,151325.0,151070.0,151220.0,152748,5,529183
WIN$D,M15,1732183200,151220.0,151225.0,150960.0,151120.0,178360,5,642115
WIN$D,M15,1732184100,151115.0,151120.0,150735.0,150865.0,225753,5,839438
WIN$D,M15,1732185000,150865.0,151090.0,150700.0,150750.0,298580,5,990834
WIN$D,M15,1732185900,150750.0,150765.0,150485.0,150630.0,199932,5,732767
WIN$D,M15,1732186800,150630.0,150680.0,150370.0,150575.0,217559,5,815031
WIN$D,M15,1732187700,150575.0,150675.0,150460.0,150485.0,131049,5,475357
WIN$D,M15,1732188600,150480.0,150865.0,150465.0,150725.0,216225,5,811209
WIN$D,M15,1732189500,150725.0,150800.0,150420.0,150490.0,165923,5,624648
WIN$D,M15,1732190400,150490.0,150705.0,150230.0,150620.0,194244,5,739916
WIN$D,M15,1732191300,150625.0,150710.0,150455.0,150565.0,119701,5,457046
WIN$D,M15,1732192200,150560.0,150655.0,150425.0,150455.0,89935,5,361840
WIN$D,M15,1732193100,150455.0,150620.0,150395.0,150575.0,81289,5,334337
WIN$D,M15,1732194000,150570.0,150670.0,150540.0,150580.0,69255,5,280607
WIN$D,M15,1732194900,150575.0,150600.0,150310.0,150410.0,115619,5,458509
WIN$D,M15,1732195800,150410.0,150560.0,150400.0,150440.0,82070,5,318211
WIN$D,M15,1732196700,150435.0,150535.0,150360.0,150515.0,81665,5,319650
WIN$D,M15,1732197600,150515.0,150600.0,150460.0,150570.0,63943,5,253718
WIN$D,M15,1732198500,150570.0,150710.0,150545.0,150650.0,68378,5,268120
WIN$D,M15,1732199400,150650.0,150935.0,150620.0,150930.0,95963,5,363260
WIN$D,M15,1732200300,150930.0,151130.0,150905.0,150945.0,144747,5,588766
WIN$D,M15,1732201200,150945.0,151040.0,150855.0,151020.0,91068,5,361475
WIN$D,M15,1732202100,151025.0,151140.0,150990.0,151135.0,81460,5,340711
WIN$D,M15,1732203000,151140.0,151155.0,150910.0,150930.0,97212,5,396790
WIN$D,M15,1732203900,150930.0,150940.0,150715.0,150795.0,99819,5,404508
WIN$D,M15,1732204800,150800.0,150870.0,150705.0,150860.0,70383,5,277221
WIN$D,M15,1732205700,150860.0,150900.0,150770.0,150835.0,66711,5,281427
WIN$D,M15,1732206600,150840.0,150965.0,150820.0,150945.0,49070,5,191088
WIN$D,M15,1732207500,150945.0,151005.0,150915.0,150955.0,44532,5,184619
WIN$D,M15,1732208400,150960.0,151070.0,150850.0,150890.0,62480,5,262625
WIN$D,M15,1732209300,150890.0,151015.0,150860.0,150910.0,62034,5,261402
WIN$D,M15,1732210200,150910.0,150980.0,150830.0,150875.0,48129,5,199207
WIN$D,M15,1732211100,150875.0,150895.0,150780.0,150805.0,46729,5,183275
WIN$D,M15,1732212000,150805.0,150815.0,150535.0,150570.0,73682,5,261479
WIN$D,M15,1732212900,150570.0,150780.0,150560.0,150585.0,25363,5,99564
WIN$D,M15,1732266000,150640.0,151210.0,150565.0,151195.0,275185,5,782973
WIN$D,M15,1732266900,151190.0,151245.0,150985.0,151160.0,210573,5,667932
WIN$D,M15,1732267800,151160.0,151430.0,151120.0,151405.0,189882,5,640981
WIN$D,M15,1732268700,151405.0,151590.0,151390.0,151570.0,151456,5,526284
WIN$D,M15,1732269600,151575.0,151640.0,151420.0,151595.0,245889,5,887962
WIN$D,M15,1732270500,151595.0,151605.0,151300.0,151385.0,228872,5,808869
WIN$D,M15,1732271400,151385.0,151400.0,151040.0,151135.0,211256,5,745255
WIN$D,M15,1732272300,151140.0,151270.0,150930.0,150960.0,218858,5,769522
WIN$D,M15,1732273200,150955.0,151305.0,150910.0,151160.0,218656,5,765980
WIN$D,M15,1732274100,151160.0,151190.0,150965.0,151170.0,148692,5,514664
WIN$D,M15,1732275000,151170.0,151405.0,151095.0,151290.0,177740,5,648611
WIN$D,M15,1732275900,151290.0,151360.0,151150.0,151235.0,139538,5,517587
WIN$D,M15,1732276800,151230.0,151550.0,151200.0,151505.0,155466,5,583476
WIN$D,M15,1732277700,151505.0,151790.0,151440.0,151775.0,141379,5,541504
WIN$D,M15,1732278600,151770.0,151945.0,151715.0,151930.0,96982,5,373700
WIN$D,M15,1732279500,151930.0,152015.0,151855.0,151935.0,98843,5,403521
WIN$D,M15,1732280400,151935.0,152125.0,151845.0,152095.0,105265,5,414654
WIN$D,M15,1732281300,152090.0,152180.0,152040.0,152075.0,94111,5,382301
WIN$D,M15,1732282200,152080.0,152205.0,151995.0,152205.0,90950,5,348735
WIN$D,M15,1732283100,152200.0,152240.0,152120.0,152155.0,75278,5,317347
WIN$D,M15,1732284000,152155.0,152205.0,152020.0,152090.0,86258,5,345649
WIN$D,M15,1732284900,152090.0,152135.0,151985.0,151995.0,69253,5,276969
WIN$D,M15,1732285800,151995.0,152150.0,151960.0,152115.0,75663,5,306760
WIN$D,M15,1732286700,152110.0,152165.0,152010.0,152065.0,64305,5,261770
WIN$D,M15,1732287600,152060.0,152180.0,152020.0,152170.0,56819,5,232520
WIN$D,M15,1732288500,152175.0,152225.0,152125.0,152145.0,51078,5,214673
WIN$D,M15,1732289400,152150.0,152280.0,152035.0,152260.0,81708,5,369361
WIN$D,M15,1732290300,152260.0,152280.0,152180.0,152245.0,51697,5,218419
WIN$D,M15,1732291200,152250.0,152270.0,152185.0,152240.0,41675,5,194777
WIN$D,M15,1732292100,152235.0,152350.0,152185.0,152325.0,56918,5,253368
WIN$D,M15,1732293000,152330.0,152340.0,152260.0,152300.0,39502,5,175799
WIN$D,M15,1732293900,152305.0,152305.0,152215.0,152235.0,38783,5,169277
WIN$D,M15,1732294800,152235.0,152245.0,152090.0,152150.0,62838,5,265458
WIN$D,M15,1732295700,152155.0,152250.0,152110.0,152210.0,50156,5,204096
WIN$D,M15,1732296600,152210.0,152850.0,152200.0,152645.0,111004,5,471242
WIN$D,M15,1732297500,152640.0,153050.0,152605.0,152970.0,106978,5,380353
WIN$D,M15,1732298400,152970.0,153125.0,152850.0,153045.0,73513,5,280671
WIN$D,M15,1732299300,153040.0,153315.0,153020.0,153040.0,33724,5,141327
WIN$D,M15,1732525200,153175.0,153210.0,152690.0,152720.0,320431,5,947268
WIN$D,M15,1732526100,152715.0,152920.0,152595.0,152670.0,199126,5,637147
WIN$D,M15,1732527000,152675.0,153025.0,152620.0,152880.0,197011,5,630520
WIN$D,M15,1732527900,152885.0,152915.0,152660.0,152725.0,166557,5,543977
WIN$D,M15,1732528800,152730.0,152890.0,152620.0,152805.0,190491,5,617363
WIN$D,M15,1732529700,152805.0,153080.0,152630.0,152975.0,263358,5,860537
WIN$D,M15,1732530600,152980.0,153025.0,152560.0,152585.0,219171,5,718916
WIN$D,M15,1732531500,152580.0,152710.0,152490.0,152630.0,173570,5,625245
WIN$D,M15,1732532400,152625.0,152740.0,152475.0,152585.0,184328,5,651125
WIN$D,M15,1732533300,152580.0,152705.0,152530.0,152665.0,133481,5,461839
WIN$D,M15,1732534200,152665.0,152775.0,152565.0,152610.0,152076,5,544289
WIN$D,M15,1732535100,152605.0,152860.0,152570.0,152755.0,125564,5,453913
WIN$D,M15,1732536000,152755.0,152800.0,152620.0,152695.0,114468,5,445085
WIN$D,M15,1732536900,152700.0,152855.0,152670.0,152825.0,84097,5,310462
WIN$D,M15,1732537800,152830.0,152880.0,152675.0,152735.0,79550,5,301900
WIN$D,M15,1732538700,152730.0,152750.0,152570.0,152600.0,84976,5,321500
WIN$D,M15,1732539600,152600.0,152715.0,152545.0,152665.0,87324,5,335419
WIN$D,M15,1732540500,152665.0,152735.0,152470.0,152485.0,73648,5,287690
WIN$D,M15,1732541400,152480.0,152675.0,152480.0,152550.0,76357,5,295514
WIN$D,M15,1732542300,152550.0,152670.0,152520.0,152590.0,54475,5,196123
WIN$D,M15,1732543200,152590.0,152650.0,152565.0,152615.0,36450,5,133628
WIN$D,M15,1732544100,152620.0,152680.0,152565.0,152615.0,43322,5,168689
WIN$D,M15,1732545000,152615.0,152705.0,152595.0,152655.0,41036,5,169816
WIN$D,M15,1732545900,152655.0,152780.0,152585.0,152645.0,70173,5,285737
WIN$D,M15,1732546800,152640.0,152710.0,152570.0,152620.0,50564,5,205383
WIN$D,M15,1732547700,152615.0,152730.0,152570.0,152615.0,61413,5,257097
WIN$D,M15,1732548600,152610.0,152755.0,152595.0,152745.0,50048,5,201234
WIN$D,M15,1732549500,152745.0,152845.0,152705.0,152800.0,54571,5,219739
WIN$D,M15,1732550400,152795.0,152900.0,152775.0,152840.0,52855,5,218421
WIN$D,M15,1732551300,152840.0,152880.0,152775.0,152785.0,45434,5,187574
WIN$D,M15,1732552200,152780.0,152825.0,152690.0,152695.0,54590,5,228182
WIN$D,M15,1732553100,152700.0,153030.0,152650.0,152915.0,115694,5,491924
WIN$D,M15,1732554000,152910.0,152920.0,152735.0,152800.0,71253,5,285260
WIN$D,M15,1732554900,152795.0,152915.0,152770.0,152885.0,43593,5,160003
WIN$D,M15,1732555800,152880.0,152975.0,152875.0,152905.0,43352,5,153059
WIN$D,M15,1732556700,152905.0,152975.0,152500.0,152520.0,99033,5,357935
WIN$D,M15,1732557600,152520.0,152730.0,152435.0,152605.0,92589,5,294535
WIN$D,M15,1732558500,152605.0,152760.0,152540.0,152540.0,24824,5,93959
WIN$D,M15,1732611600,152330.0,152925.0,152190.0,152845.0,356498,5,957340
WIN$D,M15,1732612500,152845.0,152940.0,152790.0,152910.0,137258,5,406732
WIN$D,M15,1732613400,152905.0,152965.0,152820.0,152885.0,108103,5,335705
WIN$D,M15,1732614300,152890.0,153120.0,152865.0,153080.0,134489,5,421710
WIN$D,M15,1732615200,153085.0,153200.0,152910.0,153000.0,205352,5,644334
WIN$D,M15,1732616100,152995.0,152995.0,152645.0,152820.0,232314,5,779828
WIN$D,M15,1732617000,152815.0,153500.0,152810.0,153390.0,340302,5,1237705
WIN$D,M15,1732617900,153395.0,153470.0,153195.0,153230.0,152080,5,527180
WIN$D,M15,1732618800,153230.0,153260.0,153035.0,153080.0,136327,5,469204
WIN$D,M15,1732619700,153075.0,153385.0,152910.0,153300.0,212827,5,773142
WIN$D,M15,1732620600,153305.0,153310.0,152935.0,153180.0,207800,5,765568
WIN$D,M15,1732621500,153175.0,153365.0,153110.0,153315.0,129455,5,478332
WIN$D,M15,1732622400,153315.0,153605.0,153215.0,153500.0,159054,5,610372
WIN$D,M15,1732623300,153500.0,153630.0,153440.0,153465.0,102059,5,376888
WIN$D,M15,1732624200,153465.0,153700.0,153430.0,153670.0,92931,5,353968
WIN$D,M15,1732625100,153665.0,153725.0,153490.0,153550.0,84225,5,319352
WIN$D,M15,1732626000,153550.0,153645.0,153370.0,153385.0,93748,5,357567
WIN$D,M15,1732626900,153380.0,153495.0,153335.0,153430.0,65688,5,255585
WIN$D,M15,1732627800,153430.0,153510.0,153335.0,153415.0,73145,5,291365
WIN$D,M15,1732628700,153415.0,153575.0,153390.0,153495.0,79958,5,316339
WIN$D,M15,1732629600,153495.0,153600.0,153440.0,153560.0,56341,5,212834
WIN$D,M15,1732630500,153560.0,153595.0,153500.0,153545.0,51866,5,204289
WIN$D,M15,1732631400,153540.0,153670.0,153535.0,153600.0,48298,5,186642
WIN$D,M15,1732632300,153600.0,153650.0,153480.0,153630.0,81252,5,310024
WIN$D,M15,1732633200,153625.0,153710.0,153540.0,153670.0,77561,5,304197
WIN$D,M15,1732634100,153670.0,153690.0,153560.0,153565.0,49177,5,185047
WIN$D,M15,1732635000,153570.0,153585.0,153375.0,153465.0,83343,5,331061
WIN$D,M15,1732635900,153470.0,153605.0,153470.0,153515.0,58650,5,245907
WIN$D,M15,1732636800,153515.0,153605.0,153505.0,153535.0,42225,5,167881
WIN$D,M15,1732637700,153535.0,153635.0,153515.0,153635.0,45500,5,182279
WIN$D,M15,1732638600,153630.0,153815.0,153595.0,153810.0,65344,5,272625
WIN$D,M15,1732639500,153810.0,153875.0,153760.0,153775.0,61973,5,252852
WIN$D,M15,1732640400,153770.0,153825.0,153680.0,153715.0,48778,5,201884
WIN$D,M15,1732641300,153715.0,153730.0,153290.0,153455.0,128837,5,536856
WIN$D,M15,1732642200,153455.0,153575.0,153305.0,153525.0,82104,5,308339
WIN$D,M15,1732643100,153520.0,153660.0,153465.0,153550.0,66308,5,250542
WIN$D,M15,1732644000,153545.0,153665.0,153540.0,153645.0,39231,5,140602
WIN$D,M15,1732644900,153650.0,153660.0,153520.0,153595.0,17355,5,71064
WIN$D,M15,1732698000,153480.0,153590.0,153350.0,153500.0,256109,5,719707
WIN$D,M15,1732698900,153505.0,153675.0,153425.0,153645.0,134382,5,440643
WIN$D,M15,1732699800,153645.0,153720.0,153485.0,153490.0,140319,5,464274
WIN$D,M15,1732700700,153490.0,153595.0,153350.0,153395.0,141871,5,469804
WIN$D,M15,1732701600,153395.0,153795.0,153370.0,153615.0,261590,5,915283
WIN$D,M15,1732702500,153610.0,153610.0,153240.0,153375.0,233087,5,809179
WIN$D,M15,1732703400,153375.0,153465.0,153145.0,153190.0,234207,5,773125
WIN$D,M15,1732704300,153195.0,153285.0,153110.0,153145.0,157806,5,532885
WIN$D,M15,1732705200,153150.0,153410.0,153055.0,153230.0,225190,5,794296
WIN$D,M15,1732706100,153235.0,153290.0,153020.0,153220.0,153849,5,539093
WIN$D,M15,1732707000,153225.0,153530.0,153210.0,153460.0,155371,5,555302
WIN$D,M15,1732707900,153460.0,153570.0,153290.0,153390.0,142392,5,499438
WIN$D,M15,1732708800,153395.0,153425.0,153060.0,153135.0,166213,5,641697
WIN$D,M15,1732709700,153130.0,153190.0,153000.0,153050.0,89699,5,349726
WIN$D,M15,1732710600,153045.0,153085.0,152860.0,152885.0,136502,5,552168
WIN$D,M15,1732711500,152885.0,153095.0,152830.0,152915.0,106445,5,433684
WIN$D,M15,1732712400,152915.0,152990.0,152800.0,152870.0,98549,5,362151
WIN$D,M15,1732713300,152870.0,152985.0,152810.0,152855.0,76861,5,299235
WIN$D,M15,1732714200,152860.0,152975.0,152800.0,152890.0,75707,5,276338
WIN$D,M15,1732715100,152895.0,152910.0,150755.0,151545.0,447117,5,1726905
WIN$D,M15,1732716000,151545.0,151740.0,151160.0,151470.0,261874,5,832426
WIN$D,M15,1732716900,151475.0,151675.0,151375.0,151545.0,152293,5,488339
WIN$D,M15,1732717800,151545.0,151710.0,151235.0,151375.0,160138,5,545344
WIN$D,M15,1732718700,151380.0,151845.0,151375.0,151535.0,174315,5,579081
WIN$D,M15,1732719600,151540.0,151705.0,151425.0,151555.0,105525,5,367307
WIN$D,M15,1732720500,151555.0,151650.0,151475.0,151600.0,68043,5,229229
WIN$D,M15,1732721400,151595.0,151675.0,151255.0,151295.0,81994,5,304772
WIN$D,M15,1732722300,151295.0,151455.0,151205.0,151355.0,116591,5,429095
WIN$D,M15,1732723200,151355.0,151495.0,151250.0,151490.0,90678,5,322422
WIN$D,M15,1732724100,151490.0,151570.0,151425.0,151470.0,66160,5,236687
WIN$D,M15,1732725000,151465.0,151735.0,151435.0,151585.0,87558,5,325810
WIN$D,M15,1732725900,151585.0,151595.0,151410.0,151515.0,69492,5,261297
WIN$D,M15,1732726800,151515.0,151640.0,151410.0,151535.0,86554,5,321670
WIN$D,M15,1732727700,151535.0,151560.0,151355.0,151460.0,64147,5,249686
WIN$D,M15,1732728600,151460.0,151515.0,151130.0,151250.0,81563,5,313794
WIN$D,M15,1732729500,151245.0,151335.0,151030.0,151095.0,72233,5,268192
WIN$D,M15,1732730400,151095.0,151170.0,150870.0,150910.0,92918,5,296085
WIN$D,M15,1732731300,150915.0,151060.0,150790.0,150950.0,28480,5,109493
WIN$D,M15,1732784400,151130.0,151130.0,150180.0,150525.0,454031,5,1260049
WIN$D,M15,1732785300,150520.0,150830.0,150415.0,150645.0,206467,5,704094
WIN$D,M15,1732786200,150640.0,150795.0,150415.0,150665.0,182614,5,632594
WIN$D,M15,1732787100,150660.0,150715.0,150465.0,150550.0,128156,5,427739
WIN$D,M15,1732788000,150550.0,150730.0,150450.0,150590.0,181152,5,608926
WIN$D,M15,1732788900,150585.0,150660.0,150025.0,150080.0,248406,5,900235
WIN$D,M15,1732789800,150080.0,150270.0,149960.0,150185.0,214208,5,741428
WIN$D,M15,1732790700,150185.0,150240.0,150005.0,150030.0,124431,5,411878
WIN$D,M15,1732791600,150035.0,150105.0,149725.0,149745.0,165894,5,637230
WIN$D,M15,1732792500,149740.0,149770.0,149435.0,149565.0,206256,5,804132
WIN$D,M15,1732793400,149565.0,149680.0,149390.0,149480.0,119237,5,463975
WIN$D,M15,1732794300,149480.0,149655.0,149435.0,149595.0,90009,5,351959
WIN$D,M15,1732795200,149590.0,149705.0,149535.0,149685.0,70540,5,280551
WIN$D,M15,1732796100,149685.0,149705.0,149205.0,149260.0,128683,5,544918
WIN$D,M15,1732797000,149260.0,149430.0,149250.0,149395.0,71475,5,288521
WIN$D,M15,1732797900,149390.0,149400.0,149180.0,149205.0,59946,5,254217
WIN$D,M15,1732798800,149200.0,149370.0,149195.0,149335.0,64996,5,245344
WIN$D,M15,1732799700,149330.0,149400.0,149250.0,149345.0,53092,5,208746
WIN$D,M15,1732800600,149345.0,149370.0,149240.0,149365.0,49692,5,193251
WIN$D,M15,1732801500,149360.0,149410.0,149285.0,149315.0,43582,5,168823
WIN$D,M15,1732802400,149315.0,149545.0,149300.0,149430.0,75318,5,310067
WIN$D,M15,1732803300,149430.0,149565.0,149370.0,149535.0,71583,5,273800
WIN$D,M15,1732804200,149535.0,149560.0,149435.0,149515.0,45739,5,161746
WIN$D,M15,1732805100,149510.0,149525.0,149300.0,149370.0,68971,5,249166
WIN$D,M15,1732806000,149370.0,149425.0,149340.0,149365.0,32514,5,122819
WIN$D,M15,1732806900,149365.0,149465.0,149320.0,149450.0,38423,5,145954
WIN$D,M15,1732807800,149450.0,149470.0,149360.0,149385.0,32015,5,129103
WIN$D,M15,1732808700,149390.0,149420.0,149300.0,149325.0,31814,5,124951
WIN$D,M15,1732809600,149325.0,149345.0,149215.0,149260.0,54969,5,231394
WIN$D,M15,1732810500,149260.0,149315.0,149240.0,149280.0,30773,5,123545
WIN$D,M15,1732811400,149275.0,149295.0,148600.0,148900.0,141204,5,538780
WIN$D,M15,1732812300,148895.0,149010.0,148790.0,148895.0,69770,5,245531
WIN$D,M15,1732813200,148890.0,148895.0,148635.0,148715.0,69737,5,266577
WIN$D,M15,1732814100,148715.0,148780.0,148265.0,148360.0,92168,5,349020
WIN$D,M15,1732815000,148360.0,148380.0,147885.0,147890.0,122606,5,425402
WIN$D,M15,1732815900,147895.0,148130.0,147665.0,148095.0,120418,5,391922
WIN$D,M15,1732816800,148095.0,148205.0,147910.0,148010.0,68389,5,230180
WIN$D,M15,1732817700,148010.0,148190.0,147725.0,148150.0,27054,5,119322
WIN$D,M15,1732870800,148525.0,148715.0,148130.0,148205.0,315750,5,837734
WIN$D,M15,1732871700,148205.0,148705.0,147960.0,148560.0,287240,5,877489
WIN$D,M15,1732872600,148565.0,148610.0,148350.0,148385.0,151085,5,439733
WIN$D,M15,1732873500,148385.0,148470.0,148075.0,148135.0,202378,5,639610
WIN$D,M15,1732874400,148130.0,148355.0,147715.0,147850.0,382500,5,1206696
WIN$D,M15,1732875300,147845.0,148110.0,147470.0,147930.0,347017,5,1056011
WIN$D,M15,1732876200,147930.0,147970.0,147450.0,147575.0,212219,5,618076
WIN$D,M15,1732877100,147575.0,147690.0,147375.0,147610.0,157059,5,486303
WIN$D,M15,1732878000,147605.0,147945.0,147495.0,147495.0,193078,5,576732
WIN$D,M15,1732878900,147500.0,147590.0,147285.0,147515.0,158088,5,485671
WIN$D,M15,1732879800,147515.0,147840.0,147400.0,147610.0,231380,5,729522
WIN$D,M15,1732880700,147610.0,148550.0,147560.0,148140.0,348159,5,1061942
WIN$D,M15,1732881600,148145.0,148415.0,148055.0,148275.0,210845,5,590524
WIN$D,M15,1732882500,148275.0,148370.0,148095.0,148295.0,135183,5,392277
WIN$D,M15,1732883400,148295.0,148580.0,148270.0,148360.0,161320,5,478711
WIN$D,M15,1732884300,148365.0,148930.0,148245.0,148815.0,187924,5,573580
WIN$D,M15,1732885200,148810.0,148960.0,148510.0,148595.0,150946,5,445536
WIN$D,M15,1732886100,148590.0,148685.0,148390.0,148535.0,137242,5,388831
WIN$D,M15,1732887000,148530.0,148705.0,148485.0,148560.0,89555,5,266889
WIN$D,M15,1732887900,148555.0,148665.0,148355.0,148545.0,113668,5,338128
WIN$D,M15,1732888800,148545.0,148625.0,148275.0,148440.0,121554,5,364701
WIN$D,M15,1732889700,148445.0,148570.0,148360.0,148445.0,99657,5,298259
WIN$D,M15,1732890600,148445.0,148570.0,148375.0,148560.0,68283,5,209622
WIN$D,M15,1732891500,148560.0,148595.0,148275.0,148395.0,85794,5,264105
WIN$D,M15,1732892400,148395.0,148455.0,148230.0,148320.0,76946,5,234793
WIN$D,M15,1732893300,148315.0,148410.0,148260.0,148330.0,55159,5,173676
WIN$D,M15,1732894200,148325.0,148335.0,148120.0,148220.0,59031,5,198832
WIN$D,M15,1732895100,148220.0,148270.0,148180.0,148200.0,30226,5,92094
WIN$D,M15,1732896000,148200.0,148785.0,148065.0,148630.0,100359,5,318986
WIN$D,M15,1732896900,148630.0,148680.0,148215.0,148285.0,109595,5,306905
WIN$D,M15,1732897800,148285.0,148530.0,148185.0,148525.0,72841,5,209759
WIN$D,M15,1732898700,148530.0,148630.0,148255.0,148505.0,123583,5,344385
WIN$D,M15,1732899600,148505.0,148575.0,148355.0,148445.0,68653,5,182307
WIN$D,M15,1732900500,148450.0,148880.0,148430.0,148755.0,94091,5,250271
WIN$D,M15,1732901400,148750.0,149180.0,148720.0,149150.0,79974,5,206834
WIN$D,M15,1732902300,149150.0,149555.0,149105.0,149300.0,100776,5,269964
WIN$D,M15,1732903200,149295.0,149320.0,148895.0,149000.0,75091,5,238011
WIN$D,M15,1732904100,149005.0,149215.0,148895.0,148895.0,22544,5,75172
WIN$D,M15,1733130000,149190.0,149270.0,148515.0,148770.0,299783,5,873452
WIN$D,M15,1733130900,148775.0,148920.0,148570.0,148585.0,162603,5,518861
WIN$D,M15,1733131800,148585.0,148705.0,148455.0,148680.0,155702,5,505888
WIN$D,M15,1733132700,148680.0,148950.0,148530.0,148690.0,241661,5,803180
WIN$D,M15,1733133600,148685.0,148825.0,148490.0,148715.0,216961,5,705939
WIN$D,M15,1733134500,148715.0,148720.0,148385.0,148460.0,185617,5,646092
WIN$D,M15,1733135400,148460.0,148500.0,147980.0,148270.0,246224,5,907822
WIN$D,M15,1733136300,148270.0,148495.0,148155.0,148445.0,185824,5,626400
WIN$D,M15,1733137200,148445.0,148600.0,148190.0,148375.0,216501,5,754690
WIN$D,M15,1733138100,148375.0,148675.0,148165.0,148480.0,229826,5,780004
WIN$D,M15,1733139000,148480.0,148645.0,148275.0,148550.0,204128,5,682088
WIN$D,M15,1733139900,148550.0,148780.0,148500.0,148735.0,145220,5,503186
WIN$D,M15,1733140800,148740.0,148940.0,148635.0,148805.0,158302,5,579840
WIN$D,M15,1733141700,148810.0,148880.0,148570.0,148735.0,135005,5,477030
WIN$D,M15,1733142600,148735.0,148735.0,148330.0,148470.0,123413,5,443891
WIN$D,M15,1733143500,148465.0,148525.0,148315.0,148510.0,88110,5,308018
WIN$D,M15,1733144400,148510.0,148560.0,148360.0,148540.0,96049,5,327596
WIN$D,M15,1733145300,148535.0,148790.0,148495.0,148675.0,123441,5,407857
WIN$D,M15,1733146200,148680.0,148795.0,148540.0,148755.0,107624,5,364490
WIN$D,M15,1733147100,148750.0,148825.0,148635.0,148645.0,76232,5,257681
WIN$D,M15,1733148000,148640.0,148850.0,148480.0,148825.0,115213,5,407788
WIN$D,M15,1733148900,148825.0,148970.0,148725.0,148875.0,91359,5,313932
WIN$D,M15,1733149800,148875.0,149065.0,148745.0,149045.0,113462,5,391566
WIN$D,M15,1733150700,149045.0,149240.0,149005.0,149035.0,119372,5,434747
WIN$D,M15,1733151600,149030.0,149150.0,148950.0,149035.0,77792,5,305302
WIN$D,M15,1733152500,149030.0,149050.0,148720.0,148755.0,90838,5,346064
WIN$D,M15,1733153400,148760.0,148855.0,148685.0,148785.0,68263,5,262651
WIN$D,M15,1733154300,148790.0,148950.0,148725.0,148860.0,88256,5,348526
WIN$D,M15,1733155200,148860.0,148970.0,148820.0,148860.0,63898,5,244517
WIN$D,M15,1733156100,148865.0,148905.0,148725.0,148815.0,66251,5,252998
WIN$D,M15,1733157000,148815.0,148925.0,148775.0,148850.0,52756,5,196194
WIN$D,M15,1733157900,148855.0,148900.0,148765.0,148785.0,44702,5,179192
WIN$D,M15,1733158800,148780.0,148880.0,148710.0,148790.0,60938,5,234684
WIN$D,M15,1733159700,148795.0,148960.0,148790.0,148810.0,71959,5,249640
WIN$D,M15,1733160600,148810.0,148905.0,148750.0,148810.0,49672,5,192198
WIN$D,M15,1733161500,148805.0,148855.0,148560.0,148610.0,65733,5,220460
WIN$D,M15,1733162400,148615.0,148635.0,148430.0,148515.0,74120,5,214272
WIN$D,M15,1733163300,148520.0,148590.0,148465.0,148480.0,18586,5,69454
WIN$D,M15,1733216400,149035.0,149320.0,148580.0,149125.0,315728,5,860919
WIN$D,M15,1733217300,149125.0,149195.0,148845.0,149020.0,199725,5,649619
WIN$D,M15,1733218200,149020.0,149030.0,148695.0,148840.0,185725,5,606760
WIN$D,M15,1733219100,148835.0,148880.0,148660.0,148865.0,154425,5,507835
WIN$D,M15,1733220000,148865.0,149575.0,148680.0,149520.0,341815,5,1168399
WIN$D,M15,1733220900,149520.0,149705.0,149290.0,149350.0,248912,5,869925
WIN$D,M15,1733221800,149345.0,149435.0,149135.0,149235.0,208084,5,723371
WIN$D,M15,1733222700,149235.0,149295.0,148930.0,149235.0,207221,5,747833
WIN$D,M15,1733223600,149235.0,149310.0,149020.0,149285.0,176369,5,610939
WIN$D,M15,1733224500,149280.0,149315.0,148920.0,148950.0,186593,5,632341
WIN$D,M15,1733225400,148950.0,149140.0,148770.0,149060.0,222530,5,790097
WIN$D,M15,1733226300,149060.0,149200.0,148990.0,149095.0,150295,5,536886
WIN$D,M15,1733227200,149095.0,149130.0,148765.0,148960.0,182772,5,644507
WIN$D,M15,1733228100,148965.0,149140.0,148895.0,148900.0,134918,5,468969
WIN$D,M15,1733229000,148905.0,149010.0,148825.0,148900.0,102753,5,355453
WIN$D,M15,1733229900,148905.0,148970.0,148835.0,148870.0,76914,5,266903
WIN$D,M15,1733230800,148870.0,148970.0,148800.0,148905.0,78082,5,259784
WIN$D,M15,1733231700,148905.0,148975.0,148825.0,148945.0,65959,5,229237
WIN$D,M15,1733232600,148945.0,149185.0,148935.0,149040.0,120754,5,421713
WIN$D,M15,1733233500,149040.0,149300.0,148990.0,149190.0,104905,5,359578
WIN$D,M15,1733234400,149190.0,149280.0,149130.0,149245.0,77976,5,260176
WIN$D,M15,1733235300,149250.0,149365.0,149230.0,149345.0,87962,5,303089
WIN$D,M15,1733236200,149345.0,149365.0,149095.0,149185.0,102200,5,368598
WIN$D,M15,1733237100,149180.0,149275.0,149135.0,149210.0,64003,5,216662
WIN$D,M15,1733238000,149210.0,149215.0,149050.0,149135.0,72506,5,271494
WIN$D,M15,1733238900,149130.0,149185.0,149080.0,149165.0,46676,5,166653
WIN$D,M15,1733239800,149160.0,149225.0,149030.0,149215.0,68216,5,246762
WIN$D,M15,1733240700,149215.0,149480.0,149140.0,149435.0,101913,5,376501
WIN$D,M15,1733241600,149440.0,149460.0,149245.0,149290.0,85184,5,315386
WIN$D,M15,1733242500,149285.0,149425.0,149240.0,149385.0,63412,5,231810
WIN$D,M15,1733243400,149390.0,149500.0,149360.0,149430.0,58994,5,222032
WIN$D,M15,1733244300,149430.0,149430.0,149140.0,149155.0,71178,5,258227
WIN$D,M15,1733245200,149155.0,149295.0,149145.0,149280.0,62779,5,232002
WIN$D,M15,1733246100,149280.0,149370.0,149160.0,149345.0,67516,5,226128
WIN$D,M15,1733247000,149345.0,149375.0,149190.0,149220.0,55282,5,183776
WIN$D,M15,1733247900,149225.0,149400.0,149210.0,149365.0,46970,5,159591
WIN$D,M15,1733248800,149365.0,149375.0,149250.0,149305.0,39346,5,127254
WIN$D,M15,1733249700,149300.0,149320.0,149160.0,149190.0,17137,5,74600
WIN$D,M15,1733302800,149215.0,149475.0,149115.0,149340.0,239631,5,635762
WIN$D,M15,1733303700,149340.0,149375.0,148860.0,149025.0,217028,5,717836
WIN$D,M15,1733304600,149020.0,149385.0,148940.0,149380.0,190698,5,639300
WIN$D,M15,1733305500,149375.0,149450.0,149045.0,149095.0,183940,5,649574
WIN$D,M15,1733306400,149095.0,149465.0,149010.0,149375.0,242763,5,800101
WIN$D,M15,1733307300,149375.0,149510.0,149190.0,149405.0,225337,5,696506
WIN$D,M15,1733308200,149410.0,149580.0,149320.0,149535.0,186861,5,635531
WIN$D,M15,1733309100,149535.0,149680.0,149385.0,149490.0,183987,5,658767
WIN$D,M15,1733310000,149485.0,149605.0,149400.0,149540.0,147191,5,513199
WIN$D,M15,1733310900,149545.0,149750.0,149435.0,149690.0,135804,5,486067
WIN$D,M15,1733311800,149690.0,150005.0,149520.0,149895.0,186919,5,691072
WIN$D,M15,1733312700,149900.0,149965.0,149785.0,149885.0,113326,5,392141
WIN$D,M15,1733313600,149885.0,149910.0,149520.0,149605.0,132715,5,482744
WIN$D,M15,1733314500,149600.0,149700.0,149445.0,149630.0,135638,5,510935
WIN$D,M15,1733315400,149630.0,149910.0,149540.0,149865.0,116541,5,422647
WIN$D,M15,1733316300,149865.0,149970.0,149785.0,149805.0,110034,5,414354
WIN$D,M15,1733317200,149810.0,149865.0,149635.0,149650.0,97777,5,349655
WIN$D,M15,1733318100,149645.0,149920.0,149645.0,149900.0,77216,5,276273
WIN$D,M15,1733319000,149900.0,149940.0,149745.0,149900.0,68939,5,237133
WIN$D,M15,1733319900,149905.0,150020.0,149840.0,149845.0,76722,5,270473
WIN$D,M15,1733320800,149845.0,149865.0,149690.0,149765.0,66248,5,232139
WIN$D,M15,1733321700,149765.0,149900.0,149725.0,149760.0,78088,5,281567
WIN$D,M15,1733322600,149760.0,149820.0,149655.0,149775.0,73499,5,261068
WIN$D,M15,1733323500,149780.0,149795.0,149575.0,149590.0,64758,5,242065
WIN$D,M15,1733324400,149595.0,149620.0,149320.0,149330.0,93437,5,371213
WIN$D,M15,1733325300,149335.0,149575.0,149280.0,149330.0,115900,5,460026
WIN$D,M15,1733326200,149325.0,149560.0,149215.0,149450.0,112408,5,436869
WIN$D,M15,1733327100,149445.0,149565.0,149385.0,149390.0,64363,5,244176
WIN$D,M15,1733328000,149390.0,149475.0,149325.0,149370.0,66288,5,251370
WIN$D,M15,1733328900,149375.0,149490.0,149300.0,149335.0,61391,5,233599
WIN$D,M15,1733329800,149335.0,149385.0,149215.0,149255.0,56253,5,212983
WIN$D,M15,1733330700,149260.0,149270.0,149080.0,149130.0,86447,5,333881
WIN$D,M15,1733331600,149125.0,149305.0,149090.0,149250.0,68485,5,269570
WIN$D,M15,1733332500,149255.0,149315.0,149205.0,149310.0,42322,5,148461
WIN$D,M15,1733333400,149310.0,149385.0,149235.0,149305.0,54912,5,202729
WIN$D,M15,1733334300,149310.0,149355.0,149240.0,149320.0,42537,5,139965
WIN$D,M15,1733335200,149320.0,149410.0,149275.0,149365.0,24326,5,80949
WIN$D,M15,1733336100,149365.0,149415.0,149340.0,149340.0,11463,5,51482
WIN$D,M15,1733389200,149520.0,149605.0,149150.0,149520.0,285325,5,760558
WIN$D,M15,1733390100,149515.0,149725.0,149490.0,149705.0,150636,5,484244
WIN$D,M15,1733391000,149705.0,149845.0,149610.0,149835.0,139632,5,464603
WIN$D,M15,1733391900,149840.0,150270.0,149770.0,150265.0,189178,5,690498
WIN$D,M15,1733392800,150270.0,150745.0,150260.0,150625.0,273652,5,1013954
WIN$D,M15,1733393700,150625.0,150830.0,150570.0,150695.0,211298,5,754812
WIN$D,M15,1733394600,150690.0,150940.0,150645.0,150850.0,185520,5,678062
WIN$D,M15,1733395500,150850.0,151010.0,150775.0,150910.0,136810,5,509087
WIN$D,M15,1733396400,150910.0,151065.0,150815.0,151010.0,148319,5,564676
WIN$D,M15,1733397300,151010.0,151030.0,150745.0,150860.0,180885,5,677813
WIN$D,M15,1733398200,150860.0,151220.0,150820.0,151140.0,208528,5,809632
WIN$D,M15,1733399100,151145.0,151245.0,151065.0,151170.0,124434,5,482147
WIN$D,M15,1733400000,151170.0,151275.0,150985.0,151105.0,122977,5,482586
WIN$D,M15,1733400900,151105.0,151180.0,150965.0,150980.0,88717,5,351237
WIN$D,M15,1733401800,150985.0,151055.0,150900.0,150920.0,82192,5,324114
WIN$D,M15,1733402700,150920.0,151050.0,150870.0,150990.0,70333,5,291414
WIN$D,M15,1733403600,150990.0,151135.0,150985.0,151020.0,74693,5,296964
WIN$D,M15,1733404500,151020.0,151070.0,150945.0,151040.0,56305,5,219963
WIN$D,M15,1733405400,151045.0,151050.0,150925.0,151015.0,51444,5,204625
WIN$D,M15,1733406300,151015.0,151045.0,150920.0,150925.0,46440,5,187533
WIN$D,M15,1733407200,150925.0,150970.0,150815.0,150920.0,70023,5,270009
WIN$D,M15,1733408100,150920.0,150945.0,150790.0,150840.0,75231,5,313581
WIN$D,M15,1733409000,150840.0,150940.0,150755.0,150920.0,75076,5,306950
WIN$D,M15,1733409900,150925.0,151005.0,150880.0,150935.0,88758,5,385649
WIN$D,M15,1733410800,150935.0,151095.0,150920.0,151080.0,74555,5,335026
WIN$D,M15,1733411700,151080.0,151150.0,150980.0,151050.0,74342,5,316792
WIN$D,M15,1733412600,151050.0,151170.0,151040.0,151045.0,73978,5,327646
WIN$D,M15,1733413500,151050.0,151135.0,151005.0,151010.0,50815,5,215447
WIN$D,M15,1733414400,151010.0,151065.0,150910.0,150970.0,60894,5,259103
WIN$D,M15,1733415300,150975.0,150995.0,150825.0,150845.0,56969,5,243660
WIN$D,M15,1733416200,150840.0,150945.0,150825.0,150910.0,62773,5,278289
WIN$D,M15,1733417100,150910.0,150990.0,150885.0,150930.0,47124,5,202274
WIN$D,M15,1733418000,150930.0,150940.0,150785.0,150815.0,60433,5,257166
WIN$D,M15,1733418900,150810.0,150980.0,150730.0,150975.0,69784,5,284393
WIN$D,M15,1733419800,150980.0,150990.0,150915.0,150950.0,40181,5,148380
WIN$D,M15,1733420700,150945.0,151105.0,150890.0,151030.0,72689,5,267365
WIN$D,M15,1733421600,151035.0,151165.0,150985.0,151010.0,55817,5,174111
WIN$D,M15,1733422500,151010.0,151200.0,150955.0,151200.0,19576,5,80153
WIN$D,M15,1733475600,150845.0,150895.0,150355.0,150455.0,286670,5,822739
WIN$D,M15,1733476500,150455.0,150480.0,150230.0,150320.0,156721,5,532390
WIN$D,M15,1733477400,150325.0,150425.0,150230.0,150305.0,127119,5,434783
WIN$D,M15,1733478300,150310.0,150710.0,150300.0,150585.0,168135,5,568093
WIN$D,M15,1733479200,150585.0,150710.0,150435.0,150660.0,182180,5,595987
WIN$D,M15,1733480100,150655.0,150780.0,150520.0,150625.0,177864,5,608906
WIN$D,M15,1733481000,150630.0,150850.0,150380.0,150655.0,272250,5,863925
WIN$D,M15,1733481900,150660.0,150690.0,150390.0,150535.0,192061,5,611073
WIN$D,M15,1733482800,150535.0,150560.0,150230.0,150355.0,186530,5,632028
WIN$D,M15,1733483700,150355.0,150400.0,150155.0,150360.0,155365,5,534686
WIN$D,M15,1733484600,150360.0,150415.0,149905.0,150010.0,194302,5,708161
WIN$D,M15,1733485500,150010.0,150025.0,149595.0,149650.0,157445,5,622167
WIN$D,M15,1733486400,149650.0,149680.0,149405.0,149410.0,149617,5,625000
WIN$D,M15,1733487300,149415.0,149495.0,149290.0,149380.0,135046,5,582700
WIN$D,M15,1733488200,149375.0,149495.0,149270.0,149305.0,88336,5,338113
WIN$D,M15,1733489100,149305.0,149475.0,149225.0,149450.0,110830,5,445315
WIN$D,M15,1733490000,149445.0,149480.0,149315.0,149435.0,75627,5,273726
WIN$D,M15,1733490900,149440.0,149480.0,149325.0,149350.0,57481,5,204629
WIN$D,M15,1733491800,149355.0,149405.0,149295.0,149390.0,50921,5,182579
WIN$D,M15,1733492700,149395.0,149415.0,149185.0,149225.0,75380,5,295814
WIN$D,M15,1733493600,149230.0,149275.0,149010.0,149100.0,129384,5,523913
WIN$D,M15,1733494500,149095.0,149210.0,149070.0,149170.0,58126,5,219845
WIN$D,M15,1733495400,149175.0,149245.0,149050.0,149190.0,81175,5,321614
WIN$D,M15,1733496300,149185.0,149195.0,148970.0,149065.0,79182,5,303701
WIN$D,M15,1733497200,149070.0,149145.0,148925.0,149010.0,80430,5,342242
WIN$D,M15,1733498100,149010.0,149090.0,148865.0,149015.0,87404,5,374839
WIN$D,M15,1733499000,149015.0,149125.0,148985.0,149120.0,48458,5,187511
WIN$D,M15,1733499900,149115.0,149120.0,148965.0,148995.0,56980,5,229953
WIN$D,M15,1733500800,148995.0,149075.0,148945.0,149065.0,50848,5,192307
WIN$D,M15,1733501700,149065.0,149135.0,149045.0,149065.0,48335,5,201962
WIN$D,M15,1733502600,149065.0,149110.0,149020.0,149100.0,34304,5,134048
WIN$D,M15,1733503500,149105.0,149285.0,149095.0,149210.0,70680,5,302376
WIN$D,M15,1733504400,149210.0,149335.0,149165.0,149205.0,63716,5,265595
WIN$D,M15,1733505300,149200.0,149265.0,149155.0,149200.0,43401,5,165294
WIN$D,M15,1733506200,149205.0,149245.0,148960.0,149045.0,67795,5,263462
WIN$D,M15,1733507100,149040.0,149115.0,148885.0,148905.0,61309,5,223157
WIN$D,M15,1733508000,148910.0,149035.0,148885.0,148930.0,41835,5,153638
WIN$D,M15,1733508900,148925.0,149050.0,148900.0,148980.0,17185,5,77700
WIN$D,M15,1733734800,149620.0,149645.0,149385.0,149450.0,219369,5,583873
WIN$D,M15,1733735700,149450.0,149590.0,149445.0,149575.0,100255,5,300998
WIN$D,M15,1733736600,149575.0,149665.0,149530.0,149590.0,97582,5,317994
WIN$D,M15,1733737500,149590.0,149780.0,149560.0,149675.0,127487,5,410401
WIN$D,M15,1733738400,149675.0,150195.0,149625.0,150180.0,213496,5,739031
WIN$D,M15,1733739300,150175.0,150190.0,149930.0,150035.0,163078,5,571696
WIN$D,M15,1733740200,150040.0,150215.0,149860.0,150175.0,182492,5,631124
WIN$D,M15,1733741100,150175.0,150375.0,150135.0,150215.0,166585,5,576576
WIN$D,M15,1733742000,150215.0,150445.0,150160.0,150330.0,155027,5,553876
WIN$D,M15,1733742900,150325.0,150400.0,150225.0,150250.0,110784,5,383751
WIN$D,M15,1733743800,150250.0,150615.0,150240.0,150500.0,174211,5,619613
WIN$D,M15,1733744700,150505.0,150640.0,150405.0,150420.0,119027,5,428133
WIN$D,M15,1733745600,150420.0,150650.0,150380.0,150465.0,111929,5,398010
WIN$D,M15,1733746500,150465.0,150505.0,150105.0,150150.0,143430,5,532812
WIN$D,M15,1733747400,150155.0,150460.0,150145.0,150295.0,132010,5,499207
WIN$D,M15,1733748300,150295.0,150400.0,150250.0,150320.0,79759,5,283496
WIN$D,M15,1733749200,150315.0,150370.0,150240.0,150275.0,74304,5,261466
WIN$D,M15,1733750100,150270.0,150370.0,150215.0,150275.0,73686,5,262172
WIN$D,M15,1733751000,150270.0,150350.0,150065.0,150330.0,103515,5,359640
WIN$D,M15,1733751900,150330.0,150350.0,150250.0,150320.0,49954,5,169090
WIN$D,M15,1733752800,150320.0,150505.0,150265.0,150425.0,75391,5,263839
WIN$D,M15,1733753700,150425.0,150530.0,150270.0,150345.0,86811,5,312360
WIN$D,M15,1733754600,150345.0,150440.0,150310.0,150425.0,63395,5,226895
WIN$D,M15,1733755500,150425.0,150475.0,150300.0,150300.0,57606,5,212435
WIN$D,M15,1733756400,150305.0,150445.0,150275.0,150425.0,66691,5,258001
WIN$D,M15,1733757300,150430.0,150450.0,150265.0,150285.0,51892,5,197233
WIN$D,M15,1733758200,150285.0,150310.0,150210.0,150260.0,60886,5,235659
WIN$D,M15,1733759100,150265.0,150310.0,150175.0,150205.0,57911,5,230204
WIN$D,M15,1733760000,150210.0,150375.0,150190.0,150280.0,65433,5,254331
WIN$D,M15,1733760900,150280.0,150370.0,150230.0,150365.0,61436,5,245734
WIN$D,M15,1733761800,150365.0,150420.0,150325.0,150370.0,44213,5,170545
WIN$D,M15,1733762700,150375.0,150415.0,150290.0,150305.0,43485,5,163046
WIN$D,M15,1733763600,150300.0,150450.0,150290.0,150390.0,51076,5,196956
WIN$D,M15,1733764500,150390.0,150395.0,150285.0,150355.0,42364,5,161700
WIN$D,M15,1733765400,150355.0,150395.0,150285.0,150360.0,36574,5,140731
WIN$D,M15,1733766300,150360.0,150415.0,150315.0,150360.0,37004,5,136846
WIN$D,M15,1733767200,150355.0,150390.0,150320.0,150345.0,24250,5,94449
WIN$D,M15,1733768100,150340.0,150350.0,150205.0,150270.0,18111,5,78369
WIN$D,M15,1733821200,151140.0,151490.0,150740.0,150850.0,394651,5,1136663
WIN$D,M15,1733822100,150845.0,151205.0,150750.0,150935.0,274955,5,824721
WIN$D,M15,1733823000,150935.0,151235.0,150880.0,151200.0,126757,5,406860
WIN$D,M15,1733823900,151195.0,151380.0,151170.0,151330.0,143761,5,480318
WIN$D,M15,1733824800,151330.0,151425.0,150895.0,150985.0,249293,5,837465
WIN$D,M15,1733825700,150990.0,151225.0,150785.0,151170.0,250631,5,832555
WIN$D,M15,1733826600,151170.0,151630.0,151140.0,151465.0,224444,5,782634
WIN$D,M15,1733827500,151465.0,151505.0,151185.0,151190.0,184368,5,642142
WIN$D,M15,1733828400,151190.0,151335.0,151080.0,151165.0,156877,5,521735
WIN$D,M15,1733829300,151165.0,151305.0,150990.0,151290.0,125278,5,425901
WIN$D,M15,1733830200,151290.0,151620.0,151230.0,151325.0,216839,5,817353
WIN$D,M15,1733831100,151330.0,151365.0,151170.0,151275.0,129692,5,473479
WIN$D,M15,1733832000,151275.0,151345.0,151120.0,151200.0,95884,5,352415
WIN$D,M15,1733832900,151205.0,151280.0,151070.0,151215.0,107164,5,414663
WIN$D,M15,1733833800,151215.0,151400.0,151205.0,151370.0,83854,5,312923
WIN$D,M15,1733834700,151365.0,151385.0,151150.0,151205.0,71607,5,260395
WIN$D,M15,1733835600,151205.0,151220.0,151000.0,151095.0,87226,5,303177
WIN$D,M15,1733836500,151095.0,151095.0,150910.0,150940.0,86673,5,322637
WIN$D,M15,1733837400,150945.0,151000.0,150880.0,150910.0,64556,5,232927
WIN$D,M15,1733838300,150905.0,151070.0,150850.0,151030.0,78369,5,267983
WIN$D,M15,1733839200,151030.0,151135.0,151000.0,151080.0,67579,5,241568
WIN$D,M15,1733840100,151080.0,151115.0,150995.0,151060.0,65448,5,241384
WIN$D,M15,1733841000,151060.0,151100.0,150885.0,150945.0,71762,5,271525
WIN$D,M15,1733841900,150945.0,151095.0,150935.0,151055.0,54997,5,196317
WIN$D,M15,1733842800,151055.0,151115.0,150940.0,150960.0,54668,5,204249
WIN$D,M15,1733843700,150965.0,151085.0,150935.0,151000.0,47436,5,181781
WIN$D,M15,1733844600,151000.0,151070.0,150965.0,151035.0,36738,5,130337
WIN$D,M15,1733845500,151035.0,151040.0,150955.0,150990.0,27707,5,107236
WIN$D,M15,1733846400,150990.0,151090.0,150930.0,151065.0,50087,5,191528
WIN$D,M15,1733847300,151060.0,151200.0,151035.0,151090.0,60607,5,230147
WIN$D,M15,1733848200,151090.0,151265.0,151085.0,151225.0,53768,5,210942
WIN$D,M15,1733849100,151230.0,151315.0,151165.0,151270.0,48856,5,191097
WIN$D,M15,1733850000,151270.0,151350.0,151240.0,151295.0,57059,5,240747
WIN$D,M15,1733850900,151290.0,151460.0,151240.0,151385.0,64518,5,250945
WIN$D,M15,1733851800,151385.0,151400.0,151295.0,151375.0,43104,5,154106
WIN$D,M15,1733852700,151380.0,151425.0,151320.0,151350.0,55960,5,196289
WIN$D,M15,1733853600,151355.0,151400.0,151280.0,151325.0,37889,5,133649
WIN$D,M15,1733854500,151325.0,151385.0,151300.0,151345.0,13560,5,56277
WIN$D,M15,1733907600,151140.0,151520.0,151020.0,151495.0,261986,5,755342
WIN$D,M15,1733908500,151495.0,151610.0,151350.0,151405.0,157790,5,528921
WIN$D,M15,1733909400,151405.0,151525.0,151305.0,151385.0,164545,5,556672
WIN$D,M15,1733910300,151385.0,151455.0,151255.0,151450.0,137616,5,465319
WIN$D,M15,1733911200,151450.0,151905.0,151335.0,151740.0,302239,5,1025867
WIN$D,M15,1733912100,151740.0,151740.0,151400.0,151685.0,233326,5,788948
WIN$D,M15,1733913000,151680.0,151840.0,151385.0,151575.0,239114,5,761509
WIN$D,M15,1733913900,151580.0,151605.0,151185.0,151215.0,230175,5,764449
WIN$D,M15,1733914800,151215.0,151455.0,151210.0,151390.0,165927,5,562166
WIN$D,M15,1733915700,151385.0,151495.0,151275.0,151320.0,129582,5,457078
WIN$D,M15,1733916600,151320.0,151325.0,150920.0,150935.0,196677,5,690816
WIN$D,M15,1733917500,150935.0,150970.0,150700.0,150770.0,142909,5,565128
WIN$D,M15,1733918400,150775.0,150810.0,150405.0,150510.0,154359,5,602489
WIN$D,M15,1733919300,150510.0,150655.0,150440.0,150640.0,85205,5,325670
WIN$D,M15,1733920200,150640.0,150690.0,150535.0,150635.0,81760,5,312319
WIN$D,M15,1733921100,150630.0,150860.0,150590.0,150850.0,83459,5,315158
WIN$D,M15,1733922000,150855.0,151005.0,150780.0,150915.0,110921,5,433015
WIN$D,M15,1733922900,150915.0,150975.0,150820.0,150830.0,83052,5,332349
WIN$D,M15,1733923800,150835.0,150985.0,150820.0,150975.0,56907,5,208556
WIN$D,M15,1733924700,150980.0,150995.0,150860.0,150865.0,54457,5,203973
WIN$D,M15,1733925600,150870.0,150915.0,150780.0,150810.0,69355,5,258383
WIN$D,M15,1733926500,150810.0,150970.0,150740.0,150915.0,74154,5,284223
WIN$D,M15,1733927400,150915.0,150960.0,150800.0,150895.0,65046,5,253879
WIN$D,M15,1733928300,150895.0,150935.0,150805.0,150900.0,39766,5,151031
WIN$D,M15,1733929200,150900.0,150925.0,150765.0,150795.0,51577,5,211454
WIN$D,M15,1733930100,150800.0,150880.0,150690.0,150855.0,66040,5,264776
WIN$D,M15,1733931000,150860.0,150865.0,150685.0,150715.0,51462,5,210104
WIN$D,M15,1733931900,150715.0,150765.0,150630.0,150700.0,64196,5,268395
WIN$D,M15,1733932800,150700.0,150760.0,150695.0,150750.0,32246,5,124534
WIN$D,M15,1733933700,150755.0,150870.0,150725.0,150855.0,46725,5,194788
WIN$D,M15,1733934600,150860.0,154170.0,150850.0,153405.0,546865,5,1746818
WIN$D,M15,1733935500,153405.0,153970.0,152760.0,153200.0,344087,5,887600
WIN$D,M15,1733936400,153195.0,153590.0,153025.0,153125.0,204650,5,551899
WIN$D,M15,1733937300,153130.0,153250.0,152925.0,152940.0,106546,5,323337
WIN$D,M15,1733938200,152935.0,152965.0,152245.0,152435.0,160991,5,517355
WIN$D,M15,1733939100,152435.0,152830.0,152385.0,152785.0,96626,5,326455
WIN$D,M15,1733940000,152785.0,153020.0,152655.0,153005.0,67160,5,202597
WIN$D,M15,1733940900,153005.0,153155.0,152905.0,152935.0,31219,5,106009
WIN$D,M15,1733994000,153140.0,153360.0,152005.0,152200.0,388028,5,1068484
WIN$D,M15,1733994900,152200.0,152230.0,151670.0,151910.0,257146,5,854275
WIN$D,M15,1733995800,151915.0,151960.0,151395.0,151610.0,192363,5,665520
WIN$D,M15,1733996700,151610.0,151635.0,151360.0,151375.0,117282,5,419651
WIN$D,M15,1733997600,151375.0,151425.0,151145.0,151250.0,163298,5,597946
WIN$D,M15,1733998500,151250.0,151340.0,150685.0,150825.0,227081,5,836037
WIN$D,M15,1733999400,150825.0,150880.0,150485.0,150555.0,194315,5,723038
WIN$D,M15,1734000300,150550.0,150665.0,150440.0,150500.0,121230,5,439646
WIN$D,M15,1734001200,150495.0,150500.0,150150.0,150205.0,206724,5,774600
WIN$D,M15,1734002100,150210.0,150325.0,150085.0,150280.0,168112,5,616449
WIN$D,M15,1734003000,150275.0,150295.0,149925.0,150185.0,189003,5,729254
WIN$D,M15,1734003900,150185.0,150290.0,150110.0,150200.0,130134,5,474959
WIN$D,M15,1734004800,150200.0,150225.0,149760.0,149785.0,137026,5,545414
WIN$D,M15,1734005700,149790.0,149935.0,149790.0,149890.0,86246,5,331575
WIN$D,M15,1734006600,149890.0,149900.0,149645.0,149715.0,125211,5,519230
WIN$D,M15,1734007500,149710.0,149825.0,149605.0,149700.0,97288,5,394150
WIN$D,M15,1734008400,149700.0,149865.0,149685.0,149790.0,74821,5,291906
WIN$D,M15,1734009300,149795.0,149880.0,149730.0,149845.0,62482,5,242846
WIN$D,M15,1734010200,149845.0,149925.0,149820.0,149895.0,57369,5,223157
WIN$D,M15,1734011100,149890.0,149905.0,149645.0,149670.0,91137,5,360592
WIN$D,M15,1734012000,149670.0,149675.0,149430.0,149575.0,122356,5,497977
WIN$D,M15,1734012900,149570.0,149580.0,149355.0,149440.0,102082,5,403933
WIN$D,M15,1734013800,149440.0,149485.0,149195.0,149275.0,115327,5,471497
WIN$D,M15,1734014700,149275.0,149395.0,149255.0,149305.0,92857,5,376013
WIN$D,M15,1734015600,149310.0,149365.0,149190.0,149285.0,71263,5,277139
WIN$D,M15,1734016500,149285.0,149320.0,149150.0,149270.0,63296,5,269645
WIN$D,M15,1734017400,149265.0,149420.0,149260.0,149285.0,79849,5,334941
WIN$D,M15,1734018300,149290.0,149320.0,149130.0,149180.0,83829,5,367117
WIN$D,M15,1734019200,149175.0,149225.0,149090.0,149120.0,59595,5,248508
WIN$D,M15,1734020100,149115.0,149120.0,148955.0,149005.0,86002,5,390833
WIN$D,M15,1734021000,149000.0,149020.0,148830.0,148920.0,76277,5,354899
WIN$D,M15,1734021900,148920.0,149555.0,148885.0,149185.0,216614,5,932187
WIN$D,M15,1734022800,149190.0,149555.0,149180.0,149455.0,113300,5,412350
WIN$D,M15,1734023700,149450.0,149545.0,149190.0,149200.0,106956,5,388124
WIN$D,M15,1734024600,149200.0,149480.0,149160.0,149285.0,99480,5,339886
WIN$D,M15,1734025500,149290.0,149315.0,149085.0,149195.0,70642,5,259507
WIN$D,M15,1734026400,149195.0,149215.0,148910.0,149035.0,58733,5,205598
WIN$D,M15,1734027300,149030.0,149275.0,148925.0,149140.0,24494,5,91438
WIN$D,M15,1734080400,149185.0,149430.0,148935.0,149040.0,290311,5,821565
WIN$D,M15,1734081300,149045.0,149200.0,148830.0,149120.0,208406,5,664303
WIN$D,M15,1734082200,149120.0,149130.0,148955.0,149060.0,119525,5,387821
WIN$D,M15,1734083100,149060.0,149140.0,148925.0,149040.0,125979,5,431398
WIN$D,M15,1734084000,149045.0,149200.0,148950.0,148995.0,194320,5,667463
WIN$D,M15,1734084900,148995.0,149100.0,148795.0,149050.0,221261,5,740873
WIN$D,M15,1734085800,149045.0,149075.0,148890.0,148990.0,147395,5,528832
WIN$D,M15,1734086700,148985.0,149160.0,148735.0,148795.0,169179,5,599622
WIN$D,M15,1734087600,148800.0,148975.0,148670.0,148835.0,206067,5,694767
WIN$D,M15,1734088500,148835.0,148930.0,148765.0,148805.0,93364,5,305988
WIN$D,M15,1734089400,148805.0,148865.0,148355.0,148525.0,212492,5,791824
WIN$D,M15,1734090300,148525.0,148630.0,148475.0,148500.0,91635,5,331141
WIN$D,M15,1734091200,148500.0,148535.0,148285.0,148335.0,103231,5,381820
WIN$D,M15,1734092100,148330.0,148375.0,148230.0,148320.0,78641,5,293912
WIN$D,M15,1734093000,148325.0,148565.0,148275.0,148425.0,94788,5,342616
WIN$D,M15,1734093900,148425.0,148520.0,148385.0,148500.0,63632,5,227739
WIN$D,M15,1734094800,148500.0,148670.0,148360.0,148570.0,120720,5,445855
WIN$D,M15,1734095700,148575.0,148625.0,148485.0,148605.0,64260,5,225011
WIN$D,M15,1734096600,148605.0,148700.0,148535.0,148680.0,61388,5,214321
WIN$D,M15,1734097500,148680.0,148750.0,148605.0,148665.0,69461,5,245763
WIN$D,M15,1734098400,148660.0,148685.0,148535.0,148615.0,56417,5,195780
WIN$D,M15,1734099300,148615.0,148745.0,148485.0,148605.0,83281,5,307500
WIN$D,M15,1734100200,148610.0,148655.0,148380.0,148410.0,159942,5,564261
WIN$D,M15,1734101100,148415.0,148510.0,148065.0,148345.0,183364,5,659692
WIN$D,M15,1734102000,148345.0,148390.0,148205.0,148280.0,82513,5,282962
WIN$D,M15,1734102900,148280.0,148445.0,148155.0,148285.0,95039,5,338439
WIN$D,M15,1734103800,148290.0,148390.0,148275.0,148320.0,55226,5,189132
WIN$D,M15,1734104700,148325.0,148365.0,148255.0,148295.0,50227,5,168674
WIN$D,M15,1734105600,148290.0,148325.0,148105.0,148210.0,71489,5,241692
WIN$D,M15,1734106500,148215.0,148320.0,148175.0,148215.0,64964,5,238586
WIN$D,M15,1734107400,148210.0,148220.0,148045.0,148125.0,62725,5,210782
WIN$D,M15,1734108300,148125.0,148135.0,148000.0,148015.0,56524,5,192854
WIN$D,M15,1734109200,148015.0,148030.0,147760.0,147820.0,92488,5,342607
WIN$D,M15,1734110100,147825.0,147835.0,147595.0,147600.0,86626,5,297025
WIN$D,M15,1734111000,147600.0,147635.0,147470.0,147605.0,80644,5,272713
WIN$D,M15,1734111900,147605.0,147695.0,147485.0,147610.0,65707,5,206552
WIN$D,M15,1734112800,147610.0,147840.0,147525.0,147710.0,49433,5,158781
WIN$D,M15,1734113700,147715.0,148050.0,147630.0,147880.0,38271,5,122520
WIN$D,M15,1734339600,147690.0,147870.0,147415.0,147570.0,282851,5,779116
WIN$D,M15,1734340500,147575.0,147680.0,147475.0,147620.0,123671,5,353562
WIN$D,M15,1734341400,147620.0,147865.0,147485.0,147680.0,242137,5,718377
WIN$D,M15,1734342300,147680.0,147810.0,147565.0,147795.0,156992,5,464089
WIN$D,M15,1734343200,147795.0,147860.0,147515.0,147680.0,173625,5,552693
WIN$D,M15,1734344100,147680.0,147900.0,147515.0,147820.0,148395,5,474617
WIN$D,M15,1734345000,147820.0,147890.0,147710.0,147790.0,130799,5,418898
WIN$D,M15,1734345900,147790.0,147825.0,147590.0,147665.0,127056,5,410662
WIN$D,M15,1734346800,147665.0,147675.0,147255.0,147335.0,190588,5,645574
WIN$D,M15,1734347700,147340.0,147495.0,147240.0,147265.0,165681,5,547419
WIN$D,M15,1734348600,147265.0,147670.0,147175.0,147545.0,210849,5,728071
WIN$D,M15,1734349500,147545.0,147705.0,147485.0,147585.0,126545,5,444142
WIN$D,M15,1734350400,147580.0,147600.0,147335.0,147375.0,110549,5,374303
WIN$D,M15,1734351300,147375.0,147475.0,147310.0,147375.0,81136,5,269030
WIN$D,M15,1734352200,147370.0,147440.0,147220.0,147380.0,92424,5,310719
WIN$D,M15,1734353100,147375.0,147620.0,147305.0,147540.0,93188,5,322465
WIN$D,M15,1734354000,147535.0,147575.0,147425.0,147445.0,69175,5,228414
WIN$D,M15,1734354900,147450.0,147570.0,147430.0,147485.0,64634,5,210647
WIN$D,M15,1734355800,147485.0,147670.0,147480.0,147575.0,88642,5,293738
WIN$D,M15,1734356700,147575.0,147705.0,147535.0,147680.0,62994,5,215159
WIN$D,M15,1734357600,147675.0,147765.0,147580.0,147745.0,86023,5,288691
WIN$D,M15,1734358500,147740.0,147745.0,147530.0,147570.0,104320,5,349757
WIN$D,M15,1734359400,147570.0,147580.0,147390.0,147470.0,94420,5,326100
WIN$D,M15,1734360300,147475.0,147535.0,147400.0,147505.0,66328,5,230295
WIN$D,M15,1734361200,147505.0,147655.0,147445.0,147460.0,83061,5,293978
WIN$D,M15,1734362100,147460.0,147580.0,147435.0,147505.0,59650,5,205154
WIN$D,M15,1734363000,147500.0,147585.0,147460.0,147575.0,47413,5,174331
WIN$D,M15,1734363900,147575.0,147585.0,147430.0,147510.0,63949,5,235852
WIN$D,M15,1734364800,147505.0,147520.0,147345.0,147395.0,55388,5,191423
WIN$D,M15,1734365700,147395.0,147430.0,147315.0,147350.0,47753,5,171152
WIN$D,M15,1734366600,147345.0,147380.0,147205.0,147205.0,50029,5,178880
WIN$D,M15,1734367500,147200.0,147240.0,147090.0,147160.0,83090,5,317994
WIN$D,M15,1734368400,147165.0,147190.0,146985.0,147025.0,70997,5,270000
WIN$D,M15,1734369300,147030.0,147035.0,146760.0,146795.0,84191,5,315032
WIN$D,M15,1734370200,146795.0,146860.0,146560.0,146630.0,86071,5,319229
WIN$D,M15,1734371100,146630.0,146635.0,146390.0,146465.0,97776,5,306794
WIN$D,M15,1734372000,146470.0,146600.0,146380.0,146435.0,59705,5,191069
WIN$D,M15,1734372900,146430.0,146450.0,146200.0,146340.0,30267,5,118905
WIN$D,M15,1734426000,146405.0,147000.0,146375.0,146995.0,308530,5,756758
WIN$D,M15,1734426900,146995.0,147250.0,146890.0,147060.0,185950,5,510314
WIN$D,M15,1734427800,147060.0,147100.0,146740.0,146750.0,239728,5,641552
WIN$D,M15,1734428700,146750.0,146980.0,146650.0,146930.0,189565,5,561458
WIN$D,M15,1734429600,146925.0,146955.0,146675.0,146745.0,161407,5,490120
WIN$D,M15,1734430500,146745.0,146760.0,146460.0,146535.0,197023,5,584139
WIN$D,M15,1734431400,146535.0,147015.0,146530.0,146985.0,175593,5,538264
WIN$D,M15,1734432300,146990.0,147390.0,146890.0,147350.0,205294,5,673832
WIN$D,M15,1734433200,147355.0,147415.0,147105.0,147170.0,188370,5,605214
WIN$D,M15,1734434100,147170.0,147180.0,146910.0,146960.0,157891,5,505234
WIN$D,M15,1734435000,146965.0,147080.0,146755.0,146865.0,190911,5,643424
WIN$D,M15,1734435900,146865.0,146885.0,146575.0,146770.0,146772,5,531135
WIN$D,M15,1734436800,146775.0,146825.0,146665.0,146785.0,106686,5,365904
WIN$D,M15,1734437700,146790.0,147220.0,146720.0,147095.0,227281,5,797349
WIN$D,M15,1734438600,147095.0,147245.0,146885.0,146905.0,146540,5,449079
WIN$D,M15,1734439500,146905.0,147190.0,146850.0,147120.0,122416,5,411480
WIN$D,M15,1734440400,147125.0,147280.0,147035.0,147110.0,103942,5,349439
WIN$D,M15,1734441300,147105.0,147525.0,147100.0,147450.0,127256,5,435499
WIN$D,M15,1734442200,147450.0,147670.0,147310.0,147660.0,167629,5,565726
WIN$D,M15,1734443100,147655.0,148180.0,147530.0,147770.0,217043,5,705550
WIN$D,M15,1734444000,147770.0,147795.0,147475.0,147530.0,143164,5,465303
WIN$D,M15,1734444900,147525.0,147540.0,147210.0,147345.0,104775,5,344232
WIN$D,M15,1734445800,147345.0,147450.0,147280.0,147425.0,77813,5,253173
WIN$D,M15,1734446700,147425.0,147875.0,147335.0,147860.0,139899,5,479241
WIN$D,M15,1734447600,147860.0,148310.0,147755.0,147980.0,198653,5,651998
WIN$D,M15,1734448500,147985.0,148095.0,147595.0,147705.0,134380,5,447652
WIN$D,M15,1734449400,147700.0,147790.0,147550.0,147690.0,107634,5,355888
WIN$D,M15,1734450300,147695.0,147735.0,147415.0,147585.0,100734,5,327222
WIN$D,M15,1734451200,147585.0,147880.0,147530.0,147585.0,119489,5,392937
WIN$D,M15,1734452100,147585.0,147685.0,147505.0,147525.0,71357,5,229876
WIN$D,M15,1734453000,147525.0,147590.0,147390.0,147510.0,72444,5,231794
WIN$D,M15,1734453900,147510.0,147545.0,147260.0,147290.0,87765,5,284402
WIN$D,M15,1734454800,147290.0,147740.0,147285.0,147630.0,92457,5,292229
WIN$D,M15,1734455700,147635.0,147880.0,147630.0,147835.0,80336,5,252123
WIN$D,M15,1734456600,147830.0,148060.0,147730.0,147740.0,95476,5,288305
WIN$D,M15,1734457500,147740.0,148030.0,147730.0,148025.0,76043,5,209911
WIN$D,M15,1734458400,148025.0,148035.0,147745.0,147820.0,56126,5,165357
WIN$D,M15,1734459300,147820.0,148025.0,147760.0,147850.0,19941,5,67826
WIN$D,M15,1734512400,147705.0,147980.0,147560.0,147675.0,225412,5,564978
WIN$D,M15,1734513300,147675.0,147840.0,147410.0,147415.0,189588,5,545061
WIN$D,M15,1734514200,147415.0,147445.0,146795.0,146830.0,199419,5,609856
WIN$D,M15,1734515100,146825.0,146980.0,146760.0,146785.0,130742,5,382833
WIN$D,M15,1734516000,146785.0,146975.0,146735.0,146915.0,164488,5,477201
WIN$D,M15,1734516900,146915.0,146935.0,146540.0,146630.0,184907,5,557122
WIN$D,M15,1734517800,146630.0,146995.0,146585.0,146705.0,161359,5,478427
WIN$D,M15,1734518700,146705.0,146800.0,146420.0,146510.0,162060,5,495325
WIN$D,M15,1734519600,146515.0,146660.0,146445.0,146590.0,130255,5,391611
WIN$D,M15,1734520500,146585.0,146695.0,146355.0,146370.0,140603,5,449001
WIN$D,M15,1734521400,146370.0,146435.0,146135.0,146160.0,197808,5,632179
WIN$D,M15,1734522300,146160.0,146170.0,145820.0,145845.0,139999,5,479790
WIN$D,M15,1734523200,145845.0,145875.0,145340.0,145405.0,171372,5,627384
WIN$D,M15,1734524100,145405.0,145500.0,145280.0,145470.0,122344,5,431322
WIN$D,M15,1734525000,145470.0,145690.0,145360.0,145415.0,136012,5,463265
WIN$D,M15,1734525900,145415.0,145460.0,145250.0,145345.0,96732,5,330928
WIN$D,M15,1734526800,145350.0,145535.0,145275.0,145330.0,102764,5,341168
WIN$D,M15,1734527700,145335.0,145445.0,145230.0,145270.0,73574,5,244339
WIN$D,M15,1734528600,145265.0,145355.0,145090.0,145150.0,114002,5,365023
WIN$D,M15,1734529500,145150.0,145175.0,144960.0,144965.0,88336,5,308646
WIN$D,M15,1734530400,144965.0,145035.0,144855.0,145025.0,100064,5,325047
WIN$D,M15,1734531300,145020.0,145165.0,144870.0,145010.0,97405,5,316037
WIN$D,M15,1734532200,145010.0,145080.0,144835.0,145035.0,93929,5,303959
WIN$D,M15,1734533100,145035.0,145070.0,144805.0,145000.0,89203,5,289814
WIN$D,M15,1734534000,145000.0,145295.0,145000.0,145230.0,124207,5,458742
WIN$D,M15,1734534900,145230.0,145265.0,145045.0,145170.0,83194,5,296192
WIN$D,M15,1734535800,145175.0,145210.0,144850.0,144970.0,74555,5,272355
WIN$D,M15,1734536700,144970.0,145010.0,144840.0,144925.0,66040,5,245497
WIN$D,M15,1734537600,144930.0,144935.0,144405.0,144490.0,163649,5,534007
WIN$D,M15,1734538500,144495.0,144695.0,144460.0,144530.0,117499,5,371382
WIN$D,M15,1734539400,144530.0,144655.0,144230.0,144285.0,133728,5,448513
WIN$D,M15,1734540300,144290.0,144310.0,143740.0,143840.0,184104,5,619879
WIN$D,M15,1734541200,143840.0,143855.0,143635.0,143765.0,124258,5,428777
WIN$D,M15,1734542100,143765.0,144230.0,143720.0,143910.0,174771,5,556163
WIN$D,M15,1734543000,143905.0,143950.0,142995.0,143155.0,192922,5,597088
WIN$D,M15,1734543900,143150.0,143870.0,143010.0,143695.0,172470,5,481483
WIN$D,M15,1734544800,143695.0,144055.0,143500.0,144030.0,72775,5,243576
WIN$D,M15,1734545700,144030.0,144520.0,143900.0,144125.0,30279,5,125952
WIN$D,M15,1734598800,144800.0,144855.0,144285.0,144545.0,251114,5,622276
WIN$D,M15,1734599700,144545.0,144580.0,144190.0,144270.0,170057,5,454273
WIN$D,M15,1734600600,144270.0,144420.0,144210.0,144345.0,132846,5,373421
WIN$D,M15,1734601500,144345.0,144495.0,144280.0,144305.0,120199,5,347826
WIN$D,M15,1734602400,144310.0,144385.0,143910.0,143985.0,216989,5,649929
WIN$D,M15,1734603300,143985.0,144435.0,143850.0,144230.0,299485,5,894685
WIN$D,M15,1734604200,144235.0,144385.0,143985.0,144145.0,200852,5,597008
WIN$D,M15,1734605100,144145.0,144495.0,143910.0,144280.0,309023,5,964514
WIN$D,M15,1734606000,144280.0,144585.0,144105.0,144580.0,283136,5,934510
WIN$D,M15,1734606900,144585.0,144630.0,144260.0,144350.0,160862,5,537434
WIN$D,M15,1734607800,144355.0,144555.0,144135.0,144215.0,169384,5,554218
WIN$D,M15,1734608700,144220.0,144505.0,144020.0,144435.0,188058,5,613971
WIN$D,M15,1734609600,144440.0,144445.0,144000.0,144070.0,175567,5,595730
WIN$D,M15,1734610500,144075.0,144415.0,143925.0,144370.0,122924,5,406843
WIN$D,M15,1734611400,144370.0,144440.0,144205.0,144295.0,106491,5,345637
WIN$D,M15,1734612300,144295.0,144375.0,144165.0,144365.0,83981,5,287944
WIN$D,M15,1734613200,144365.0,144375.0,144170.0,144210.0,86356,5,282745
WIN$D,M15,1734614100,144205.0,144465.0,144160.0,144430.0,83399,5,272857
WIN$D,M15,1734615000,144430.0,144700.0,144395.0,144545.0,122931,5,397120
WIN$D,M15,1734615900,144550.0,144595.0,144155.0,144160.0,93127,5,297228
WIN$D,M15,1734616800,144160.0,144375.0,144140.0,144205.0,113450,5,360237
WIN$D,M15,1734617700,144210.0,144320.0,144180.0,144290.0,69095,5,216158
WIN$D,M15,1734618600,144290.0,144375.0,144230.0,144345.0,58692,5,181134
WIN$D,M15,1734619500,144345.0,144505.0,144340.0,144370.0,74865,5,241316
WIN$D,M15,1734620400,144370.0,144390.0,144195.0,144315.0,84633,5,307235
WIN$D,M15,1734621300,144310.0,144360.0,144045.0,144060.0,61091,5,224115
WIN$D,M15,1734622200,144060.0,144300.0,144050.0,144265.0,80733,5,292433
WIN$D,M15,1734623100,144265.0,144390.0,144205.0,144300.0,68014,5,254504
WIN$D,M15,1734624000,144300.0,144365.0,144090.0,144225.0,79556,5,281267
WIN$D,M15,1734624900,144225.0,144260.0,144080.0,144110.0,54390,5,176309
WIN$D,M15,1734625800,144105.0,144115.0,143805.0,143930.0,96906,5,319156
WIN$D,M15,1734626700,143935.0,144000.0,143750.0,143820.0,76684,5,247445
WIN$D,M15,1734627600,143820.0,143945.0,143770.0,143820.0,64171,5,210950
WIN$D,M15,1734628500,143820.0,143985.0,143770.0,143880.0,63706,5,205063
WIN$D,M15,1734629400,143880.0,144425.0,143850.0,144180.0,117655,5,376807
WIN$D,M15,1734630300,144180.0,144235.0,144075.0,144110.0,67111,5,193308
WIN$D,M15,1734631200,144105.0,144115.0,143875.0,143960.0,56777,5,168510
WIN$D,M15,1734632100,143960.0,144045.0,143905.0,143940.0,13258,5,43271
WIN$D,M15,1734685200,143550.0,144035.0,143460.0,143900.0,229169,5,619232
WIN$D,M15,1734686100,143900.0,143910.0,143355.0,143500.0,173857,5,497961
WIN$D,M15,1734687000,143500.0,143610.0,143405.0,143545.0,135159,5,377785
WIN$D,M15,1734687900,143540.0,143810.0,143510.0,143680.0,128003,5,361143
WIN$D,M15,1734688800,143680.0,143730.0,143480.0,143600.0,157437,5,454411
WIN$D,M15,1734689700,143600.0,143645.0,143335.0,143510.0,172434,5,523856
WIN$D,M15,1734690600,143515.0,143760.0,143505.0,143585.0,173554,5,534732
WIN$D,M15,1734691500,143590.0,143595.0,143320.0,143480.0,164426,5,502345
WIN$D,M15,1734692400,143475.0,143990.0,143465.0,143890.0,194784,5,611049
WIN$D,M15,1734693300,143885.0,144100.0,143835.0,143875.0,152749,5,478864
WIN$D,M15,1734694200,143875.0,144115.0,143720.0,143810.0,189430,5,611444
WIN$D,M15,1734695100,143810.0,143870.0,143630.0,143790.0,123119,5,395717
WIN$D,M15,1734696000,143795.0,144035.0,143765.0,143920.0,103952,5,340154
WIN$D,M15,1734696900,143920.0,144045.0,143855.0,143915.0,86099,5,269427
WIN$D,M15,1734697800,143915.0,144110.0,143850.0,143990.0,87140,5,284188
WIN$D,M15,1734698700,143990.0,144035.0,143770.0,143895.0,94027,5,315812
WIN$D,M15,1734699600,143895.0,143930.0,143695.0,143720.0,82891,5,259001
WIN$D,M15,1734700500,143725.0,143925.0,143715.0,143790.0,79569,5,243080
WIN$D,M15,1734701400,143790.0,143960.0,143765.0,143895.0,62886,5,204915
WIN$D,M15,1734702300,143895.0,143945.0,143720.0,143775.0,71276,5,247209
WIN$D,M15,1734703200,143775.0,143975.0,143720.0,143830.0,77496,5,261921
WIN$D,M15,1734704100,143835.0,143915.0,143770.0,143825.0,54139,5,171838
WIN$D,M15,1734705000,143830.0,144115.0,143660.0,144070.0,108936,5,370266
WIN$D,M15,1734705900,144070.0,144260.0,143990.0,144175.0,97766,5,329317
WIN$D,M15,1734706800,144175.0,144185.0,143950.0,143955.0,76488,5,271223
WIN$D,M15,1734707700,143960.0,144585.0,143905.0,144435.0,184333,5,668794
WIN$D,M15,1734708600,144430.0,144735.0,144275.0,144665.0,137169,5,440560
WIN$D,M15,1734709500,144665.0,144900.0,144620.0,144660.0,110001,5,379546
WIN$D,M15,1734710400,144660.0,144775.0,144600.0,144680.0,56974,5,185457
WIN$D,M15,1734711300,144680.0,144880.0,144660.0,144840.0,61789,5,208852
WIN$D,M15,1734712200,144840.0,144905.0,144550.0,144670.0,74808,5,254685
WIN$D,M15,1734713100,144675.0,144680.0,144475.0,144500.0,46397,5,158622
WIN$D,M15,1734714000,144500.0,144615.0,144380.0,144600.0,59596,5,207182
WIN$D,M15,1734714900,144600.0,144635.0,144440.0,144460.0,52643,5,168004
WIN$D,M15,1734715800,144460.0,144515.0,144320.0,144395.0,65403,5,220124
WIN$D,M15,1734716700,144395.0,144655.0,144365.0,144440.0,67944,5,208201
WIN$D,M15,1734717600,144440.0,144875.0,144425.0,144855.0,69197,5,222229
WIN$D,M15,1734718500,144850.0,144930.0,144725.0,144895.0,16562,5,70121
WIN$D,M15,1734944400,144400.0,144520.0,144060.0,144075.0,199955,5,492637
WIN$D,M15,1734945300,144075.0,144125.0,143820.0,143825.0,125299,5,355476
WIN$D,M15,1734946200,143825.0,143875.0,143565.0,143730.0,131884,5,388834
WIN$D,M15,1734947100,143735.0,143915.0,143705.0,143810.0,99855,5,289347
WIN$D,M15,1734948000,143815.0,144295.0,143775.0,144190.0,219095,5,675431
WIN$D,M15,1734948900,144190.0,144205.0,143700.0,143875.0,173643,5,545308
WIN$D,M15,1734949800,143875.0,144060.0,143725.0,143825.0,142988,5,461623
WIN$D,M15,1734950700,143825.0,143980.0,143780.0,143890.0,100836,5,308849
WIN$D,M15,1734951600,143895.0,143970.0,143660.0,143950.0,131775,5,391659
WIN$D,M15,1734952500,143945.0,144105.0,143935.0,144025.0,112644,5,355321
WIN$D,M15,1734953400,144030.0,144080.0,143565.0,143565.0,150287,5,481389
WIN$D,M15,1734954300,143570.0,143605.0,143400.0,143440.0,117288,5,398589
WIN$D,M15,1734955200,143445.0,143495.0,143160.0,143225.0,131812,5,435732
WIN$D,M15,1734956100,143225.0,143405.0,143195.0,143385.0,92396,5,312659
WIN$D,M15,1734957000,143390.0,143570.0,143315.0,143465.0,82605,5,287272
WIN$D,M15,1734957900,143460.0,143580.0,143380.0,143480.0,76176,5,269817
WIN$D,M15,1734958800,143480.0,143555.0,143425.0,143485.0,53358,5,172424
WIN$D,M15,1734959700,143485.0,143500.0,143385.0,143485.0,40658,5,134156
WIN$D,M15,1734960600,143490.0,143625.0,143465.0,143615.0,55803,5,187303
WIN$D,M15,1734961500,143615.0,143685.0,143570.0,143655.0,46117,5,159259
WIN$D,M15,1734962400,143660.0,143670.0,143410.0,143520.0,71925,5,248680
WIN$D,M15,1734963300,143515.0,143630.0,143460.0,143560.0,53939,5,176798
WIN$D,M15,1734964200,143560.0,143670.0,143525.0,143585.0,52815,5,168449
WIN$D,M15,1734965100,143580.0,143595.0,143395.0,143575.0,78872,5,257519
WIN$D,M15,1734966000,143575.0,143580.0,143450.0,143480.0,55186,5,181322
WIN$D,M15,1734966900,143485.0,143560.0,143425.0,143505.0,48982,5,167404
WIN$D,M15,1734967800,143505.0,143540.0,143440.0,143475.0,42659,5,143020
WIN$D,M15,1734968700,143470.0,143780.0,143470.0,143770.0,74735,5,259071
WIN$D,M15,1734969600,143770.0,143815.0,143640.0,143650.0,69690,5,233006
WIN$D,M15,1734970500,143645.0,143700.0,143580.0,143700.0,45368,5,154294
WIN$D,M15,1734971400,143700.0,143775.0,143675.0,143750.0,53260,5,182122
WIN$D,M15,1734972300,143750.0,143790.0,143705.0,143760.0,31843,5,104088
WIN$D,M15,1734973200,143760.0,143770.0,143485.0,143520.0,70293,5,247162
WIN$D,M15,1734974100,143520.0,143580.0,143470.0,143525.0,49155,5,158341
WIN$D,M15,1734975000,143520.0,143650.0,143505.0,143515.0,51218,5,163180
WIN$D,M15,1734975900,143515.0,143565.0,143400.0,143460.0,72761,5,224631
WIN$D,M15,1734976800,143460.0,143485.0,143100.0,143150.0,64218,5,195111
WIN$D,M15,1734977700,143145.0,143275.0,143045.0,143125.0,26227,5,89733
WIN$D,M15,1735203600,143155.0,143260.0,142610.0,142665.0,222596,5,556025
WIN$D,M15,1735204500,142665.0,142995.0,142660.0,142980.0,143891,5,398458
WIN$D,M15,1735205400,142975.0,143420.0,142955.0,143325.0,166441,5,459075
WIN$D,M15,1735206300,143325.0,143495.0,143240.0,143260.0,114926,5,317939
WIN$D,M15,1735207200,143265.0,143535.0,143200.0,143265.0,188784,5,557152
WIN$D,M15,1735208100,143270.0,143355.0,143060.0,143160.0,173562,5,507550
WIN$D,M15,1735209000,143155.0,143205.0,142865.0,143075.0,185760,5,530295
WIN$D,M15,1735209900,143075.0,143235.0,143000.0,143065.0,140985,5,404558
WIN$D,M15,1735210800,143070.0,143225.0,142985.0,143085.0,116636,5,338506
WIN$D,M15,1735211700,143080.0,143270.0,143030.0,143265.0,84032,5,248905
WIN$D,M15,1735212600,143265.0,143380.0,143130.0,143370.0,140503,5,429219
WIN$D,M15,1735213500,143370.0,143650.0,143350.0,143485.0,148939,5,465202
WIN$D,M15,1735214400,143485.0,143600.0,143335.0,143585.0,103680,5,325227
WIN$D,M15,1735215300,143590.0,143665.0,143505.0,143535.0,81046,5,261507
WIN$D,M15,1735216200,143535.0,143625.0,143475.0,143535.0,71130,5,232447
WIN$D,M15,1735217100,143535.0,143640.0,143480.0,143635.0,58221,5,184621
WIN$D,M15,1735218000,143630.0,143925.0,143625.0,143855.0,104566,5,327355
WIN$D,M15,1735218900,143855.0,144060.0,143830.0,144030.0,72888,5,249705
WIN$D,M15,1735219800,144030.0,144040.0,143770.0,143855.0,73415,5,250150
WIN$D,M15,1735220700,143850.0,143870.0,143625.0,143660.0,59323,5,203771
WIN$D,M15,1735221600,143665.0,143695.0,143500.0,143530.0,70194,5,239447
WIN$D,M15,1735222500,143535.0,143635.0,143465.0,143610.0,64308,5,208330
WIN$D,M15,1735223400,143610.0,143800.0,143605.0,143685.0,79609,5,263762
WIN$D,M15,1735224300,143680.0,143755.0,143520.0,143725.0,87728,5,291629
WIN$D,M15,1735225200,143725.0,143850.0,143645.0,143795.0,86257,5,298226
WIN$D,M15,1735226100,143795.0,143920.0,143765.0,143825.0,68907,5,241610
WIN$D,M15,1735227000,143820.0,143880.0,143680.0,143760.0,64101,5,227879
WIN$D,M15,1735227900,143755.0,143805.0,143685.0,143705.0,48644,5,173326
WIN$D,M15,1735228800,143705.0,143705.0,143540.0,143605.0,67067,5,234575
WIN$D,M15,1735229700,143605.0,143645.0,143545.0,143590.0,44973,5,147310
WIN$D,M15,1735230600,143590.0,143640.0,143510.0,143515.0,38330,5,127090
WIN$D,M15,1735231500,143515.0,143625.0,143480.0,143615.0,59244,5,204594
WIN$D,M15,1735232400,143610.0,143675.0,143540.0,143560.0,45478,5,154953
WIN$D,M15,1735233300,143555.0,143625.0,143490.0,143610.0,45555,5,163001
WIN$D,M15,1735234200,143610.0,143610.0,143370.0,143385.0,50392,5,161926
WIN$D,M15,1735235100,143385.0,143590.0,143305.0,143535.0,79389,5,238122
WIN$D,M15,1735236000,143530.0,143620.0,143445.0,143510.0,44612,5,131328
WIN$D,M15,1735236900,143515.0,143590.0,143465.0,143590.0,14702,5,54866
WIN$D,M15,1735290000,143455.0,143585.0,143160.0,143385.0,217509,5,548082
WIN$D,M15,1735290900,143385.0,143750.0,143270.0,143680.0,161764,5,453605
WIN$D,M15,1735291800,143685.0,143850.0,143610.0,143785.0,128940,5,380016
WIN$D,M15,1735292700,143790.0,144000.0,143775.0,143925.0,125481,5,389656
WIN$D,M15,1735293600,143925.0,144025.0,143735.0,143740.0,148605,5,452018
WIN$D,M15,1735294500,143735.0,143785.0,143500.0,143645.0,195427,5,598029
WIN$D,M15,1735295400,143645.0,143695.0,143335.0,143350.0,134994,5,396952
WIN$D,M15,1735296300,143355.0,143390.0,142975.0,143025.0,175234,5,553263
WIN$D,M15,1735297200,143020.0,143255.0,143015.0,143035.0,120596,5,365327
WIN$D,M15,1735298100,143035.0,143195.0,143015.0,143050.0,97170,5,284223
WIN$D,M15,1735299000,143055.0,143555.0,143015.0,143520.0,161726,5,526613
WIN$D,M15,1735299900,143525.0,143615.0,143250.0,143275.0,108831,5,352301
WIN$D,M15,1735300800,143280.0,143280.0,143000.0,143030.0,115532,5,380595
WIN$D,M15,1735301700,143030.0,143120.0,142885.0,143010.0,124133,5,422769
WIN$D,M15,1735302600,143005.0,143310.0,143000.0,143240.0,88457,5,283732
WIN$D,M15,1735303500,143240.0,143265.0,142980.0,143050.0,93161,5,293554
WIN$D,M15,1735304400,143055.0,143085.0,142950.0,143000.0,52410,5,159685
WIN$D,M15,1735305300,143005.0,143155.0,142960.0,143065.0,56614,5,181963
WIN$D,M15,1735306200,143070.0,143180.0,142975.0,143135.0,57095,5,180673
WIN$D,M15,1735307100,143135.0,143160.0,142815.0,142910.0,82430,5,275344
WIN$D,M15,1735308000,142915.0,142950.0,142855.0,142940.0,48834,5,149098
WIN$D,M15,1735308900,142940.0,142950.0,142760.0,142775.0,69976,5,220232
WIN$D,M15,1735309800,142770.0,142820.0,142690.0,142710.0,63915,5,220034
WIN$D,M15,1735310700,142715.0,142925.0,142710.0,142870.0,69015,5,222273
WIN$D,M15,1735311600,142865.0,142980.0,142795.0,142865.0,74018,5,239862
WIN$D,M15,1735312500,142865.0,142910.0,142695.0,142720.0,58719,5,195461
WIN$D,M15,1735313400,142720.0,142810.0,142585.0,142675.0,74354,5,247565
WIN$D,M15,1735314300,142670.0,142715.0,142535.0,142575.0,57691,5,189667
WIN$D,M15,1735315200,142570.0,142580.0,142455.0,142520.0,64023,5,211912
WIN$D,M15,1735316100,142520.0,142640.0,142500.0,142615.0,53692,5,176701
WIN$D,M15,1735317000,142620.0,142620.0,142420.0,142455.0,53011,5,178562
WIN$D,M15,1735317900,142455.0,142520.0,142405.0,142505.0,39849,5,131144
WIN$D,M15,1735318800,142500.0,142635.0,142495.0,142560.0,56282,5,197882
WIN$D,M15,1735319700,142555.0,142705.0,142490.0,142645.0,56372,5,188693
WIN$D,M15,1735320600,142650.0,142660.0,142390.0,142490.0,76023,5,242317
WIN$D,M15,1735321500,142495.0,142525.0,142305.0,142390.0,59444,5,180867
WIN$D,M15,1735322400,142390.0,142470.0,142255.0,142345.0,42682,5,142351
WIN$D,M15,1735323300,142350.0,142660.0,142335.0,142485.0,24476,5,94408
WIN$D,M15,1735549200,142455.0,142735.0,142395.0,142560.0,173329,5,442688
WIN$D,M15,1735550100,142560.0,142825.0,142530.0,142780.0,98787,5,278738
WIN$D,M15,1735551000,142780.0,142870.0,142675.0,142705.0,103520,5,307510
WIN$D,M15,1735551900,142710.0,142860.0,142610.0,142800.0,129594,5,384988
WIN$D,M15,1735552800,142805.0,142915.0,142655.0,142735.0,167122,5,521953
WIN$D,M15,1735553700,142735.0,142970.0,142635.0,142885.0,140515,5,426103
WIN$D,M15,1735554600,142885.0,143360.0,142850.0,143170.0,206101,5,658123
WIN$D,M15,1735555500,143170.0,143190.0,142915.0,142990.0,145089,5,452255
WIN$D,M15,1735556400,142985.0,143190.0,142880.0,142895.0,129191,5,382493
WIN$D,M15,1735557300,142895.0,142970.0,142845.0,142910.0,78188,5,230213
WIN$D,M15,1735558200,142910.0,143015.0,142760.0,142780.0,141293,5,439420
WIN$D,M15,1735559100,142780.0,142880.0,142670.0,142720.0,102184,5,314035
WIN$D,M15,1735560000,142715.0,142900.0,142690.0,142855.0,94514,5,300692
WIN$D,M15,1735560900,142860.0,143100.0,142820.0,143010.0,99024,5,317180
WIN$D,M15,1735561800,143015.0,143045.0,142640.0,142690.0,114703,5,372405
WIN$D,M15,1735562700,142690.0,142740.0,142550.0,142610.0,79275,5,249459
WIN$D,M15,1735563600,142615.0,142745.0,142415.0,142420.0,113574,5,359909
WIN$D,M15,1735564500,142425.0,142685.0,142395.0,142655.0,78438,5,246699
WIN$D,M15,1735565400,142655.0,142675.0,142475.0,142535.0,68607,5,216927
WIN$D,M15,1735566300,142535.0,142665.0,142360.0,142430.0,113671,5,385813
WIN$D,M15,1735567200,142430.0,142575.0,142385.0,142425.0,101717,5,318566
WIN$D,M15,1735568100,142425.0,142590.0,142405.0,142435.0,59693,5,192196
WIN$D,M15,1735569000,142435.0,142575.0,142380.0,142570.0,63086,5,210058
WIN$D,M15,1735569900,142565.0,142600.0,142445.0,142520.0,53169,5,178657
WIN$D,M15,1735570800,142520.0,142585.0,142455.0,142560.0,35197,5,117615
WIN$D,M15,1735571700,142555.0,142575.0,142470.0,142500.0,39173,5,129179
WIN$D,M15,1735572600,142500.0,142605.0,142480.0,142550.0,39770,5,145477
WIN$D,M15,1735573500,142550.0,142675.0,142530.0,142595.0,45462,5,157523
WIN$D,M15,1735574400,142590.0,142685.0,142515.0,142565.0,50628,5,173014
WIN$D,M15,1735575300,142560.0,142675.0,142545.0,142550.0,42830,5,141017
WIN$D,M15,1735576200,142550.0,142650.0,142545.0,142615.0,30724,5,106930
WIN$D,M15,1735577100,142610.0,142660.0,142485.0,142640.0,47931,5,172694
WIN$D,M15,1735578000,142645.0,142715.0,142610.0,142660.0,40304,5,139722
WIN$D,M15,1735578900,142655.0,142945.0,142645.0,142770.0,59653,5,190269
WIN$D,M15,1735579800,142765.0,142775.0,142575.0,142640.0,57230,5,179662
WIN$D,M15,1735580700,142635.0,142745.0,142515.0,142610.0,57493,5,167002
WIN$D,M15,1735581600,142605.0,142610.0,142460.0,142520.0,34059,5,102208
WIN$D,M15,1735582500,142510.0,142685.0,142505.0,142570.0,16999,5,61805
WIN$D,M15,1735808400,142740.0,143325.0,142700.0,142795.0,222741,5,505685
WIN$D,M15,1735809300,142795.0,142820.0,142590.0,142670.0,112766,5,289631
WIN$D,M15,1735810200,142670.0,142695.0,142070.0,142125.0,188019,5,503780
WIN$D,M15,1735811100,142125.0,142255.0,142005.0,142225.0,124262,5,327413
WIN$D,M15,1735812000,142225.0,142350.0,142090.0,142150.0,152830,5,426397
WIN$D,M15,1735812900,142155.0,142215.0,142025.0,142040.0,129083,5,376618
WIN$D,M15,1735813800,142045.0,142060.0,141340.0,141485.0,236283,5,743047
WIN$D,M15,1735814700,141480.0,141650.0,141455.0,141555.0,109369,5,332499
WIN$D,M15,1735815600,141555.0,141600.0,141400.0,141465.0,106072,5,323082
WIN$D,M15,1735816500,141470.0,141495.0,141250.0,141300.0,125145,5,402246
WIN$D,M15,1735817400,141295.0,142050.0,141280.0,141970.0,176984,5,559153
WIN$D,M15,1735818300,141970.0,142195.0,141920.0,141960.0,151690,5,494150
WIN$D,M15,1735819200,141965.0,142175.0,141960.0,142125.0,102379,5,330649
WIN$D,M15,1735820100,142125.0,142420.0,142075.0,142375.0,122190,5,408928
WIN$D,M15,1735821000,142375.0,142435.0,142250.0,142315.0,101891,5,328682
WIN$D,M15,1735821900,142315.0,142815.0,142215.0,142750.0,151206,5,522567
WIN$D,M15,1735822800,142745.0,142865.0,142500.0,142765.0,140239,5,459298
WIN$D,M15,1735823700,142760.0,142915.0,142700.0,142765.0,107388,5,331258
WIN$D,M15,1735824600,142760.0,142925.0,142645.0,142660.0,98994,5,323184
WIN$D,M15,1735825500,142660.0,142850.0,142600.0,142790.0,93788,5,315607
WIN$D,M15,1735826400,142790.0,142830.0,142535.0,142565.0,95006,5,317379
WIN$D,M15,1735827300,142565.0,142605.0,142400.0,142415.0,80518,5,255815
WIN$D,M15,1735828200,142415.0,142435.0,142190.0,142340.0,106050,5,348706
WIN$D,M15,1735829100,142340.0,142425.0,142165.0,142390.0,95708,5,308404
WIN$D,M15,1735830000,142390.0,142405.0,142210.0,142330.0,97119,5,322023
WIN$D,M15,1735830900,142325.0,142485.0,142245.0,142285.0,81577,5,264731
WIN$D,M15,1735831800,142280.0,142445.0,142245.0,142445.0,63850,5,202053
WIN$D,M15,1735832700,142445.0,142455.0,142275.0,142390.0,62844,5,196741
WIN$D,M15,1735833600,142390.0,142410.0,142250.0,142270.0,61889,5,201315
WIN$D,M15,1735834500,142275.0,142420.0,142200.0,142415.0,62280,5,206881
WIN$D,M15,1735835400,142410.0,142460.0,142305.0,142330.0,50512,5,158696
WIN$D,M15,1735836300,142330.0,142360.0,142230.0,142245.0,54340,5,186497
WIN$D,M15,1735837200,142240.0,142270.0,142090.0,142260.0,67689,5,237074
WIN$D,M15,1735838100,142260.0,142460.0,142235.0,142415.0,74408,5,240666
WIN$D,M15,1735839000,142415.0,142470.0,142305.0,142360.0,59551,5,174038
WIN$D,M15,1735839900,142360.0,142445.0,142320.0,142330.0,42584,5,117680
WIN$D,M15,1735840800,142330.0,142415.0,142310.0,142350.0,35092,5,95086
WIN$D,M15,1735841700,142350.0,142360.0,142255.0,142310.0,15818,5,54310
WIN$D,M15,1735894800,142215.0,142370.0,141825.0,141900.0,239707,5,571321
WIN$D,M15,1735895700,141895.0,142015.0,141840.0,141965.0,129095,5,330656
WIN$D,M15,1735896600,141960.0,141970.0,141750.0,141820.0,96678,5,263431
WIN$D,M15,1735897500,141820.0,141895.0,141665.0,141805.0,106138,5,311274
WIN$D,M15,1735898400,141805.0,142515.0,141775.0,142400.0,307500,5,994811
WIN$D,M15,1735899300,142400.0,142410.0,142060.0,142165.0,203776,5,632813
WIN$D,M15,1735900200,142170.0,142175.0,141730.0,141880.0,182359,5,571291
WIN$D,M15,1735901100,141880.0,142005.0,141835.0,141940.0,124412,5,381462
WIN$D,M15,1735902000,141940.0,141955.0,141395.0,141435.0,201660,5,627355
WIN$D,M15,1735902900,141435.0,141600.0,141355.0,141465.0,140131,5,437097
WIN$D,M15,1735903800,141465.0,141670.0,141375.0,141570.0,139604,5,471933
WIN$D,M15,1735904700,141570.0,141685.0,141435.0,141480.0,102878,5,348334
WIN$D,M15,1735905600,141475.0,141500.0,141185.0,141255.0,132687,5,447993
WIN$D,M15,1735906500,141250.0,141325.0,141170.0,141295.0,69214,5,221036
WIN$D,M15,1735907400,141300.0,141490.0,141280.0,141415.0,75612,5,265082
WIN$D,M15,1735908300,141415.0,141430.0,141250.0,141265.0,67812,5,233845
WIN$D,M15,1735909200,141270.0,141280.0,141035.0,141125.0,90797,5,309078
WIN$D,M15,1735910100,141130.0,141160.0,141000.0,141075.0,76682,5,259199
WIN$D,M15,1735911000,141075.0,141095.0,140870.0,140905.0,94341,5,333405
WIN$D,M15,1735911900,140910.0,140995.0,140870.0,140930.0,53306,5,176696
WIN$D,M15,1735912800,140930.0,141085.0,140895.0,141005.0,68634,5,225540
WIN$D,M15,1735913700,141010.0,141095.0,140970.0,141030.0,55384,5,184053
WIN$D,M15,1735914600,141030.0,141045.0,140875.0,140920.0,93984,5,321298
WIN$D,M15,1735915500,140920.0,140930.0,140580.0,140650.0,121195,5,408652
WIN$D,M15,1735916400,140655.0,140830.0,140590.0,140810.0,67712,5,241932
WIN$D,M15,1735917300,140805.0,140820.0,140685.0,140810.0,53185,5,175932
WIN$D,M15,1735918200,140810.0,140825.0,140710.0,140755.0,42749,5,139860
WIN$D,M15,1735919100,140750.0,140775.0,140640.0,140660.0,44236,5,154523
WIN$D,M15,1735920000,140660.0,140770.0,140605.0,140750.0,54692,5,202051
WIN$D,M15,1735920900,140755.0,140810.0,140620.0,140660.0,56086,5,201973
WIN$D,M15,1735921800,140655.0,140690.0,140615.0,140685.0,32726,5,121342
WIN$D,M15,1735922700,140685.0,140715.0,140525.0,140585.0,56013,5,198602
WIN$D,M15,1735923600,140585.0,140715.0,140575.0,140710.0,36486,5,126576
WIN$D,M15,1735924500,140710.0,140750.0,140650.0,140660.0,38817,5,135278
WIN$D,M15,1735925400,140660.0,140675.0,140545.0,140580.0,45106,5,152596
WIN$D,M15,1735926300,140575.0,140595.0,140485.0,140505.0,50808,5,163246
WIN$D,M15,1735927200,140510.0,140635.0,140505.0,140530.0,34865,5,105613
WIN$D,M15,1735928100,140530.0,140545.0,140430.0,140450.0,17542,5,70004
WIN$D,M15,1736154000,140875.0,141505.0,140775.0,141485.0,266271,5,680175
WIN$D,M15,1736154900,141480.0,141590.0,141385.0,141515.0,148307,5,432893
WIN$D,M15,1736155800,141515.0,141615.0,141360.0,141570.0,124387,5,374836
WIN$D,M15,1736156700,141565.0,141895.0,141565.0,141875.0,137864,5,448724
WIN$D,M15,1736157600,141875.0,142200.0,141805.0,142035.0,227974,5,741918
WIN$D,M15,1736158500,142035.0,142165.0,141765.0,142045.0,209367,5,646741
WIN$D,M15,1736159400,142045.0,142150.0,141920.0,142075.0,137028,5,430954
WIN$D,M15,1736160300,142080.0,142135.0,141810.0,141925.0,154671,5,491325
WIN$D,M15,1736161200,141925.0,142330.0,141905.0,142195.0,207079,5,641615
WIN$D,M15,1736162100,142190.0,142205.0,141540.0,141750.0,290312,5,902836
WIN$D,M15,1736163000,141750.0,141985.0,141495.0,141580.0,207064,5,637738
WIN$D,M15,1736163900,141585.0,142220.0,141575.0,142185.0,173108,5,554120
WIN$D,M15,1736164800,142190.0,142420.0,142070.0,142150.0,173926,5,584647
WIN$D,M15,1736165700,142150.0,142150.0,141855.0,141980.0,128894,5,418379
WIN$D,M15,1736166600,141975.0,141985.0,141705.0,141780.0,97885,5,307682
WIN$D,M15,1736167500,141780.0,142015.0,141730.0,141950.0,80220,5,266482
WIN$D,M15,1736168400,141950.0,141960.0,141750.0,141845.0,81737,5,277072
WIN$D,M15,1736169300,141845.0,142110.0,141805.0,142085.0,89311,5,282476
WIN$D,M15,1736170200,142085.0,142195.0,142025.0,142050.0,81586,5,260416
WIN$D,M15,1736171100,142055.0,142250.0,142050.0,142225.0,59868,5,190642
WIN$D,M15,1736172000,142225.0,142355.0,142190.0,142285.0,75303,5,244090
WIN$D,M15,1736172900,142290.0,142350.0,142085.0,142155.0,83345,5,266244
WIN$D,M15,1736173800,142150.0,142170.0,141995.0,142020.0,71102,5,232076
WIN$D,M15,1736174700,142020.0,142025.0,141845.0,141950.0,82402,5,266471
WIN$D,M15,1736175600,141950.0,141995.0,141830.0,141855.0,65185,5,213079
WIN$D,M15,1736176500,141860.0,141860.0,141670.0,141775.0,80535,5,282903
WIN$D,M15,1736177400,141775.0,141940.0,141770.0,141920.0,64741,5,220940
WIN$D,M15,1736178300,141925.0,141945.0,141775.0,141870.0,67331,5,229434
WIN$D,M15,1736179200,141865.0,141970.0,141775.0,141890.0,56658,5,189496
WIN$D,M15,1736180100,141890.0,142010.0,141885.0,141920.0,44417,5,146908
WIN$D,M15,1736181000,141920.0,141925.0,141790.0,141860.0,59079,5,205195
WIN$D,M15,1736181900,141865.0,141960.0,141815.0,141900.0,40550,5,147937
WIN$D,M15,1736182800,141900.0,141985.0,141855.0,141865.0,45697,5,160750
WIN$D,M15,1736183700,141865.0,141940.0,141815.0,141890.0,47716,5,165077
WIN$D,M15,1736184600,141895.0,141975.0,141875.0,141895.0,41091,5,142671
WIN$D,M15,1736185500,141895.0,142115.0,141865.0,141925.0,77608,5,237634
WIN$D,M15,1736186400,141925.0,142065.0,141915.0,142015.0,36799,5,101731
WIN$D,M15,1736187300,142015.0,142095.0,142005.0,142030.0,14504,5,57994
WIN$D,M15,1736240400,142010.0,142400.0,141865.0,142330.0,279672,5,713561
WIN$D,M15,1736241300,142330.0,142535.0,142285.0,142435.0,144117,5,433518
WIN$D,M15,1736242200,142430.0,142630.0,142315.0,142625.0,155362,5,474414
WIN$D,M15,1736243100,142625.0,142825.0,142615.0,142740.0,144349,5,465454
WIN$D,M15,1736244000,142745.0,143165.0,142720.0,143050.0,230920,5,759833
WIN$D,M15,1736244900,143050.0,143100.0,142825.0,143065.0,157676,5,528798
WIN$D,M15,1736245800,143065.0,143210.0,142785.0,142985.0,182159,5,621718
WIN$D,M15,1736246700,142985.0,143135.0,142840.0,143120.0,132569,5,447560
WIN$D,M15,1736247600,143120.0,143375.0,143075.0,143115.0,180827,5,642519
WIN$D,M15,1736248500,143120.0,143200.0,143050.0,143065.0,110632,5,391994
WIN$D,M15,1736249400,143060.0,143445.0,143015.0,143255.0,198681,5,717933
WIN$D,M15,1736250300,143260.0,143350.0,143140.0,143290.0,124765,5,447452
WIN$D,M15,1736251200,143290.0,143290.0,142955.0,143255.0,178450,5,613586
WIN$D,M15,1736252100,143255.0,143790.0,143175.0,143730.0,200666,5,742098
WIN$D,M15,1736253000,143730.0,143805.0,143610.0,143635.0,111363,5,378839
WIN$D,M15,1736253900,143635.0,143655.0,143415.0,143445.0,86382,5,294652
WIN$D,M15,1736254800,143450.0,143645.0,143365.0,143480.0,94095,5,324501
WIN$D,M15,1736255700,143480.0,143565.0,143310.0,143430.0,78119,5,253466
WIN$D,M15,1736256600,143425.0,143550.0,143370.0,143525.0,90672,5,288786
WIN$D,M15,1736257500,143525.0,143675.0,143515.0,143640.0,78698,5,257914
WIN$D,M15,1736258400,143640.0,143730.0,143515.0,143575.0,85259,5,301365
WIN$D,M15,1736259300,143570.0,143680.0,143530.0,143590.0,66120,5,228388
WIN$D,M15,1736260200,143585.0,143645.0,143485.0,143495.0,60373,5,213895
WIN$D,M15,1736261100,143495.0,143565.0,143455.0,143500.0,51996,5,182332
WIN$D,M15,1736262000,143495.0,143640.0,143475.0,143595.0,55380,5,197348
WIN$D,M15,1736262900,143600.0,143610.0,143410.0,143440.0,62685,5,220576
WIN$D,M15,1736263800,143440.0,143470.0,143280.0,143295.0,69078,5,243982
WIN$D,M15,1736264700,143295.0,143320.0,143175.0,143235.0,77079,5,276191
WIN$D,M15,1736265600,143230.0,143275.0,143195.0,143235.0,42283,5,150047
WIN$D,M15,1736266500,143235.0,143240.0,143100.0,143155.0,66825,5,243414
WIN$D,M15,1736267400,143155.0,143355.0,143140.0,143170.0,69074,5,256354
WIN$D,M15,1736268300,143170.0,143265.0,143155.0,143230.0,38357,5,143314
WIN$D,M15,1736269200,143225.0,143290.0,142885.0,142990.0,72489,5,266467
WIN$D,M15,1736270100,142995.0,143080.0,142890.0,142995.0,58445,5,200946
WIN$D,M15,1736271000,142990.0,143125.0,142855.0,143065.0,70384,5,231774
WIN$D,M15,1736271900,143070.0,143275.0,143060.0,143270.0,71893,5,216950
WIN$D,M15,1736272800,143270.0,143400.0,143225.0,143355.0,47928,5,143313
WIN$D,M15,1736273700,143360.0,143375.0,143225.0,143375.0,17697,5,67557
WIN$D,M15,1736326800,143150.0,143300.0,142625.0,142865.0,296882,5,756082
WIN$D,M15,1736327700,142865.0,142870.0,142425.0,142535.0,205741,5,617170
WIN$D,M15,1736328600,142535.0,142705.0,142465.0,142645.0,115794,5,344856
WIN$D,M15,1736329500,142650.0,142650.0,142475.0,142600.0,124226,5,389748
WIN$D,M15,1736330400,142600.0,142845.0,142600.0,142750.0,217233,5,654475
WIN$D,M15,1736331300,142745.0,142800.0,142320.0,142345.0,229558,5,725035
WIN$D,M15,1736332200,142345.0,142415.0,141950.0,142065.0,217649,5,724392
WIN$D,M15,1736333100,142065.0,142175.0,141900.0,141970.0,157282,5,522919
WIN$D,M15,1736334000,141965.0,142000.0,141800.0,141880.0,128437,5,415494
WIN$D,M15,1736334900,141880.0,142155.0,141855.0,142100.0,132685,5,457302
WIN$D,M15,1736335800,142100.0,142120.0,141675.0,141760.0,218828,5,753473
WIN$D,M15,1736336700,141760.0,141990.0,141705.0,141790.0,129404,5,445474
WIN$D,M15,1736337600,141795.0,142005.0,141785.0,141880.0,96506,5,327466
WIN$D,M15,1736338500,141880.0,142100.0,141855.0,141935.0,92449,5,305613
WIN$D,M15,1736339400,141935.0,141940.0,141770.0,141910.0,85814,5,272074
WIN$D,M15,1736340300,141915.0,141995.0,141885.0,141980.0,48356,5,157003
WIN$D,M15,1736341200,141980.0,142000.0,141820.0,141905.0,80960,5,264057
WIN$D,M15,1736342100,141905.0,142035.0,141835.0,141855.0,75202,5,251375
WIN$D,M15,1736343000,141855.0,142000.0,141785.0,141895.0,74110,5,241836
WIN$D,M15,1736343900,141890.0,141980.0,141835.0,141910.0,48369,5,150753
WIN$D,M15,1736344800,141905.0,141920.0,141625.0,141645.0,105207,5,365059
WIN$D,M15,1736345700,141650.0,141705.0,141510.0,141565.0,88409,5,299047
WIN$D,M15,1736346600,141560.0,141635.0,141530.0,141610.0,52201,5,175113
WIN$D,M15,1736347500,141610.0,141740.0,141565.0,141595.0,80618,5,277678
WIN$D,M15,1736348400,141595.0,141715.0,141485.0,141505.0,78208,5,269418
WIN$D,M15,1736349300,141510.0,141640.0,141470.0,141560.0,65551,5,226623
WIN$D,M15,1736350200,141565.0,141625.0,141480.0,141530.0,58949,5,202381
WIN$D,M15,1736351100,141530.0,141530.0,141410.0,141520.0,55552,5,206082
WIN$D,M15,1736352000,141525.0,141615.0,141470.0,141490.0,54899,5,192153
WIN$D,M15,1736352900,141485.0,141620.0,141485.0,141595.0,57006,5,205844
WIN$D,M15,1736353800,141600.0,141600.0,141370.0,141430.0,68699,5,257601
WIN$D,M15,1736354700,141430.0,141445.0,141320.0,141355.0,47737,5,172066
WIN$D,M15,1736355600,141350.0,141540.0,141345.0,141475.0,63196,5,224351
WIN$D,M15,1736356500,141475.0,141645.0,141435.0,141600.0,58732,5,193766
WIN$D,M15,1736357400,141595.0,141645.0,141530.0,141575.0,44975,5,140537
WIN$D,M15,1736358300,141575.0,141725.0,141530.0,141545.0,65053,5,189978
WIN$D,M15,1736359200,141545.0,141645.0,141510.0,141590.0,41553,5,114713
WIN$D,M15,1736360100,141590.0,141800.0,141585.0,141740.0,21208,5,78752
WIN$D,M15,1736413200,141725.0,141880.0,141425.0,141695.0,343951,5,833528
WIN$D,M15,1736414100,141690.0,141705.0,141505.0,141590.0,161363,5,465357
WIN$D,M15,1736415000,141595.0,141700.0,141460.0,141660.0,125969,5,371241
WIN$D,M15,1736415900,141660.0,141730.0,141535.0,141590.0,102839,5,317813
WIN$D,M15,1736416800,141595.0,141820.0,141530.0,141790.0,193876,5,608435
WIN$D,M15,1736417700,141790.0,141835.0,141530.0,141790.0,169548,5,537921
WIN$D,M15,1736418600,141790.0,141895.0,141605.0,141805.0,182063,5,620726
WIN$D,M15,1736419500,141805.0,141820.0,141665.0,141730.0,125056,5,433532
WIN$D,M15,1736420400,141725.0,141745.0,141460.0,141575.0,152960,5,543791
WIN$D,M15,1736421300,141575.0,141725.0,141505.0,141630.0,125925,5,413917
WIN$D,M15,1736422200,141630.0,141880.0,141580.0,141780.0,130251,5,464405
WIN$D,M15,1736423100,141785.0,141865.0,141725.0,141795.0,80540,5,291415
WIN$D,M15,1736424000,141790.0,141930.0,141730.0,141840.0,93878,5,355856
WIN$D,M15,1736424900,141835.0,141940.0,141815.0,141920.0,60509,5,225055
WIN$D,M15,1736425800,141920.0,142030.0,141895.0,141975.0,69080,5,260267
WIN$D,M15,1736426700,141970.0,142045.0,141925.0,142000.0,46971,5,174878
WIN$D,M15,1736427600,142000.0,142005.0,141760.0,141800.0,77282,5,278383
WIN$D,M15,1736428500,141800.0,141950.0,141795.0,141870.0,61979,5,232725
WIN$D,M15,1736429400,141870.0,141970.0,141830.0,141935.0,47956,5,181852
WIN$D,M15,1736430300,141935.0,141990.0,141885.0,141985.0,41302,5,146196
WIN$D,M15,1736431200,141990.0,142100.0,141980.0,142050.0,66010,5,239757
WIN$D,M15,1736432100,142045.0,142085.0,141880.0,141925.0,64388,5,239921
WIN$D,M15,1736433000,141920.0,142000.0,141895.0,141930.0,51511,5,189032
WIN$D,M15,1736433900,141930.0,142045.0,141900.0,142020.0,41906,5,152636
WIN$D,M15,1736434800,142025.0,142030.0,141905.0,141955.0,41935,5,150892
WIN$D,M15,1736435700,141960.0,141995.0,141905.0,141910.0,28043,5,102346
WIN$D,M15,1736436600,141905.0,141930.0,141775.0,141830.0,62123,5,231604
WIN$D,M15,1736437500,141835.0,141905.0,141815.0,141815.0,38478,5,144550
WIN$D,M15,1736438400,141820.0,141825.0,141600.0,141630.0,84943,5,335820
WIN$D,M15,1736439300,141630.0,141735.0,141615.0,141700.0,40304,5,153126
WIN$D,M15,1736440200,141700.0,141705.0,141600.0,141680.0,40013,5,152611
WIN$D,M15,1736441100,141680.0,141825.0,141655.0,141745.0,60010,5,231403
WIN$D,M15,1736442000,141745.0,141775.0,141690.0,141710.0,35640,5,137075
WIN$D,M15,1736442900,141715.0,141740.0,141615.0,141675.0,36321,5,134028
WIN$D,M15,1736443800,141675.0,141755.0,141635.0,141740.0,34718,5,131586
WIN$D,M15,1736444700,141750.0,141925.0,141750.0,141865.0,62170,5,207711
WIN$D,M15,1736445600,141865.0,141895.0,141685.0,141735.0,35010,5,114309
WIN$D,M15,1736446500,141735.0,141800.0,141695.0,141700.0,10680,5,50468
WIN$D,M15,1736499600,142060.0,142370.0,141750.0,141860.0,286930,5,735245
WIN$D,M15,1736500500,141860.0,141945.0,141780.0,141885.0,119998,5,340015
WIN$D,M15,1736501400,141880.0,141920.0,141790.0,141885.0,59052,5,170125
WIN$D,M15,1736502300,141880.0,141960.0,141775.0,141800.0,72044,5,214057
WIN$D,M15,1736503200,141805.0,141895.0,141490.0,141515.0,172885,5,550741
WIN$D,M15,1736504100,141510.0,141740.0,141375.0,141600.0,179728,5,565156
WIN$D,M15,1736505000,141600.0,141615.0,141055.0,141255.0,277031,5,841847
WIN$D,M15,1736505900,141250.0,141280.0,141040.0,141180.0,154562,5,499416
WIN$D,M15,1736506800,141185.0,141250.0,141005.0,141215.0,139653,5,473803
WIN$D,M15,1736507700,141215.0,141245.0,140945.0,141050.0,120574,5,419080
WIN$D,M15,1736508600,141050.0,141345.0,140990.0,141145.0,191051,5,654320
WIN$D,M15,1736509500,141145.0,141215.0,140905.0,140960.0,125550,5,433177
WIN$D,M15,1736510400,140955.0,140955.0,140650.0,140740.0,137324,5,490141
WIN$D,M15,1736511300,140740.0,140855.0,140615.0,140715.0,99523,5,344689
WIN$D,M15,1736512200,140715.0,140815.0,140655.0,140730.0,70308,5,248385
WIN$D,M15,1736513100,140730.0,140825.0,140710.0,140750.0,56990,5,189826
WIN$D,M15,1736514000,140745.0,140780.0,140605.0,140720.0,75257,5,263299
WIN$D,M15,1736514900,140725.0,140780.0,140660.0,140695.0,54985,5,195940
WIN$D,M15,1736515800,140695.0,140880.0,140640.0,140850.0,65312,5,229950
WIN$D,M15,1736516700,140850.0,140900.0,140765.0,140785.0,71882,5,267853
WIN$D,M15,1736517600,140785.0,140825.0,140630.0,140800.0,74069,5,272027
WIN$D,M15,1736518500,140800.0,141020.0,140765.0,140895.0,89100,5,323214
WIN$D,M15,1736519400,140895.0,141040.0,140855.0,140950.0,76499,5,272139
WIN$D,M15,1736520300,140955.0,141155.0,140920.0,141095.0,78840,5,287118
WIN$D,M15,1736521200,141095.0,141130.0,140990.0,141015.0,65583,5,248406
WIN$D,M15,1736522100,141015.0,141180.0,140970.0,141140.0,62966,5,232038
WIN$D,M15,1736523000,141145.0,141155.0,140980.0,141055.0,57266,5,209409
WIN$D,M15,1736523900,141055.0,141215.0,141030.0,141170.0,58607,5,248962
WIN$D,M15,1736524800,141170.0,141175.0,140990.0,141000.0,67653,5,240985
WIN$D,M15,1736525700,141000.0,141100.0,140970.0,141090.0,46880,5,169202
WIN$D,M15,1736526600,141090.0,141130.0,140900.0,140980.0,61622,5,226020
WIN$D,M15,1736527500,140975.0,141005.0,140845.0,140875.0,46738,5,181584
WIN$D,M15,1736528400,140875.0,140875.0,140705.0,140720.0,61622,5,226603
WIN$D,M15,1736529300,140725.0,140880.0,140685.0,140845.0,49073,5,180653
WIN$D,M15,1736530200,140845.0,140925.0,140730.0,140895.0,56996,5,190308
WIN$D,M15,1736531100,140900.0,140945.0,140785.0,140830.0,53596,5,169926
WIN$D,M15,1736532000,140830.0,141010.0,140790.0,140945.0,45454,5,129176
WIN$D,M15,1736532900,140945.0,141095.0,140865.0,141000.0,20483,5,77106
WIN$D,M15,1736758800,140735.0,140920.0,140515.0,140645.0,227911,5,569741
WIN$D,M15,1736759700,140645.0,141000.0,140615.0,141000.0,138906,5,408210
WIN$D,M15,1736760600,141000.0,141115.0,140920.0,140940.0,126305,5,398068
WIN$D,M15,1736761500,140945.0,141020.0,140760.0,140820.0,114586,5,365207
WIN$D,M15,1736762400,140825.0,141105.0,140765.0,140805.0,212122,5,658312
WIN$D,M15,1736763300,140810.0,140965.0,140790.0,140885.0,135371,5,443644
WIN$D,M15,1736764200,140885.0,141020.0,140625.0,140910.0,207809,5,662186
WIN$D,M15,1736765100,140905.0,140935.0,140685.0,140795.0,156717,5,495790
WIN$D,M15,1736766000,140790.0,140905.0,140565.0,140875.0,142963,5,464788
WIN$D,M15,1736766900,140875.0,141065.0,140840.0,140920.0,151269,5,503403
WIN$D,M15,1736767800,140920.0,141285.0,140880.0,141140.0,189231,5,653269
WIN$D,M15,1736768700,141145.0,141415.0,141115.0,141240.0,138322,5,487284
WIN$D,M15,1736769600,141240.0,141350.0,141170.0,141330.0,97558,5,325507
WIN$D,M15,1736770500,141330.0,141455.0,141305.0,141395.0,81620,5,285188
WIN$D,M15,1736771400,141395.0,141565.0,141390.0,141435.0,86611,5,326510
WIN$D,M15,1736772300,141435.0,141495.0,141340.0,141385.0,70498,5,246311
WIN$D,M15,1736773200,141385.0,141600.0,141355.0,141470.0,77153,5,271149
WIN$D,M15,1736774100,141470.0,141485.0,141360.0,141440.0,56262,5,203828
WIN$D,M15,1736775000,141435.0,141445.0,141110.0,141115.0,92129,5,327054
WIN$D,M15,1736775900,141115.0,141250.0,141035.0,141045.0,81219,5,300840
WIN$D,M15,1736776800,141045.0,141075.0,140875.0,140905.0,96177,5,344948
WIN$D,M15,1736777700,140910.0,140950.0,140805.0,140895.0,72537,5,252369
WIN$D,M15,1736778600,140895.0,140970.0,140820.0,140945.0,70065,5,253972
WIN$D,M15,1736779500,140945.0,141000.0,140875.0,140910.0,48852,5,179930
WIN$D,M15,1736780400,140915.0,140960.0,140840.0,140850.0,44271,5,172011
WIN$D,M15,1736781300,140850.0,140930.0,140810.0,140900.0,55466,5,216795
WIN$D,M15,1736782200,140900.0,140955.0,140860.0,140905.0,51089,5,201923
WIN$D,M15,1736783100,140905.0,140930.0,140825.0,140860.0,38227,5,146374
WIN$D,M15,1736784000,140865.0,140905.0,140730.0,140885.0,78162,5,300588
WIN$D,M15,1736784900,140885.0,140930.0,140815.0,140855.0,49330,5,185584
WIN$D,M15,1736785800,140860.0,140935.0,140780.0,140875.0,48952,5,187608
WIN$D,M15,1736786700,140875.0,140905.0,140795.0,140850.0,41948,5,171097
WIN$D,M15,1736787600,140850.0,140860.0,140760.0,140850.0,41874,5,182015
WIN$D,M15,1736788500,140850.0,140910.0,140795.0,140860.0,34949,5,138534
WIN$D,M15,1736789400,140865.0,140925.0,140860.0,140875.0,29835,5,111324
WIN$D,M15,1736790300,140880.0,140945.0,140845.0,140875.0,39896,5,130366
WIN$D,M15,1736791200,140880.0,140925.0,140825.0,140845.0,31648,5,95327
WIN$D,M15,1736792100,140845.0,140895.0,140720.0,140720.0,20258,5,71553
WIN$D,M15,1736845200,141180.0,141460.0,141100.0,141205.0,221841,5,589813
WIN$D,M15,1736846100,141205.0,141360.0,141050.0,141130.0,161631,5,460031
WIN$D,M15,1736847000,141125.0,141145.0,140895.0,141095.0,150916,5,466674
WIN$D,M15,1736847900,141090.0,141110.0,140880.0,140935.0,100264,5,308262
WIN$D,M15,1736848800,140930.0,141030.0,140785.0,140805.0,194646,5,609052
WIN$D,M15,1736849700,140810.0,140910.0,140535.0,140640.0,182046,5,568961
WIN$D,M15,1736850600,140640.0,140980.0,140380.0,140550.0,277430,5,913604
WIN$D,M15,1736851500,140545.0,141320.0,140445.0,141045.0,396793,5,1330096
WIN$D,M15,1736852400,141050.0,141055.0,140475.0,140665.0,198487,5,652939
WIN$D,M15,1736853300,140670.0,140705.0,140085.0,140200.0,195915,5,649864
WIN$D,M15,1736854200,140200.0,140540.0,140005.0,140495.0,229111,5,825743
WIN$D,M15,1736855100,140495.0,140830.0,140340.0,140505.0,181503,5,586525
WIN$D,M15,1736856000,140510.0,140850.0,140480.0,140735.0,128626,5,416202
WIN$D,M15,1736856900,140735.0,140880.0,140595.0,140845.0,84951,5,309101
WIN$D,M15,1736857800,140845.0,141100.0,140845.0,141080.0,105433,5,332868
WIN$D,M15,1736858700,141075.0,141145.0,140930.0,141045.0,78164,5,251334
WIN$D,M15,1736859600,141045.0,141095.0,140875.0,141085.0,89539,5,277807
WIN$D,M15,1736860500,141080.0,141115.0,140935.0,140940.0,62038,5,197643
WIN$D,M15,1736861400,140945.0,141040.0,140815.0,140815.0,66323,5,216218
WIN$D,M15,1736862300,140820.0,140890.0,140780.0,140830.0,53298,5,166164
WIN$D,M15,1736863200,140830.0,140835.0,140640.0,140715.0,77162,5,247615
WIN$D,M15,1736864100,140710.0,140950.0,140705.0,140920.0,81891,5,255063
WIN$D,M15,1736865000,140915.0,140990.0,140845.0,140965.0,57903,5,185421
WIN$D,M15,1736865900,140960.0,140990.0,140695.0,140720.0,64000,5,193401
WIN$D,M15,1736866800,140720.0,140885.0,140715.0,140855.0,55967,5,179786
WIN$D,M15,1736867700,140855.0,140860.0,140725.0,140815.0,40783,5,133935
WIN$D,M15,1736868600,140815.0,140855.0,140745.0,140835.0,49240,5,162014
WIN$D,M15,1736869500,140835.0,140910.0,140790.0,140860.0,48404,5,160745
WIN$D,M15,1736870400,140855.0,141040.0,140825.0,140990.0,71349,5,247746
WIN$D,M15,1736871300,140990.0,141165.0,140985.0,141105.0,65170,5,236863
WIN$D,M15,1736872200,141110.0,141280.0,141085.0,141110.0,67957,5,247122
WIN$D,M15,1736873100,141115.0,141155.0,141010.0,141060.0,52792,5,180082
WIN$D,M15,1736874000,141065.0,141080.0,140930.0,140940.0,51720,5,171151
WIN$D,M15,1736874900,140940.0,141145.0,140930.0,141140.0,56240,5,172675
WIN$D,M15,1736875800,141140.0,141170.0,141040.0,141140.0,49975,5,153963
WIN$D,M15,1736876700,141140.0,141310.0,141115.0,141215.0,48521,5,153423
WIN$D,M15,1736877600,141215.0,141255.0,141175.0,141235.0,27218,5,85777
WIN$D,M15,1736878500,141235.0,141325.0,141220.0,141275.0,12358,5,46764
WIN$D,M15,1736931600,141220.0,141850.0,141220.0,141725.0,195048,5,560769
WIN$D,M15,1736932500,141725.0,141995.0,141705.0,141950.0,114292,5,373876
WIN$D,M15,1736933400,141945.0,142100.0,141930.0,142005.0,143336,5,481243
WIN$D,M15,1736934300,142005.0,142240.0,141940.0,142230.0,154194,5,536417
WIN$D,M15,1736935200,142225.0,142375.0,142115.0,142135.0,185425,5,658209
WIN$D,M15,1736936100,142135.0,142210.0,141980.0,142160.0,161923,5,519869
WIN$D,M15,1736937000,142165.0,142985.0,142140.0,142735.0,349957,5,1129725
WIN$D,M15,1736937900,142730.0,142975.0,142680.0,142860.0,133043,5,443982
WIN$D,M15,1736938800,142860.0,142945.0,142600.0,142635.0,129063,5,444304
WIN$D,M15,1736939700,142630.0,142840.0,142600.0,142830.0,103013,5,362667
WIN$D,M15,1736940600,142825.0,142870.0,142425.0,142495.0,132605,5,443865
WIN$D,M15,1736941500,142500.0,142705.0,142490.0,142550.0,102669,5,359561
WIN$D,M15,1736942400,142555.0,142560.0,142275.0,142520.0,140895,5,553377
WIN$D,M15,1736943300,142525.0,142715.0,142465.0,142635.0,119644,5,461260
WIN$D,M15,1736944200,142635.0,142665.0,142515.0,142640.0,68823,5,260307
WIN$D,M15,1736945100,142640.0,142655.0,142515.0,142560.0,53076,5,199994
WIN$D,M15,1736946000,142565.0,142625.0,142485.0,142590.0,49478,5,189745
WIN$D,M15,1736946900,142590.0,142645.0,142550.0,142600.0,39742,5,146085
WIN$D,M15,1736947800,142600.0,142700.0,142570.0,142680.0,40972,5,154069
WIN$D,M15,1736948700,142685.0,142880.0,142670.0,142870.0,77574,5,293187
WIN$D,M15,1736949600,142875.0,142875.0,142755.0,142815.0,46496,5,185618
WIN$D,M15,1736950500,142810.0,142835.0,142710.0,142810.0,44393,5,163033
WIN$D,M15,1736951400,142810.0,142930.0,142785.0,142815.0,68162,5,265293
WIN$D,M15,1736952300,142815.0,142945.0,142775.0,142935.0,61151,5,234014
WIN$D,M15,1736953200,142935.0,143190.0,142905.0,143170.0,114224,5,482775
WIN$D,M15,1736954100,143170.0,143245.0,143125.0,143145.0,82627,5,374471
WIN$D,M15,1736955000,143150.0,143255.0,143125.0,143190.0,55675,5,253117
WIN$D,M15,1736955900,143190.0,143305.0,143170.0,143220.0,55700,5,242956
WIN$D,M15,1736956800,143225.0,143420.0,143190.0,143405.0,71593,5,322656
WIN$D,M15,1736957700,143405.0,143645.0,143370.0,143620.0,79012,5,393879
WIN$D,M15,1736958600,143625.0,143820.0,143585.0,143795.0,84280,5,426517
WIN$D,M15,1736959500,143795.0,144000.0,143755.0,143980.0,93805,5,476265
WIN$D,M15,1736960400,143985.0,144485.0,143945.0,144390.0,139340,5,669076
WIN$D,M15,1736961300,144390.0,144910.0,144290.0,144745.0,131877,5,536421
WIN$D,M15,1736962200,144745.0,144760.0,144260.0,144525.0,128694,5,498116
WIN$D,M15,1736963100,144525.0,144680.0,144470.0,144585.0,67705,5,222103
WIN$D,M15,1736964000,144580.0,144760.0,144535.0,144650.0,47465,5,165791
WIN$D,M15,1736964900,144650.0,144760.0,144420.0,144440.0,23614,5,99842
WIN$D,M15,1737018000,144100.0,144325.0,143870.0,144080.0,249683,5,682226
WIN$D,M15,1737018900,144085.0,144370.0,144010.0,144320.0,168574,5,540500
WIN$D,M15,1737019800,144320.0,144320.0,143985.0,144060.0,112621,5,348143
WIN$D,M15,1737020700,144060.0,144245.0,144040.0,144075.0,143500,5,464389
WIN$D,M15,1737021600,144070.0,144180.0,143905.0,143935.0,170596,5,561751
WIN$D,M15,1737022500,143935.0,143945.0,143680.0,143815.0,187865,5,652851
WIN$D,M15,1737023400,143810.0,144095.0,143655.0,143875.0,214548,5,706431
WIN$D,M15,1737024300,143870.0,144015.0,143595.0,143675.0,173749,5,595825
WIN$D,M15,1737025200,143680.0,143870.0,143550.0,143770.0,174153,5,623169
WIN$D,M15,1737026100,143770.0,143820.0,143630.0,143715.0,94240,5,327643
WIN$D,M15,1737027000,143710.0,143950.0,143485.0,143620.0,233999,5,854182
WIN$D,M15,1737027900,143620.0,143625.0,143325.0,143450.0,140332,5,503151
WIN$D,M15,1737028800,143445.0,143525.0,143315.0,143330.0,129890,5,450588
WIN$D,M15,1737029700,143330.0,143385.0,143175.0,143230.0,99197,5,345517
WIN$D,M15,1737030600,143230.0,143335.0,143075.0,143185.0,104354,5,369234
WIN$D,M15,1737031500,143190.0,143205.0,143060.0,143180.0,86714,5,239280
WIN$D,M15,1737032400,143185.0,143210.0,143010.0,143040.0,76363,5,264138
WIN$D,M15,1737033300,143045.0,143075.0,142895.0,142965.0,80907,5,304567
WIN$D,M15,1737034200,142965.0,143150.0,142960.0,143130.0,79685,5,291965
WIN$D,M15,1737035100,143130.0,143135.0,142965.0,143030.0,65158,5,236970
WIN$D,M15,1737036000,143035.0,143125.0,142935.0,143035.0,58046,5,201133
WIN$D,M15,1737036900,143035.0,143070.0,142950.0,143040.0,44930,5,163076
WIN$D,M15,1737037800,143040.0,143055.0,142840.0,142895.0,67837,5,248819
WIN$D,M15,1737038700,142900.0,142905.0,142675.0,142800.0,83193,5,325250
WIN$D,M15,1737039600,142800.0,142830.0,142720.0,142730.0,49820,5,189352
WIN$D,M15,1737040500,142735.0,142795.0,142630.0,142685.0,57479,5,227743
WIN$D,M15,1737041400,142680.0,142710.0,142560.0,142660.0,65397,5,262828
WIN$D,M15,1737042300,142655.0,142695.0,142545.0,142615.0,53229,5,197846
WIN$D,M15,1737043200,142610.0,142680.0,142565.0,142605.0,50098,5,188139
WIN$D,M15,1737044100,142605.0,142665.0,142570.0,142640.0,38994,5,143416
WIN$D,M15,1737045000,142640.0,142810.0,142590.0,142745.0,67730,5,261330
WIN$D,M15,1737045900,142740.0,142815.0,142675.0,142815.0,44139,5,168167
WIN$D,M15,1737046800,142820.0,142925.0,142775.0,142870.0,57391,5,208436
WIN$D,M15,1737047700,142870.0,142940.0,142755.0,142770.0,57605,5,195646
WIN$D,M15,1737048600,142775.0,143170.0,142775.0,143095.0,82186,5,283937
WIN$D,M15,1737049500,143100.0,143265.0,142960.0,143020.0,76071,5,257457
WIN$D,M15,1737050400,143025.0,143075.0,142880.0,142910.0,41641,5,132122
WIN$D,M15,1737051300,142910.0,143085.0,142900.0,142915.0,14925,5,58943
WIN$D,M15,1737104400,143515.0,143570.0,143165.0,143380.0,197201,5,537805
WIN$D,M15,1737105300,143385.0,143600.0,143310.0,143545.0,129078,5,405816
WIN$D,M15,1737106200,143545.0,143555.0,143170.0,143175.0,163918,5,521400
WIN$D,M15,1737107100,143175.0,143510.0,143165.0,143460.0,111994,5,361748
WIN$D,M15,1737108000,143455.0,143555.0,143025.0,143110.0,257222,5,874539
WIN$D,M15,1737108900,143105.0,143110.0,142760.0,142865.0,201985,5,689010
WIN$D,M15,1737109800,142870.0,142970.0,142805.0,142925.0,133797,5,483217
WIN$D,M15,1737110700,142925.0,143140.0,142870.0,142885.0,163149,5,554961
WIN$D,M15,1737111600,142885.0,143265.0,142805.0,143205.0,166983,5,571259
WIN$D,M15,1737112500,143205.0,143475.0,143120.0,143475.0,177595,5,618885
WIN$D,M15,1737113400,143475.0,143890.0,143370.0,143805.0,240960,5,859384
WIN$D,M15,1737114300,143805.0,143905.0,143695.0,143860.0,113884,5,395502
WIN$D,M15,1737115200,143855.0,144210.0,143815.0,144135.0,138615,5,514378
WIN$D,M15,1737116100,144135.0,144195.0,144045.0,144090.0,77283,5,274899
WIN$D,M15,1737117000,144090.0,144160.0,144030.0,144115.0,65493,5,230745
WIN$D,M15,1737117900,144115.0,144290.0,144085.0,144205.0,74911,5,273333
WIN$D,M15,1737118800,144210.0,144365.0,144195.0,144275.0,78437,5,296056
WIN$D,M15,1737119700,144275.0,144400.0,144250.0,144350.0,59187,5,215338
WIN$D,M15,1737120600,144345.0,144505.0,144280.0,144455.0,68102,5,265690
WIN$D,M15,1737121500,144455.0,144500.0,144340.0,144365.0,55199,5,198050
WIN$D,M15,1737122400,144365.0,144385.0,144185.0,144330.0,72532,5,265620
WIN$D,M15,1737123300,144330.0,144400.0,144260.0,144390.0,60306,5,230230
WIN$D,M15,1737124200,144395.0,144460.0,144300.0,144375.0,69324,5,267064
WIN$D,M15,1737125100,144375.0,144380.0,144250.0,144345.0,44902,5,166355
WIN$D,M15,1737126000,144350.0,144400.0,144175.0,144220.0,58412,5,219648
WIN$D,M15,1737126900,144215.0,144225.0,143875.0,143970.0,106090,5,433605
WIN$D,M15,1737127800,143970.0,144110.0,143905.0,144040.0,58897,5,230792
WIN$D,M15,1737128700,144035.0,144095.0,143990.0,144075.0,38517,5,143222
WIN$D,M15,1737129600,144075.0,144175.0,144020.0,144050.0,62428,5,248238
WIN$D,M15,1737130500,144045.0,144090.0,144005.0,144015.0,33073,5,120187
WIN$D,M15,1737131400,144015.0,144100.0,143975.0,144000.0,38643,5,149952
WIN$D,M15,1737132300,144000.0,144030.0,143905.0,143940.0,40404,5,149394
WIN$D,M15,1737133200,143940.0,143940.0,143725.0,143855.0,66986,5,275620
WIN$D,M15,1737134100,143860.0,143930.0,143760.0,143905.0,48691,5,192677
WIN$D,M15,1737135000,143905.0,144470.0,143900.0,144160.0,115557,5,454424
WIN$D,M15,1737135900,144160.0,144165.0,143980.0,144040.0,45905,5,147632
WIN$D,M15,1737136800,144040.0,144135.0,143980.0,144020.0,35731,5,112276
WIN$D,M15,1737137700,144025.0,144045.0,143825.0,143825.0,17437,5,72540
WIN$D,M15,1737363600,143860.0,144185.0,143565.0,144050.0,234216,5,671065
WIN$D,M15,1737364500,144050.0,144130.0,143650.0,143695.0,140691,5,446734
WIN$D,M15,1737365400,143690.0,143835.0,143625.0,143730.0,124487,5,421440
WIN$D,M15,1737366300,143730.0,143790.0,143600.0,143720.0,88359,5,289505
WIN$D,M15,1737367200,143720.0,144030.0,143605.0,143780.0,231520,5,740989
WIN$D,M15,1737368100,143780.0,143810.0,143320.0,143335.0,198764,5,680484
WIN$D,M15,1737369000,143330.0,143875.0,143195.0,143625.0,336801,5,1129002
WIN$D,M15,1737369900,143625.0,143980.0,143575.0,143820.0,183687,5,602418
WIN$D,M15,1737370800,143825.0,144165.0,143735.0,144145.0,182353,5,612145
WIN$D,M15,1737371700,144150.0,144315.0,144030.0,144100.0,158657,5,531344
WIN$D,M15,1737372600,144100.0,144560.0,143915.0,144545.0,172036,5,596468
WIN$D,M15,1737373500,144550.0,144795.0,144425.0,144715.0,152261,5,549558
WIN$D,M15,1737374400,144715.0,144875.0,144630.0,144785.0,107601,5,387927
WIN$D,M15,1737375300,144790.0,144820.0,144550.0,144740.0,97718,5,350117
WIN$D,M15,1737376200,144740.0,144810.0,144575.0,144620.0,71737,5,245256
WIN$D,M15,1737377100,144620.0,144625.0,144485.0,144560.0,57809,5,208972
WIN$D,M15,1737378000,144560.0,144710.0,144550.0,144695.0,61375,5,218646
WIN$D,M15,1737378900,144695.0,144760.0,144555.0,144650.0,68538,5,237960
WIN$D,M15,1737379800,144645.0,144830.0,144645.0,144765.0,65377,5,237459
WIN$D,M15,1737380700,144765.0,144800.0,144625.0,144665.0,59316,5,202199
WIN$D,M15,1737381600,144670.0,144715.0,144350.0,144390.0,79244,5,283615
WIN$D,M15,1737382500,144395.0,144570.0,144245.0,144395.0,115962,5,395092
WIN$D,M15,1737383400,144390.0,144770.0,144370.0,144675.0,92425,5,305630
WIN$D,M15,1737384300,144675.0,144745.0,144575.0,144590.0,64727,5,200925
WIN$D,M15,1737385200,144590.0,144670.0,144565.0,144595.0,36790,5,120158
WIN$D,M15,1737386100,144595.0,144620.0,144300.0,144420.0,79269,5,270809
WIN$D,M15,1737387000,144420.0,144445.0,144250.0,144320.0,40395,5,137393
WIN$D,M15,1737387900,144320.0,144455.0,144240.0,144385.0,57100,5,187015
WIN$D,M15,1737388800,144380.0,144460.0,144275.0,144380.0,50137,5,168477
WIN$D,M15,1737389700,144380.0,144450.0,144330.0,144345.0,25409,5,87248
WIN$D,M15,1737390600,144345.0,144520.0,144335.0,144410.0,42661,5,151324
WIN$D,M15,1737391500,144415.0,144510.0,144400.0,144440.0,27504,5,87815
WIN$D,M15,1737392400,144440.0,144735.0,144440.0,144665.0,58082,5,200148
WIN$D,M15,1737393300,144665.0,144945.0,144635.0,144900.0,51846,5,168643
WIN$D,M15,1737394200,144900.0,145010.0,144755.0,144895.0,67289,5,204231
WIN$D,M15,1737395100,144890.0,144900.0,144695.0,144760.0,71556,5,199796
WIN$D,M15,1737396000,144760.0,144805.0,144650.0,144730.0,38993,5,122634
WIN$D,M15,1737396900,144730.0,144750.0,144490.0,144635.0,17182,5,68588
WIN$D,M15,1737450000,144390.0,144455.0,143825.0,144005.0,246981,5,711986
WIN$D,M15,1737450900,144005.0,144285.0,143950.0,144215.0,145828,5,448593
WIN$D,M15,1737451800,144215.0,144320.0,144110.0,144225.0,144100,5,461725
WIN$D,M15,1737452700,144225.0,144410.0,144150.0,144405.0,122729,5,405731
WIN$D,M15,1737453600,144405.0,144405.0,144175.0,144280.0,176310,5,580879
WIN$D,M15,1737454500,144280.0,144280.0,143940.0,144195.0,213588,5,716803
WIN$D,M15,1737455400,144195.0,144555.0,144195.0,144395.0,208202,5,702083
WIN$D,M15,1737456300,144390.0,144425.0,144205.0,144385.0,131506,5,428542
WIN$D,M15,1737457200,144385.0,144450.0,144235.0,144255.0,130743,5,436513
WIN$D,M15,1737458100,144260.0,144350.0,144140.0,144255.0,119399,5,394208
WIN$D,M15,1737459000,144260.0,144395.0,144135.0,144265.0,147762,5,492531
WIN$D,M15,1737459900,144260.0,144470.0,144135.0,144195.0,119106,5,413629
WIN$D,M15,1737460800,144195.0,144595.0,144120.0,144540.0,130604,5,475729
WIN$D,M15,1737461700,144540.0,144660.0,144415.0,144530.0,108594,5,385194
WIN$D,M15,1737462600,144525.0,144685.0,144470.0,144540.0,84162,5,307255
WIN$D,M15,1737463500,144540.0,144655.0,144485.0,144530.0,74665,5,282488
WIN$D,M15,1737464400,144535.0,144645.0,144500.0,144625.0,43490,5,152204
WIN$D,M15,1737465300,144625.0,144825.0,144590.0,144810.0,82264,5,292757
WIN$D,M15,1737466200,144815.0,144815.0,144665.0,144710.0,51959,5,171528
WIN$D,M15,1737467100,144710.0,144725.0,144510.0,144575.0,66062,5,239047
WIN$D,M15,1737468000,144580.0,144615.0,144500.0,144605.0,47392,5,166325
WIN$D,M15,1737468900,144600.0,144675.0,144470.0,144645.0,70683,5,248564
WIN$D,M15,1737469800,144640.0,144725.0,144490.0,144645.0,82799,5,305093
WIN$D,M15,1737470700,144640.0,144680.0,144520.0,144545.0,49675,5,178915
WIN$D,M15,1737471600,144540.0,144765.0,144535.0,144745.0,75198,5,271455
WIN$D,M15,1737472500,144740.0,144890.0,144710.0,144875.0,63742,5,242866
WIN$D,M15,1737473400,144870.0,144945.0,144755.0,144905.0,81033,5,315510
WIN$D,M15,1737474300,144910.0,144940.0,144800.0,144830.0,53759,5,204373
WIN$D,M15,1737475200,144830.0,144940.0,144785.0,144930.0,47465,5,170211
WIN$D,M15,1737476100,144930.0,144990.0,144835.0,144885.0,58419,5,221010
WIN$D,M15,1737477000,144890.0,144945.0,144825.0,144895.0,36997,5,143191
WIN$D,M15,1737477900,144895.0,144980.0,144845.0,144935.0,31243,5,123894
WIN$D,M15,1737478800,144935.0,145150.0,144890.0,145125.0,62073,5,228990
WIN$D,M15,1737479700,145120.0,145200.0,145085.0,145150.0,49132,5,165814
WIN$D,M15,1737480600,145150.0,145250.0,145125.0,145230.0,44269,5,153089
WIN$D,M15,1737481500,145230.0,145260.0,145040.0,145075.0,56724,5,175544
WIN$D,M15,1737482400,145070.0,145160.0,145055.0,145125.0,28550,5,80796
WIN$D,M15,1737483300,145125.0,145170.0,144990.0,144990.0,14935,5,63209
WIN$D,M15,1737536400,145180.0,145395.0,145085.0,145185.0,248050,5,630970
WIN$D,M15,1737537300,145190.0,145310.0,145060.0,145255.0,129255,5,372977
WIN$D,M15,1737538200,145260.0,145565.0,145210.0,145525.0,143291,5,456447
WIN$D,M15,1737539100,145525.0,145675.0,145495.0,145620.0,108448,5,375453
WIN$D,M15,1737540000,145620.0,145720.0,145425.0,145445.0,174133,5,585319
WIN$D,M15,1737540900,145440.0,145500.0,145025.0,145080.0,208002,5,730917
WIN$D,M15,1737541800,145075.0,145095.0,144820.0,145000.0,169583,5,584406
WIN$D,M15,1737542700,145000.0,145140.0,144890.0,145015.0,152783,5,533486
WIN$D,M15,1737543600,145015.0,145300.0,144955.0,145265.0,161682,5,571756
WIN$D,M15,1737544500,145265.0,145365.0,145165.0,145205.0,118123,5,400006
WIN$D,M15,1737545400,145210.0,145335.0,144930.0,145150.0,202630,5,673212
WIN$D,M15,1737546300,145150.0,145250.0,144880.0,144885.0,168035,5,570159
WIN$D,M15,1737547200,144885.0,145105.0,144805.0,145020.0,127299,5,445841
WIN$D,M15,1737548100,145025.0,145120.0,144840.0,144845.0,88395,5,310988
WIN$D,M15,1737549000,144845.0,144950.0,144765.0,144880.0,85904,5,305125
WIN$D,M15,1737549900,144880.0,145000.0,144770.0,144930.0,75397,5,276027
WIN$D,M15,1737550800,144925.0,145025.0,144870.0,144930.0,51548,5,172686
WIN$D,M15,1737551700,144935.0,145040.0,144865.0,144940.0,61489,5,213197
WIN$D,M15,1737552600,144940.0,145105.0,144870.0,145080.0,68920,5,244330
WIN$D,M15,1737553500,145080.0,145130.0,144945.0,144960.0,63299,5,233279
WIN$D,M15,1737554400,144955.0,145145.0,144935.0,145085.0,58680,5,205723
WIN$D,M15,1737555300,145085.0,145140.0,145030.0,145100.0,46901,5,162794
WIN$D,M15,1737556200,145100.0,145225.0,145070.0,145210.0,59028,5,213997
WIN$D,M15,1737557100,145215.0,145285.0,145145.0,145200.0,66350,5,249805
WIN$D,M15,1737558000,145205.0,145285.0,145160.0,145255.0,56503,5,216207
WIN$D,M15,1737558900,145250.0,145255.0,145065.0,145115.0,60095,5,228328
WIN$D,M15,1737559800,145110.0,145155.0,145030.0,145055.0,49613,5,189277
WIN$D,M15,1737560700,145055.0,145120.0,144990.0,145005.0,51648,5,195677
WIN$D,M15,1737561600,145005.0,145120.0,144935.0,145100.0,75570,5,283065
WIN$D,M15,1737562500,145100.0,145180.0,145070.0,145110.0,43582,5,157476
WIN$D,M15,1737563400,145110.0,145150.0,144955.0,144975.0,46745,5,181290
WIN$D,M15,1737564300,144975.0,145045.0,144910.0,144975.0,47481,5,188514
WIN$D,M15,1737565200,144970.0,145060.0,144940.0,145000.0,37085,5,132429
WIN$D,M15,1737566100,145000.0,145020.0,144855.0,144865.0,43533,5,165808
WIN$D,M15,1737567000,144870.0,144935.0,144775.0,144800.0,47809,5,176436
WIN$D,M15,1737567900,144805.0,144830.0,144590.0,144665.0,63247,5,233124
WIN$D,M15,1737568800,144660.0,144740.0,144620.0,144630.0,36443,5,125086
WIN$D,M15,1737569700,144635.0,144720.0,144560.0,144710.0,17022,5,66120
WIN$D,M15,1737622800,144750.0,144810.0,144370.0,144575.0,225019,5,633918
WIN$D,M15,1737623700,144575.0,144625.0,144405.0,144490.0,109571,5,324458
WIN$D,M15,1737624600,144495.0,144790.0,144475.0,144685.0,147999,5,466832
WIN$D,M15,1737625500,144685.0,144915.0,144625.0,144895.0,152840,5,499156
WIN$D,M15,1737626400,144895.0,145265.0,144820.0,144840.0,243111,5,818506
WIN$D,M15,1737627300,144835.0,145535.0,144835.0,145505.0,226920,5,753927
WIN$D,M15,1737628200,145505.0,145680.0,145315.0,145520.0,209448,5,704809
WIN$D,M15,1737629100,145520.0,145575.0,145280.0,145340.0,116538,5,393792
WIN$D,M15,1737630000,145345.0,145455.0,145070.0,145235.0,157245,5,554884
WIN$D,M15,1737630900,145240.0,145365.0,145125.0,145345.0,127226,5,460156
WIN$D,M15,1737631800,145340.0,145400.0,144750.0,144780.0,161727,5,587857
WIN$D,M15,1737632700,144780.0,144910.0,144545.0,144690.0,162147,5,620171
WIN$D,M15,1737633600,144690.0,144770.0,144500.0,144670.0,102182,5,361150
WIN$D,M15,1737634500,144665.0,144740.0,144535.0,144625.0,84994,5,303591
WIN$D,M15,1737635400,144620.0,144675.0,144520.0,144605.0,63505,5,233143
WIN$D,M15,1737636300,144600.0,144630.0,144455.0,144465.0,69254,5,262441
WIN$D,M15,1737637200,144465.0,144520.0,144240.0,144400.0,126716,5,454957
WIN$D,M15,1737638100,144405.0,144555.0,144310.0,144435.0,111928,5,378957
WIN$D,M15,1737639000,144435.0,144520.0,144215.0,144340.0,95095,5,339744
WIN$D,M15,1737639900,144335.0,144490.0,144315.0,144440.0,84985,5,283642
WIN$D,M15,1737640800,144440.0,144500.0,144370.0,144425.0,58962,5,208962
WIN$D,M15,1737641700,144425.0,144470.0,144385.0,144420.0,32605,5,108262
WIN$D,M15,1737642600,144425.0,144660.0,144350.0,144595.0,67732,5,248006
WIN$D,M15,1737643500,144595.0,144770.0,144585.0,144675.0,73126,5,269297
WIN$D,M15,1737644400,144675.0,144705.0,144420.0,144595.0,80292,5,285480
WIN$D,M15,1737645300,144600.0,144630.0,144410.0,144535.0,60641,5,231430
WIN$D,M15,1737646200,144540.0,144565.0,144155.0,144200.0,96170,5,373086
WIN$D,M15,1737647100,144200.0,144345.0,144185.0,144235.0,63131,5,229756
WIN$D,M15,1737648000,144240.0,144270.0,143855.0,143900.0,105395,5,404313
WIN$D,M15,1737648900,143895.0,144060.0,143875.0,143970.0,68711,5,244653
WIN$D,M15,1737649800,143970.0,143980.0,143780.0,143840.0,71823,5,254400
WIN$D,M15,1737650700,143835.0,143940.0,143805.0,143835.0,40958,5,139877
WIN$D,M15,1737651600,143835.0,144050.0,143825.0,144035.0,43404,5,142534
WIN$D,M15,1737652500,144035.0,144040.0,143890.0,143955.0,46342,5,258561
WIN$D,M15,1737653400,143960.0,144145.0,143855.0,144135.0,61318,5,221989
WIN$D,M15,1737654300,144140.0,144220.0,144030.0,144120.0,50792,5,167152
WIN$D,M15,1737655200,144125.0,144145.0,144030.0,144120.0,28640,5,86563
WIN$D,M15,1737656100,144120.0,144215.0,144065.0,144065.0,14163,5,48321
WIN$D,M15,1737709200,144300.0,144505.0,143960.0,144020.0,265997,5,747266
WIN$D,M15,1737710100,144020.0,144220.0,143935.0,144140.0,141340,5,444004
WIN$D,M15,1737711000,144145.0,144160.0,143910.0,143980.0,114640,5,356834
WIN$D,M15,1737711900,143980.0,144135.0,143885.0,144120.0,112532,5,364102
WIN$D,M15,1737712800,144115.0,144145.0,143740.0,143885.0,239901,5,774416
WIN$D,M15,1737713700,143885.0,144280.0,143845.0,144195.0,217175,5,693193
WIN$D,M15,1737714600,144195.0,144350.0,144105.0,144170.0,172129,5,562320
WIN$D,M15,1737715500,144170.0,144515.0,144165.0,144375.0,157992,5,532654
WIN$D,M15,1737716400,144375.0,144405.0,144080.0,144120.0,127064,5,412418
WIN$D,M15,1737717300,144120.0,144180.0,143905.0,144000.0,140915,5,462067
WIN$D,M15,1737718200,144000.0,144100.0,143915.0,143950.0,105727,5,340889
WIN$D,M15,1737719100,143950.0,144140.0,143750.0,143880.0,128534,5,429519
WIN$D,M15,1737720000,143880.0,144250.0,143795.0,144240.0,133434,5,470519
WIN$D,M15,1737720900,144245.0,144250.0,143920.0,143960.0,86637,5,296775
WIN$D,M15,1737721800,143960.0,144105.0,143880.0,144040.0,70286,5,247806
WIN$D,M15,1737722700,144040.0,144170.0,143990.0,144060.0,58393,5,204486
WIN$D,M15,1737723600,144060.0,144185.0,144030.0,144170.0,55737,5,195631
WIN$D,M15,1737724500,144165.0,144225.0,144050.0,144085.0,58800,5,204738
WIN$D,M15,1737725400,144090.0,144240.0,144015.0,144140.0,67432,5,238014
WIN$D,M15,1737726300,144135.0,144150.0,144045.0,144140.0,44122,5,156669
WIN$D,M15,1737727200,144140.0,144155.0,144045.0,144110.0,37523,5,133395
WIN$D,M15,1737728100,144105.0,144225.0,144070.0,144120.0,44351,5,170789
WIN$D,M15,1737729000,144120.0,144175.0,144035.0,144090.0,40688,5,156953
WIN$D,M15,1737729900,144090.0,144170.0,144055.0,144065.0,41535,5,153055
WIN$D,M15,1737730800,144065.0,144150.0,144050.0,144080.0,24517,5,87063
WIN$D,M15,1737731700,144085.0,144090.0,143940.0,144030.0,45808,5,169955
WIN$D,M15,1737732600,144035.0,144115.0,143900.0,144040.0,61161,5,222410
WIN$D,M15,1737733500,144040.0,144095.0,144000.0,144060.0,28141,5,104171
WIN$D,M15,1737734400,144065.0,144110.0,143985.0,144055.0,37318,5,133091
WIN$D,M15,1737735300,144050.0,144095.0,143980.0,144015.0,32300,5,118665
WIN$D,M15,1737736200,144020.0,144055.0,143945.0,143985.0,28410,5,101788
WIN$D,M15,1737737100,143980.0,144045.0,143890.0,144020.0,37198,5,132447
WIN$D,M15,1737738000,144020.0,144020.0,143945.0,143980.0,23127,5,80023
WIN$D,M15,1737738900,143980.0,144215.0,143970.0,144080.0,50845,5,184483
WIN$D,M15,1737739800,144080.0,144130.0,144040.0,144080.0,23668,5,83535
WIN$D,M15,1737740700,144085.0,144115.0,144050.0,144100.0,17725,5,53550
WIN$D,M15,1737741600,144095.0,144160.0,144050.0,144050.0,20154,5,65028
WIN$D,M15,1737742500,144060.0,144140.0,144020.0,144060.0,11469,5,44390
WIN$D,M15,1737968400,143300.0,143785.0,143140.0,143655.0,264100,5,749509
WIN$D,M15,1737969300,143650.0,143810.0,143650.0,143740.0,102464,5,319529
WIN$D,M15,1737970200,143740.0,143890.0,143720.0,143795.0,97966,5,301938
WIN$D,M15,1737971100,143790.0,143910.0,143725.0,143830.0,99070,5,308344
WIN$D,M15,1737972000,143825.0,144210.0,143755.0,144195.0,190734,5,636554
WIN$D,M15,1737972900,144195.0,144470.0,144105.0,144415.0,241389,5,832757
WIN$D,M15,1737973800,144415.0,145050.0,144400.0,144980.0,217479,5,783453
WIN$D,M15,1737974700,144985.0,145470.0,144950.0,145185.0,226242,5,810976
WIN$D,M15,1737975600,145190.0,145425.0,145175.0,145340.0,166051,5,551535
WIN$D,M15,1737976500,145340.0,145605.0,145290.0,145340.0,155806,5,539530
WIN$D,M15,1737977400,145340.0,145395.0,145105.0,145300.0,185583,5,610405
WIN$D,M15,1737978300,145300.0,145550.0,145185.0,145350.0,137055,5,455373
WIN$D,M15,1737979200,145350.0,145540.0,145235.0,145430.0,119091,5,420672
WIN$D,M15,1737980100,145430.0,145470.0,145310.0,145370.0,76904,5,250475
WIN$D,M15,1737981000,145370.0,145370.0,145135.0,145170.0,102933,5,332368
WIN$D,M15,1737981900,145170.0,145230.0,145060.0,145185.0,91081,5,326795
WIN$D,M15,1737982800,145180.0,145380.0,145165.0,145310.0,81247,5,268398
WIN$D,M15,1737983700,145310.0,145370.0,145245.0,145355.0,52537,5,186191
WIN$D,M15,1737984600,145355.0,145630.0,145345.0,145625.0,87470,5,300792
WIN$D,M15,1737985500,145620.0,145705.0,145550.0,145700.0,79145,5,286841
WIN$D,M15,1737986400,145700.0,145875.0,145690.0,145860.0,97532,5,356770
WIN$D,M15,1737987300,145860.0,146040.0,145855.0,145890.0,100589,5,375163
WIN$D,M15,1737988200,145895.0,145910.0,145745.0,145810.0,83950,5,293692
WIN$D,M15,1737989100,145810.0,145925.0,145760.0,145840.0,58464,5,219501
WIN$D,M15,1737990000,145840.0,146100.0,145780.0,146000.0,89778,5,345050
WIN$D,M15,1737990900,146000.0,146090.0,145970.0,146015.0,50087,5,182533
WIN$D,M15,1737991800,146015.0,146225.0,145895.0,146120.0,107871,5,410868
WIN$D,M15,1737992700,146125.0,146170.0,145950.0,145995.0,60606,5,234569
WIN$D,M15,1737993600,146000.0,146070.0,145920.0,146005.0,66112,5,254311
WIN$D,M15,1737994500,146005.0,146115.0,145945.0,146075.0,44170,5,158817
WIN$D,M15,1737995400,146070.0,146125.0,146000.0,146065.0,37681,5,137485
WIN$D,M15,1737996300,146070.0,146275.0,146035.0,146190.0,52578,5,203058
WIN$D,M15,1737997200,146190.0,146245.0,146135.0,146205.0,43852,5,161938
WIN$D,M15,1737998100,146210.0,146425.0,146180.0,146340.0,71558,5,273028
WIN$D,M15,1737999000,146345.0,146415.0,146215.0,146265.0,53373,5,204720
WIN$D,M15,1737999900,146255.0,146445.0,146240.0,146385.0,57832,5,191107
WIN$D,M15,1738000800,146385.0,146605.0,146375.0,146545.0,54036,5,182314
WIN$D,M15,1738001700,146545.0,146565.0,146420.0,146450.0,16577,5,68269
WIN$D,M15,1738054800,146200.0,146460.0,146050.0,146410.0,245808,5,713186
WIN$D,M15,1738055700,146410.0,146555.0,146320.0,146450.0,150621,5,452487
WIN$D,M15,1738056600,146450.0,146530.0,146355.0,146445.0,102354,5,315248
WIN$D,M15,1738057500,146445.0,146480.0,146205.0,146250.0,113604,5,349191
WIN$D,M15,1738058400,146245.0,146425.0,146145.0,146345.0,186517,5,608018
WIN$D,M15,1738059300,146345.0,146345.0,145780.0,145835.0,239128,5,827645
WIN$D,M15,1738060200,145840.0,146000.0,145750.0,145880.0,158960,5,504252
WIN$D,M15,1738061100,145880.0,145955.0,145800.0,145835.0,100439,5,320197
WIN$D,M15,1738062000,145835.0,146055.0,145810.0,145965.0,120442,5,388801
WIN$D,M15,1738062900,145965.0,146165.0,145890.0,145975.0,143650,5,475244
WIN$D,M15,1738063800,145975.0,146020.0,145830.0,145885.0,150508,5,504808
WIN$D,M15,1738064700,145890.0,145935.0,145790.0,145840.0,97413,5,319602
WIN$D,M15,1738065600,145840.0,145950.0,145670.0,145685.0,120727,5,417350
WIN$D,M15,1738066500,145690.0,145790.0,145645.0,145695.0,71169,5,245630
WIN$D,M15,1738067400,145700.0,145985.0,145655.0,145975.0,95784,5,327858
WIN$D,M15,1738068300,145975.0,146010.0,145760.0,145885.0,99742,5,378171
WIN$D,M15,1738069200,145880.0,145925.0,145700.0,145725.0,72317,5,260873
WIN$D,M15,1738070100,145720.0,145830.0,145550.0,145630.0,105280,5,373356
WIN$D,M15,1738071000,145630.0,145680.0,145515.0,145595.0,69191,5,252488
WIN$D,M15,1738071900,145590.0,145745.0,145565.0,145720.0,65284,5,232262
WIN$D,M15,1738072800,145720.0,145775.0,145635.0,145765.0,57015,5,215940
WIN$D,M15,1738073700,145765.0,145800.0,145630.0,145650.0,62721,5,225851
WIN$D,M15,1738074600,145650.0,145780.0,145610.0,145775.0,59698,5,219733
WIN$D,M15,1738075500,145780.0,145830.0,145710.0,145820.0,48794,5,177688
WIN$D,M15,1738076400,145815.0,145865.0,145700.0,145850.0,52706,5,188575
WIN$D,M15,1738077300,145850.0,145880.0,145770.0,145850.0,39773,5,138339
WIN$D,M15,1738078200,145855.0,145860.0,145675.0,145780.0,51956,5,194441
WIN$D,M15,1738079100,145775.0,145920.0,145740.0,145850.0,47047,5,173272
WIN$D,M15,1738080000,145850.0,145920.0,145765.0,145785.0,41674,5,148806
WIN$D,M15,1738080900,145785.0,145840.0,145745.0,145765.0,35900,5,138264
WIN$D,M15,1738081800,145770.0,145790.0,145720.0,145770.0,34555,5,119155
WIN$D,M15,1738082700,145765.0,145780.0,145660.0,145725.0,40845,5,144524
WIN$D,M15,1738083600,145720.0,145755.0,145595.0,145620.0,38857,5,136494
WIN$D,M15,1738084500,145615.0,145625.0,145435.0,145550.0,64224,5,246403
WIN$D,M15,1738085400,145555.0,145625.0,145505.0,145550.0,40171,5,142609
WIN$D,M15,1738086300,145550.0,145600.0,145495.0,145555.0,35192,5,115258
WIN$D,M15,1738087200,145555.0,145570.0,145475.0,145535.0,36735,5,109431
WIN$D,M15,1738088100,145535.0,145685.0,145520.0,145675.0,18050,5,63659
WIN$D,M15,1738141200,145810.0,146100.0,145740.0,146065.0,187565,5,496228
WIN$D,M15,1738142100,146060.0,146335.0,146000.0,146300.0,141913,5,413910
WIN$D,M15,1738143000,146300.0,146430.0,146250.0,146315.0,110984,5,331016
WIN$D,M15,1738143900,146310.0,146485.0,146285.0,146465.0,100982,5,301755
WIN$D,M15,1738144800,146470.0,146475.0,146040.0,146190.0,243573,5,749341
WIN$D,M15,1738145700,146190.0,146225.0,145765.0,145780.0,181740,5,614067
WIN$D,M15,1738146600,145775.0,145835.0,145555.0,145610.0,173789,5,618913
WIN$D,M15,1738147500,145610.0,145625.0,145290.0,145340.0,142615,5,524047
WIN$D,M15,1738148400,145340.0,145420.0,145190.0,145230.0,123718,5,437591
WIN$D,M15,1738149300,145230.0,145330.0,145125.0,145185.0,99423,5,336428
WIN$D,M15,1738150200,145185.0,145360.0,145065.0,145235.0,149017,5,521781
WIN$D,M15,1738151100,145235.0,145490.0,145210.0,145455.0,109729,5,379594
WIN$D,M15,1738152000,145460.0,145460.0,145295.0,145360.0,76347,5,262987
WIN$D,M15,1738152900,145360.0,145580.0,145355.0,145555.0,84022,5,306898
WIN$D,M15,1738153800,145560.0,145645.0,145550.0,145585.0,56015,5,197985
WIN$D,M15,1738154700,145590.0,145715.0,145530.0,145715.0,76905,5,275974
WIN$D,M15,1738155600,145710.0,145800.0,145590.0,145630.0,88731,5,304516
WIN$D,M15,1738156500,145630.0,145690.0,145545.0,145635.0,63983,5,219200
WIN$D,M15,1738157400,145640.0,145700.0,145565.0,145630.0,47389,5,162075
WIN$D,M15,1738158300,145635.0,145660.0,145370.0,145385.0,83592,5,278205
WIN$D,M15,1738159200,145380.0,145490.0,145375.0,145405.0,55175,5,170982
WIN$D,M15,1738160100,145410.0,145440.0,145280.0,145315.0,51855,5,171045
WIN$D,M15,1738161000,145320.0,145430.0,145310.0,145375.0,47558,5,160764
WIN$D,M15,1738161900,145375.0,145510.0,145365.0,145405.0,58714,5,209768
WIN$D,M15,1738162800,145405.0,145470.0,145280.0,145420.0,66906,5,243004
WIN$D,M15,1738163700,145415.0,145510.0,145370.0,145430.0,42112,5,149250
WIN$D,M15,1738164600,145430.0,145460.0,145315.0,145375.0,38895,5,141132
WIN$D,M15,1738165500,145370.0,145475.0,145355.0,145405.0,29676,5,104467
WIN$D,M15,1738166400,145410.0,145475.0,145125.0,145160.0,98172,5,335041
WIN$D,M15,1738167300,145160.0,145190.0,144975.0,145115.0,86189,5,303002
WIN$D,M15,1738168200,145115.0,145440.0,145060.0,145390.0,146150,5,493629
WIN$D,M15,1738169100,145390.0,145395.0,145155.0,145190.0,100174,5,303198
WIN$D,M15,1738170000,145185.0,145230.0,145010.0,145060.0,86876,5,276396
WIN$D,M15,1738170900,145060.0,145265.0,145020.0,145075.0,69371,5,218973
WIN$D,M15,1738171800,145075.0,145135.0,144700.0,144735.0,86901,5,290949
WIN$D,M15,1738172700,144735.0,144955.0,144725.0,144890.0,51438,5,152777
WIN$D,M15,1738173600,144890.0,144915.0,144765.0,144800.0,45686,5,115154
WIN$D,M15,1738174500,144790.0,144915.0,144785.0,144900.0,14843,5,55227
WIN$D,M15,1738227600,145400.0,145865.0,145195.0,145455.0,315074,5,920056
WIN$D,M15,1738228500,145455.0,145725.0,145325.0,145685.0,161152,5,488540
WIN$D,M15,1738229400,145685.0,145735.0,145415.0,145640.0,132592,5,410617
WIN$D,M15,1738230300,145635.0,145695.0,145495.0,145630.0,107231,5,334254
WIN$D,M15,1738231200,145635.0,145975.0,145595.0,145775.0,220953,5,694632
WIN$D,M15,1738232100,145775.0,146665.0,145720.0,146600.0,273731,5,926768
WIN$D,M15,1738233000,146595.0,146820.0,146425.0,146800.0,186601,5,623753
WIN$D,M15,1738233900,146805.0,146810.0,146305.0,146315.0,158756,5,543688
WIN$D,M15,1738234800,146310.0,146400.0,146120.0,146255.0,167457,5,554125
WIN$D,M15,1738235700,146255.0,146630.0,146210.0,146560.0,146269,5,483053
WIN$D,M15,1738236600,146560.0,147185.0,146515.0,147135.0,197282,5,707905
WIN$D,M15,1738237500,147135.0,147230.0,146905.0,146920.0,145820,5,481875
WIN$D,M15,1738238400,146920.0,147110.0,146850.0,147080.0,109667,5,347537
WIN$D,M15,1738239300,147080.0,147380.0,147035.0,147315.0,106287,5,368430
WIN$D,M15,1738240200,147315.0,147545.0,147315.0,147525.0,84574,5,303225
WIN$D,M15,1738241100,147525.0,147650.0,147430.0,147570.0,100546,5,360983
WIN$D,M15,1738242000,147570.0,147635.0,147470.0,147625.0,74211,5,256399
WIN$D,M15,1738242900,147625.0,147775.0,147620.0,147685.0,81637,5,287980
WIN$D,M15,1738243800,147685.0,147760.0,147570.0,147685.0,79014,5,291933
WIN$D,M15,1738244700,147690.0,147850.0,147635.0,147815.0,76644,5,268763
WIN$D,M15,1738245600,147810.0,147950.0,147775.0,147880.0,74167,5,304860
WIN$D,M15,1738246500,147885.0,147940.0,147790.0,147920.0,60350,5,224255
WIN$D,M15,1738247400,147920.0,148085.0,147840.0,148060.0,80476,5,294961
WIN$D,M15,1738248300,148060.0,148215.0,148025.0,148135.0,75746,5,303890
WIN$D,M15,1738249200,148140.0,148385.0,148120.0,148355.0,90915,5,349285
WIN$D,M15,1738250100,148355.0,148440.0,148295.0,148420.0,66769,5,245743
WIN$D,M15,1738251000,148425.0,148595.0,148410.0,148475.0,90184,5,343707
WIN$D,M15,1738251900,148475.0,148500.0,148300.0,148420.0,79851,5,277003
WIN$D,M15,1738252800,148420.0,148480.0,148260.0,148325.0,67769,5,238848
WIN$D,M15,1738253700,148320.0,148360.0,148235.0,148295.0,52335,5,187930
WIN$D,M15,1738254600,148290.0,148500.0,148250.0,148480.0,71993,5,264516
WIN$D,M15,1738255500,148480.0,148525.0,148310.0,148340.0,68794,5,253401
WIN$D,M15,1738256400,148340.0,148350.0,148155.0,148200.0,72822,5,267746
WIN$D,M15,1738257300,148200.0,148475.0,148080.0,148460.0,87423,5,313300
WIN$D,M15,1738258200,148465.0,148690.0,148110.0,148160.0,170447,5,638524
WIN$D,M15,1738259100,148160.0,148490.0,148125.0,148365.0,94243,5,299303
WIN$D,M15,1738260000,148360.0,148550.0,148175.0,148470.0,75747,5,266268
WIN$D,M15,1738260900,148470.0,148520.0,148350.0,148395.0,20619,5,83292
WIN$D,M15,1738314000,148260.0,148600.0,148185.0,148440.0,244492,5,651077
WIN$D,M15,1738314900,148445.0,148560.0,148330.0,148410.0,98611,5,284497
WIN$D,M15,1738315800,148405.0,148465.0,148205.0,148370.0,133418,5,388657
WIN$D,M15,1738316700,148370.0,148570.0,148350.0,148370.0,111841,5,348820
WIN$D,M15,1738317600,148375.0,148630.0,148325.0,148400.0,190509,5,560233
WIN$D,M15,1738318500,148400.0,148450.0,148165.0,148395.0,165859,5,526334
WIN$D,M15,1738319400,148390.0,148515.0,148270.0,148405.0,125541,5,387689
WIN$D,M15,1738320300,148405.0,148790.0,148400.0,148730.0,179389,5,573736
WIN$D,M15,1738321200,148725.0,148965.0,148570.0,148715.0,224989,5,753962
WIN$D,M15,1738322100,148715.0,148775.0,148455.0,148470.0,125872,5,395022
WIN$D,M15,1738323000,148470.0,148630.0,148230.0,148530.0,205514,5,671677
WIN$D,M15,1738323900,148525.0,148655.0,148440.0,148565.0,127017,5,387016
WIN$D,M15,1738324800,148565.0,148720.0,148415.0,148445.0,113354,5,360942
WIN$D,M15,1738325700,148445.0,148475.0,148290.0,148420.0,89527,5,285475
WIN$D,M15,1738326600,148425.0,148535.0,148355.0,148460.0,77506,5,242357
WIN$D,M15,1738327500,148460.0,148590.0,148455.0,148520.0,62795,5,188894
WIN$D,M15,1738328400,148520.0,148585.0,148445.0,148505.0,57629,5,173175
WIN$D,M15,1738329300,148505.0,148675.0,148465.0,148595.0,76325,5,251681
WIN$D,M15,1738330200,148595.0,148695.0,148580.0,148650.0,48540,5,158745
WIN$D,M15,1738331100,148645.0,148745.0,148570.0,148575.0,76798,5,263893
WIN$D,M15,1738332000,148575.0,148655.0,148325.0,148545.0,123436,5,407652
WIN$D,M15,1738332900,148545.0,148660.0,148485.0,148580.0,68443,5,210879
WIN$D,M15,1738333800,148580.0,148600.0,148395.0,148440.0,72479,5,222816
WIN$D,M15,1738334700,148440.0,148520.0,148335.0,148500.0,60758,5,196452
WIN$D,M15,1738335600,148505.0,148555.0,148445.0,148545.0,49534,5,158492
WIN$D,M15,1738336500,148545.0,148555.0,147980.0,148085.0,179874,5,628408
WIN$D,M15,1738337400,148085.0,148165.0,147935.0,148060.0,115422,5,363410
WIN$D,M15,1738338300,148060.0,148100.0,147900.0,147985.0,74734,5,231638
WIN$D,M15,1738339200,147985.0,148060.0,147845.0,147930.0,79397,5,247619
WIN$D,M15,1738340100,147935.0,147950.0,147730.0,147820.0,74169,5,252975
WIN$D,M15,1738341000,147820.0,147955.0,147795.0,147810.0,61194,5,206929
WIN$D,M15,1738341900,147810.0,147865.0,147695.0,147855.0,74854,5,261128
WIN$D,M15,1738342800,147855.0,147855.0,147605.0,147650.0,77402,5,260524
WIN$D,M15,1738343700,147650.0,147680.0,147480.0,147515.0,50970,5,163761
WIN$D,M15,1738344600,147515.0,147680.0,147455.0,147665.0,62091,5,197177
WIN$D,M15,1738345500,147665.0,147900.0,147575.0,147610.0,87114,5,271187
WIN$D,M15,1738346400,147605.0,147685.0,147535.0,147585.0,41556,5,125489
WIN$D,M15,1738347300,147585.0,147780.0,147540.0,147700.0,16505,5,67066
WIN$D,M15,1738573200,146665.0,146985.0,146415.0,146980.0,211678,5,544625
WIN$D,M15,1738574100,146980.0,147015.0,146780.0,146820.0,106749,5,295004
WIN$D,M15,1738575000,146820.0,147130.0,146820.0,147045.0,120307,5,349116
WIN$D,M15,1738575900,147045.0,147100.0,146900.0,147090.0,95754,5,266378
WIN$D,M15,1738576800,147085.0,147425.0,146990.0,147280.0,208923,5,638676
WIN$D,M15,1738577700,147285.0,147290.0,146905.0,147180.0,224135,5,752722
WIN$D,M15,1738578600,147185.0,147205.0,146980.0,147025.0,133640,5,430193
WIN$D,M15,1738579500,147030.0,147270.0,146905.0,147125.0,140970,5,460049
WIN$D,M15,1738580400,147125.0,147250.0,147065.0,147195.0,89634,5,299101
WIN$D,M15,1738581300,147200.0,147290.0,147015.0,147260.0,121781,5,414667
WIN$D,M15,1738582200,147255.0,147495.0,147040.0,147480.0,215157,5,706853
WIN$D,M15,1738583100,147475.0,147485.0,147175.0,147180.0,136820,5,443159
WIN$D,M15,1738584000,147180.0,147295.0,146985.0,147105.0,155621,5,536513
WIN$D,M15,1738584900,147105.0,147760.0,147025.0,147625.0,256999,5,876372
WIN$D,M15,1738585800,147630.0,147850.0,147490.0,147670.0,224861,5,690375
WIN$D,M15,1738586700,147675.0,147830.0,147570.0,147770.0,118818,5,360205
WIN$D,M15,1738587600,147765.0,147820.0,147445.0,147675.0,160814,5,525532
WIN$D,M15,1738588500,147675.0,147725.0,147525.0,147585.0,75412,5,245319
WIN$D,M15,1738589400,147585.0,147705.0,147500.0,147570.0,58819,5,190978
WIN$D,M15,1738590300,147570.0,147600.0,147315.0,147355.0,77990,5,257049
WIN$D,M15,1738591200,147350.0,147490.0,147330.0,147355.0,62604,5,194424
WIN$D,M15,1738592100,147350.0,147445.0,147280.0,147380.0,56844,5,190966
WIN$D,M15,1738593000,147380.0,147425.0,147270.0,147325.0,58733,5,201134
WIN$D,M15,1738593900,147320.0,147400.0,147120.0,147230.0,125123,5,425660
WIN$D,M15,1738594800,147230.0,147390.0,147145.0,147385.0,89815,5,290918
WIN$D,M15,1738595700,147385.0,147415.0,147220.0,147235.0,52859,5,185481
WIN$D,M15,1738596600,147235.0,147250.0,147050.0,147120.0,63760,5,220653
WIN$D,M15,1738597500,147120.0,147125.0,147010.0,147020.0,39761,5,136305
WIN$D,M15,1738598400,147020.0,147095.0,146985.0,147085.0,40975,5,146885
WIN$D,M15,1738599300,147080.0,147160.0,147040.0,147150.0,43217,5,158223
WIN$D,M15,1738600200,147145.0,147280.0,147135.0,147245.0,55956,5,197179
WIN$D,M15,1738601100,147250.0,147345.0,147215.0,147270.0,50273,5,171540
WIN$D,M15,1738602000,147270.0,147270.0,147085.0,147210.0,60410,5,207842
WIN$D,M15,1738602900,147210.0,147220.0,147065.0,147085.0,37231,5,122109
WIN$D,M15,1738603800,147085.0,147280.0,147080.0,147235.0,38693,5,121255
WIN$D,M15,1738604700,147235.0,147395.0,147115.0,147140.0,58467,5,191910
WIN$D,M15,1738605600,147145.0,147245.0,147070.0,147110.0,34225,5,114454
WIN$D,M15,1738606500,147105.0,147370.0,147040.0,147370.0,17348,5,69244
WIN$D,M15,1738659600,147450.0,147485.0,146950.0,147065.0,209443,5,555515
WIN$D,M15,1738660500,147060.0,147220.0,146990.0,147005.0,124498,5,343154
WIN$D,M15,1738661400,147005.0,147105.0,146860.0,147095.0,148665,5,431446
WIN$D,M15,1738662300,147090.0,147100.0,146765.0,146765.0,118184,5,345374
WIN$D,M15,1738663200,146770.0,147060.0,146760.0,146945.0,171701,5,493211
WIN$D,M15,1738664100,146940.0,147085.0,146370.0,146435.0,246443,5,784679
WIN$D,M15,1738665000,146435.0,146445.0,146060.0,146090.0,188832,5,614850
WIN$D,M15,1738665900,146090.0,146110.0,145915.0,146085.0,133508,5,439494
WIN$D,M15,1738666800,146080.0,146165.0,145990.0,146015.0,113314,5,350743
WIN$D,M15,1738667700,146020.0,146250.0,145945.0,146225.0,141232,5,467412
WIN$D,M15,1738668600,146220.0,146700.0,146105.0,146605.0,214458,5,698908
WIN$D,M15,1738669500,146610.0,146625.0,146310.0,146575.0,146651,5,477650
WIN$D,M15,1738670400,146580.0,146695.0,146535.0,146665.0,128850,5,433127
WIN$D,M15,1738671300,146660.0,147150.0,146640.0,146870.0,202756,5,687695
WIN$D,M15,1738672200,146865.0,146980.0,146770.0,146910.0,92403,5,294080
WIN$D,M15,1738673100,146910.0,146910.0,146710.0,146765.0,71851,5,241414
WIN$D,M15,1738674000,146760.0,146805.0,146535.0,146540.0,66533,5,221817
WIN$D,M15,1738674900,146545.0,146935.0,146535.0,146915.0,92472,5,311304
WIN$D,M15,1738675800,146920.0,146925.0,146770.0,146860.0,62229,5,212856
WIN$D,M15,1738676700,146855.0,146950.0,146805.0,146815.0,63404,5,215128
WIN$D,M15,1738677600,146820.0,146875.0,146730.0,146750.0,48664,5,159911
WIN$D,M15,1738678500,146745.0,146780.0,146470.0,146555.0,111945,5,381661
WIN$D,M15,1738679400,146550.0,146635.0,146485.0,146515.0,70594,5,233530
WIN$D,M15,1738680300,146515.0,146745.0,146505.0,146730.0,71383,5,240194
WIN$D,M15,1738681200,146730.0,146795.0,146605.0,146615.0,69477,5,238574
WIN$D,M15,1738682100,146610.0,146795.0,146585.0,146775.0,67951,5,237452
WIN$D,M15,1738683000,146775.0,146840.0,146720.0,146745.0,48236,5,163130
WIN$D,M15,1738683900,146745.0,146860.0,146720.0,146830.0,43443,5,144234
WIN$D,M15,1738684800,146830.0,146855.0,146635.0,146670.0,57619,5,195479
WIN$D,M15,1738685700,146670.0,146750.0,146640.0,146700.0,40953,5,143315
WIN$D,M15,1738686600,146695.0,146715.0,146580.0,146650.0,39388,5,124164
WIN$D,M15,1738687500,146650.0,146705.0,146440.0,146570.0,68865,5,239842
WIN$D,M15,1738688400,146570.0,146585.0,146425.0,146575.0,56362,5,179492
WIN$D,M15,1738689300,146575.0,146595.0,146365.0,146375.0,51347,5,164128
WIN$D,M15,1738690200,146375.0,146485.0,146330.0,146460.0,49173,5,157867
WIN$D,M15,1738691100,146460.0,146500.0,146375.0,146395.0,41670,5,120931
WIN$D,M15,1738692000,146400.0,146445.0,146315.0,146400.0,32747,5,97976
WIN$D,M15,1738692900,146390.0,146485.0,146365.0,146400.0,13214,5,53053
WIN$D,M15,1738746000,146500.0,146855.0,146385.0,146740.0,249206,5,658078
WIN$D,M15,1738746900,146745.0,146780.0,146525.0,146650.0,127923,5,357211
WIN$D,M15,1738747800,146650.0,146715.0,146530.0,146555.0,88471,5,258974
WIN$D,M15,1738748700,146555.0,146600.0,146335.0,146545.0,148304,5,455835
WIN$D,M15,1738749600,146550.0,146815.0,146480.0,146630.0,227490,5,716018
WIN$D,M15,1738750500,146640.0,146720.0,146280.0,146490.0,227849,5,698346
WIN$D,M15,1738751400,146485.0,146570.0,146255.0,146305.0,141893,5,437193
WIN$D,M15,1738752300,146305.0,146485.0,146240.0,146385.0,128408,5,414249
WIN$D,M15,1738753200,146380.0,146425.0,145950.0,146110.0,180463,5,628677
WIN$D,M15,1738754100,146110.0,146110.0,145795.0,145905.0,137840,5,496559
WIN$D,M15,1738755000,145900.0,146215.0,145825.0,146180.0,161493,5,547570
WIN$D,M15,1738755900,146175.0,146525.0,146160.0,146375.0,159284,5,529427
WIN$D,M15,1738756800,146380.0,146635.0,146360.0,146595.0,142484,5,455386
WIN$D,M15,1738757700,146595.0,146925.0,146555.0,146895.0,125723,5,436744
WIN$D,M15,1738758600,146900.0,147070.0,146755.0,146765.0,117889,5,405704
WIN$D,M15,1738759500,146765.0,146885.0,146710.0,146800.0,72461,5,239029
WIN$D,M15,1738760400,146800.0,146810.0,146595.0,146715.0,83030,5,286289
WIN$D,M15,1738761300,146715.0,146760.0,146550.0,146595.0,88444,5,308961
WIN$D,M15,1738762200,146595.0,146735.0,146575.0,146685.0,43801,5,150970
WIN$D,M15,1738763100,146690.0,146740.0,146535.0,146690.0,59200,5,212704
WIN$D,M15,1738764000,146690.0,146775.0,146625.0,146720.0,58854,5,208337
WIN$D,M15,1738764900,146715.0,146730.0,146590.0,146645.0,47252,5,167188
WIN$D,M15,1738765800,146650.0,146755.0,146485.0,146605.0,76988,5,287309
WIN$D,M15,1738766700,146610.0,146710.0,146580.0,146645.0,48655,5,152709
WIN$D,M15,1738767600,146645.0,146715.0,146590.0,146670.0,42828,5,142908
WIN$D,M15,1738768500,146670.0,146785.0,146625.0,146695.0,52683,5,187507
WIN$D,M15,1738769400,146690.0,146700.0,146570.0,146615.0,39268,5,141321
WIN$D,M15,1738770300,146615.0,146685.0,146535.0,146675.0,47037,5,172603
WIN$D,M15,1738771200,146675.0,146805.0,146645.0,146670.0,58452,5,203201
WIN$D,M15,1738772100,146670.0,146815.0,146655.0,146790.0,41674,5,150560
WIN$D,M15,1738773000,146790.0,146860.0,146725.0,146805.0,63661,5,223759
WIN$D,M15,1738773900,146805.0,146840.0,146740.0,146805.0,37240,5,126951
WIN$D,M15,1738774800,146805.0,146830.0,146695.0,146780.0,43805,5,157719
WIN$D,M15,1738775700,146775.0,146820.0,146680.0,146725.0,33487,5,118752
WIN$D,M15,1738776600,146720.0,146775.0,146645.0,146675.0,36287,5,127448
WIN$D,M15,1738777500,146680.0,146725.0,146625.0,146690.0,34590,5,113130
WIN$D,M15,1738778400,146690.0,146845.0,146665.0,146815.0,34028,5,105576
WIN$D,M15,1738779300,146810.0,146885.0,146790.0,146825.0,16487,5,60738
WIN$D,M15,1738832400,146900.0,147175.0,146725.0,146730.0,245382,5,656639
WIN$D,M15,1738833300,146725.0,146810.0,146610.0,146750.0,131458,5,396284
WIN$D,M15,1738834200,146750.0,146830.0,146505.0,146520.0,124356,5,379885
WIN$D,M15,1738835100,146520.0,146740.0,146410.0,146715.0,157095,5,489815
WIN$D,M15,1738836000,146715.0,146720.0,146470.0,146610.0,164317,5,506125
WIN$D,M15,1738836900,146615.0,146635.0,146350.0,146515.0,172924,5,532149
WIN$D,M15,1738837800,146515.0,146675.0,146455.0,146620.0,127186,5,389202
WIN$D,M15,1738838700,146615.0,146760.0,146480.0,146730.0,145364,5,476420
WIN$D,M15,1738839600,146725.0,146840.0,146455.0,146640.0,172659,5,588661
WIN$D,M15,1738840500,146645.0,147350.0,146610.0,147115.0,259190,5,900164
WIN$D,M15,1738841400,147115.0,147405.0,147105.0,147235.0,177933,5,589757
WIN$D,M15,1738842300,147235.0,147265.0,146750.0,146795.0,161033,5,544007
WIN$D,M15,1738843200,146790.0,146950.0,146770.0,146840.0,110876,5,384974
WIN$D,M15,1738844100,146835.0,146965.0,146800.0,146875.0,78876,5,273356
WIN$D,M15,1738845000,146875.0,146895.0,146645.0,146650.0,106901,5,373281
WIN$D,M15,1738845900,146655.0,146740.0,146515.0,146590.0,80443,5,294717
WIN$D,M15,1738846800,146595.0,146725.0,146570.0,146600.0,64139,5,220284
WIN$D,M15,1738847700,146600.0,146860.0,146580.0,146815.0,64412,5,227235
WIN$D,M15,1738848600,146820.0,146935.0,146775.0,146915.0,53756,5,181400
WIN$D,M15,1738849500,146920.0,146955.0,146830.0,146900.0,56849,5,197668
WIN$D,M15,1738850400,146900.0,146955.0,146770.0,146880.0,66647,5,237989
WIN$D,M15,1738851300,146880.0,147060.0,146865.0,146985.0,59042,5,197937
WIN$D,M15,1738852200,146990.0,147030.0,146930.0,146950.0,52295,5,173357
WIN$D,M15,1738853100,146945.0,147040.0,146875.0,146925.0,68798,5,232264
WIN$D,M15,1738854000,146930.0,146990.0,146845.0,146885.0,68649,5,259507
WIN$D,M15,1738854900,146885.0,147100.0,146885.0,147080.0,72831,5,254671
WIN$D,M15,1738855800,147080.0,147385.0,147055.0,147345.0,103565,5,378179
WIN$D,M15,1738856700,147350.0,147440.0,147300.0,147380.0,72102,5,257463
WIN$D,M15,1738857600,147380.0,147510.0,147360.0,147495.0,68289,5,231121
WIN$D,M15,1738858500,147500.0,147595.0,147440.0,147495.0,69040,5,233319
WIN$D,M15,1738859400,147495.0,147505.0,147310.0,147420.0,78808,5,270784
WIN$D,M15,1738860300,147420.0,147440.0,147305.0,147345.0,36103,5,117501
WIN$D,M15,1738861200,147345.0,147445.0,147290.0,147370.0,38328,5,130213
WIN$D,M15,1738862100,147370.0,147415.0,147310.0,147340.0,31088,5,102398
WIN$D,M15,1738863000,147340.0,147435.0,147315.0,147430.0,35752,5,126487
WIN$D,M15,1738863900,147430.0,147485.0,147355.0,147395.0,38648,5,127364
WIN$D,M15,1738864800,147395.0,147450.0,147340.0,147350.0,34189,5,106043
WIN$D,M15,1738865700,147355.0,147365.0,147070.0,147070.0,19363,5,76129
WIN$D,M15,1738918800,147335.0,147420.0,147155.0,147350.0,192442,5,505114
WIN$D,M15,1738919700,147350.0,147395.0,147170.0,147285.0,105338,5,318491
WIN$D,M15,1738920600,147280.0,147350.0,147100.0,147225.0,102356,5,307747
WIN$D,M15,1738921500,147220.0,147285.0,147175.0,147190.0,59869,5,178569
WIN$D,M15,1738922400,147190.0,147595.0,147170.0,147400.0,200591,5,619795
WIN$D,M15,1738923300,147400.0,147560.0,147195.0,147440.0,175200,5,555605
WIN$D,M15,1738924200,147440.0,147695.0,147215.0,147355.0,260263,5,763248
WIN$D,M15,1738925100,147360.0,147525.0,147225.0,147490.0,144936,5,427628
WIN$D,M15,1738926000,147485.0,147525.0,147180.0,147185.0,132072,5,415116
WIN$D,M15,1738926900,147190.0,147290.0,146810.0,146900.0,178077,5,565341
WIN$D,M15,1738927800,146895.0,147005.0,146525.0,146615.0,210040,5,712099
WIN$D,M15,1738928700,146620.0,146865.0,146610.0,146845.0,107380,5,354265
WIN$D,M15,1738929600,146840.0,146890.0,146670.0,146800.0,138309,5,480226
WIN$D,M15,1738930500,146800.0,146820.0,146475.0,146565.0,104575,5,357574
WIN$D,M15,1738931400,146565.0,146615.0,146475.0,146510.0,76247,5,254637
WIN$D,M15,1738932300,146515.0,146595.0,146220.0,146370.0,172917,5,578081
WIN$D,M15,1738933200,146370.0,146385.0,146190.0,146230.0,123283,5,388727
WIN$D,M15,1738934100,146235.0,146410.0,146060.0,146140.0,136616,5,439452
WIN$D,M15,1738935000,146140.0,146280.0,146110.0,146120.0,71830,5,230395
WIN$D,M15,1738935900,146115.0,146170.0,145930.0,145970.0,103624,5,366164
WIN$D,M15,1738936800,145975.0,146030.0,145860.0,145960.0,111425,5,360637
WIN$D,M15,1738937700,145955.0,146075.0,145775.0,145875.0,113908,5,359410
WIN$D,M15,1738938600,145875.0,145955.0,145855.0,145940.0,49018,5,147373
WIN$D,M15,1738939500,145940.0,146010.0,145915.0,145975.0,44587,5,137260
WIN$D,M15,1738940400,145975.0,146105.0,145960.0,146095.0,59131,5,195684
WIN$D,M15,1738941300,146095.0,146205.0,146090.0,146125.0,58581,5,211915
WIN$D,M15,1738942200,146125.0,146255.0,146120.0,146165.0,52676,5,189394
WIN$D,M15,1738943100,146165.0,146185.0,145270.0,145440.0,199269,5,715046
WIN$D,M15,1738944000,145435.0,145615.0,145375.0,145560.0,89395,5,281576
WIN$D,M15,1738944900,145560.0,145765.0,145520.0,145595.0,95802,5,328543
WIN$D,M15,1738945800,145595.0,145725.0,145545.0,145600.0,65195,5,210521
WIN$D,M15,1738946700,145605.0,145690.0,145550.0,145675.0,54095,5,173134
WIN$D,M15,1738947600,145675.0,145685.0,145515.0,145550.0,47118,5,159134
WIN$D,M15,1738948500,145550.0,145625.0,145505.0,145595.0,35283,5,116452
WIN$D,M15,1738949400,145595.0,145710.0,145555.0,145600.0,37738,5,130303
WIN$D,M15,1738950300,145600.0,145795.0,145595.0,145685.0,53080,5,170590
WIN$D,M15,1738951200,145680.0,145885.0,145665.0,145785.0,35527,5,113809
WIN$D,M15,1738952100,145780.0,145945.0,145730.0,145875.0,16961,5,66902
WIN$D,M15,1739178000,146050.0,146240.0,145810.0,145975.0,199976,5,533362
WIN$D,M15,1739178900,145975.0,146155.0,145835.0,146155.0,133199,5,406826
WIN$D,M15,1739179800,146155.0,146565.0,146120.0,146555.0,131800,5,402731
WIN$D,M15,1739180700,146550.0,146620.0,146455.0,146510.0,114228,5,355473
WIN$D,M15,1739181600,146505.0,146845.0,146460.0,146720.0,217672,5,723412
WIN$D,M15,1739182500,146720.0,147440.0,146665.0,147280.0,276173,5,951809
WIN$D,M15,1739183400,147280.0,147405.0,147185.0,147230.0,143012,5,482671
WIN$D,M15,1739184300,147230.0,147265.0,147070.0,147210.0,122782,5,395953
WIN$D,M15,1739185200,147215.0,147235.0,146735.0,146830.0,189944,5,625297
WIN$D,M15,1739186100,146830.0,146895.0,146645.0,146650.0,89532,5,292742
WIN$D,M15,1739187000,146650.0,146785.0,146360.0,146400.0,195460,5,674308
WIN$D,M15,1739187900,146405.0,146800.0,146335.0,146610.0,143315,5,477129
WIN$D,M15,1739188800,146615.0,146700.0,146540.0,146620.0,93290,5,322625
WIN$D,M15,1739189700,146620.0,146755.0,146510.0,146615.0,86968,5,304377
WIN$D,M15,1739190600,146615.0,146850.0,146565.0,146835.0,69776,5,245023
WIN$D,M15,1739191500,146840.0,146945.0,146770.0,146920.0,78300,5,269856
WIN$D,M15,1739192400,146920.0,147080.0,146840.0,146905.0,89853,5,325295
WIN$D,M15,1739193300,146905.0,146945.0,146780.0,146810.0,65288,5,230829
WIN$D,M15,1739194200,146805.0,146865.0,146735.0,146775.0,64044,5,223478
WIN$D,M15,1739195100,146775.0,146885.0,146760.0,146810.0,52680,5,188314
WIN$D,M15,1739196000,146815.0,146885.0,146785.0,146870.0,45021,5,163459
WIN$D,M15,1739196900,146865.0,146875.0,146785.0,146830.0,37200,5,141800
WIN$D,M15,1739197800,146825.0,146875.0,146725.0,146740.0,59663,5,229836
WIN$D,M15,1739198700,146735.0,146850.0,146660.0,146835.0,63576,5,231003
WIN$D,M15,1739199600,146830.0,146885.0,146810.0,146825.0,40162,5,147684
WIN$D,M15,1739200500,146820.0,146835.0,146670.0,146690.0,50688,5,189865
WIN$D,M15,1739201400,146690.0,146755.0,146635.0,146705.0,47351,5,181189
WIN$D,M15,1739202300,146710.0,146760.0,146665.0,146675.0,38311,5,149033
WIN$D,M15,1739203200,146670.0,146685.0,146575.0,146660.0,57774,5,213340
WIN$D,M15,1739204100,146660.0,146725.0,146610.0,146640.0,42427,5,157297
WIN$D,M15,1739205000,146635.0,146745.0,146590.0,146700.0,44804,5,163550
WIN$D,M15,1739205900,146700.0,146760.0,146670.0,146695.0,37252,5,131455
WIN$D,M15,1739206800,146700.0,146710.0,146590.0,146625.0,42976,5,152880
WIN$D,M15,1739207700,146620.0,146665.0,146525.0,146650.0,44630,5,152425
WIN$D,M15,1739208600,146650.0,146770.0,146625.0,146750.0,42933,5,153864
WIN$D,M15,1739209500,146745.0,146805.0,146715.0,146755.0,42081,5,141070
WIN$D,M15,1739210400,146755.0,146795.0,146640.0,146685.0,41454,5,136687
WIN$D,M15,1739211300,146685.0,146745.0,146560.0,146600.0,17914,5,62016
WIN$D,M15,1739264400,146700.0,147160.0,146515.0,146835.0,289889,5,774713
WIN$D,M15,1739265300,146835.0,146855.0,146605.0,146690.0,113733,5,338702
WIN$D,M15,1739266200,146695.0,146805.0,146635.0,146760.0,92908,5,279811
WIN$D,M15,1739267100,146760.0,146885.0,146705.0,146790.0,97481,5,303390
WIN$D,M15,1739268000,146785.0,146980.0,146665.0,146795.0,211585,5,662005
WIN$D,M15,1739268900,146795.0,147485.0,146725.0,147370.0,227046,5,798044
WIN$D,M15,1739269800,147365.0,147760.0,147265.0,147750.0,193946,5,669762
WIN$D,M15,1739270700,147750.0,147825.0,147500.0,147520.0,153831,5,525138
WIN$D,M15,1739271600,147520.0,147725.0,147480.0,147640.0,141206,5,447283
WIN$D,M15,1739272500,147640.0,147950.0,147535.0,147930.0,132273,5,447692
WIN$D,M15,1739273400,147930.0,147930.0,147380.0,147390.0,173202,5,585666
WIN$D,M15,1739274300,147390.0,147530.0,147355.0,147405.0,103583,5,343558
WIN$D,M15,1739275200,147410.0,147475.0,147240.0,147245.0,84234,5,293325
WIN$D,M15,1739276100,147245.0,147250.0,147080.0,147220.0,94372,5,341391
WIN$D,M15,1739277000,147220.0,147335.0,147185.0,147305.0,61894,5,212675
WIN$D,M15,1739277900,147300.0,147460.0,147295.0,147445.0,54853,5,192620
WIN$D,M15,1739278800,147445.0,147525.0,147375.0,147395.0,65188,5,229945
WIN$D,M15,1739279700,147390.0,147575.0,147380.0,147555.0,66242,5,242567
WIN$D,M15,1739280600,147560.0,147580.0,147415.0,147455.0,56386,5,198068
WIN$D,M15,1739281500,147460.0,147560.0,147360.0,147540.0,65111,5,231163
WIN$D,M15,1739282400,147535.0,147550.0,147455.0,147495.0,41545,5,139340
WIN$D,M15,1739283300,147490.0,147515.0,147390.0,147465.0,39042,5,131950
WIN$D,M15,1739284200,147465.0,147515.0,147390.0,147515.0,44934,5,164205
WIN$D,M15,1739285100,147515.0,147595.0,147420.0,147525.0,69258,5,251701
WIN$D,M15,1739286000,147530.0,147570.0,147450.0,147460.0,37630,5,140605
WIN$D,M15,1739286900,147455.0,147515.0,147410.0,147505.0,32883,5,127156
WIN$D,M15,1739287800,147500.0,147620.0,147495.0,147530.0,54954,5,212603
WIN$D,M15,1739288700,147525.0,147535.0,147480.0,147485.0,24262,5,81955
WIN$D,M15,1739289600,147485.0,147540.0,147445.0,147465.0,37553,5,136840
WIN$D,M15,1739290500,147465.0,147525.0,147445.0,147460.0,35008,5,121928
WIN$D,M15,1739291400,147460.0,147485.0,147310.0,147420.0,65109,5,216431
WIN$D,M15,1739292300,147420.0,147425.0,147365.0,147395.0,27412,5,84077
WIN$D,M15,1739293200,147390.0,147545.0,147380.0,147540.0,42366,5,136936
WIN$D,M15,1739294100,147545.0,147565.0,147405.0,147475.0,48936,5,158482
WIN$D,M15,1739295000,147475.0,147580.0,147465.0,147550.0,34292,5,111193
WIN$D,M15,1739295900,147555.0,147675.0,147530.0,147590.0,42695,5,129686
WIN$D,M15,1739296800,147590.0,147640.0,147490.0,147500.0,39752,5,114918
WIN$D,M15,1739297700,147505.0,147565.0,147445.0,147540.0,16837,5,54569
WIN$D,M15,1739350800,147520.0,147830.0,147125.0,147145.0,264522,5,672336
WIN$D,M15,1739351700,147150.0,147180.0,146720.0,146725.0,221799,5,710873
WIN$D,M15,1739352600,146730.0,146775.0,146370.0,146450.0,201397,5,645422
WIN$D,M15,1739353500,146455.0,146620.0,146040.0,146055.0,226576,5,688288
WIN$D,M15,1739354400,146055.0,146400.0,145890.0,146140.0,290705,5,861480
WIN$D,M15,1739355300,146140.0,146240.0,145920.0,146055.0,213792,5,623894
WIN$D,M15,1739356200,146060.0,146080.0,145205.0,145535.0,313193,5,888506
WIN$D,M15,1739357100,145530.0,145660.0,145235.0,145510.0,201965,5,562419
WIN$D,M15,1739358000,145510.0,145870.0,145340.0,145860.0,177354,5,533764
WIN$D,M15,1739358900,145865.0,145870.0,145495.0,145615.0,145555,5,438765
WIN$D,M15,1739359800,145615.0,145790.0,145440.0,145525.0,149057,5,446557
WIN$D,M15,1739360700,145520.0,145640.0,145415.0,145620.0,85335,5,260324
WIN$D,M15,1739361600,145620.0,145620.0,145260.0,145265.0,106010,5,349967
WIN$D,M15,1739362500,145270.0,145340.0,145065.0,145135.0,123068,5,415226
WIN$D,M15,1739363400,145135.0,145225.0,144940.0,145090.0,116742,5,387932
WIN$D,M15,1739364300,145085.0,145210.0,145025.0,145195.0,59246,5,189362
WIN$D,M15,1739365200,145190.0,145275.0,145165.0,145215.0,61091,5,198563
WIN$D,M15,1739366100,145215.0,145225.0,144980.0,145040.0,64021,5,205725
WIN$D,M15,1739367000,145035.0,145165.0,144995.0,145160.0,52557,5,176160
WIN$D,M15,1739367900,145160.0,145245.0,145015.0,145230.0,63352,5,213711
WIN$D,M15,1739368800,145230.0,145400.0,145095.0,145355.0,79309,5,243957
WIN$D,M15,1739369700,145360.0,145540.0,145300.0,145390.0,89631,5,312387
WIN$D,M15,1739370600,145395.0,145445.0,145170.0,145195.0,80725,5,275622
WIN$D,M15,1739371500,145195.0,145515.0,145170.0,145500.0,90051,5,316497
WIN$D,M15,1739372400,145505.0,145700.0,145430.0,145635.0,97612,5,353434
WIN$D,M15,1739373300,145635.0,145730.0,145500.0,145540.0,95067,5,370491
WIN$D,M15,1739374200,145535.0,145545.0,145320.0,145355.0,85695,5,333864
WIN$D,M15,1739375100,145350.0,145470.0,145190.0,145455.0,94109,5,359624
WIN$D,M15,1739376000,145455.0,145475.0,145175.0,145315.0,73261,5,276829
WIN$D,M15,1739376900,145315.0,145390.0,145185.0,145340.0,60449,5,228404
WIN$D,M15,1739377800,145340.0,145355.0,145220.0,145320.0,52352,5,190404
WIN$D,M15,1739378700,145320.0,145400.0,145290.0,145370.0,42707,5,165374
WIN$D,M15,1739379600,145370.0,145570.0,145355.0,145475.0,65238,5,235737
WIN$D,M15,1739380500,145480.0,145530.0,145415.0,145425.0,49657,5,175026
WIN$D,M15,1739381400,145425.0,145465.0,145255.0,145285.0,63120,5,232060
WIN$D,M15,1739382300,145285.0,145355.0,145120.0,145140.0,64907,5,227403
WIN$D,M15,1739383200,145140.0,145240.0,145015.0,145065.0,50219,5,156275
WIN$D,M15,1739384100,145070.0,145165.0,144905.0,144905.0,21431,5,81597
WIN$D,M15,1739437200,145420.0,145520.0,145015.0,145160.0,181543,5,494749
WIN$D,M15,1739438100,145155.0,145155.0,144815.0,144860.0,122172,5,392054
WIN$D,M15,1739439000,144860.0,144945.0,144725.0,144840.0,116439,5,368459
WIN$D,M15,1739439900,144835.0,144885.0,144775.0,144850.0,73581,5,229692
WIN$D,M15,1739440800,144855.0,145085.0,144820.0,144960.0,201513,5,651440
WIN$D,M15,1739441700,144960.0,145020.0,144785.0,144850.0,151018,5,482579
WIN$D,M15,1739442600,144855.0,145175.0,144745.0,145070.0,240906,5,774551
WIN$D,M15,1739443500,145070.0,145155.0,144920.0,144975.0,118295,5,381571
WIN$D,M15,1739444400,144980.0,145060.0,144770.0,144785.0,141805,5,479749
WIN$D,M15,1739445300,144785.0,144845.0,144525.0,144565.0,160374,5,541817
WIN$D,M15,1739446200,144565.0,145050.0,144540.0,145005.0,177774,5,599441
WIN$D,M15,1739447100,145000.0,145065.0,144845.0,144935.0,112645,5,368655
WIN$D,M15,1739448000,144935.0,145205.0,144770.0,145190.0,150811,5,527573
WIN$D,M15,1739448900,145195.0,145210.0,144890.0,144945.0,109542,5,392750
WIN$D,M15,1739449800,144945.0,145110.0,144800.0,145080.0,94733,5,340829
WIN$D,M15,1739450700,145085.0,145160.0,145010.0,145030.0,55615,5,195964
WIN$D,M15,1739451600,145025.0,145140.0,144975.0,145075.0,60953,5,216150
WIN$D,M15,1739452500,145075.0,145255.0,144985.0,145220.0,72971,5,260142
WIN$D,M15,1739453400,145225.0,145255.0,145105.0,145155.0,54622,5,189212
WIN$D,M15,1739454300,145160.0,145240.0,145095.0,145200.0,43759,5,153087
WIN$D,M15,1739455200,145205.0,145330.0,145110.0,145200.0,80584,5,303724
WIN$D,M15,1739456100,145200.0,145350.0,145150.0,145305.0,60103,5,225493
WIN$D,M15,1739457000,145305.0,145410.0,145255.0,145400.0,58902,5,213725
WIN$D,M15,1739457900,145405.0,145440.0,145230.0,145245.0,62080,5,224714
WIN$D,M15,1739458800,145240.0,145335.0,145175.0,145330.0,82944,5,326934
WIN$D,M15,1739459700,145330.0,145400.0,145195.0,145270.0,75373,5,284196
WIN$D,M15,1739460600,145275.0,145365.0,145115.0,145230.0,96165,5,344394
WIN$D,M15,1739461500,145225.0,145320.0,145175.0,145285.0,77321,5,256365
WIN$D,M15,1739462400,145285.0,145465.0,145275.0,145410.0,62426,5,220017
WIN$D,M15,1739463300,145415.0,145470.0,145360.0,145445.0,49018,5,171350
WIN$D,M15,1739464200,145445.0,145460.0,145340.0,145380.0,43942,5,161858
WIN$D,M15,1739465100,145375.0,145410.0,145245.0,145280.0,48104,5,184435
WIN$D,M15,1739466000,145275.0,145360.0,145175.0,145355.0,45953,5,181680
WIN$D,M15,1739466900,145360.0,145435.0,145325.0,145420.0,37458,5,152797
WIN$D,M15,1739467800,145415.0,145625.0,145400.0,145580.0,60365,5,235028
WIN$D,M15,1739468700,145575.0,145720.0,145550.0,145705.0,49303,5,166606
WIN$D,M15,1739469600,145700.0,145780.0,145655.0,145710.0,36702,5,120241
WIN$D,M15,1739470500,145715.0,145725.0,145600.0,145630.0,13879,5,59780
WIN$D,M15,1739523600,145510.0,145975.0,145485.0,145950.0,203723,5,563592
WIN$D,M15,1739524500,145950.0,146655.0,145940.0,146525.0,192085,5,697949
WIN$D,M15,1739525400,146525.0,146860.0,146460.0,146715.0,167427,5,564206
WIN$D,M15,1739526300,146710.0,146750.0,146545.0,146550.0,88375,5,267756
WIN$D,M15,1739527200,146550.0,146765.0,146515.0,146585.0,163576,5,524851
WIN$D,M15,1739528100,146590.0,147315.0,146570.0,147125.0,242854,5,841834
WIN$D,M15,1739529000,147130.0,147275.0,146655.0,146740.0,171134,5,583882
WIN$D,M15,1739529900,146740.0,146910.0,146665.0,146835.0,105292,5,354420
WIN$D,M15,1739530800,146840.0,146980.0,146760.0,146875.0,90313,5,295634
WIN$D,M15,1739531700,146880.0,147245.0,146805.0,147235.0,118941,5,400366
WIN$D,M15,1739532600,147230.0,147255.0,146965.0,147020.0,138991,5,486675
WIN$D,M15,1739533500,147020.0,147220.0,146970.0,147205.0,70901,5,242274
WIN$D,M15,1739534400,147205.0,147470.0,147165.0,147365.0,108256,5,383584
WIN$D,M15,1739535300,147370.0,147575.0,147340.0,147480.0,93159,5,322412
WIN$D,M15,1739536200,147485.0,147705.0,147455.0,147670.0,85843,5,305183
WIN$D,M15,1739537100,147670.0,147720.0,147495.0,147505.0,55517,5,192786
WIN$D,M15,1739538000,147505.0,147585.0,147445.0,147525.0,51968,5,177343
WIN$D,M15,1739538900,147525.0,147735.0,147465.0,147715.0,63510,5,224633
WIN$D,M15,1739539800,147715.0,147755.0,147615.0,147665.0,47610,5,162554
WIN$D,M15,1739540700,147665.0,147930.0,147565.0,147930.0,96248,5,339582
WIN$D,M15,1739541600,147935.0,147980.0,147825.0,147965.0,62919,5,234917
WIN$D,M15,1739542500,147965.0,148125.0,147940.0,148045.0,73990,5,277699
WIN$D,M15,1739543400,148040.0,148100.0,147985.0,148090.0,49148,5,178551
WIN$D,M15,1739544300,148090.0,148160.0,148015.0,148025.0,53963,5,199584
WIN$D,M15,1739545200,148025.0,148080.0,147975.0,148015.0,41789,5,151760
WIN$D,M15,1739546100,148015.0,148055.0,147945.0,148025.0,37246,5,143883
WIN$D,M15,1739547000,148030.0,148175.0,148005.0,148135.0,50684,5,196363
WIN$D,M15,1739547900,148135.0,148240.0,148125.0,148215.0,49518,5,200697
WIN$D,M15,1739548800,148215.0,148645.0,148215.0,148580.0,93835,5,397021
WIN$D,M15,1739549700,148580.0,148930.0,148520.0,148875.0,116902,5,476221
WIN$D,M15,1739550600,148875.0,149370.0,148835.0,149335.0,126522,5,492980
WIN$D,M15,1739551500,149335.0,149395.0,149060.0,149090.0,101690,5,382976
WIN$D,M15,1739552400,149085.0,149195.0,148910.0,149145.0,77099,5,278290
WIN$D,M15,1739553300,149150.0,149430.0,149110.0,149310.0,79091,5,289935
WIN$D,M15,1739554200,149310.0,149415.0,149190.0,149245.0,63939,5,221945
WIN$D,M15,1739555100,149245.0,149365.0,149110.0,149140.0,57898,5,181424
WIN$D,M15,1739556000,149140.0,149250.0,148935.0,148985.0,58746,5,204241
WIN$D,M15,1739556900,148990.0,148995.0,148750.0,148945.0,26263,5,109683
WIN$D,M15,1739782800,148940.0,149355.0,148910.0,149325.0,202790,5,525191
WIN$D,M15,1739783700,149325.0,149435.0,149190.0,149415.0,123148,5,353277
WIN$D,M15,1739784600,149410.0,149585.0,149395.0,149510.0,125109,5,371809
WIN$D,M15,1739785500,149515.0,149650.0,149445.0,149615.0,94553,5,282713
WIN$D,M15,1739786400,149620.0,149620.0,149320.0,149475.0,226430,5,674595
WIN$D,M15,1739787300,149470.0,149690.0,149435.0,149535.0,171608,5,504374
WIN$D,M15,1739788200,149540.0,149685.0,149460.0,149545.0,117049,5,361448
WIN$D,M15,1739789100,149550.0,149640.0,149490.0,149635.0,74208,5,235821
WIN$D,M15,1739790000,149630.0,149860.0,149540.0,149830.0,199410,5,644177
WIN$D,M15,1739790900,149825.0,149990.0,149705.0,149950.0,138271,5,467204
WIN$D,M15,1739791800,149950.0,150105.0,149905.0,149990.0,130974,5,457166
WIN$D,M15,1739792700,149990.0,150120.0,149870.0,149965.0,126945,5,422830
WIN$D,M15,1739793600,149965.0,150040.0,149895.0,150025.0,70390,5,229377
WIN$D,M15,1739794500,150020.0,150025.0,149880.0,149935.0,67024,5,216702
WIN$D,M15,1739795400,149940.0,150140.0,149935.0,150085.0,67406,5,223773
WIN$D,M15,1739796300,150080.0,150335.0,150075.0,150255.0,104705,5,366243
WIN$D,M15,1739797200,150250.0,150310.0,150150.0,150250.0,63194,5,203959
WIN$D,M15,1739798100,150245.0,150365.0,150195.0,150225.0,63703,5,200804
WIN$D,M15,1739799000,150225.0,150385.0,150215.0,150300.0,56890,5,187192
WIN$D,M15,1739799900,150305.0,150430.0,150280.0,150360.0,64344,5,212722
WIN$D,M15,1739800800,150360.0,150375.0,150220.0,150295.0,56145,5,173441
WIN$D,M15,1739801700,150295.0,150300.0,150195.0,150235.0,39156,5,123493
WIN$D,M15,1739802600,150240.0,150250.0,150075.0,150110.0,84140,5,271968
WIN$D,M15,1739803500,150110.0,150220.0,150050.0,150185.0,58254,5,186746
WIN$D,M15,1739804400,150180.0,150215.0,150095.0,150125.0,39734,5,131012
WIN$D,M15,1739805300,150130.0,150185.0,150060.0,150100.0,40110,5,136889
WIN$D,M15,1739806200,150095.0,150105.0,149670.0,149830.0,118091,5,428397
WIN$D,M15,1739807100,149825.0,149880.0,149735.0,149815.0,53719,5,178429
WIN$D,M15,1739808000,149820.0,149915.0,149715.0,149720.0,56289,5,196657
WIN$D,M15,1739808900,149715.0,149980.0,149700.0,149965.0,64986,5,229439
WIN$D,M15,1739809800,149965.0,150040.0,149895.0,150015.0,55812,5,186365
WIN$D,M15,1739810700,150015.0,150125.0,149940.0,149980.0,56992,5,192443
WIN$D,M15,1739811600,149975.0,150035.0,149870.0,149875.0,45790,5,138191
WIN$D,M15,1739812500,149870.0,149935.0,149770.0,149920.0,53996,5,173136
WIN$D,M15,1739813400,149920.0,149930.0,149695.0,149730.0,49748,5,155433
WIN$D,M15,1739814300,149735.0,149755.0,149370.0,149480.0,93609,5,284750
WIN$D,M15,1739815200,149480.0,149505.0,149250.0,149340.0,47443,5,153823
WIN$D,M15,1739816100,149335.0,149405.0,149310.0,149370.0,15206,5,51070
WIN$D,M15,1739869200,149790.0,149815.0,149180.0,149330.0,218812,5,644736
WIN$D,M15,1739870100,149325.0,149340.0,149205.0,149260.0,65254,5,198474
WIN$D,M15,1739871000,149260.0,149550.0,149255.0,149440.0,159648,5,508269
WIN$D,M15,1739871900,149445.0,149570.0,149440.0,149565.0,74378,5,234078
WIN$D,M15,1739872800,149560.0,149650.0,149320.0,149355.0,222042,5,710977
WIN$D,M15,1739873700,149355.0,149370.0,148785.0,148885.0,252719,5,870186
WIN$D,M15,1739874600,148885.0,149265.0,148800.0,149105.0,194353,5,640749
WIN$D,M15,1739875500,149100.0,149405.0,149095.0,149335.0,166370,5,580453
WIN$D,M15,1739876400,149335.0,149395.0,149130.0,149385.0,146203,5,503351
WIN$D,M15,1739877300,149385.0,149525.0,149320.0,149525.0,107196,5,368218
WIN$D,M15,1739878200,149525.0,149650.0,149415.0,149545.0,183482,5,640387
WIN$D,M15,1739879100,149545.0,149590.0,149415.0,149495.0,85855,5,304218
WIN$D,M15,1739880000,149495.0,149945.0,149490.0,149895.0,148206,5,530946
WIN$D,M15,1739880900,149895.0,149995.0,149865.0,149985.0,80267,5,279119
WIN$D,M15,1739881800,149990.0,150070.0,149915.0,150070.0,73130,5,257652
WIN$D,M15,1739882700,150070.0,150100.0,149910.0,149945.0,64860,5,235720
WIN$D,M15,1739883600,149945.0,149965.0,149810.0,149820.0,70355,5,237108
WIN$D,M15,1739884500,149825.0,149955.0,149800.0,149870.0,67039,5,247188
WIN$D,M15,1739885400,149875.0,149925.0,149765.0,149885.0,53837,5,186897
WIN$D,M15,1739886300,149890.0,149950.0,149850.0,149895.0,47337,5,163647
WIN$D,M15,1739887200,149895.0,149930.0,149725.0,149795.0,61054,5,222378
WIN$D,M15,1739888100,149790.0,149825.0,149625.0,149680.0,69746,5,270073
WIN$D,M15,1739889000,149680.0,149770.0,149600.0,149615.0,60306,5,209304
WIN$D,M15,1739889900,149615.0,149650.0,149425.0,149455.0,73809,5,271787
WIN$D,M15,1739890800,149450.0,149525.0,149390.0,149450.0,61981,5,232170
WIN$D,M15,1739891700,149450.0,149460.0,149170.0,149185.0,95159,5,383308
WIN$D,M15,1739892600,149180.0,149345.0,149150.0,149175.0,72879,5,276326
WIN$D,M15,1739893500,149180.0,149270.0,149110.0,149270.0,61671,5,232239
WIN$D,M15,1739894400,149265.0,149345.0,149200.0,149320.0,54678,5,213592
WIN$D,M15,1739895300,149315.0,149365.0,149255.0,149255.0,35217,5,135992
WIN$D,M15,1739896200,149250.0,149315.0,149230.0,149290.0,27881,5,101932
WIN$D,M15,1739897100,149295.0,149335.0,149005.0,149025.0,55960,5,210027
WIN$D,M15,1739898000,149020.0,149060.0,148800.0,148825.0,82367,5,323787
WIN$D,M15,1739898900,148825.0,149090.0,148825.0,149035.0,52017,5,184044
WIN$D,M15,1739899800,149035.0,149065.0,148830.0,148985.0,69192,5,262286
WIN$D,M15,1739900700,148985.0,149205.0,148950.0,149065.0,54968,5,193998
WIN$D,M15,1739901600,149060.0,149230.0,149010.0,149145.0,45641,5,142730
WIN$D,M15,1739902500,149140.0,149295.0,149090.0,149260.0,16920,5,66664
WIN$D,M15,1739955600,149090.0,149110.0,148540.0,148715.0,236779,5,668087
WIN$D,M15,1739956500,148715.0,148730.0,148325.0,148500.0,166119,5,542308
WIN$D,M15,1739957400,148500.0,148585.0,148255.0,148290.0,135470,5,440827
WIN$D,M15,1739958300,148290.0,148315.0,147965.0,148065.0,157885,5,549428
WIN$D,M15,1739959200,148070.0,148145.0,147940.0,148060.0,147510,5,501392
WIN$D,M15,1739960100,148055.0,148395.0,148040.0,148140.0,196195,5,655542
WIN$D,M15,1739961000,148140.0,148315.0,148095.0,148275.0,108586,5,387315
WIN$D,M15,1739961900,148275.0,148615.0,148250.0,148590.0,124400,5,429251
WIN$D,M15,1739962800,148590.0,148650.0,148260.0,148315.0,136100,5,470234
WIN$D,M15,1739963700,148315.0,148425.0,148115.0,148175.0,113641,5,390257
WIN$D,M15,1739964600,148170.0,148555.0,148160.0,148365.0,182195,5,643043
WIN$D,M15,1739965500,148370.0,148415.0,148260.0,148300.0,84603,5,299325
WIN$D,M15,1739966400,148305.0,148445.0,148245.0,148345.0,78102,5,287361
WIN$D,M15,1739967300,148345.0,148450.0,148270.0,148395.0,59547,5,212923
WIN$D,M15,1739968200,148400.0,148525.0,148280.0,148320.0,93716,5,357666
WIN$D,M15,1739969100,148325.0,148380.0,148255.0,148375.0,50930,5,189036
WIN$D,M15,1739970000,148370.0,148460.0,148295.0,148455.0,53052,5,188610
WIN$D,M15,1739970900,148450.0,148465.0,148205.0,148335.0,71961,5,268795
WIN$D,M15,1739971800,148340.0,148350.0,148145.0,148220.0,52793,5,179686
WIN$D,M15,1739972700,148225.0,148310.0,148145.0,148165.0,53012,5,185581
WIN$D,M15,1739973600,148165.0,148190.0,148050.0,148090.0,64549,5,232023
WIN$D,M15,1739974500,148085.0,148185.0,147975.0,148125.0,77023,5,283001
WIN$D,M15,1739975400,148120.0,148135.0,147960.0,148045.0,68557,5,249624
WIN$D,M15,1739976300,148050.0,148165.0,148005.0,148040.0,45286,5,161237
WIN$D,M15,1739977200,148040.0,148080.0,147985.0,148035.0,32236,5,121910
WIN$D,M15,1739978100,148035.0,148100.0,147860.0,147935.0,75223,5,291403
WIN$D,M15,1739979000,147940.0,147940.0,147805.0,147835.0,55454,5,212402
WIN$D,M15,1739979900,147835.0,147930.0,147815.0,147855.0,40911,5,160339
WIN$D,M15,1739980800,147855.0,147985.0,147835.0,147965.0,46687,5,185252
WIN$D,M15,1739981700,147970.0,148035.0,147860.0,147875.0,73220,5,289205
WIN$D,M15,1739982600,147875.0,147935.0,147810.0,147885.0,44614,5,163518
WIN$D,M15,1739983500,147890.0,147905.0,147735.0,147745.0,55925,5,208077
WIN$D,M15,1739984400,147745.0,147860.0,147640.0,147850.0,61955,5,231832
WIN$D,M15,1739985300,147850.0,147865.0,147780.0,147850.0,27971,5,105718
WIN$D,M15,1739986200,147850.0,147985.0,147795.0,147825.0,47763,5,182967
WIN$D,M15,1739987100,147820.0,147985.0,147815.0,147940.0,44586,5,160675
WIN$D,M15,1739988000,147945.0,148035.0,147825.0,147865.0,46954,5,167423
WIN$D,M15,1739988900,147865.0,148080.0,147840.0,147880.0,20605,5,99023
WIN$D,M15,1740042000,148190.0,148390.0,148060.0,148175.0,224592,5,613839
WIN$D,M15,1740042900,148180.0,148255.0,147965.0,148045.0,151811,5,492156
WIN$D,M15,1740043800,148045.0,148245.0,147975.0,148220.0,105769,5,334275
WIN$D,M15,1740044700,148220.0,148220.0,148070.0,148155.0,73025,5,227838
WIN$D,M15,1740045600,148155.0,148185.0,147900.0,148035.0,194732,5,617872
WIN$D,M15,1740046500,148040.0,148045.0,147715.0,147925.0,213403,5,673365
WIN$D,M15,1740047400,147925.0,147955.0,147585.0,147820.0,175864,5,573383
WIN$D,M15,1740048300,147820.0,147930.0,147760.0,147915.0,96663,5,327117
WIN$D,M15,1740049200,147915.0,148040.0,147795.0,147985.0,101393,5,354399
WIN$D,M15,1740050100,147985.0,148080.0,147885.0,147970.0,120685,5,425028
WIN$D,M15,1740051000,147975.0,148260.0,147965.0,148175.0,208310,5,734179
WIN$D,M15,1740051900,148175.0,148490.0,148060.0,148295.0,162156,5,562554
WIN$D,M15,1740052800,148295.0,148470.0,148250.0,148295.0,95486,5,333226
WIN$D,M15,1740053700,148295.0,148350.0,148010.0,148135.0,106266,5,378947
WIN$D,M15,1740054600,148135.0,148190.0,147995.0,148100.0,72056,5,257972
WIN$D,M15,1740055500,148095.0,148100.0,147940.0,147945.0,66874,5,252525
WIN$D,M15,1740056400,147945.0,148080.0,147900.0,147920.0,70617,5,256407
WIN$D,M15,1740057300,147920.0,147930.0,147700.0,147775.0,79400,5,281273
WIN$D,M15,1740058200,147770.0,147915.0,147770.0,147805.0,62030,5,223754
WIN$D,M15,1740059100,147805.0,147915.0,147770.0,147845.0,55250,5,212353
WIN$D,M15,1740060000,147840.0,147910.0,147755.0,147805.0,44897,5,173313
WIN$D,M15,1740060900,147805.0,148055.0,147760.0,147990.0,77187,5,295460
WIN$D,M15,1740061800,147995.0,148100.0,147950.0,147980.0,61519,5,224811
WIN$D,M15,1740062700,147980.0,148020.0,147855.0,147900.0,49004,5,181051
WIN$D,M15,1740063600,147900.0,147910.0,147805.0,147905.0,43699,5,161113
WIN$D,M15,1740064500,147905.0,147905.0,147745.0,147770.0,41423,5,168314
WIN$D,M15,1740065400,147765.0,147840.0,147725.0,147795.0,40697,5,160210
WIN$D,M15,1740066300,147795.0,147985.0,147775.0,147880.0,56102,5,222468
WIN$D,M15,1740067200,147885.0,147960.0,147835.0,147910.0,40193,5,151857
WIN$D,M15,1740068100,147905.0,148025.0,147860.0,148000.0,44612,5,170357
WIN$D,M15,1740069000,147995.0,148050.0,147910.0,148000.0,44781,5,160304
WIN$D,M15,1740069900,148005.0,148050.0,147940.0,148000.0,31164,5,110204
WIN$D,M15,1740070800,148000.0,148130.0,147990.0,148065.0,46106,5,160152
WIN$D,M15,1740071700,148065.0,148225.0,148045.0,148170.0,41075,5,152760
WIN$D,M15,1740072600,148170.0,148290.0,148120.0,148215.0,45261,5,158291
WIN$D,M15,1740073500,148210.0,148345.0,148200.0,148245.0,43717,5,160879
WIN$D,M15,1740074400,148250.0,148260.0,148050.0,148065.0,34588,5,126077
WIN$D,M15,1740075300,148065.0,148070.0,147905.0,147960.0,14499,5,65199
WIN$D,M15,1740128400,148010.0,148200.0,147840.0,148050.0,190179,5,506613
WIN$D,M15,1740129300,148050.0,148160.0,147960.0,148055.0,83794,5,240604
WIN$D,M15,1740130200,148055.0,148080.0,147800.0,147885.0,102114,5,311541
WIN$D,M15,1740131100,147885.0,148075.0,147860.0,148050.0,76528,5,228653
WIN$D,M15,1740132000,148050.0,148240.0,147910.0,148040.0,200113,5,607954
WIN$D,M15,1740132900,148040.0,148110.0,147630.0,147910.0,207158,5,651391
WIN$D,M15,1740133800,147905.0,148150.0,147830.0,147930.0,170985,5,544907
WIN$D,M15,1740134700,147925.0,148030.0,147890.0,147930.0,95056,5,310244
WIN$D,M15,1740135600,147935.0,147955.0,147580.0,147630.0,136572,5,453095
WIN$D,M15,1740136500,147625.0,147670.0,147410.0,147610.0,133073,5,458830
WIN$D,M15,1740137400,147610.0,147865.0,147595.0,147765.0,140341,5,478124
WIN$D,M15,1740138300,147770.0,147925.0,147515.0,147560.0,131520,5,443472
WIN$D,M15,1740139200,147555.0,147660.0,147505.0,147610.0,88845,5,297677
WIN$D,M15,1740140100,147610.0,147610.0,147315.0,147325.0,92370,5,323363
WIN$D,M15,1740141000,147320.0,147395.0,147250.0,147335.0,71500,5,254322
WIN$D,M15,1740141900,147340.0,147425.0,147335.0,147400.0,46693,5,159937
WIN$D,M15,1740142800,147400.0,147455.0,147280.0,147420.0,65724,5,231387
WIN$D,M15,1740143700,147425.0,147655.0,147390.0,147440.0,84684,5,280005
WIN$D,M15,1740144600,147445.0,147625.0,147440.0,147610.0,41014,5,135364
WIN$D,M15,1740145500,147615.0,147620.0,147425.0,147500.0,51906,5,171380
WIN$D,M15,1740146400,147505.0,147825.0,147500.0,147805.0,91700,5,306952
WIN$D,M15,1740147300,147800.0,147835.0,147655.0,147710.0,69752,5,236224
WIN$D,M15,1740148200,147710.0,147830.0,147655.0,147735.0,59300,5,199908
WIN$D,M15,1740149100,147735.0,147760.0,147565.0,147585.0,48374,5,159031
WIN$D,M15,1740150000,147585.0,147655.0,146935.0,147120.0,149610,5,555326
WIN$D,M15,1740150900,147120.0,147395.0,147095.0,147185.0,116808,5,375899
WIN$D,M15,1740151800,147185.0,147435.0,147170.0,147260.0,74631,5,263049
WIN$D,M15,1740152700,147260.0,147300.0,147170.0,147190.0,42545,5,150105
WIN$D,M15,1740153600,147195.0,147480.0,147180.0,147420.0,67515,5,255100
WIN$D,M15,1740154500,147415.0,147425.0,147175.0,147210.0,56074,5,202915
WIN$D,M15,1740155400,147215.0,147370.0,147195.0,147310.0,54388,5,173962
WIN$D,M15,1740156300,147315.0,147430.0,147260.0,147365.0,42277,5,135562
WIN$D,M15,1740157200,147365.0,147415.0,147290.0,147370.0,32282,5,101808
WIN$D,M15,1740158100,147375.0,147400.0,147255.0,147375.0,36841,5,129366
WIN$D,M15,1740159000,147375.0,147735.0,147315.0,147610.0,65373,5,235326
WIN$D,M15,1740159900,147605.0,147715.0,147555.0,147660.0,40392,5,139129
WIN$D,M15,1740160800,147660.0,147780.0,147635.0,147740.0,37156,5,118491
WIN$D,M15,1740161700,147740.0,147760.0,147640.0,147650.0,14556,5,55479
WIN$D,M15,1740387600,147925.0,148150.0,147800.0,147920.0,196521,5,534666
WIN$D,M15,1740388500,147920.0,148080.0,147870.0,147890.0,96391,5,291662
WIN$D,M15,1740389400,147890.0,148265.0,147880.0,148120.0,133614,5,416323
WIN$D,M15,1740390300,148125.0,148160.0,148020.0,148075.0,91554,5,285775
WIN$D,M15,1740391200,148070.0,148140.0,147580.0,147695.0,262396,5,846879
WIN$D,M15,1740392100,147700.0,147835.0,147535.0,147640.0,176446,5,572084
WIN$D,M15,1740393000,147635.0,147745.0,147450.0,147690.0,172862,5,566858
WIN$D,M15,1740393900,147690.0,147720.0,147335.0,147500.0,170919,5,563161
WIN$D,M15,1740394800,147495.0,147740.0,147310.0,147490.0,180206,5,593233
WIN$D,M15,1740395700,147495.0,147560.0,147305.0,147475.0,110585,5,367004
WIN$D,M15,1740396600,147475.0,147755.0,147400.0,147445.0,176174,5,609824
WIN$D,M15,1740397500,147445.0,147480.0,147235.0,147280.0,145336,5,498229
WIN$D,M15,1740398400,147280.0,147315.0,146945.0,147015.0,147972,5,522267
WIN$D,M15,1740399300,147020.0,147110.0,146975.0,147010.0,59200,5,195897
WIN$D,M15,1740400200,147015.0,147165.0,147000.0,147090.0,67647,5,224061
WIN$D,M15,1740401100,147085.0,147100.0,146970.0,147055.0,48789,5,168578
WIN$D,M15,1740402000,147055.0,147130.0,146865.0,146915.0,82163,5,284059
WIN$D,M15,1740402900,146910.0,147045.0,146810.0,146815.0,81823,5,285748
WIN$D,M15,1740403800,146820.0,146990.0,146805.0,146935.0,72909,5,257865
WIN$D,M15,1740404700,146935.0,146940.0,146740.0,146750.0,66964,5,226264
WIN$D,M15,1740405600,146750.0,146790.0,146575.0,146615.0,87723,5,297810
WIN$D,M15,1740406500,146620.0,146620.0,146395.0,146405.0,90565,5,318984
WIN$D,M15,1740407400,146405.0,146475.0,146335.0,146390.0,72245,5,253406
WIN$D,M15,1740408300,146385.0,146445.0,146305.0,146320.0,65277,5,241403
WIN$D,M15,1740409200,146315.0,146415.0,146245.0,146340.0,72209,5,265181
WIN$D,M15,1740410100,146345.0,146440.0,146255.0,146375.0,64168,5,251691
WIN$D,M15,1740411000,146375.0,146385.0,146205.0,146280.0,70144,5,278369
WIN$D,M15,1740411900,146285.0,146325.0,146175.0,146200.0,59669,5,231236
WIN$D,M15,1740412800,146195.0,146255.0,146105.0,146115.0,49226,5,195038
WIN$D,M15,1740413700,146120.0,146150.0,146045.0,146070.0,54315,5,206275
WIN$D,M15,1740414600,146065.0,146110.0,145970.0,146000.0,54096,5,200074
WIN$D,M15,1740415500,146005.0,146070.0,145635.0,145700.0,95013,5,397680
WIN$D,M15,1740416400,145700.0,145810.0,145605.0,145670.0,78131,5,310846
WIN$D,M15,1740417300,145665.0,145720.0,145555.0,145685.0,68801,5,253539
WIN$D,M15,1740418200,145680.0,145945.0,145675.0,145900.0,78119,5,284575
WIN$D,M15,1740419100,145895.0,145910.0,145740.0,145800.0,55044,5,197297
WIN$D,M15,1740420000,145805.0,146005.0,145770.0,145980.0,33885,5,130550
WIN$D,M15,1740420900,145990.0,146040.0,145925.0,146040.0,16612,5,83365
WIN$D,M15,1740474000,146110.0,146515.0,146110.0,146480.0,224173,5,616321
WIN$D,M15,1740474900,146485.0,146570.0,146315.0,146440.0,149733,5,448381
WIN$D,M15,1740475800,146435.0,146455.0,146225.0,146340.0,134717,5,414561
WIN$D,M15,1740476700,146340.0,146490.0,146175.0,146245.0,136044,5,425604
WIN$D,M15,1740477600,146245.0,146465.0,146030.0,146135.0,222786,5,692015
WIN$D,M15,1740478500,146140.0,146335.0,146070.0,146150.0,181515,5,575007
WIN$D,M15,1740479400,146145.0,146545.0,146120.0,146500.0,178645,5,542031
WIN$D,M15,1740480300,146505.0,146775.0,146490.0,146535.0,199149,5,618555
WIN$D,M15,1740481200,146530.0,146710.0,146435.0,146640.0,164492,5,525222
WIN$D,M15,1740482100,146645.0,146910.0,146515.0,146895.0,139790,5,465227
WIN$D,M15,1740483000,146895.0,146950.0,146640.0,146790.0,171840,5,547906
WIN$D,M15,1740483900,146790.0,147240.0,146780.0,147005.0,177829,5,612682
WIN$D,M15,1740484800,147000.0,147015.0,146775.0,146795.0,100833,5,310405
WIN$D,M15,1740485700,146795.0,146985.0,146715.0,146930.0,101536,5,333316
WIN$D,M15,1740486600,146930.0,146950.0,146770.0,146835.0,79377,5,252667
WIN$D,M15,1740487500,146835.0,146915.0,146760.0,146865.0,66240,5,227260
WIN$D,M15,1740488400,146865.0,147130.0,146800.0,146815.0,116948,5,397878
WIN$D,M15,1740489300,146820.0,146890.0,146540.0,146590.0,107032,5,367659
WIN$D,M15,1740490200,146590.0,146635.0,146405.0,146480.0,116545,5,407077
WIN$D,M15,1740491100,146480.0,146495.0,146350.0,146460.0,78925,5,264199
WIN$D,M15,1740492000,146455.0,146625.0,146425.0,146515.0,80170,5,286540
WIN$D,M15,1740492900,146515.0,146550.0,146395.0,146535.0,61575,5,205316
WIN$D,M15,1740493800,146535.0,146600.0,146450.0,146515.0,63414,5,228338
WIN$D,M15,1740494700,146520.0,146570.0,146405.0,146505.0,46720,5,163638
WIN$D,M15,1740495600,146505.0,146710.0,146470.0,146650.0,68019,5,261142
WIN$D,M15,1740496500,146650.0,146795.0,146540.0,146555.0,87251,5,337715
WIN$D,M15,1740497400,146550.0,146835.0,146495.0,146785.0,91828,5,356891
WIN$D,M15,1740498300,146780.0,146795.0,146615.0,146620.0,52690,5,193331
WIN$D,M15,1740499200,146625.0,146780.0,146585.0,146665.0,73637,5,293744
WIN$D,M15,1740500100,146665.0,146715.0,146535.0,146560.0,46317,5,174904
WIN$D,M15,1740501000,146565.0,146700.0,146495.0,146665.0,56999,5,204977
WIN$D,M15,1740501900,146670.0,146695.0,146575.0,146675.0,45859,5,166967
WIN$D,M15,1740502800,146675.0,146765.0,146590.0,146725.0,58686,5,223737
WIN$D,M15,1740503700,146725.0,146775.0,146650.0,146670.0,37729,5,132550
WIN$D,M15,1740504600,146670.0,146680.0,146515.0,146535.0,49469,5,180129
WIN$D,M15,1740505500,146535.0,146615.0,146375.0,146390.0,54953,5,189650
WIN$D,M15,1740506400,146395.0,146545.0,146210.0,146320.0,53000,5,173572
WIN$D,M15,1740507300,146325.0,146365.0,146235.0,146305.0,18392,5,78545
WIN$D,M15,1740560400,146810.0,147165.0,146740.0,146955.0,236883,5,627894
WIN$D,M15,1740561300,146955.0,147300.0,146875.0,147265.0,157373,5,465828
WIN$D,M15,1740562200,147270.0,147360.0,147150.0,147320.0,144951,5,443413
WIN$D,M15,1740563100,147320.0,147625.0,147295.0,147580.0,125789,5,400376
WIN$D,M15,1740564000,147575.0,147615.0,146860.0,146900.0,266571,5,841159
WIN$D,M15,1740564900,146905.0,147010.0,146555.0,146585.0,232072,5,746475
WIN$D,M15,1740565800,146585.0,146585.0,146145.0,146190.0,223580,5,729231
WIN$D,M15,1740566700,146190.0,146300.0,145980.0,146045.0,161059,5,526189
WIN$D,M15,1740567600,146045.0,146265.0,145885.0,146005.0,180425,5,570528
WIN$D,M15,1740568500,146000.0,146015.0,145635.0,145775.0,148736,5,482925
WIN$D,M15,1740569400,145780.0,145945.0,145615.0,145700.0,159435,5,523680
WIN$D,M15,1740570300,145700.0,145850.0,145395.0,145675.0,165907,5,551078
WIN$D,M15,1740571200,145680.0,145870.0,145550.0,145765.0,144013,5,483949
WIN$D,M15,1740572100,145760.0,145860.0,145730.0,145810.0,61348,5,188647
WIN$D,M15,1740573000,145810.0,145850.0,145690.0,145830.0,63655,5,211898
WIN$D,M15,1740573900,145830.0,145945.0,145755.0,145860.0,78437,5,263882
WIN$D,M15,1740574800,145860.0,145935.0,145775.0,145800.0,72528,5,251529
WIN$D,M15,1740575700,145800.0,145875.0,145745.0,145855.0,52221,5,166885
WIN$D,M15,1740576600,145855.0,146005.0,145810.0,145950.0,72720,5,251999
WIN$D,M15,1740577500,145950.0,145960.0,145810.0,145825.0,50522,5,165233
WIN$D,M15,1740578400,145825.0,145875.0,145755.0,145780.0,53725,5,176402
WIN$D,M15,1740579300,145775.0,145810.0,145615.0,145800.0,86759,5,290153
WIN$D,M15,1740580200,145800.0,145840.0,145575.0,145605.0,86244,5,289344
WIN$D,M15,1740581100,145605.0,145610.0,145440.0,145485.0,77602,5,279244
WIN$D,M15,1740582000,145490.0,145595.0,145305.0,145575.0,99058,5,359670
WIN$D,M15,1740582900,145580.0,145655.0,145505.0,145520.0,65254,5,238536
WIN$D,M15,1740583800,145520.0,145630.0,145505.0,145615.0,45323,5,149371
WIN$D,M15,1740584700,145620.0,145705.0,145530.0,145595.0,63694,5,231326
WIN$D,M15,1740585600,145595.0,145635.0,145405.0,145425.0,60105,5,212620
WIN$D,M15,1740586500,145425.0,145495.0,145340.0,145365.0,57633,5,210980
WIN$D,M15,1740587400,145370.0,145545.0,145360.0,145475.0,54645,5,192122
WIN$D,M15,1740588300,145475.0,145555.0,145405.0,145420.0,51065,5,186734
WIN$D,M15,1740589200,145420.0,145585.0,145360.0,145360.0,61325,5,213419
WIN$D,M15,1740590100,145360.0,145470.0,145310.0,145405.0,56522,5,196533
WIN$D,M15,1740591000,145405.0,145445.0,145100.0,145145.0,68165,5,243008
WIN$D,M15,1740591900,145145.0,145225.0,145045.0,145150.0,61653,5,193543
WIN$D,M15,1740592800,145145.0,145180.0,145035.0,145110.0,35279,5,109702
WIN$D,M15,1740593700,145115.0,145375.0,145080.0,145375.0,26487,5,108693
WIN$D,M15,1740646800,144590.0,144755.0,144340.0,144605.0,251093,5,661916
WIN$D,M15,1740647700,144600.0,144650.0,144435.0,144575.0,106959,5,304482
WIN$D,M15,1740648600,144575.0,144810.0,144510.0,144745.0,112308,5,333552
WIN$D,M15,1740649500,144750.0,144855.0,144660.0,144745.0,105111,5,292501
WIN$D,M15,1740650400,144740.0,145045.0,144725.0,144875.0,204320,5,633262
WIN$D,M15,1740651300,144880.0,144990.0,144805.0,144920.0,117538,5,380387
WIN$D,M15,1740652200,144925.0,145070.0,144850.0,144910.0,144525,5,476264
WIN$D,M15,1740653100,144905.0,144935.0,144610.0,144815.0,207334,5,651883
WIN$D,M15,1740654000,144810.0,145005.0,144765.0,144800.0,154934,5,521944
WIN$D,M15,1740654900,144795.0,144965.0,144780.0,144865.0,97647,5,328654
WIN$D,M15,1740655800,144865.0,145025.0,144600.0,144965.0,191846,5,662590
WIN$D,M15,1740656700,144970.0,145090.0,144800.0,144810.0,130011,5,424210
WIN$D,M15,1740657600,144810.0,145055.0,144660.0,144880.0,143039,5,489099
WIN$D,M15,1740658500,144880.0,145035.0,144870.0,145025.0,79091,5,246618
WIN$D,M15,1740659400,145020.0,145130.0,144950.0,145040.0,84181,5,266665
WIN$D,M15,1740660300,145035.0,145070.0,144845.0,144920.0,67929,5,227602
WIN$D,M15,1740661200,144920.0,144965.0,144790.0,144885.0,63304,5,218353
WIN$D,M15,1740662100,144885.0,144935.0,144755.0,144850.0,61686,5,214851
WIN$D,M15,1740663000,144845.0,144880.0,144705.0,144795.0,72255,5,246400
WIN$D,M15,1740663900,144795.0,144965.0,144770.0,144885.0,80479,5,253726
WIN$D,M15,1740664800,144890.0,145060.0,144890.0,145040.0,64549,5,221243
WIN$D,M15,1740665700,145040.0,145090.0,144970.0,144980.0,57954,5,189836
WIN$D,M15,1740666600,144980.0,145050.0,144895.0,145020.0,75230,5,251893
WIN$D,M15,1740667500,145015.0,145300.0,145000.0,145180.0,98530,5,327896
WIN$D,M15,1740668400,145185.0,145325.0,145130.0,145300.0,65085,5,221478
WIN$D,M15,1740669300,145305.0,145365.0,145250.0,145290.0,60696,5,207775
WIN$D,M15,1740670200,145295.0,145445.0,145185.0,145430.0,82556,5,291440
WIN$D,M15,1740671100,145425.0,145765.0,145415.0,145670.0,119059,5,438943
WIN$D,M15,1740672000,145670.0,145795.0,145595.0,145610.0,76330,5,284110
WIN$D,M15,1740672900,145610.0,145675.0,145555.0,145615.0,49079,5,172865
WIN$D,M15,1740673800,145615.0,145625.0,145395.0,145490.0,80985,5,283439
WIN$D,M15,1740674700,145485.0,145605.0,145465.0,145535.0,56039,5,196362
WIN$D,M15,1740675600,145535.0,145540.0,145090.0,145165.0,112240,5,434197
WIN$D,M15,1740676500,145160.0,145185.0,144930.0,145040.0,90506,5,327504
WIN$D,M15,1740677400,145035.0,145085.0,144760.0,144905.0,84329,5,291218
WIN$D,M15,1740678300,144905.0,145060.0,144835.0,144870.0,76305,5,246460
WIN$D,M15,1740679200,144865.0,145065.0,144810.0,145015.0,49052,5,161000
WIN$D,M15,1740680100,145015.0,145065.0,144950.0,145005.0,13951,5,52909
WIN$D,M15,1740733200,144880.0,144890.0,144390.0,144415.0,179880,5,497673
WIN$D,M15,1740734100,144415.0,144505.0,144345.0,144415.0,87039,5,268452
WIN$D,M15,1740735000,144415.0,144485.0,144285.0,144410.0,121079,5,385018
WIN$D,M15,1740735900,144405.0,144565.0,144370.0,144525.0,84549,5,253919
WIN$D,M15,1740736800,144530.0,145035.0,144455.0,144925.0,215250,5,666492
WIN$D,M15,1740737700,144930.0,145135.0,144755.0,144830.0,188755,5,582629
WIN$D,M15,1740738600,144830.0,144945.0,144725.0,144780.0,129748,5,405443
WIN$D,M15,1740739500,144785.0,144860.0,144670.0,144740.0,102796,5,321224
WIN$D,M15,1740740400,144740.0,144890.0,144445.0,144455.0,150065,5,496093
WIN$D,M15,1740741300,144455.0,144460.0,144120.0,144205.0,186064,5,635361
WIN$D,M15,1740742200,144205.0,144610.0,144145.0,144540.0,182536,5,589085
WIN$D,M15,1740743100,144535.0,144555.0,144250.0,144340.0,142388,5,460426
WIN$D,M15,1740744000,144345.0,144550.0,144295.0,144445.0,94680,5,308905
WIN$D,M15,1740744900,144445.0,144455.0,144250.0,144315.0,85220,5,289740
WIN$D,M15,1740745800,144310.0,144710.0,144280.0,144525.0,106773,5,360677
WIN$D,M15,1740746700,144525.0,144550.0,144350.0,144540.0,73133,5,252054
WIN$D,M15,1740747600,144540.0,144605.0,144430.0,144440.0,66093,5,219224
WIN$D,M15,1740748500,144440.0,144485.0,144180.0,144180.0,94349,5,329317
WIN$D,M15,1740749400,144180.0,144250.0,143915.0,143955.0,110976,5,383163
WIN$D,M15,1740750300,143950.0,144005.0,143775.0,143795.0,92775,5,321455
WIN$D,M15,1740751200,143790.0,143915.0,143720.0,143855.0,78894,5,283960
WIN$D,M15,1740752100,143855.0,143900.0,143640.0,143675.0,79903,5,290601
WIN$D,M15,1740753000,143675.0,143735.0,143560.0,143585.0,72498,5,259877
WIN$D,M15,1740753900,143585.0,143650.0,143400.0,143490.0,93856,5,344831
WIN$D,M15,1740754800,143490.0,143490.0,143015.0,143040.0,120170,5,447620
WIN$D,M15,1740755700,143040.0,143085.0,142785.0,142910.0,121638,5,445638
WIN$D,M15,1740756600,142905.0,143200.0,142880.0,143050.0,102652,5,388812
WIN$D,M15,1740757500,143045.0,143060.0,142920.0,142955.0,57657,5,213191
WIN$D,M15,1740758400,142960.0,143160.0,142945.0,143150.0,61679,5,218545
WIN$D,M15,1740759300,143155.0,143225.0,143040.0,143045.0,59357,5,209672
WIN$D,M15,1740760200,143045.0,143180.0,142965.0,143165.0,59601,5,200847
WIN$D,M15,1740761100,143165.0,143285.0,143060.0,143160.0,70228,5,246253
WIN$D,M15,1740762000,143160.0,143400.0,143110.0,143345.0,70113,5,246654
WIN$D,M15,1740762900,143340.0,143370.0,143150.0,143175.0,54662,5,181740
WIN$D,M15,1740763800,143175.0,143290.0,143080.0,143175.0,55717,5,182607
WIN$D,M15,1740764700,143175.0,143430.0,143135.0,143265.0,80680,5,257585
WIN$D,M15,1740765600,143265.0,143290.0,142970.0,143145.0,70609,5,224053
WIN$D,M15,1740766500,143145.0,143425.0,143090.0,143340.0,23379,5,84290
WIN$D,M15,1741179600,143680.0,143790.0,143200.0,143310.0,230834,5,714008
WIN$D,M15,1741180500,143305.0,143340.0,143070.0,143215.0,131797,5,423797
WIN$D,M15,1741181400,143215.0,143255.0,143100.0,143150.0,86671,5,290903
WIN$D,M15,1741182300,143150.0,143285.0,143025.0,143265.0,127220,5,444164
WIN$D,M15,1741183200,143260.0,143425.0,143135.0,143145.0,133455,5,445170
WIN$D,M15,1741184100,143140.0,143290.0,143125.0,143160.0,72461,5,237901
WIN$D,M15,1741185000,143155.0,143340.0,143130.0,143235.0,66058,5,225221
WIN$D,M15,1741185900,143240.0,143250.0,142985.0,143185.0,100234,5,348366
WIN$D,M15,1741186800,143185.0,143195.0,142915.0,143090.0,115134,5,385256
WIN$D,M15,1741187700,143095.0,143245.0,143065.0,143170.0,84849,5,300752
WIN$D,M15,1741188600,143175.0,143175.0,143030.0,143120.0,69378,5,232462
WIN$D,M15,1741189500,143125.0,143300.0,143120.0,143220.0,82962,5,299726
WIN$D,M15,1741190400,143220.0,143325.0,143155.0,143295.0,56705,5,202736
WIN$D,M15,1741191300,143300.0,143330.0,143165.0,143290.0,70326,5,261602
WIN$D,M15,1741192200,143290.0,143390.0,143235.0,143305.0,57571,5,200606
WIN$D,M15,1741193100,143305.0,143390.0,143215.0,143230.0,51660,5,187887
WIN$D,M15,1741194000,143235.0,143245.0,143065.0,143125.0,64963,5,222423
WIN$D,M15,1741194900,143125.0,143355.0,143055.0,143345.0,69009,5,242606
WIN$D,M15,1741195800,143345.0,143540.0,143225.0,143535.0,83540,5,275478
WIN$D,M15,1741196700,143535.0,143535.0,143235.0,143280.0,65248,5,194573
WIN$D,M15,1741197600,143280.0,143325.0,143150.0,143230.0,41330,5,122119
WIN$D,M15,1741198500,143225.0,143435.0,143200.0,143290.0,24293,5,76524
WIN$D,M15,1741251600,142980.0,143305.0,142860.0,143085.0,198575,5,525675
WIN$D,M15,1741252500,143085.0,143605.0,143030.0,143580.0,164326,5,521436
WIN$D,M15,1741253400,143575.0,143695.0,143330.0,143390.0,166220,5,529990
WIN$D,M15,1741254300,143390.0,143705.0,143305.0,143655.0,140580,5,446325
WIN$D,M15,1741255200,143660.0,143660.0,143110.0,143190.0,206527,5,652013
WIN$D,M15,1741256100,143185.0,143270.0,143020.0,143090.0,148274,5,492995
WIN$D,M15,1741257000,143095.0,143570.0,143065.0,143230.0,237312,5,809069
WIN$D,M15,1741257900,143225.0,143295.0,143150.0,143190.0,85982,5,263091
WIN$D,M15,1741258800,143195.0,143215.0,142975.0,143040.0,145395,5,467223
WIN$D,M15,1741259700,143045.0,143325.0,143015.0,143255.0,108859,5,351257
WIN$D,M15,1741260600,143255.0,143435.0,143225.0,143355.0,167528,5,541174
WIN$D,M15,1741261500,143355.0,143390.0,142710.0,143115.0,239121,5,812007
WIN$D,M15,1741262400,143120.0,144300.0,143105.0,144155.0,298336,5,999776
WIN$D,M15,1741263300,144155.0,144260.0,143865.0,143885.0,149348,5,473683
WIN$D,M15,1741264200,143880.0,143990.0,143405.0,143930.0,163593,5,549587
WIN$D,M15,1741265100,143930.0,143960.0,143570.0,143610.0,109636,5,348732
WIN$D,M15,1741266000,143610.0,144060.0,143550.0,143975.0,122538,5,390390
WIN$D,M15,1741266900,143970.0,143985.0,143675.0,143820.0,116894,5,379653
WIN$D,M15,1741267800,143820.0,143880.0,143220.0,143325.0,173032,5,546243
WIN$D,M15,1741268700,143325.0,143730.0,143265.0,143565.0,133323,5,457259
WIN$D,M15,1741269600,143560.0,143715.0,143390.0,143650.0,106316,5,340990
WIN$D,M15,1741270500,143645.0,143880.0,143610.0,143735.0,90554,5,296175
WIN$D,M15,1741271400,143735.0,143770.0,143610.0,143635.0,62885,5,208979
WIN$D,M15,1741272300,143630.0,143635.0,143335.0,143355.0,82325,5,273891
WIN$D,M15,1741273200,143355.0,143530.0,143250.0,143340.0,84555,5,277628
WIN$D,M15,1741274100,143335.0,143505.0,143335.0,143375.0,67406,5,219640
WIN$D,M15,1741275000,143370.0,143630.0,143370.0,143515.0,93913,5,318935
WIN$D,M15,1741275900,143510.0,143825.0,143370.0,143450.0,127584,5,431691
WIN$D,M15,1741276800,143450.0,143465.0,142965.0,143085.0,122192,5,362965
WIN$D,M15,1741277700,143080.0,143140.0,142885.0,142970.0,99016,5,297218
WIN$D,M15,1741278600,142965.0,143170.0,142915.0,143100.0,89102,5,261430
WIN$D,M15,1741279500,143095.0,143290.0,143070.0,143080.0,96186,5,266460
WIN$D,M15,1741280400,143085.0,143540.0,143050.0,143505.0,99056,5,288262
WIN$D,M15,1741281300,143500.0,143505.0,143315.0,143455.0,64990,5,176973
WIN$D,M15,1741282200,143455.0,143615.0,143355.0,143490.0,76979,5,217108
WIN$D,M15,1741283100,143495.0,143590.0,143435.0,143460.0,50468,5,136546
WIN$D,M15,1741284000,143460.0,143570.0,143345.0,143530.0,45244,5,133749
WIN$D,M15,1741284900,143535.0,143550.0,143440.0,143550.0,13287,5,51039
WIN$D,M15,1741338000,143645.0,143770.0,143030.0,143360.0,269540,5,694955
WIN$D,M15,1741338900,143355.0,143455.0,143010.0,143025.0,142644,5,422927
WIN$D,M15,1741339800,143025.0,143065.0,142760.0,142810.0,137647,5,422746
WIN$D,M15,1741340700,142810.0,142865.0,142505.0,142555.0,140597,5,437163
WIN$D,M15,1741341600,142555.0,142730.0,142530.0,142625.0,180938,5,564822
WIN$D,M15,1741342500,142620.0,142720.0,142500.0,142700.0,121027,5,387614
WIN$D,M15,1741343400,142705.0,142925.0,142195.0,142635.0,288437,5,851789
WIN$D,M15,1741344300,142635.0,143035.0,142590.0,143030.0,178388,5,555552
WIN$D,M15,1741345200,143035.0,143975.0,142975.0,143385.0,348988,5,1116562
WIN$D,M15,1741346100,143390.0,143660.0,143270.0,143650.0,150200,5,450610
WIN$D,M15,1741347000,143655.0,144080.0,143460.0,143960.0,233570,5,723627
WIN$D,M15,1741347900,143960.0,144320.0,143905.0,144270.0,179004,5,572213
WIN$D,M15,1741348800,144270.0,144860.0,144230.0,144740.0,182311,5,646028
WIN$D,M15,1741349700,144740.0,144885.0,144675.0,144745.0,101765,5,335447
WIN$D,M15,1741350600,144745.0,144770.0,144390.0,144630.0,137798,5,450834
WIN$D,M15,1741351500,144625.0,145090.0,144625.0,144855.0,169274,5,507028
WIN$D,M15,1741352400,144845.0,144925.0,144760.0,144835.0,73387,5,205908
WIN$D,M15,1741353300,144835.0,144845.0,144495.0,144515.0,86462,5,265846
WIN$D,M15,1741354200,144510.0,144600.0,144420.0,144525.0,80074,5,242231
WIN$D,M15,1741355100,144525.0,144595.0,144450.0,144520.0,55372,5,158727
WIN$D,M15,1741356000,144520.0,144710.0,144460.0,144640.0,105560,5,319705
WIN$D,M15,1741356900,144640.0,145050.0,144630.0,144965.0,102128,5,335055
WIN$D,M15,1741357800,144965.0,144985.0,144810.0,144910.0,76450,5,232897
WIN$D,M15,1741358700,144910.0,144955.0,144700.0,144765.0,91189,5,285008
WIN$D,M15,1741359600,144770.0,145180.0,144740.0,145115.0,118939,5,384541
WIN$D,M15,1741360500,145120.0,145295.0,145050.0,145080.0,104851,5,348705
WIN$D,M15,1741361400,145080.0,145275.0,145030.0,145235.0,80599,5,266607
WIN$D,M15,1741362300,145235.0,145460.0,145235.0,145380.0,77660,5,276331
WIN$D,M15,1741363200,145385.0,145645.0,145385.0,145625.0,100272,5,350250
WIN$D,M15,1741364100,145625.0,145950.0,145615.0,145820.0,126920,5,495730
WIN$D,M15,1741365000,145820.0,145870.0,145595.0,145760.0,97138,5,339419
WIN$D,M15,1741365900,145760.0,145775.0,145645.0,145710.0,66025,5,227344
WIN$D,M15,1741366800,145710.0,145710.0,145470.0,145495.0,88997,5,299889
WIN$D,M15,1741367700,145490.0,145610.0,145350.0,145570.0,71926,5,237711
WIN$D,M15,1741368600,145565.0,145575.0,145180.0,145300.0,97532,5,322258
WIN$D,M15,1741369500,145295.0,145445.0,145195.0,145335.0,74608,5,236918
WIN$D,M15,1741370400,145335.0,145345.0,144990.0,145130.0,70474,5,212408
WIN$D,M15,1741371300,145125.0,145275.0,145070.0,145185.0,25915,5,95274
WIN$D,M15,1741597200,144540.0,144700.0,144320.0,144325.0,231691,5,626755
WIN$D,M15,1741598100,144330.0,144370.0,143935.0,143990.0,190606,5,628460
WIN$D,M15,1741599000,143990.0,144080.0,143865.0,143900.0,122057,5,400569
WIN$D,M15,1741599900,143895.0,143950.0,143730.0,143950.0,119534,5,397838
WIN$D,M15,1741600800,143950.0,144315.0,143805.0,144035.0,260155,5,848463
WIN$D,M15,1741601700,144030.0,144115.0,143880.0,143900.0,171752,5,546963
WIN$D,M15,1741602600,143900.0,144190.0,143810.0,143905.0,260093,5,841053
WIN$D,M15,1741603500,143905.0,144020.0,143790.0,143855.0,147409,5,465899
WIN$D,M15,1741604400,143860.0,143900.0,143595.0,143710.0,205413,5,671030
WIN$D,M15,1741605300,143710.0,143885.0,143385.0,143810.0,208513,5,697453
WIN$D,M15,1741606200,143810.0,143885.0,143570.0,143815.0,150757,5,510255
WIN$D,M15,1741607100,143815.0,144025.0,143770.0,143875.0,133967,5,447252
WIN$D,M15,1741608000,143875.0,144635.0,143825.0,144405.0,202191,5,687795
WIN$D,M15,1741608900,144405.0,144845.0,144380.0,144515.0,155881,5,531731
WIN$D,M15,1741609800,144515.0,144650.0,144290.0,144320.0,116226,5,395555
WIN$D,M15,1741610700,144315.0,144515.0,144290.0,144365.0,81370,5,279817
WIN$D,M15,1741611600,144365.0,144605.0,144360.0,144600.0,69003,5,237674
WIN$D,M15,1741612500,144600.0,144645.0,144350.0,144580.0,107156,5,349756
WIN$D,M15,1741613400,144580.0,144775.0,144475.0,144595.0,119243,5,391288
WIN$D,M15,1741614300,144595.0,144685.0,144530.0,144545.0,64306,5,203351
WIN$D,M15,1741615200,144540.0,144580.0,144365.0,144520.0,91365,5,297649
WIN$D,M15,1741616100,144520.0,144680.0,144440.0,144480.0,87903,5,292545
WIN$D,M15,1741617000,144485.0,144490.0,144190.0,144210.0,110478,5,382500
WIN$D,M15,1741617900,144205.0,144275.0,144110.0,144165.0,91243,5,322464
WIN$D,M15,1741618800,144160.0,144375.0,144125.0,144190.0,99909,5,346117
WIN$D,M15,1741619700,144190.0,144320.0,144065.0,144285.0,92313,5,322353
WIN$D,M15,1741620600,144285.0,144360.0,144020.0,144185.0,109164,5,406123
WIN$D,M15,1741621500,144190.0,144205.0,143870.0,143905.0,91725,5,327403
WIN$D,M15,1741622400,143900.0,143930.0,143710.0,143855.0,97708,5,360455
WIN$D,M15,1741623300,143855.0,144245.0,143830.0,144115.0,114243,5,428919
WIN$D,M15,1741624200,144120.0,144205.0,143965.0,144105.0,104998,5,364868
WIN$D,M15,1741625100,144100.0,144415.0,144055.0,144295.0,110714,5,372519
WIN$D,M15,1741626000,144300.0,144525.0,144300.0,144405.0,81512,5,291845
WIN$D,M15,1741626900,144410.0,144465.0,144230.0,144390.0,64481,5,226740
WIN$D,M15,1741627800,144395.0,144485.0,144345.0,144390.0,31789,5,108052
WIN$D,M15,1741628700,144385.0,144440.0,144280.0,144335.0,36720,5,110703
WIN$D,M15,1741629600,144330.0,144455.0,144290.0,144335.0,21845,5,63321
WIN$D,M15,1741630500,144335.0,144435.0,144330.0,144355.0,14969,5,42921
WIN$D,M15,1741683600,144750.0,144815.0,144160.0,144305.0,241870,5,673445
WIN$D,M15,1741684500,144305.0,144615.0,144270.0,144575.0,166303,5,501488
WIN$D,M15,1741685400,144570.0,144605.0,144310.0,144385.0,128792,5,399779
WIN$D,M15,1741686300,144390.0,144435.0,144235.0,144290.0,98989,5,303913
WIN$D,M15,1741687200,144290.0,144470.0,143985.0,144250.0,312316,5,968668
WIN$D,M15,1741688100,144255.0,144335.0,143630.0,143730.0,274627,5,870238
WIN$D,M15,1741689000,143730.0,143950.0,143590.0,143760.0,278164,5,902689
WIN$D,M15,1741689900,143760.0,143775.0,143450.0,143575.0,198316,5,637682
WIN$D,M15,1741690800,143570.0,143710.0,143220.0,143260.0,245890,5,773897
WIN$D,M15,1741691700,143260.0,143300.0,143100.0,143145.0,143880,5,470078
WIN$D,M15,1741692600,143150.0,143250.0,142980.0,143175.0,159261,5,528416
WIN$D,M15,1741693500,143175.0,143330.0,143060.0,143075.0,131551,5,421464
WIN$D,M15,1741694400,143075.0,143165.0,142915.0,143060.0,129042,5,441320
WIN$D,M15,1741695300,143060.0,143215.0,143020.0,143080.0,105432,5,349018
WIN$D,M15,1741696200,143080.0,143210.0,142935.0,143095.0,93523,5,326195
WIN$D,M15,1741697100,143095.0,143145.0,142960.0,142980.0,70670,5,242848
WIN$D,M15,1741698000,142975.0,143000.0,142630.0,142660.0,133782,5,490354
WIN$D,M15,1741698900,142655.0,142785.0,142635.0,142715.0,71984,5,254093
WIN$D,M15,1741699800,142720.0,142800.0,142665.0,142725.0,62193,5,221423
WIN$D,M15,1741700700,142725.0,142775.0,142575.0,142680.0,76623,5,267229
WIN$D,M15,1741701600,142680.0,142740.0,142515.0,142590.0,78087,5,277556
WIN$D,M15,1741702500,142585.0,142695.0,142455.0,142495.0,83317,5,291835
WIN$D,M15,1741703400,142500.0,142670.0,142490.0,142640.0,84915,5,307450
WIN$D,M15,1741704300,142635.0,142860.0,142615.0,142815.0,110176,5,386217
WIN$D,M15,1741705200,142815.0,143015.0,142775.0,142975.0,119111,5,402665
WIN$D,M15,1741706100,142975.0,143260.0,142915.0,143135.0,119457,5,428949
WIN$D,M15,1741707000,143135.0,143425.0,143075.0,143400.0,117258,5,432048
WIN$D,M15,1741707900,143400.0,143515.0,143305.0,143490.0,114130,5,400561
WIN$D,M15,1741708800,143490.0,143715.0,143380.0,143610.0,153861,5,553683
WIN$D,M15,1741709700,143610.0,143670.0,143430.0,143580.0,105134,5,385325
WIN$D,M15,1741710600,143575.0,143665.0,143515.0,143610.0,70379,5,262232
WIN$D,M15,1741711500,143615.0,143615.0,143265.0,143295.0,92387,5,339211
WIN$D,M15,1741712400,143295.0,143460.0,143275.0,143330.0,60624,5,223534
WIN$D,M15,1741713300,143330.0,143480.0,143305.0,143370.0,39203,5,132196
WIN$D,M15,1741714200,143370.0,143680.0,143350.0,143595.0,53297,5,189117
WIN$D,M15,1741715100,143595.0,143690.0,143545.0,143580.0,35943,5,111468
WIN$D,M15,1741716000,143575.0,143690.0,143505.0,143660.0,34216,5,89123
WIN$D,M15,1741716900,143660.0,143690.0,143600.0,143650.0,14576,5,41226
WIN$D,M15,1741770000,143790.0,143805.0,142925.0,143465.0,306557,5,836336
WIN$D,M15,1741770900,143460.0,143555.0,143280.0,143440.0,149865,5,429308
WIN$D,M15,1741771800,143430.0,144265.0,143305.0,143705.0,288641,5,812930
WIN$D,M15,1741772700,143710.0,143725.0,143340.0,143495.0,175246,5,515650
WIN$D,M15,1741773600,143500.0,143720.0,143410.0,143555.0,184419,5,537273
WIN$D,M15,1741774500,143555.0,143690.0,143185.0,143305.0,215333,5,667402
WIN$D,M15,1741775400,143305.0,143790.0,143295.0,143755.0,206841,5,622801
WIN$D,M15,1741776300,143750.0,143900.0,143520.0,143605.0,211191,5,648772
WIN$D,M15,1741777200,143600.0,143625.0,143305.0,143320.0,154563,5,479527
WIN$D,M15,1741778100,143320.0,143410.0,143060.0,143270.0,166131,5,546868
WIN$D,M15,1741779000,143270.0,143345.0,143040.0,143175.0,128787,5,421831
WIN$D,M15,1741779900,143170.0,143335.0,143155.0,143230.0,77227,5,247083
WIN$D,M15,1741780800,143230.0,143485.0,143205.0,143220.0,110960,5,372177
WIN$D,M15,1741781700,143220.0,143565.0,143190.0,143460.0,109869,5,382982
WIN$D,M15,1741782600,143455.0,143625.0,143340.0,143415.0,104850,5,360441
WIN$D,M15,1741783500,143410.0,143610.0,143390.0,143515.0,78313,5,275144
WIN$D,M15,1741784400,143520.0,143585.0,143350.0,143575.0,91262,5,306019
WIN$D,M15,1741785300,143570.0,143735.0,143485.0,143720.0,82874,5,273969
WIN$D,M15,1741786200,143720.0,143840.0,143625.0,143655.0,102017,5,345222
WIN$D,M15,1741787100,143655.0,143840.0,143425.0,143435.0,116093,5,393717
WIN$D,M15,1741788000,143435.0,143515.0,143265.0,143485.0,116092,5,393495
WIN$D,M15,1741788900,143480.0,143520.0,143365.0,143470.0,64730,5,208113
WIN$D,M15,1741789800,143475.0,143500.0,143195.0,143215.0,92368,5,320448
WIN$D,M15,1741790700,143215.0,143290.0,142850.0,142885.0,129935,5,447172
WIN$D,M15,1741791600,142885.0,143220.0,142875.0,143175.0,146256,5,510033
WIN$D,M15,1741792500,143175.0,143285.0,143100.0,143200.0,96317,5,333656
WIN$D,M15,1741793400,143195.0,143690.0,143135.0,143430.0,144660,5,508046
WIN$D,M15,1741794300,143425.0,143530.0,143225.0,143240.0,96401,5,358635
WIN$D,M15,1741795200,143240.0,143485.0,143210.0,143395.0,84125,5,308826
WIN$D,M15,1741796100,143395.0,143530.0,143345.0,143465.0,67554,5,237331
WIN$D,M15,1741797000,143465.0,143840.0,143455.0,143745.0,97512,5,329608
WIN$D,M15,1741797900,143750.0,143880.0,143665.0,143720.0,82673,5,297508
WIN$D,M15,1741798800,143720.0,143790.0,143575.0,143635.0,68413,5,242629
WIN$D,M15,1741799700,143630.0,143760.0,143530.0,143680.0,49850,5,177584
WIN$D,M15,1741800600,143680.0,143740.0,143560.0,143665.0,28446,5,98214
WIN$D,M15,1741801500,143665.0,143730.0,143630.0,143640.0,19179,5,57070
WIN$D,M15,1741802400,143650.0,143750.0,143600.0,143645.0,21598,5,57503
WIN$D,M15,1741803300,143640.0,143735.0,143515.0,143515.0,13288,5,38060
WIN$D,M15,1741856400,143315.0,143615.0,143145.0,143535.0,217062,5,600159
WIN$D,M15,1741857300,143535.0,143830.0,143460.0,143740.0,130959,5,397762
WIN$D,M15,1741858200,143735.0,144260.0,143735.0,144075.0,202265,5,629485
WIN$D,M15,1741859100,144075.0,144155.0,144005.0,144025.0,84365,5,262227
WIN$D,M15,1741860000,144025.0,144140.0,143345.0,143555.0,254101,5,828110
WIN$D,M15,1741860900,143550.0,143630.0,143310.0,143460.0,160236,5,533592
WIN$D,M15,1741861800,143460.0,143900.0,143445.0,143645.0,245196,5,809843
WIN$D,M15,1741862700,143650.0,143790.0,143535.0,143580.0,166375,5,562967
WIN$D,M15,1741863600,143580.0,144420.0,143530.0,144350.0,240795,5,831250
WIN$D,M15,1741864500,144355.0,144940.0,144320.0,144875.0,216714,5,793075
WIN$D,M15,1741865400,144870.0,145240.0,144810.0,145145.0,155565,5,575797
WIN$D,M15,1741866300,145150.0,145260.0,145050.0,145155.0,103423,5,358929
WIN$D,M15,1741867200,145150.0,145235.0,144915.0,145060.0,100113,5,346072
WIN$D,M15,1741868100,145055.0,145385.0,145000.0,145275.0,125059,5,449112
WIN$D,M15,1741869000,145270.0,145375.0,145155.0,145255.0,96796,5,362724
WIN$D,M15,1741869900,145260.0,145380.0,145155.0,145270.0,72298,5,259151
WIN$D,M15,1741870800,145265.0,145425.0,145235.0,145290.0,69651,5,248647
WIN$D,M15,1741871700,145295.0,145485.0,145285.0,145430.0,63655,5,230337
WIN$D,M15,1741872600,145430.0,145590.0,145395.0,145415.0,78831,5,284187
WIN$D,M15,1741873500,145415.0,145475.0,145270.0,145460.0,82409,5,297395
WIN$D,M15,1741874400,145455.0,145620.0,145440.0,145520.0,81846,5,279867
WIN$D,M15,1741875300,145525.0,145540.0,145275.0,145380.0,84215,5,305871
WIN$D,M15,1741876200,145385.0,145425.0,145275.0,145370.0,54722,5,191336
WIN$D,M15,1741877100,145375.0,145415.0,145295.0,145315.0,40318,5,141429
WIN$D,M15,1741878000,145310.0,145480.0,145305.0,145425.0,60983,5,219535
WIN$D,M15,1741878900,145425.0,145455.0,145300.0,145425.0,49046,5,189333
WIN$D,M15,1741879800,145430.0,145555.0,145400.0,145530.0,54027,5,214161
WIN$D,M15,1741880700,145525.0,145545.0,145430.0,145505.0,36951,5,138607
WIN$D,M15,1741881600,145505.0,145645.0,145450.0,145595.0,54392,5,208961
WIN$D,M15,1741882500,145600.0,145655.0,145530.0,145545.0,52657,5,193461
WIN$D,M15,1741883400,145545.0,145575.0,145495.0,145555.0,42673,5,152653
WIN$D,M15,1741884300,145545.0,145655.0,145515.0,145625.0,62533,5,255652
WIN$D,M15,1741885200,145625.0,145635.0,145440.0,145475.0,52719,5,216931
WIN$D,M15,1741886100,145475.0,145605.0,145445.0,145560.0,37250,5,134372
WIN$D,M15,1741887000,145560.0,145560.0,145400.0,145415.0,36349,5,132537
WIN$D,M15,1741887900,145415.0,145485.0,145370.0,145395.0,33413,5,109614
WIN$D,M15,1741888800,145395.0,145680.0,145375.0,145610.0,42100,5,124944
WIN$D,M15,1741889700,145610.0,145660.0,145550.0,145560.0,20085,5,57250
WIN$D,M15,1741942800,145910.0,146175.0,145845.0,146025.0,185918,5,462110
WIN$D,M15,1741943700,146025.0,146285.0,146015.0,146260.0,134443,5,413486
WIN$D,M15,1741944600,146260.0,146325.0,146060.0,146170.0,147751,5,467334
WIN$D,M15,1741945500,146170.0,146360.0,146150.0,146225.0,117347,5,364239
WIN$D,M15,1741946400,146225.0,146480.0,146180.0,146340.0,197414,5,632280
WIN$D,M15,1741947300,146345.0,146480.0,146075.0,146215.0,179588,5,572271
WIN$D,M15,1741948200,146220.0,146500.0,146125.0,146425.0,208575,5,687245
WIN$D,M15,1741949100,146430.0,146830.0,146415.0,146785.0,199781,5,655357
WIN$D,M15,1741950000,146785.0,147270.0,146555.0,147255.0,208131,5,708864
WIN$D,M15,1741950900,147250.0,147505.0,147145.0,147470.0,147895,5,528835
WIN$D,M15,1741951800,147470.0,147765.0,147410.0,147730.0,127547,5,466117
WIN$D,M15,1741952700,147730.0,148040.0,147640.0,147995.0,135182,5,517546
WIN$D,M15,1741953600,147990.0,148405.0,147980.0,148240.0,137924,5,569946
WIN$D,M15,1741954500,148240.0,148315.0,148110.0,148260.0,85495,5,319086
WIN$D,M15,1741955400,148260.0,148435.0,148215.0,148385.0,64997,5,245941
WIN$D,M15,1741956300,148385.0,148620.0,148325.0,148575.0,74176,5,287400
WIN$D,M15,1741957200,148570.0,148790.0,148500.0,148625.0,92202,5,360234
WIN$D,M15,1741958100,148625.0,148690.0,148275.0,148280.0,90966,5,342558
WIN$D,M15,1741959000,148285.0,148535.0,148280.0,148495.0,70382,5,263848
WIN$D,M15,1741959900,148490.0,148580.0,148440.0,148500.0,49264,5,179500
WIN$D,M15,1741960800,148500.0,148555.0,148395.0,148455.0,59726,5,214839
WIN$D,M15,1741961700,148450.0,148610.0,148445.0,148565.0,64194,5,238432
WIN$D,M15,1741962600,148565.0,148610.0,148440.0,148460.0,46930,5,170222
WIN$D,M15,1741963500,148460.0,148510.0,148230.0,148320.0,96034,5,367062
WIN$D,M15,1741964400,148320.0,148395.0,148235.0,148375.0,66556,5,253616
WIN$D,M15,1741965300,148370.0,148525.0,148340.0,148500.0,66540,5,266487
WIN$D,M15,1741966200,148500.0,148705.0,148465.0,148625.0,73622,5,297516
WIN$D,M15,1741967100,148620.0,148670.0,148525.0,148595.0,53397,5,208299
WIN$D,M15,1741968000,148600.0,149005.0,148585.0,148915.0,97084,5,404508
WIN$D,M15,1741968900,148910.0,149040.0,148825.0,148865.0,70918,5,276800
WIN$D,M15,1741969800,148860.0,148940.0,148820.0,148830.0,52046,5,199117
WIN$D,M15,1741970700,148830.0,148930.0,148745.0,148815.0,71856,5,283614
WIN$D,M15,1741971600,148815.0,148900.0,148705.0,148810.0,58752,5,244715
WIN$D,M15,1741972500,148810.0,148815.0,148705.0,148775.0,34887,5,132056
WIN$D,M15,1741973400,148770.0,148875.0,148640.0,148685.0,40300,5,157973
WIN$D,M15,1741974300,148685.0,148800.0,148615.0,148730.0,26204,5,90179
WIN$D,M15,1741975200,148725.0,148760.0,148630.0,148655.0,20202,5,78090
WIN$D,M15,1741976100,148650.0,148695.0,148505.0,148575.0,17852,5,76836
WIN$D,M15,1742202000,148575.0,148840.0,148380.0,148740.0,272365,5,709728
WIN$D,M15,1742202900,148735.0,149110.0,148720.0,149055.0,148025,5,434980
WIN$D,M15,1742203800,149055.0,149285.0,148960.0,149030.0,159520,5,482506
WIN$D,M15,1742204700,149025.0,149125.0,148920.0,148925.0,108964,5,338857
WIN$D,M15,1742205600,148925.0,149035.0,148690.0,148795.0,197605,5,597463
WIN$D,M15,1742206500,148795.0,149025.0,148745.0,149005.0,179351,5,554931
WIN$D,M15,1742207400,149010.0,149130.0,148820.0,148935.0,212971,5,663396
WIN$D,M15,1742208300,148940.0,149315.0,148925.0,149065.0,207470,5,651408
WIN$D,M15,1742209200,149065.0,149415.0,149015.0,149250.0,196842,5,593258
WIN$D,M15,1742210100,149250.0,149460.0,149190.0,149380.0,129141,5,410843
WIN$D,M15,1742211000,149385.0,149410.0,149190.0,149350.0,96752,5,296321
WIN$D,M15,1742211900,149345.0,149850.0,149305.0,149625.0,175557,5,565698
WIN$D,M15,1742212800,149620.0,150065.0,149615.0,150040.0,140171,5,477728
WIN$D,M15,1742213700,150045.0,150465.0,150040.0,150355.0,143058,5,504321
WIN$D,M15,1742214600,150355.0,150650.0,150355.0,150570.0,106384,5,370519
WIN$D,M15,1742215500,150570.0,150595.0,150435.0,150520.0,64805,5,209504
WIN$D,M15,1742216400,150520.0,150740.0,150480.0,150655.0,67709,5,216505
WIN$D,M15,1742217300,150650.0,150715.0,150480.0,150485.0,62601,5,205527
WIN$D,M15,1742218200,150490.0,150510.0,150370.0,150475.0,78388,5,259110
WIN$D,M15,1742219100,150480.0,150590.0,150450.0,150500.0,60410,5,194410
WIN$D,M15,1742220000,150500.0,150670.0,150420.0,150605.0,85381,5,282334
WIN$D,M15,1742220900,150605.0,150780.0,150560.0,150690.0,70367,5,234608
WIN$D,M15,1742221800,150695.0,150805.0,150615.0,150735.0,63384,5,198901
WIN$D,M15,1742222700,150740.0,150870.0,150695.0,150810.0,50433,5,168049
WIN$D,M15,1742223600,150810.0,150960.0,150760.0,150885.0,76002,5,270611
WIN$D,M15,1742224500,150885.0,150955.0,150805.0,150830.0,51641,5,175561
WIN$D,M15,1742225400,150835.0,150940.0,150820.0,150905.0,52413,5,183227
WIN$D,M15,1742226300,150905.0,150985.0,150865.0,150960.0,63047,5,220679
WIN$D,M15,1742227200,150955.0,151120.0,150950.0,151105.0,71205,5,261054
WIN$D,M15,1742228100,151105.0,151175.0,151000.0,151010.0,63065,5,226232
WIN$D,M15,1742229000,151005.0,151030.0,150890.0,150915.0,66770,5,224227
WIN$D,M15,1742229900,150915.0,150935.0,150575.0,150685.0,114105,5,407642
WIN$D,M15,1742230800,150680.0,150880.0,150545.0,150825.0,102130,5,347910
WIN$D,M15,1742231700,150830.0,150845.0,150695.0,150790.0,38413,5,128172
WIN$D,M15,1742232600,150785.0,150805.0,150625.0,150695.0,33331,5,110386
WIN$D,M15,1742233500,150690.0,150790.0,150635.0,150690.0,35620,5,100955
WIN$D,M15,1742234400,150685.0,150740.0,150655.0,150715.0,25467,5,64998
WIN$D,M15,1742235300,150710.0,150845.0,150675.0,150790.0,20148,5,60595
WIN$D,M15,1742288400,150355.0,150435.0,149980.0,150230.0,270701,5,708568
WIN$D,M15,1742289300,150230.0,150650.0,150220.0,150505.0,164259,5,487068
WIN$D,M15,1742290200,150505.0,150565.0,150335.0,150475.0,135397,5,397139
WIN$D,M15,1742291100,150475.0,150680.0,150430.0,150535.0,154970,5,458461
WIN$D,M15,1742292000,150535.0,151045.0,150525.0,150845.0,280934,5,833204
WIN$D,M15,1742292900,150840.0,151205.0,150675.0,151105.0,244392,5,727786
WIN$D,M15,1742293800,151105.0,151230.0,150405.0,150520.0,278866,5,871840
WIN$D,M15,1742294700,150525.0,150880.0,150460.0,150495.0,232291,5,709559
WIN$D,M15,1742295600,150495.0,150805.0,150460.0,150635.0,167053,5,508190
WIN$D,M15,1742296500,150635.0,150755.0,150560.0,150645.0,90415,5,277913
WIN$D,M15,1742297400,150650.0,150725.0,150540.0,150695.0,97922,5,330154
WIN$D,M15,1742298300,150695.0,150710.0,150525.0,150650.0,83311,5,288420
WIN$D,M15,1742299200,150655.0,150975.0,150555.0,150975.0,132610,5,448484
WIN$D,M15,1742300100,150975.0,151295.0,150845.0,150870.0,166143,5,585701
WIN$D,M15,1742301000,150870.0,150995.0,150735.0,150815.0,103021,5,364656
WIN$D,M15,1742301900,150815.0,151225.0,150795.0,151025.0,105164,5,352755
WIN$D,M15,1742302800,151020.0,151290.0,151000.0,151065.0,105704,5,342188
WIN$D,M15,1742303700,151065.0,151115.0,150940.0,150990.0,78914,5,257465
WIN$D,M15,1742304600,150990.0,151100.0,150915.0,151035.0,60241,5,202920
WIN$D,M15,1742305500,151035.0,151075.0,150860.0,150935.0,68429,5,221841
WIN$D,M15,1742306400,150940.0,151115.0,150890.0,151010.0,68458,5,223468
WIN$D,M15,1742307300,151015.0,151520.0,150900.0,151410.0,139011,5,464748
WIN$D,M15,1742308200,151410.0,151650.0,151350.0,151455.0,113428,5,367887
WIN$D,M15,1742309100,151450.0,151505.0,151320.0,151475.0,86751,5,279898
WIN$D,M15,1742310000,151470.0,151550.0,151350.0,151380.0,67197,5,218508
WIN$D,M15,1742310900,151375.0,151475.0,151250.0,151260.0,66191,5,228701
WIN$D,M15,1742311800,151255.0,151490.0,151250.0,151335.0,76601,5,258943
WIN$D,M15,1742312700,151335.0,151425.0,151320.0,151400.0,46910,5,162137
WIN$D,M15,1742313600,151400.0,151530.0,151350.0,151465.0,58274,5,206842
WIN$D,M15,1742314500,151465.0,151470.0,151300.0,151395.0,61976,5,230712
WIN$D,M15,1742315400,151390.0,151420.0,151220.0,151235.0,44895,5,168011
WIN$D,M15,1742316300,151240.0,151355.0,151150.0,151270.0,90707,5,306690
WIN$D,M15,1742317200,151275.0,151320.0,151155.0,151190.0,42288,5,141470
WIN$D,M15,1742318100,151195.0,151435.0,151160.0,151410.0,46124,5,153899
WIN$D,M15,1742319000,151415.0,151425.0,151270.0,151370.0,35266,5,115090
WIN$D,M15,1742319900,151370.0,151390.0,151290.0,151330.0,28732,5,83703
WIN$D,M15,1742320800,151325.0,151385.0,151280.0,151360.0,18375,5,52216
WIN$D,M15,1742321700,151365.0,151425.0,151265.0,151320.0,16018,5,44204
WIN$D,M15,1742374800,151030.0,151490.0,151020.0,151450.0,279391,5,692407
WIN$D,M15,1742375700,151450.0,151475.0,151040.0,151305.0,146109,5,429871
WIN$D,M15,1742376600,151310.0,151550.0,151260.0,151500.0,110254,5,339238
WIN$D,M15,1742377500,151505.0,151580.0,151330.0,151510.0,126552,5,407311
WIN$D,M15,1742378400,151510.0,151620.0,151270.0,151390.0,215997,5,654450
WIN$D,M15,1742379300,151395.0,151900.0,151325.0,151815.0,226396,5,705268
WIN$D,M15,1742380200,151815.0,152120.0,151600.0,151940.0,220177,5,694180
WIN$D,M15,1742381100,151940.0,152040.0,151810.0,151875.0,125291,5,399953
WIN$D,M15,1742382000,151880.0,152460.0,151855.0,152380.0,196293,5,647331
WIN$D,M15,1742382900,152380.0,152545.0,152215.0,152330.0,149129,5,488465
WIN$D,M15,1742383800,152330.0,152430.0,152160.0,152355.0,124142,5,397281
WIN$D,M15,1742384700,152350.0,152470.0,152110.0,152155.0,119660,5,383909
WIN$D,M15,1742385600,152155.0,152180.0,151920.0,152005.0,108370,5,366207
WIN$D,M15,1742386500,152000.0,152100.0,151915.0,151965.0,73762,5,263533
WIN$D,M15,1742387400,151965.0,152215.0,151940.0,152090.0,86203,5,291083
WIN$D,M15,1742388300,152090.0,152110.0,151940.0,152050.0,53121,5,179424
WIN$D,M15,1742389200,152055.0,152165.0,152025.0,152140.0,46599,5,156199
WIN$D,M15,1742390100,152145.0,152320.0,152020.0,152045.0,101132,5,332256
WIN$D,M15,1742391000,152045.0,152275.0,152035.0,152270.0,69166,5,245894
WIN$D,M15,1742391900,152265.0,152280.0,152030.0,152110.0,82378,5,283748
WIN$D,M15,1742392800,152110.0,152140.0,151995.0,152060.0,56864,5,192742
WIN$D,M15,1742393700,152060.0,152115.0,152030.0,152060.0,30816,5,107163
WIN$D,M15,1742394600,152060.0,152280.0,152060.0,152105.0,64046,5,225205
WIN$D,M15,1742395500,152110.0,152170.0,151745.0,151935.0,99268,5,325416
WIN$D,M15,1742396400,151925.0,152190.0,151750.0,152070.0,105027,5,343076
WIN$D,M15,1742397300,152070.0,152265.0,152065.0,152145.0,72798,5,237003
WIN$D,M15,1742398200,152140.0,152355.0,152060.0,152335.0,116949,5,383846
WIN$D,M15,1742399100,152335.0,152750.0,152255.0,152730.0,152183,5,518822
WIN$D,M15,1742400000,152730.0,152810.0,152355.0,152435.0,123378,5,415485
WIN$D,M15,1742400900,152430.0,152540.0,152305.0,152395.0,96314,5,334343
WIN$D,M15,1742401800,152390.0,152445.0,152200.0,152285.0,72906,5,254642
WIN$D,M15,1742402700,152280.0,152415.0,152270.0,152340.0,57928,5,187483
WIN$D,M15,1742403600,152335.0,152600.0,152260.0,152550.0,78279,5,273394
WIN$D,M15,1742404500,152545.0,152710.0,152540.0,152665.0,48924,5,171521
WIN$D,M15,1742405400,152665.0,152740.0,152560.0,152705.0,34567,5,113556
WIN$D,M15,1742406300,152705.0,152750.0,152590.0,152610.0,36195,5,108669
WIN$D,M15,1742407200,152615.0,152945.0,152600.0,152835.0,36631,5,104537
WIN$D,M15,1742408100,152830.0,152940.0,152620.0,152620.0,24070,5,64057
WIN$D,M15,1742461200,152080.0,152090.0,151665.0,151915.0,249673,5,651115
WIN$D,M15,1742462100,151915.0,151935.0,151550.0,151695.0,162908,5,482317
WIN$D,M15,1742463000,151690.0,151955.0,151685.0,151905.0,111101,5,344423
WIN$D,M15,1742463900,151905.0,152005.0,151840.0,151900.0,77602,5,251841
WIN$D,M15,1742464800,151895.0,152080.0,151745.0,151930.0,222167,5,726255
WIN$D,M15,1742465700,151930.0,152180.0,151830.0,152145.0,196373,5,637690
WIN$D,M15,1742466600,152145.0,152335.0,151940.0,152145.0,247343,5,791479
WIN$D,M15,1742467500,152150.0,152245.0,152010.0,152115.0,126806,5,399818
WIN$D,M15,1742468400,152115.0,152150.0,151840.0,151995.0,182975,5,581417
WIN$D,M15,1742469300,151995.0,152055.0,151720.0,151950.0,176742,5,557720
WIN$D,M15,1742470200,151950.0,152120.0,151925.0,151985.0,106191,5,348316
WIN$D,M15,1742471100,151985.0,152210.0,151980.0,152165.0,101006,5,344420
WIN$D,M15,1742472000,152160.0,152445.0,152020.0,152070.0,149873,5,532061
WIN$D,M15,1742472900,152075.0,152160.0,152020.0,152060.0,65960,5,223921
WIN$D,M15,1742473800,152060.0,152095.0,151630.0,151660.0,128300,5,452646
WIN$D,M15,1742474700,151660.0,151710.0,151385.0,151560.0,133191,5,464389
WIN$D,M15,1742475600,151560.0,151745.0,151515.0,151605.0,88352,5,294532
WIN$D,M15,1742476500,151610.0,151720.0,151565.0,151645.0,62612,5,209339
WIN$D,M15,1742477400,151645.0,151800.0,151640.0,151785.0,78957,5,265859
WIN$D,M15,1742478300,151785.0,151910.0,151675.0,151710.0,87105,5,299591
WIN$D,M15,1742479200,151715.0,151870.0,151675.0,151790.0,65104,5,225924
WIN$D,M15,1742480100,151795.0,151805.0,151660.0,151755.0,52237,5,188918
WIN$D,M15,1742481000,151760.0,151825.0,151715.0,151800.0,40105,5,150791
WIN$D,M15,1742481900,151795.0,151835.0,151565.0,151615.0,84434,5,295607
WIN$D,M15,1742482800,151615.0,151830.0,151610.0,151770.0,76859,5,273978
WIN$D,M15,1742483700,151765.0,151805.0,151490.0,151520.0,72081,5,257066
WIN$D,M15,1742484600,151520.0,151645.0,151450.0,151505.0,82613,5,293777
WIN$D,M15,1742485500,151505.0,151715.0,151430.0,151485.0,94765,5,337865
WIN$D,M15,1742486400,151490.0,151620.0,151450.0,151565.0,69486,5,253691
WIN$D,M15,1742487300,151565.0,151690.0,151555.0,151635.0,53506,5,199884
WIN$D,M15,1742488200,151635.0,151780.0,151610.0,151740.0,69422,5,228797
WIN$D,M15,1742489100,151740.0,151900.0,151710.0,151795.0,84761,5,290472
WIN$D,M15,1742490000,151800.0,151830.0,151575.0,151615.0,72736,5,258091
WIN$D,M15,1742490900,151620.0,151800.0,151615.0,151755.0,42865,5,143468
WIN$D,M15,1742491800,151755.0,151785.0,151600.0,151645.0,31809,5,103961
WIN$D,M15,1742492700,151650.0,151705.0,151605.0,151640.0,21514,5,64299
WIN$D,M15,1742493600,151635.0,151735.0,151540.0,151715.0,36225,5,92462
WIN$D,M15,1742494500,151725.0,151775.0,151680.0,151755.0,16120,5,39338
WIN$D,M15,1742547600,151440.0,151605.0,151105.0,151530.0,293187,5,784320
WIN$D,M15,1742548500,151525.0,151540.0,151290.0,151435.0,161726,5,489309
WIN$D,M15,1742549400,151440.0,151530.0,151165.0,151330.0,177732,5,558928
WIN$D,M15,1742550300,151330.0,151485.0,151330.0,151425.0,80721,5,245266
WIN$D,M15,1742551200,151420.0,151670.0,151365.0,151380.0,201339,5,645867
WIN$D,M15,1742552100,151380.0,151530.0,151310.0,151470.0,152639,5,488209
WIN$D,M15,1742553000,151465.0,151915.0,151405.0,151675.0,247313,5,789100
WIN$D,M15,1742553900,151670.0,151775.0,151500.0,151755.0,162978,5,524103
WIN$D,M15,1742554800,151760.0,151960.0,151545.0,151860.0,189725,5,620924
WIN$D,M15,1742555700,151855.0,152190.0,151765.0,152155.0,153863,5,508898
WIN$D,M15,1742556600,152155.0,152225.0,151745.0,151770.0,142484,5,470830
WIN$D,M15,1742557500,151770.0,152000.0,151680.0,151740.0,140548,5,475143
WIN$D,M15,1742558400,151740.0,151775.0,151425.0,151475.0,123102,5,427878
WIN$D,M15,1742559300,151475.0,151560.0,151370.0,151520.0,86350,5,295051
WIN$D,M15,1742560200,151515.0,151585.0,151470.0,151525.0,54809,5,177821
WIN$D,M15,1742561100,151525.0,151600.0,151455.0,151565.0,62424,5,206515
WIN$D,M15,1742562000,151570.0,151680.0,151405.0,151465.0,96497,5,317522
WIN$D,M15,1742562900,151470.0,151505.0,151375.0,151460.0,45601,5,148028
WIN$D,M15,1742563800,151465.0,151675.0,151445.0,151630.0,69092,5,229207
WIN$D,M15,1742564700,151625.0,151855.0,151615.0,151770.0,85470,5,299663
WIN$D,M15,1742565600,151770.0,151890.0,151750.0,151870.0,61570,5,209014
WIN$D,M15,1742566500,151865.0,151925.0,151720.0,151800.0,70886,5,239832
WIN$D,M15,1742567400,151800.0,151885.0,151665.0,151770.0,70266,5,251035
WIN$D,M15,1742568300,151770.0,151820.0,151650.0,151800.0,63946,5,222630
WIN$D,M15,1742569200,151800.0,151835.0,151570.0,151575.0,64698,5,235500
WIN$D,M15,1742570100,151570.0,151680.0,151520.0,151625.0,66769,5,249721
WIN$D,M15,1742571000,151625.0,151795.0,151605.0,151725.0,60021,5,234050
WIN$D,M15,1742571900,151725.0,151760.0,151375.0,151405.0,74290,5,288055
WIN$D,M15,1742572800,151405.0,151675.0,151340.0,151620.0,86932,5,329373
WIN$D,M15,1742573700,151620.0,151725.0,151575.0,151655.0,58175,5,211553
WIN$D,M15,1742574600,151660.0,151890.0,151560.0,151835.0,94369,5,324789
WIN$D,M15,1742575500,151830.0,152040.0,151710.0,151970.0,84669,5,298818
WIN$D,M15,1742576400,151975.0,152075.0,151765.0,151850.0,78336,5,281049
WIN$D,M15,1742577300,151850.0,151915.0,151720.0,151900.0,47741,5,167330
WIN$D,M15,1742578200,151900.0,151925.0,151735.0,151755.0,27216,5,92240
WIN$D,M15,1742579100,151750.0,151790.0,151630.0,151750.0,30295,5,97031
WIN$D,M15,1742580000,151755.0,151760.0,151675.0,151715.0,15006,5,46865
WIN$D,M15,1742580900,151710.0,151785.0,151600.0,151600.0,11970,5,36739
WIN$D,M15,1742806800,152390.0,152635.0,152155.0,152265.0,220032,5,547860
WIN$D,M15,1742807700,152265.0,152295.0,151970.0,152000.0,121312,5,341536
WIN$D,M15,1742808600,151995.0,152010.0,151325.0,151395.0,233532,5,734439
WIN$D,M15,1742809500,151390.0,151445.0,151160.0,151355.0,169891,5,539643
WIN$D,M15,1742810400,151355.0,151445.0,150995.0,151140.0,218769,5,675036
WIN$D,M15,1742811300,151140.0,151365.0,151055.0,151280.0,141746,5,419433
WIN$D,M15,1742812200,151280.0,151760.0,151270.0,151515.0,276276,5,871622
WIN$D,M15,1742813100,151515.0,151635.0,151220.0,151460.0,180714,5,580367
WIN$D,M15,1742814000,151460.0,151550.0,151340.0,151440.0,116168,5,367672
WIN$D,M15,1742814900,151440.0,151895.0,151375.0,151870.0,176787,5,596073
WIN$D,M15,1742815800,151870.0,151905.0,151425.0,151485.0,155108,5,522377
WIN$D,M15,1742816700,151480.0,151665.0,151400.0,151655.0,101905,5,340057
WIN$D,M15,1742817600,151655.0,151675.0,151365.0,151430.0,117719,5,405883
WIN$D,M15,1742818500,151425.0,151550.0,151385.0,151485.0,77433,5,266217
WIN$D,M15,1742819400,151490.0,151590.0,151480.0,151495.0,54155,5,192174
WIN$D,M15,1742820300,151495.0,151615.0,151400.0,151515.0,70857,5,256147
WIN$D,M15,1742821200,151515.0,151525.0,151300.0,151315.0,82238,5,279705
WIN$D,M15,1742822100,151320.0,151370.0,151210.0,151245.0,70283,5,238580
WIN$D,M15,1742823000,151240.0,151345.0,151190.0,151290.0,50357,5,165399
WIN$D,M15,1742823900,151285.0,151390.0,151210.0,151350.0,57485,5,201133
WIN$D,M15,1742824800,151350.0,151355.0,151100.0,151115.0,74574,5,260724
WIN$D,M15,1742825700,151115.0,151115.0,150640.0,150750.0,176356,5,657083
WIN$D,M15,1742826600,150750.0,150795.0,150615.0,150690.0,94218,5,352236
WIN$D,M15,1742827500,150695.0,150705.0,150430.0,150550.0,102279,5,353319
WIN$D,M15,1742828400,150545.0,150585.0,150415.0,150550.0,81924,5,294678
WIN$D,M15,1742829300,150545.0,150625.0,150495.0,150560.0,57914,5,218115
WIN$D,M15,1742830200,150565.0,150780.0,150510.0,150650.0,101378,5,374585
WIN$D,M15,1742831100,150645.0,150700.0,150555.0,150645.0,56623,5,197416
WIN$D,M15,1742832000,150640.0,150700.0,150535.0,150700.0,56472,5,205178
WIN$D,M15,1742832900,150695.0,150855.0,150650.0,150845.0,79278,5,296361
WIN$D,M15,1742833800,150850.0,151035.0,150830.0,150855.0,105634,5,377540
WIN$D,M15,1742834700,150855.0,150945.0,150790.0,150835.0,75536,5,273534
WIN$D,M15,1742835600,150835.0,150935.0,150750.0,150855.0,56471,5,207674
WIN$D,M15,1742836500,150855.0,150855.0,150650.0,150665.0,38977,5,137232
WIN$D,M15,1742837400,150660.0,150760.0,150645.0,150725.0,23810,5,85676
WIN$D,M15,1742838300,150725.0,150855.0,150695.0,150825.0,34315,5,109665
WIN$D,M15,1742839200,150830.0,150995.0,150780.0,150980.0,34396,5,88241
WIN$D,M15,1742840100,150985.0,151030.0,150885.0,150960.0,27478,5,65351
WIN$D,M15,1742893200,150690.0,151025.0,150610.0,150755.0,279238,5,690738
WIN$D,M15,1742894100,150760.0,150950.0,150580.0,150910.0,198395,5,602437
WIN$D,M15,1742895000,150905.0,151065.0,150850.0,150970.0,132884,5,417737
WIN$D,M15,1742895900,150975.0,151425.0,150945.0,151335.0,179563,5,576396
WIN$D,M15,1742896800,151340.0,151375.0,151050.0,151105.0,191199,5,594063
WIN$D,M15,1742897700,151105.0,151625.0,151065.0,151475.0,242572,5,778332
WIN$D,M15,1742898600,151480.0,151995.0,151455.0,151930.0,252839,5,829191
WIN$D,M15,1742899500,151935.0,152170.0,151835.0,152020.0,145161,5,462697
WIN$D,M15,1742900400,152020.0,152280.0,151955.0,152245.0,158528,5,502448
WIN$D,M15,1742901300,152245.0,152595.0,152160.0,152535.0,138188,5,474251
WIN$D,M15,1742902200,152535.0,152555.0,152385.0,152455.0,103674,5,365902
WIN$D,M15,1742903100,152455.0,152540.0,152360.0,152540.0,81651,5,290750
WIN$D,M15,1742904000,152540.0,152810.0,152485.0,152695.0,123206,5,435823
WIN$D,M15,1742904900,152690.0,152945.0,152690.0,152900.0,91035,5,331133
WIN$D,M15,1742905800,152900.0,152945.0,152645.0,152680.0,74429,5,272291
WIN$D,M15,1742906700,152680.0,152825.0,152640.0,152750.0,69985,5,252041
WIN$D,M15,1742907600,152750.0,152755.0,152590.0,152655.0,54329,5,184193
WIN$D,M15,1742908500,152660.0,152690.0,152560.0,152660.0,47972,5,163548
WIN$D,M15,1742909400,152665.0,152715.0,152575.0,152575.0,47806,5,170301
WIN$D,M15,1742910300,152575.0,152575.0,151900.0,152160.0,183461,5,654488
WIN$D,M15,1742911200,152160.0,152295.0,152110.0,152175.0,75957,5,244941
WIN$D,M15,1742912100,152170.0,152200.0,151990.0,152080.0,86912,5,280240
WIN$D,M15,1742913000,152085.0,152130.0,151875.0,151935.0,100535,5,346651
WIN$D,M15,1742913900,151935.0,151960.0,151710.0,151830.0,107976,5,375980
WIN$D,M15,1742914800,151830.0,151865.0,151635.0,151760.0,90333,5,322051
WIN$D,M15,1742915700,151765.0,151845.0,151710.0,151775.0,50075,5,175926
WIN$D,M15,1742916600,151775.0,151945.0,151735.0,151795.0,62960,5,226370
WIN$D,M15,1742917500,151790.0,151845.0,151640.0,151660.0,62793,5,225702
WIN$D,M15,1742918400,151655.0,151740.0,151580.0,151630.0,69991,5,248677
WIN$D,M15,1742919300,151630.0,151650.0,151395.0,151425.0,98143,5,369550
WIN$D,M15,1742920200,151425.0,151625.0,151385.0,151590.0,60933,5,217929
WIN$D,M15,1742921100,151595.0,151690.0,151465.0,151565.0,73135,5,250097
WIN$D,M15,1742922000,151560.0,151635.0,151470.0,151620.0,51027,5,173587
WIN$D,M15,1742922900,151615.0,151765.0,151595.0,151700.0,46235,5,160781
WIN$D,M15,1742923800,151700.0,151735.0,151660.0,151720.0,19175,5,66891
WIN$D,M15,1742924700,151715.0,151890.0,151710.0,151835.0,42900,5,153519
WIN$D,M15,1742925600,151840.0,151850.0,151605.0,151730.0,39547,5,97671
WIN$D,M15,1742926500,151725.0,151735.0,151545.0,151685.0,15397,5,43170
WIN$D,M15,1742979600,151670.0,152120.0,151490.0,151795.0,273972,5,711463
WIN$D,M15,1742980500,151790.0,152160.0,151770.0,151970.0,161424,5,487167
WIN$D,M15,1742981400,151975.0,152055.0,151870.0,151960.0,97923,5,289268
WIN$D,M15,1742982300,151960.0,152245.0,151925.0,152245.0,144232,5,436778
WIN$D,M15,1742983200,152240.0,152260.0,151795.0,152050.0,263291,5,807131
WIN$D,M15,1742984100,152050.0,152285.0,151725.0,151815.0,249026,5,767479
WIN$D,M15,1742985000,151810.0,152055.0,151520.0,151665.0,258013,5,840215
WIN$D,M15,1742985900,151665.0,152010.0,151540.0,151925.0,192888,5,630596
WIN$D,M15,1742986800,151925.0,152255.0,151830.0,152250.0,145383,5,475322
WIN$D,M15,1742987700,152255.0,152325.0,152050.0,152100.0,154444,5,524925
WIN$D,M15,1742988600,152095.0,152160.0,151820.0,151965.0,126167,5,439647
WIN$D,M15,1742989500,151960.0,152045.0,151755.0,151780.0,95647,5,328097
WIN$D,M15,1742990400,151780.0,151985.0,151755.0,151895.0,95976,5,339779
WIN$D,M15,1742991300,151890.0,152030.0,151790.0,151930.0,97844,5,366221
WIN$D,M15,1742992200,151925.0,152070.0,151910.0,152025.0,63292,5,226660
WIN$D,M15,1742993100,152030.0,152065.0,151755.0,151860.0,100215,5,374118
WIN$D,M15,1742994000,151860.0,152025.0,151820.0,151855.0,66819,5,233899
WIN$D,M15,1742994900,151855.0,151960.0,151810.0,151895.0,46469,5,161717
WIN$D,M15,1742995800,151895.0,152140.0,151860.0,152045.0,78458,5,276320
WIN$D,M15,1742996700,152040.0,152365.0,151855.0,151880.0,130992,5,478229
WIN$D,M15,1742997600,151885.0,151905.0,151765.0,151875.0,70887,5,258198
WIN$D,M15,1742998500,151875.0,151890.0,151585.0,151785.0,117707,5,427709
WIN$D,M15,1742999400,151785.0,151800.0,151620.0,151680.0,75991,5,274302
WIN$D,M15,1743000300,151680.0,151870.0,151640.0,151805.0,64263,5,247393
WIN$D,M15,1743001200,151805.0,151970.0,151755.0,151810.0,91243,5,357182
WIN$D,M15,1743002100,151805.0,151940.0,151780.0,151885.0,49603,5,184158
WIN$D,M15,1743003000,151885.0,152040.0,151795.0,151825.0,76921,5,278308
WIN$D,M15,1743003900,151825.0,151890.0,151745.0,151795.0,51947,5,197233
WIN$D,M15,1743004800,151795.0,151855.0,151730.0,151810.0,44805,5,180268
WIN$D,M15,1743005700,151810.0,151860.0,151710.0,151830.0,47823,5,189808
WIN$D,M15,1743006600,151830.0,152015.0,151730.0,151955.0,76924,5,307155
WIN$D,M15,1743007500,151955.0,152130.0,151945.0,152030.0,71456,5,264802
WIN$D,M15,1743008400,152030.0,152145.0,151815.0,151850.0,64444,5,240642
WIN$D,M15,1743009300,151845.0,151945.0,151765.0,151900.0,39203,5,151366
WIN$D,M15,1743010200,151900.0,151910.0,151705.0,151795.0,43339,5,162499
WIN$D,M15,1743011100,151800.0,151850.0,151720.0,151805.0,30394,5,91325
WIN$D,M15,1743012000,151805.0,151825.0,151715.0,151725.0,24029,5,59383
WIN$D,M15,1743012900,151725.0,151735.0,151095.0,151690.0,37136,5,115329
WIN$D,M15,1743066000,152170.0,152570.0,152095.0,152500.0,260029,5,662210
WIN$D,M15,1743066900,152500.0,152600.0,152240.0,152485.0,174405,5,518266
WIN$D,M15,1743067800,152485.0,152655.0,152320.0,152410.0,164164,5,487687
WIN$D,M15,1743068700,152405.0,152605.0,152305.0,152460.0,130146,5,396770
WIN$D,M15,1743069600,152460.0,152545.0,151730.0,152275.0,354820,5,1122530
WIN$D,M15,1743070500,152280.0,152535.0,152070.0,152455.0,257474,5,831708
WIN$D,M15,1743071400,152460.0,152490.0,152175.0,152320.0,187904,5,574011
WIN$D,M15,1743072300,152320.0,152400.0,152130.0,152275.0,170869,5,551340
WIN$D,M15,1743073200,152280.0,152465.0,152020.0,152425.0,197802,5,632096
WIN$D,M15,1743074100,152425.0,152490.0,152115.0,152225.0,151529,5,512688
WIN$D,M15,1743075000,152220.0,152325.0,152095.0,152275.0,115513,5,382904
WIN$D,M15,1743075900,152280.0,152375.0,152130.0,152175.0,107339,5,377401
WIN$D,M15,1743076800,152175.0,152340.0,152155.0,152250.0,77799,5,269765
WIN$D,M15,1743077700,152250.0,152475.0,152240.0,152415.0,85725,5,304413
WIN$D,M15,1743078600,152415.0,153065.0,152380.0,153010.0,152741,5,521624
WIN$D,M15,1743079500,153005.0,153040.0,152835.0,152955.0,101496,5,343578
WIN$D,M15,1743080400,152950.0,153005.0,152775.0,152895.0,89528,5,291834
WIN$D,M15,1743081300,152900.0,153130.0,152870.0,153090.0,84964,5,283692
WIN$D,M15,1743082200,153090.0,153125.0,153010.0,153045.0,60063,5,203011
WIN$D,M15,1743083100,153045.0,153050.0,152880.0,152930.0,73913,5,247356
WIN$D,M15,1743084000,152935.0,152975.0,152855.0,152905.0,47154,5,155727
WIN$D,M15,1743084900,152910.0,152975.0,152825.0,152835.0,51268,5,174975
WIN$D,M15,1743085800,152835.0,153000.0,152820.0,152975.0,56732,5,193061
WIN$D,M15,1743086700,152980.0,153130.0,152215.0,152465.0,179251,5,626645
WIN$D,M15,1743087600,152470.0,152780.0,152430.0,152735.0,122250,5,422425
WIN$D,M15,1743088500,152730.0,152805.0,152660.0,152760.0,66030,5,229179
WIN$D,M15,1743089400,152755.0,152775.0,152410.0,152425.0,78836,5,263965
WIN$D,M15,1743090300,152425.0,152605.0,152410.0,152585.0,49526,5,161170
WIN$D,M15,1743091200,152585.0,152670.0,152570.0,152640.0,47224,5,162162
WIN$D,M15,1743092100,152640.0,152640.0,152190.0,152365.0,90741,5,332019
WIN$D,M15,1743093000,152360.0,152400.0,152150.0,152270.0,75060,5,253158
WIN$D,M15,1743093900,152265.0,152445.0,152220.0,152435.0,63763,5,210485
WIN$D,M15,1743094800,152435.0,152570.0,152340.0,152345.0,71436,5,246034
WIN$D,M15,1743095700,152340.0,152390.0,152285.0,152330.0,30770,5,99408
WIN$D,M15,1743096600,152330.0,152410.0,152310.0,152390.0,17302,5,58731
WIN$D,M15,1743097500,152390.0,152430.0,152315.0,152370.0,21803,5,67209
WIN$D,M15,1743098400,152370.0,152405.0,152255.0,152340.0,22734,5,64617
WIN$D,M15,1743099300,152340.0,152390.0,152300.0,152325.0,8569,5,29021
WIN$D,M15,1743152400,152235.0,152240.0,151390.0,151540.0,262636,5,713157
WIN$D,M15,1743153300,151540.0,151635.0,151340.0,151560.0,163278,5,528610
WIN$D,M15,1743154200,151565.0,151975.0,151520.0,151905.0,177051,5,575512
WIN$D,M15,1743155100,151910.0,151965.0,151790.0,151930.0,95603,5,297246
WIN$D,M15,1743156000,151925.0,152095.0,151760.0,151790.0,233506,5,725430
WIN$D,M15,1743156900,151785.0,152035.0,151585.0,151995.0,240021,5,795190
WIN$D,M15,1743157800,151995.0,152290.0,151830.0,151855.0,220842,5,732966
WIN$D,M15,1743158700,151850.0,151985.0,151720.0,151755.0,123438,5,409565
WIN$D,M15,1743159600,151755.0,151760.0,151155.0,151220.0,226760,5,807073
WIN$D,M15,1743160500,151225.0,151270.0,150935.0,151125.0,161129,5,567987
WIN$D,M15,1743161400,151125.0,151200.0,150840.0,150900.0,157764,5,547561
WIN$D,M15,1743162300,150895.0,150905.0,150610.0,150675.0,128270,5,444294
WIN$D,M15,1743163200,150670.0,150885.0,150570.0,150855.0,109792,5,394648
WIN$D,M15,1743164100,150855.0,150995.0,150760.0,150790.0,85569,5,311975
WIN$D,M15,1743165000,150785.0,150920.0,150735.0,150795.0,83533,5,306421
WIN$D,M15,1743165900,150795.0,150940.0,150785.0,150890.0,46391,5,159214
WIN$D,M15,1743166800,150885.0,151020.0,150835.0,150925.0,55902,5,185454
WIN$D,M15,1743167700,150925.0,151005.0,150875.0,150915.0,45806,5,156516
WIN$D,M15,1743168600,150915.0,150925.0,150735.0,150805.0,73860,5,254358
WIN$D,M15,1743169500,150805.0,150870.0,150680.0,150690.0,52474,5,175838
WIN$D,M15,1743170400,150695.0,150860.0,150645.0,150735.0,74370,5,247442
WIN$D,M15,1743171300,150740.0,150745.0,150520.0,150710.0,96921,5,328451
WIN$D,M15,1743172200,150710.0,150905.0,150610.0,150870.0,91214,5,330977
WIN$D,M15,1743173100,150865.0,151115.0,150845.0,151115.0,86928,5,298926
WIN$D,M15,1743174000,151115.0,152125.0,151105.0,151830.0,250200,5,949878
WIN$D,M15,1743174900,151835.0,151845.0,151215.0,151300.0,120680,5,427953
WIN$D,M15,1743175800,151300.0,151765.0,151270.0,151540.0,118741,5,447873
WIN$D,M15,1743176700,151540.0,151590.0,151435.0,151485.0,47465,5,181125
WIN$D,M15,1743177600,151490.0,151565.0,151405.0,151465.0,47762,5,170239
WIN$D,M15,1743178500,151465.0,151485.0,151315.0,151390.0,46140,5,163253
WIN$D,M15,1743179400,151385.0,151490.0,151310.0,151390.0,56475,5,199050
WIN$D,M15,1743180300,151390.0,151465.0,151255.0,151305.0,49972,5,176228
WIN$D,M15,1743181200,151305.0,151310.0,151060.0,151095.0,75362,5,275537
WIN$D,M15,1743182100,151090.0,151180.0,151005.0,151135.0,37040,5,136440
WIN$D,M15,1743183000,151135.0,151140.0,151050.0,151095.0,18322,5,65568
WIN$D,M15,1743183900,151095.0,151250.0,151070.0,151180.0,25724,5,72275
WIN$D,M15,1743184800,151180.0,151220.0,151115.0,151130.0,13940,5,37736
WIN$D,M15,1743185700,151135.0,151240.0,151100.0,151210.0,8479,5,30052
WIN$D,M15,1743411600,150425.0,150660.0,150045.0,150365.0,268471,5,664635
WIN$D,M15,1743412500,150365.0,150395.0,150125.0,150280.0,117324,5,336472
WIN$D,M15,1743413400,150280.0,150330.0,149920.0,150050.0,164172,5,485332
WIN$D,M15,1743414300,150050.0,150255.0,149970.0,150170.0,111605,5,333930
WIN$D,M15,1743415200,150175.0,150280.0,150005.0,150185.0,186588,5,554728
WIN$D,M15,1743416100,150180.0,150235.0,149775.0,149885.0,243681,5,757893
WIN$D,M15,1743417000,149880.0,150020.0,149420.0,149480.0,246985,5,776722
WIN$D,M15,1743417900,149475.0,149875.0,149445.0,149855.0,187831,5,616029
WIN$D,M15,1743418800,149860.0,150140.0,149765.0,149915.0,192543,5,643069
WIN$D,M15,1743419700,149915.0,150000.0,149770.0,149875.0,132355,5,433886
WIN$D,M15,1743420600,149880.0,150075.0,149870.0,149990.0,123287,5,388337
WIN$D,M15,1743421500,149990.0,150035.0,149815.0,149940.0,86684,5,267142
WIN$D,M15,1743422400,149940.0,149945.0,149580.0,149705.0,117236,5,405555
WIN$D,M15,1743423300,149705.0,149735.0,149450.0,149460.0,86785,5,294476
WIN$D,M15,1743424200,149465.0,149500.0,149345.0,149475.0,90095,5,307585
WIN$D,M15,1743425100,149475.0,149585.0,149470.0,149520.0,74219,5,246270
WIN$D,M15,1743426000,149525.0,149575.0,149390.0,149425.0,68350,5,241001
WIN$D,M15,1743426900,149425.0,149570.0,149415.0,149525.0,60383,5,198453
WIN$D,M15,1743427800,149520.0,149610.0,149450.0,149545.0,64879,5,218133
WIN$D,M15,1743428700,149545.0,149665.0,149515.0,149535.0,64240,5,218554
WIN$D,M15,1743429600,149535.0,149560.0,149405.0,149460.0,75100,5,253053
WIN$D,M15,1743430500,149460.0,149475.0,149295.0,149360.0,70165,5,259091
WIN$D,M15,1743431400,149355.0,149635.0,149350.0,149590.0,81942,5,302583
WIN$D,M15,1743432300,149595.0,149695.0,149545.0,149605.0,68141,5,252836
WIN$D,M15,1743433200,149600.0,150105.0,149590.0,149965.0,131867,5,472332
WIN$D,M15,1743434100,149965.0,150210.0,149955.0,150070.0,125197,5,468925
WIN$D,M15,1743435000,150070.0,150130.0,149810.0,149830.0,88668,5,328118
WIN$D,M15,1743435900,149830.0,149900.0,149755.0,149825.0,81915,5,309036
WIN$D,M15,1743436800,149820.0,149945.0,149800.0,149880.0,67356,5,273049
WIN$D,M15,1743437700,149885.0,149925.0,149695.0,149705.0,67514,5,256339
WIN$D,M15,1743438600,149705.0,149890.0,149690.0,149810.0,70262,5,276491
WIN$D,M15,1743439500,149815.0,149885.0,149570.0,149605.0,86747,5,343227
WIN$D,M15,1743440400,149605.0,149635.0,149360.0,149560.0,90559,5,356970
WIN$D,M15,1743441300,149560.0,149620.0,149490.0,149510.0,35511,5,134741
WIN$D,M15,1743442200,149515.0,149530.0,149420.0,149485.0,35328,5,123596
WIN$D,M15,1743443100,149490.0,149580.0,149435.0,149540.0,27884,5,75727
WIN$D,M15,1743444000,149535.0,149560.0,149450.0,149500.0,23459,5,61875
WIN$D,M15,1743444900,149495.0,149535.0,149450.0,149450.0,8927,5,29403
WIN$D,M15,1743498000,149620.0,149790.0,149425.0,149635.0,210424,5,515979
WIN$D,M15,1743498900,149630.0,149815.0,149535.0,149785.0,119433,5,342206
WIN$D,M15,1743499800,149785.0,149790.0,149355.0,149430.0,173811,5,536831
WIN$D,M15,1743500700,149430.0,149680.0,149390.0,149595.0,138146,5,423971
WIN$D,M15,1743501600,149590.0,149645.0,149115.0,149265.0,295390,5,919760
WIN$D,M15,1743502500,149265.0,149840.0,149145.0,149810.0,222060,5,705511
WIN$D,M15,1743503400,149810.0,149915.0,149615.0,149715.0,257732,5,842755
WIN$D,M15,1743504300,149715.0,150000.0,149565.0,149870.0,214616,5,685880
WIN$D,M15,1743505200,149870.0,150210.0,149610.0,150025.0,272006,5,878446
WIN$D,M15,1743506100,150030.0,150430.0,149945.0,150385.0,178524,5,601404
WIN$D,M15,1743507000,150385.0,150880.0,150365.0,150815.0,223311,5,777714
WIN$D,M15,1743507900,150815.0,150835.0,150455.0,150530.0,120458,5,425381
WIN$D,M15,1743508800,150525.0,150865.0,150525.0,150840.0,117642,5,399036
WIN$D,M15,1743509700,150840.0,151005.0,150720.0,150855.0,120165,5,420276
WIN$D,M15,1743510600,150850.0,150885.0,150700.0,150830.0,67727,5,221618
WIN$D,M15,1743511500,150825.0,150965.0,150790.0,150920.0,59797,5,201365
WIN$D,M15,1743512400,150920.0,151075.0,150795.0,150865.0,114349,5,377223
WIN$D,M15,1743513300,150870.0,150985.0,150810.0,150875.0,69575,5,231359
WIN$D,M15,1743514200,150875.0,150945.0,150695.0,150705.0,78001,5,256183
WIN$D,M15,1743515100,150710.0,150800.0,150535.0,150730.0,101185,5,333654
WIN$D,M15,1743516000,150725.0,150860.0,150675.0,150810.0,83406,5,264888
WIN$D,M15,1743516900,150810.0,150960.0,150780.0,150940.0,59569,5,191347
WIN$D,M15,1743517800,150945.0,151155.0,150910.0,151040.0,91491,5,312685
WIN$D,M15,1743518700,151035.0,151090.0,150875.0,150910.0,75182,5,251424
WIN$D,M15,1743519600,150915.0,150965.0,150865.0,150885.0,44912,5,149830
WIN$D,M15,1743520500,150880.0,150885.0,150585.0,150595.0,80579,5,283850
WIN$D,M15,1743521400,150595.0,150640.0,150110.0,150245.0,135037,5,507138
WIN$D,M15,1743522300,150250.0,150445.0,150235.0,150350.0,77887,5,279998
WIN$D,M15,1743523200,150350.0,150535.0,150315.0,150515.0,71451,5,252921
WIN$D,M15,1743524100,150510.0,150570.0,150405.0,150415.0,60802,5,208584
WIN$D,M15,1743525000,150420.0,150450.0,150205.0,150220.0,77880,5,257461
WIN$D,M15,1743525900,150225.0,150405.0,150125.0,150365.0,87404,5,304283
WIN$D,M15,1743526800,150360.0,150380.0,150195.0,150220.0,50482,5,175622
WIN$D,M15,1743527700,150220.0,150305.0,150130.0,150230.0,43927,5,154895
WIN$D,M15,1743528600,150230.0,150325.0,150205.0,150295.0,22303,5,79007
WIN$D,M15,1743529500,150295.0,150380.0,150270.0,150320.0,29760,5,78268
WIN$D,M15,1743530400,150320.0,150330.0,150205.0,150225.0,19818,5,46592
WIN$D,M15,1743531300,150230.0,150245.0,150100.0,150190.0,12478,5,42429
WIN$D,M15,1743584400,150015.0,150535.0,149925.0,150180.0,244589,5,637268
WIN$D,M15,1743585300,150175.0,150260.0,149895.0,149925.0,179431,5,527718
WIN$D,M15,1743586200,149920.0,150340.0,149920.0,150140.0,221451,5,678098
WIN$D,M15,1743587100,150145.0,150285.0,150040.0,150110.0,121056,5,351680
WIN$D,M15,1743588000,150110.0,150325.0,150055.0,150255.0,176727,5,544451
WIN$D,M15,1743588900,150255.0,150620.0,150060.0,150370.0,265247,5,864766
WIN$D,M15,1743589800,150365.0,150425.0,149800.0,149865.0,286806,5,974921
WIN$D,M15,1743590700,149870.0,149900.0,149520.0,149605.0,199541,5,666667
WIN$D,M15,1743591600,149610.0,149640.0,149375.0,149540.0,186510,5,602441
WIN$D,M15,1743592500,149545.0,149745.0,149475.0,149670.0,141198,5,482611
WIN$D,M15,1743593400,149670.0,149990.0,149550.0,149810.0,163030,5,570996
WIN$D,M15,1743594300,149810.0,150240.0,149780.0,149985.0,173352,5,604061
WIN$D,M15,1743595200,149990.0,150160.0,149880.0,150145.0,119135,5,429717
WIN$D,M15,1743596100,150140.0,150170.0,150050.0,150110.0,64922,5,220752
WIN$D,M15,1743597000,150115.0,150185.0,149920.0,150010.0,84764,5,303068
WIN$D,M15,1743597900,150010.0,150065.0,149850.0,150015.0,84146,5,290852
WIN$D,M15,1743598800,150015.0,150240.0,150015.0,150185.0,92434,5,317631
WIN$D,M15,1743599700,150180.0,150230.0,150045.0,150120.0,70365,5,234013
WIN$D,M15,1743600600,150125.0,150130.0,149845.0,150100.0,107528,5,389884
WIN$D,M15,1743601500,150105.0,150420.0,150060.0,150345.0,121407,5,425220
WIN$D,M15,1743602400,150345.0,150365.0,150140.0,150155.0,79573,5,265827
WIN$D,M15,1743603300,150155.0,150155.0,149910.0,150015.0,97894,5,338690
WIN$D,M15,1743604200,150020.0,150155.0,150010.0,150105.0,84149,5,304967
WIN$D,M15,1743605100,150105.0,150195.0,150020.0,150175.0,64478,5,222952
WIN$D,M15,1743606000,150180.0,150235.0,150080.0,150125.0,67744,5,232464
WIN$D,M15,1743606900,150125.0,150210.0,150100.0,150170.0,38722,5,135702
WIN$D,M15,1743607800,150165.0,150320.0,150155.0,150300.0,64870,5,228255
WIN$D,M15,1743608700,150300.0,150330.0,150165.0,150180.0,49365,5,164742
WIN$D,M15,1743609600,150175.0,150280.0,150165.0,150245.0,40885,5,140716
WIN$D,M15,1743610500,150245.0,150310.0,150190.0,150240.0,42604,5,142565
WIN$D,M15,1743611400,150240.0,150375.0,150195.0,150315.0,61485,5,198547
WIN$D,M15,1743612300,150315.0,150485.0,150245.0,150445.0,60547,5,200727
WIN$D,M15,1743613200,150445.0,151900.0,149930.0,151145.0,245610,5,731452
WIN$D,M15,1743614100,151145.0,151435.0,149480.0,149710.0,310010,5,773297
WIN$D,M15,1743615000,149710.0,150965.0,149685.0,149805.0,220049,5,515180
WIN$D,M15,1743615900,149805.0,150040.0,149750.0,149875.0,62120,5,141489
WIN$D,M15,1743616800,149880.0,150040.0,149765.0,149775.0,25910,5,74978
WIN$D,M15,1743617700,149780.0,149815.0,149250.0,149250.0,16873,5,66165
WIN$D,M15,1743670800,148830.0,150080.0,148715.0,149880.0,344140,5,987292
WIN$D,M15,1743671700,149875.0,149960.0,149550.0,149655.0,149751,5,493944
WIN$D,M15,1743672600,149655.0,149925.0,149420.0,149485.0,188761,5,576422
WIN$D,M15,1743673500,149485.0,149525.0,148695.0,148850.0,212053,5,672314
WIN$D,M15,1743674400,148850.0,149585.0,148755.0,149350.0,283321,5,866993
WIN$D,M15,1743675300,149350.0,150560.0,149290.0,150320.0,363093,5,1110411
WIN$D,M15,1743676200,150320.0,151100.0,150310.0,150955.0,315312,5,1008356
WIN$D,M15,1743677100,150955.0,151560.0,150915.0,151040.0,263772,5,841890
WIN$D,M15,1743678000,151040.0,151620.0,150965.0,151220.0,222709,5,687524
WIN$D,M15,1743678900,151220.0,151260.0,150605.0,150960.0,209964,5,636452
WIN$D,M15,1743679800,150955.0,151350.0,150930.0,151170.0,175376,5,552802
WIN$D,M15,1743680700,151165.0,151185.0,150630.0,150645.0,176826,5,544185
WIN$D,M15,1743681600,150650.0,150675.0,150005.0,150305.0,209650,5,665739
WIN$D,M15,1743682500,150300.0,150485.0,150080.0,150220.0,155038,5,497901
WIN$D,M15,1743683400,150220.0,150305.0,149865.0,149930.0,133753,5,409949
WIN$D,M15,1743684300,149935.0,150150.0,149850.0,150055.0,105816,5,336537
WIN$D,M15,1743685200,150060.0,150370.0,150010.0,150115.0,97696,5,298560
WIN$D,M15,1743686100,150115.0,150350.0,150070.0,150310.0,76865,5,238867
WIN$D,M15,1743687000,150305.0,150405.0,150120.0,150290.0,86781,5,267911
WIN$D,M15,1743687900,150290.0,150610.0,150230.0,150395.0,120281,5,376925
WIN$D,M15,1743688800,150395.0,150550.0,150305.0,150405.0,80273,5,237775
WIN$D,M15,1743689700,150405.0,150450.0,150160.0,150205.0,70752,5,219732
WIN$D,M15,1743690600,150205.0,150420.0,150085.0,150365.0,102404,5,322081
WIN$D,M15,1743691500,150370.0,150630.0,150365.0,150385.0,116813,5,374306
WIN$D,M15,1743692400,150385.0,150500.0,150215.0,150360.0,91758,5,296939
WIN$D,M15,1743693300,150365.0,150470.0,150175.0,150350.0,102579,5,313334
WIN$D,M15,1743694200,150350.0,150520.0,150230.0,150495.0,106143,5,332138
WIN$D,M15,1743695100,150495.0,150505.0,150305.0,150415.0,67941,5,213506
WIN$D,M15,1743696000,150415.0,150515.0,150360.0,150485.0,61672,5,198852
WIN$D,M15,1743696900,150485.0,150490.0,150160.0,150230.0,79668,5,263513
WIN$D,M15,1743697800,150230.0,150265.0,150080.0,150210.0,81325,5,248454
WIN$D,M15,1743698700,150210.0,150255.0,150045.0,150235.0,86475,5,263356
WIN$D,M15,1743699600,150235.0,150290.0,150105.0,150195.0,57587,5,179541
WIN$D,M15,1743700500,150190.0,150365.0,150145.0,150270.0,54719,5,158633
WIN$D,M15,1743701400,150265.0,150315.0,150175.0,150250.0,28554,5,85458
WIN$D,M15,1743702300,150255.0,150355.0,150175.0,150240.0,30186,5,90653
WIN$D,M15,1743703200,150230.0,150285.0,150200.0,150250.0,14348,5,38974
WIN$D,M15,1743704100,150245.0,150360.0,150145.0,150360.0,10510,5,36657
WIN$D,M15,1743757200,148190.0,148190.0,147360.0,147955.0,243461,5,702887
WIN$D,M15,1743758100,147950.0,148315.0,147590.0,147820.0,177932,5,469077
WIN$D,M15,1743759000,147850.0,148390.0,147605.0,147735.0,277703,5,677767
WIN$D,M15,1743759900,147735.0,147875.0,147220.0,147465.0,208685,5,564907
WIN$D,M15,1743760800,147465.0,147805.0,147090.0,147175.0,280514,5,807263
WIN$D,M15,1743761700,147175.0,147195.0,146545.0,146875.0,255828,5,843083
WIN$D,M15,1743762600,146870.0,147115.0,146270.0,146320.0,305386,5,940316
WIN$D,M15,1743763500,146320.0,146705.0,146160.0,146505.0,259369,5,782893
WIN$D,M15,1743764400,146505.0,146510.0,146010.0,146115.0,200944,5,603156
WIN$D,M15,1743765300,146115.0,146340.0,146045.0,146135.0,153568,5,474814
WIN$D,M15,1743766200,146135.0,146260.0,145795.0,145845.0,174079,5,548358
WIN$D,M15,1743767100,145845.0,145880.0,145315.0,145775.0,267367,5,885248
WIN$D,M15,1743768000,145770.0,146690.0,145705.0,146570.0,311835,5,989105
WIN$D,M15,1743768900,146565.0,146705.0,145695.0,145960.0,227806,5,725358
WIN$D,M15,1743769800,145955.0,146205.0,145730.0,146100.0,155315,5,467234
WIN$D,M15,1743770700,146095.0,146310.0,145965.0,146030.0,118196,5,343902
WIN$D,M15,1743771600,146030.0,146340.0,145975.0,146295.0,97030,5,301463
WIN$D,M15,1743772500,146295.0,146305.0,145705.0,145845.0,112653,5,366091
WIN$D,M15,1743773400,145845.0,146285.0,145825.0,146100.0,98054,5,316519
WIN$D,M15,1743774300,146100.0,146175.0,146040.0,146055.0,71700,5,220054
WIN$D,M15,1743775200,146060.0,146155.0,145765.0,145850.0,104901,5,322839
WIN$D,M15,1743776100,145850.0,146015.0,145735.0,145930.0,93222,5,287926
WIN$D,M15,1743777000,145925.0,146225.0,145780.0,146150.0,126773,5,398831
WIN$D,M15,1743777900,146155.0,146340.0,146090.0,146220.0,98387,5,297646
WIN$D,M15,1743778800,146220.0,146315.0,145970.0,146060.0,110120,5,321164
WIN$D,M15,1743779700,146065.0,146120.0,145915.0,146010.0,82204,5,251393
WIN$D,M15,1743780600,146010.0,146175.0,145670.0,145740.0,102913,5,322610
WIN$D,M15,1743781500,145745.0,145935.0,145655.0,145865.0,92234,5,284907
WIN$D,M15,1743782400,145865.0,146030.0,145790.0,145975.0,76644,5,224024
WIN$D,M15,1743783300,145980.0,146020.0,145740.0,145930.0,97358,5,284395
WIN$D,M15,1743784200,145925.0,146345.0,145885.0,146150.0,115469,5,346621
WIN$D,M15,1743785100,146145.0,146240.0,145975.0,145975.0,93558,5,272072
WIN$D,M15,1743786000,145975.0,146205.0,145920.0,145940.0,78194,5,242673
WIN$D,M15,1743786900,145945.0,145975.0,145770.0,145905.0,55020,5,172967
WIN$D,M15,1743787800,145905.0,146180.0,145875.0,145970.0,51872,5,150125
WIN$D,M15,1743788700,145975.0,146135.0,145905.0,146110.0,37846,5,96880
WIN$D,M15,1743789600,146115.0,146135.0,145840.0,145985.0,30148,5,79044
WIN$D,M15,1743790500,145985.0,146280.0,145970.0,146140.0,14326,5,44707
WIN$D,M15,1744016400,144140.0,144650.0,143840.0,144215.0,323881,5,749786
WIN$D,M15,1744017300,144215.0,144935.0,143955.0,144900.0,255882,5,684647
WIN$D,M15,1744018200,144900.0,144980.0,144645.0,144805.0,226276,5,584375
WIN$D,M15,1744019100,144800.0,144870.0,144450.0,144565.0,246995,5,703829
WIN$D,M15,1744020000,144570.0,144610.0,144130.0,144225.0,251722,5,725525
WIN$D,M15,1744020900,144225.0,144255.0,143610.0,143745.0,268655,5,827119
WIN$D,M15,1744021800,143740.0,144090.0,142715.0,142960.0,433131,5,1276485
WIN$D,M15,1744022700,142960.0,144210.0,142825.0,144025.0,329878,5,991116
WIN$D,M15,1744023600,144020.0,147515.0,143860.0,146725.0,527039,5,1457004
WIN$D,M15,1744024500,146725.0,147015.0,144340.0,144540.0,658288,5,1503897
WIN$D,M15,1744025400,144545.0,145515.0,143995.0,144870.0,498474,5,1046773
WIN$D,M15,1744026300,144865.0,145795.0,144765.0,145680.0,375898,5,790061
WIN$D,M15,1744027200,145680.0,146075.0,144495.0,144605.0,318791,5,720271
WIN$D,M15,1744028100,144610.0,144920.0,143750.0,143885.0,321643,5,731587
WIN$D,M15,1744029000,143890.0,144955.0,143765.0,144895.0,271033,5,603204
WIN$D,M15,1744029900,144895.0,144920.0,144310.0,144375.0,217940,5,492637
WIN$D,M15,1744030800,144380.0,144560.0,143835.0,143920.0,198372,5,449922
WIN$D,M15,1744031700,143920.0,144170.0,143580.0,144085.0,182379,5,410366
WIN$D,M15,1744032600,144080.0,144415.0,143920.0,144030.0,161350,5,373691
WIN$D,M15,1744033500,144030.0,144315.0,143850.0,144135.0,156935,5,361689
WIN$D,M15,1744034400,144130.0,144820.0,144020.0,144655.0,246176,5,581930
WIN$D,M15,1744035300,144655.0,145055.0,144565.0,145025.0,181596,5,437590
WIN$D,M15,1744036200,145020.0,145250.0,144765.0,145055.0,150759,5,384770
WIN$D,M15,1744037100,145055.0,145385.0,144655.0,145040.0,145256,5,383126
WIN$D,M15,1744038000,145040.0,145225.0,144755.0,144860.0,133542,5,317992
WIN$D,M15,1744038900,144860.0,145355.0,144650.0,144730.0,158665,5,397295
WIN$D,M15,1744039800,144735.0,144805.0,144350.0,144505.0,148467,5,362224
WIN$D,M15,1744040700,144500.0,144570.0,143925.0,144055.0,142873,5,378746
WIN$D,M15,1744041600,144050.0,144425.0,144025.0,144275.0,120802,5,302199
WIN$D,M15,1744042500,144275.0,144545.0,144120.0,144290.0,135146,5,329101
WIN$D,M15,1744043400,144295.0,144840.0,144220.0,144260.0,144131,5,358889
WIN$D,M15,1744044300,144255.0,144540.0,144015.0,144305.0,119156,5,302805
WIN$D,M15,1744045200,144305.0,144610.0,144280.0,144420.0,70711,5,175085
WIN$D,M15,1744046100,144420.0,144555.0,144315.0,144390.0,48786,5,123011
WIN$D,M15,1744047000,144390.0,144450.0,144205.0,144390.0,40663,5,99548
WIN$D,M15,1744047900,144390.0,144425.0,144270.0,144390.0,30268,5,70375
WIN$D,M15,1744048800,144390.0,144405.0,144210.0,144290.0,18868,5,40124
WIN$D,M15,1744049700,144285.0,144450.0,144255.0,144380.0,8023,5,26294
WIN$D,M15,1744102800,145790.0,145935.0,145055.0,145300.0,305520,5,780108
WIN$D,M15,1744103700,145300.0,145350.0,144930.0,145025.0,187748,5,525525
WIN$D,M15,1744104600,145025.0,145050.0,144660.0,144750.0,175380,5,497396
WIN$D,M15,1744105500,144750.0,145170.0,144725.0,145100.0,169064,5,502298
WIN$D,M15,1744106400,145095.0,145955.0,144960.0,145620.0,332393,5,980653
WIN$D,M15,1744107300,145625.0,146470.0,145525.0,146225.0,284160,5,848554
WIN$D,M15,1744108200,146225.0,146335.0,145505.0,145835.0,322124,5,949785
WIN$D,M15,1744109100,145830.0,145935.0,145355.0,145475.0,261710,5,743592
WIN$D,M15,1744110000,145475.0,145965.0,145400.0,145565.0,218736,5,627461
WIN$D,M15,1744110900,145570.0,145680.0,145165.0,145365.0,192940,5,581109
WIN$D,M15,1744111800,145365.0,145450.0,144880.0,144900.0,221545,5,674820
WIN$D,M15,1744112700,144905.0,145020.0,144205.0,144280.0,235651,5,742446
WIN$D,M15,1744113600,144280.0,144475.0,143740.0,143910.0,211045,5,663852
WIN$D,M15,1744114500,143910.0,144225.0,143810.0,143945.0,148150,5,444799
WIN$D,M15,1744115400,143945.0,144560.0,143920.0,144320.0,169374,5,513827
WIN$D,M15,1744116300,144320.0,144440.0,143980.0,144270.0,139930,5,423232
WIN$D,M15,1744117200,144265.0,144290.0,144015.0,144055.0,111075,5,322467
WIN$D,M15,1744118100,144055.0,144070.0,143515.0,144030.0,166117,5,517670
WIN$D,M15,1744119000,144030.0,144085.0,143165.0,143455.0,217773,5,658907
WIN$D,M15,1744119900,143455.0,143875.0,143355.0,143490.0,206848,5,587350
WIN$D,M15,1744120800,143490.0,143645.0,142955.0,143100.0,196854,5,545840
WIN$D,M15,1744121700,143105.0,143470.0,142920.0,143045.0,188019,5,539113
WIN$D,M15,1744122600,143040.0,143820.0,143025.0,143600.0,208965,5,591126
WIN$D,M15,1744123500,143600.0,143695.0,143310.0,143690.0,146083,5,402238
WIN$D,M15,1744124400,143685.0,143770.0,143285.0,143400.0,132129,5,393641
WIN$D,M15,1744125300,143395.0,143670.0,143215.0,143330.0,130203,5,379374
WIN$D,M15,1744126200,143325.0,144260.0,143325.0,143505.0,207579,5,577851
WIN$D,M15,1744127100,143500.0,143695.0,143170.0,143195.0,113035,5,343562
WIN$D,M15,1744128000,143195.0,143230.0,142520.0,142565.0,177230,5,534196
WIN$D,M15,1744128900,142565.0,142875.0,142310.0,142685.0,175085,5,537188
WIN$D,M15,1744129800,142685.0,142715.0,142135.0,142405.0,166298,5,490897
WIN$D,M15,1744130700,142410.0,142830.0,142345.0,142710.0,123870,5,354223
WIN$D,M15,1744131600,142715.0,142885.0,142625.0,142725.0,69762,5,204100
WIN$D,M15,1744132500,142725.0,142865.0,142505.0,142530.0,55221,5,159120
WIN$D,M15,1744133400,142530.0,142565.0,142415.0,142440.0,35018,5,100955
WIN$D,M15,1744134300,142440.0,142640.0,142435.0,142500.0,34993,5,92245
WIN$D,M15,1744135200,142500.0,142560.0,142290.0,142530.0,35365,5,85242
WIN$D,M15,1744136100,142535.0,142615.0,142405.0,142490.0,15207,5,40036
WIN$D,M15,1744189200,141505.0,141895.0,141290.0,141615.0,337435,5,801023
WIN$D,M15,1744190100,141615.0,141685.0,141420.0,141620.0,141313,5,433071
WIN$D,M15,1744191000,141620.0,141830.0,141050.0,141290.0,260467,5,755488
WIN$D,M15,1744191900,141285.0,141800.0,141200.0,141640.0,233377,5,678094
WIN$D,M15,1744192800,141645.0,142060.0,141550.0,141885.0,322411,5,899373
WIN$D,M15,1744193700,141880.0,142350.0,141815.0,142225.0,300882,5,842902
WIN$D,M15,1744194600,142225.0,143060.0,142015.0,142845.0,403366,5,1125833
WIN$D,M15,1744195500,142850.0,143250.0,142575.0,142965.0,318480,5,862494
WIN$D,M15,1744196400,142965.0,143530.0,142690.0,142710.0,335030,5,914938
WIN$D,M15,1744197300,142720.0,143250.0,142670.0,142845.0,284942,5,775619
WIN$D,M15,1744198200,142845.0,143405.0,142815.0,142920.0,242847,5,629456
WIN$D,M15,1744199100,142915.0,143325.0,142320.0,142440.0,266467,5,732865
WIN$D,M15,1744200000,142440.0,142550.0,142095.0,142360.0,223285,5,594115
WIN$D,M15,1744200900,142365.0,143015.0,142335.0,142755.0,243066,5,679521
WIN$D,M15,1744201800,142760.0,142950.0,142330.0,142405.0,176027,5,478949
WIN$D,M15,1744202700,142405.0,142860.0,142230.0,142285.0,164349,5,444200
WIN$D,M15,1744203600,142280.0,142915.0,142220.0,142820.0,127771,5,362828
WIN$D,M15,1744204500,142820.0,143115.0,142775.0,142820.0,119284,5,318419
WIN$D,M15,1744205400,142820.0,143150.0,142690.0,143035.0,155148,5,426103
WIN$D,M15,1744206300,143035.0,143310.0,142915.0,143075.0,142015,5,384204
WIN$D,M15,1744207200,143075.0,143655.0,142845.0,143130.0,246010,5,603295
WIN$D,M15,1744208100,143130.0,148450.0,142290.0,146685.0,341497,5,928307
WIN$D,M15,1744209000,146490.0,147630.0,145810.0,146285.0,284683,5,781106
WIN$D,M15,1744209900,146285.0,147340.0,146190.0,147060.0,242554,5,586624
WIN$D,M15,1744210800,147055.0,147335.0,145990.0,146625.0,269511,5,615448
WIN$D,M15,1744211700,146630.0,147025.0,146365.0,146780.0,192231,5,430497
WIN$D,M15,1744212600,146770.0,146975.0,145875.0,145995.0,216667,5,491890
WIN$D,M15,1744213500,146005.0,146405.0,145525.0,145635.0,234317,5,511309
WIN$D,M15,1744214400,145640.0,146260.0,145385.0,146095.0,194788,5,445834
WIN$D,M15,1744215300,146100.0,146735.0,145910.0,146555.0,150534,5,367498
WIN$D,M15,1744216200,146550.0,146870.0,146365.0,146555.0,130339,5,311137
WIN$D,M15,1744217100,146560.0,146855.0,146190.0,146395.0,126077,5,324789
WIN$D,M15,1744218000,146395.0,146725.0,146060.0,146110.0,98435,5,247465
WIN$D,M15,1744218900,146110.0,146370.0,146030.0,146280.0,66316,5,162967
WIN$D,M15,1744219800,146280.0,146405.0,146090.0,146260.0,52974,5,118745
WIN$D,M15,1744220700,146265.0,146285.0,145995.0,146115.0,57474,5,115787
WIN$D,M15,1744221600,146110.0,146435.0,145990.0,146210.0,31498,5,72759
WIN$D,M15,1744222500,146200.0,146290.0,146040.0,146040.0,10224,5,26116
WIN$D,M15,1744275600,145635.0,145900.0,145225.0,145865.0,282987,5,659185
WIN$D,M15,1744276500,145865.0,146470.0,145810.0,146110.0,202454,5,536490
WIN$D,M15,1744277400,146110.0,146735.0,145910.0,145950.0,284122,5,741832
WIN$D,M15,1744278300,145950.0,146110.0,145730.0,145770.0,194968,5,540109
WIN$D,M15,1744279200,145765.0,145970.0,145290.0,145445.0,287046,5,815451
WIN$D,M15,1744280100,145445.0,145760.0,145030.0,145105.0,292547,5,805985
WIN$D,M15,1744281000,145105.0,145945.0,145090.0,145810.0,364080,5,961410
WIN$D,M15,1744281900,145815.0,146290.0,145315.0,145330.0,341031,5,883909
WIN$D,M15,1744282800,145335.0,145685.0,145090.0,145240.0,288873,5,737677
WIN$D,M15,1744283700,145240.0,145500.0,145000.0,145140.0,240600,5,645350
WIN$D,M15,1744284600,145140.0,145855.0,145140.0,145640.0,205787,5,544425
WIN$D,M15,1744285500,145640.0,145755.0,145175.0,145195.0,178527,5,467158
WIN$D,M15,1744286400,145200.0,145460.0,145010.0,145330.0,179130,5,488165
WIN$D,M15,1744287300,145325.0,145360.0,144845.0,144860.0,152059,5,408144
WIN$D,M15,1744288200,144855.0,145210.0,144700.0,144955.0,196896,5,501052
WIN$D,M15,1744289100,144960.0,145065.0,144475.0,144540.0,164063,5,434357
WIN$D,M15,1744290000,144540.0,144640.0,144135.0,144245.0,206513,5,536376
WIN$D,M15,1744290900,144240.0,144330.0,143550.0,143670.0,224381,5,564909
WIN$D,M15,1744291800,143665.0,144230.0,143640.0,144160.0,191568,5,466568
WIN$D,M15,1744292700,144160.0,144735.0,143990.0,144685.0,194412,5,494460
WIN$D,M15,1744293600,144685.0,145125.0,144020.0,144145.0,277941,5,649231
WIN$D,M15,1744294500,144150.0,144550.0,143975.0,144485.0,178989,5,413014
WIN$D,M15,1744295400,144475.0,145090.0,144410.0,145055.0,186301,5,473047
WIN$D,M15,1744296300,145055.0,145150.0,144645.0,144905.0,180003,5,432523
WIN$D,M15,1744297200,144900.0,145215.0,144695.0,144740.0,178359,5,444346
WIN$D,M15,1744298100,144735.0,145415.0,144675.0,145230.0,211683,5,520431
WIN$D,M15,1744299000,145235.0,145375.0,145045.0,145265.0,153173,5,360897
WIN$D,M15,1744299900,145270.0,145285.0,144745.0,144875.0,154564,5,367579
WIN$D,M15,1744300800,144875.0,145230.0,144745.0,144940.0,158837,5,382141
WIN$D,M15,1744301700,144945.0,145335.0,144780.0,144795.0,166285,5,400312
WIN$D,M15,1744302600,144800.0,145110.0,144135.0,144230.0,182057,5,446962
WIN$D,M15,1744303500,144230.0,145130.0,144185.0,144965.0,192369,5,467389
WIN$D,M15,1744304400,144965.0,145280.0,144900.0,145185.0,92320,5,229054
WIN$D,M15,1744305300,145190.0,145195.0,144970.0,145005.0,45592,5,111440
WIN$D,M15,1744306200,145000.0,145270.0,144920.0,144960.0,43133,5,110759
WIN$D,M15,1744307100,144965.0,145120.0,144920.0,145090.0,28433,5,66197
WIN$D,M15,1744308000,145085.0,145120.0,144955.0,144975.0,22155,5,46128
WIN$D,M15,1744308900,144975.0,145025.0,144850.0,145025.0,11582,5,29185
WIN$D,M15,1744362000,145570.0,146075.0,145450.0,145985.0,276524,5,639472
WIN$D,M15,1744362900,145985.0,146165.0,145695.0,145960.0,177026,5,442913
WIN$D,M15,1744363800,145965.0,146145.0,145690.0,145810.0,223821,5,601947
WIN$D,M15,1744364700,145805.0,145870.0,145605.0,145785.0,161290,5,440982
WIN$D,M15,1744365600,145780.0,145830.0,145160.0,145260.0,283344,5,821937
WIN$D,M15,1744366500,145265.0,145300.0,144900.0,144930.0,257552,5,727543
WIN$D,M15,1744367400,144925.0,145765.0,144695.0,145565.0,479864,5,1280046
WIN$D,M15,1744368300,145565.0,145940.0,145430.0,145480.0,268774,5,712172
WIN$D,M15,1744369200,145485.0,145790.0,145120.0,145465.0,313186,5,776847
WIN$D,M15,1744370100,145465.0,145620.0,144590.0,144810.0,314951,5,848405
WIN$D,M15,1744371000,144805.0,145310.0,144755.0,145170.0,273701,5,682100
WIN$D,M15,1744371900,145170.0,145550.0,145120.0,145160.0,189967,5,490694
WIN$D,M15,1744372800,145160.0,145865.0,144875.0,144905.0,249204,5,699817
WIN$D,M15,1744373700,144905.0,145145.0,144785.0,145060.0,131949,5,380265
WIN$D,M15,1744374600,145060.0,145460.0,145020.0,145435.0,107619,5,307177
WIN$D,M15,1744375500,145440.0,145535.0,145290.0,145490.0,91078,5,268255
WIN$D,M15,1744376400,145490.0,145750.0,145330.0,145715.0,110815,5,333474
WIN$D,M15,1744377300,145715.0,145980.0,145655.0,145750.0,110981,5,340002
WIN$D,M15,1744378200,145750.0,146075.0,145745.0,145995.0,119590,5,360593
WIN$D,M15,1744379100,145990.0,146315.0,145865.0,146180.0,128136,5,401285
WIN$D,M15,1744380000,146175.0,146245.0,145875.0,145990.0,109937,5,328619
WIN$D,M15,1744380900,145990.0,146080.0,145745.0,146015.0,117497,5,358901
WIN$D,M15,1744381800,146020.0,146865.0,145875.0,146770.0,204275,5,642145
WIN$D,M15,1744382700,146770.0,147030.0,146545.0,146705.0,154457,5,470604
WIN$D,M15,1744383600,146700.0,146860.0,146565.0,146700.0,114272,5,354120
WIN$D,M15,1744384500,146700.0,146750.0,146445.0,146495.0,96915,5,281697
WIN$D,M15,1744385400,146500.0,146720.0,146490.0,146575.0,82722,5,253001
WIN$D,M15,1744386300,146570.0,146735.0,146535.0,146625.0,71475,5,218826
WIN$D,M15,1744387200,146620.0,146965.0,146595.0,146905.0,85900,5,262612
WIN$D,M15,1744388100,146905.0,146935.0,146675.0,146795.0,78515,5,257140
WIN$D,M15,1744389000,146795.0,146800.0,146645.0,146730.0,66014,5,203811
WIN$D,M15,1744389900,146730.0,146820.0,146525.0,146545.0,76831,5,231514
WIN$D,M15,1744390800,146545.0,146575.0,146215.0,146495.0,94842,5,290409
WIN$D,M15,1744391700,146495.0,146545.0,146405.0,146445.0,38899,5,110286
WIN$D,M15,1744392600,146440.0,146475.0,146355.0,146410.0,30297,5,81540
WIN$D,M15,1744393500,146405.0,146485.0,146295.0,146375.0,27022,5,66764
WIN$D,M15,1744394400,146380.0,146485.0,146345.0,146390.0,18097,5,42980
WIN$D,M15,1744395300,146390.0,146415.0,146230.0,146410.0,10989,5,31155
WIN$D,M15,1744621200,147090.0,147750.0,146935.0,147685.0,279014,5,696785
WIN$D,M15,1744622100,147680.0,147705.0,147460.0,147585.0,161974,5,454923
WIN$D,M15,1744623000,147590.0,147860.0,147550.0,147670.0,148716,5,415169
WIN$D,M15,1744623900,147670.0,147985.0,147615.0,147960.0,150698,5,431024
WIN$D,M15,1744624800,147955.0,148190.0,147910.0,148090.0,255394,5,744578
WIN$D,M15,1744625700,148085.0,148100.0,147615.0,147765.0,240708,5,711799
WIN$D,M15,1744626600,147765.0,147995.0,147465.0,147700.0,345457,5,980573
WIN$D,M15,1744627500,147705.0,147790.0,147465.0,147615.0,207461,5,610017
WIN$D,M15,1744628400,147620.0,147870.0,147560.0,147795.0,221430,5,654182
WIN$D,M15,1744629300,147795.0,148080.0,147685.0,147735.0,224387,5,668055
WIN$D,M15,1744630200,147735.0,147775.0,147385.0,147525.0,182718,5,574379
WIN$D,M15,1744631100,147525.0,147715.0,147265.0,147355.0,178016,5,552889
WIN$D,M15,1744632000,147350.0,147665.0,147225.0,147570.0,165445,5,489352
WIN$D,M15,1744632900,147570.0,147800.0,147320.0,147505.0,185036,5,565764
WIN$D,M15,1744633800,147510.0,147660.0,147060.0,147290.0,194069,5,571876
WIN$D,M15,1744634700,147290.0,147390.0,146970.0,147240.0,184288,5,556590
WIN$D,M15,1744635600,147240.0,147310.0,146915.0,147195.0,178471,5,532450
WIN$D,M15,1744636500,147195.0,147505.0,147120.0,147205.0,178140,5,536261
WIN$D,M15,1744637400,147205.0,147610.0,147185.0,147465.0,136958,5,425463
WIN$D,M15,1744638300,147470.0,147535.0,147320.0,147370.0,96967,5,294427
WIN$D,M15,1744639200,147365.0,147940.0,147350.0,147480.0,200022,5,579093
WIN$D,M15,1744640100,147480.0,147640.0,147375.0,147430.0,93277,5,269563
WIN$D,M15,1744641000,147425.0,147635.0,147370.0,147530.0,101612,5,309958
WIN$D,M15,1744641900,147530.0,148020.0,147515.0,147775.0,143738,5,446512
WIN$D,M15,1744642800,147780.0,147915.0,147730.0,147875.0,74626,5,240731
WIN$D,M15,1744643700,147875.0,148350.0,147850.0,148290.0,144003,5,487146
WIN$D,M15,1744644600,148285.0,148490.0,148115.0,148270.0,144194,5,457690
WIN$D,M15,1744645500,148270.0,148430.0,148200.0,148385.0,84469,5,295709
WIN$D,M15,1744646400,148390.0,148615.0,148380.0,148505.0,107409,5,366684
WIN$D,M15,1744647300,148510.0,148515.0,148170.0,148295.0,115236,5,377930
WIN$D,M15,1744648200,148290.0,148430.0,148240.0,148340.0,75924,5,220095
WIN$D,M15,1744649100,148340.0,148385.0,148095.0,148175.0,111939,5,331945
WIN$D,M15,1744650000,148170.0,148215.0,147980.0,148175.0,88350,5,273002
WIN$D,M15,1744650900,148175.0,148180.0,147985.0,148155.0,69740,5,211862
WIN$D,M15,1744651800,148155.0,148250.0,148040.0,148075.0,50606,5,142465
WIN$D,M15,1744652700,148070.0,148155.0,148015.0,148115.0,34898,5,81035
WIN$D,M15,1744653600,148115.0,148170.0,148040.0,148110.0,26337,5,62267
WIN$D,M15,1744654500,148110.0,148115.0,147890.0,147970.0,19953,5,56986
WIN$D,M15,1744707600,147940.0,148445.0,147870.0,148300.0,276395,5,672394
WIN$D,M15,1744708500,148305.0,148335.0,148090.0,148120.0,130440,5,361485
WIN$D,M15,1744709400,148115.0,148230.0,147820.0,147865.0,170947,5,489930
WIN$D,M15,1744710300,147860.0,148015.0,147645.0,147655.0,161926,5,484227
WIN$D,M15,1744711200,147655.0,147980.0,147610.0,147885.0,213760,5,655978
WIN$D,M15,1744712100,147885.0,148190.0,147815.0,148185.0,212732,5,655979
WIN$D,M15,1744713000,148180.0,148365.0,147920.0,148125.0,307759,5,939423
WIN$D,M15,1744713900,148125.0,148400.0,148040.0,148230.0,212548,5,665126
WIN$D,M15,1744714800,148235.0,148485.0,147965.0,148015.0,227974,5,727115
WIN$D,M15,1744715700,148015.0,148185.0,147745.0,147845.0,269298,5,825991
WIN$D,M15,1744716600,147840.0,148035.0,147530.0,147555.0,220207,5,702563
WIN$D,M15,1744717500,147555.0,147935.0,147440.0,147725.0,184677,5,584638
WIN$D,M15,1744718400,147725.0,148035.0,147630.0,147890.0,156998,5,504523
WIN$D,M15,1744719300,147890.0,148060.0,147740.0,147905.0,132134,5,455031
WIN$D,M15,1744720200,147910.0,148110.0,147710.0,147975.0,131768,5,415564
WIN$D,M15,1744721100,147980.0,148095.0,147895.0,148075.0,93569,5,296120
WIN$D,M15,1744722000,148075.0,148220.0,147970.0,148155.0,93896,5,287532
WIN$D,M15,1744722900,148150.0,148375.0,148005.0,148035.0,117310,5,380887
WIN$D,M15,1744723800,148035.0,148145.0,147900.0,148025.0,98084,5,292370
WIN$D,M15,1744724700,148025.0,148125.0,147875.0,147935.0,82051,5,244415
WIN$D,M15,1744725600,147935.0,148230.0,147915.0,148005.0,119636,5,362046
WIN$D,M15,1744726500,148000.0,148045.0,147725.0,147800.0,107765,5,323654
WIN$D,M15,1744727400,147795.0,148020.0,147775.0,147950.0,98801,5,304858
WIN$D,M15,1744728300,147950.0,147970.0,147510.0,147665.0,132076,5,404258
WIN$D,M15,1744729200,147665.0,147820.0,147590.0,147775.0,101471,5,309736
WIN$D,M15,1744730100,147775.0,147900.0,147625.0,147650.0,111883,5,342651
WIN$D,M15,1744731000,147655.0,147700.0,147535.0,147640.0,94492,5,300345
WIN$D,M15,1744731900,147635.0,147730.0,147570.0,147595.0,65195,5,210173
WIN$D,M15,1744732800,147590.0,147815.0,147560.0,147760.0,69066,5,205486
WIN$D,M15,1744733700,147765.0,147925.0,147740.0,147750.0,78667,5,241172
WIN$D,M15,1744734600,147750.0,147885.0,147720.0,147860.0,58847,5,175871
WIN$D,M15,1744735500,147855.0,147900.0,147665.0,147675.0,71671,5,206084
WIN$D,M15,1744736400,147675.0,147835.0,147655.0,147770.0,48039,5,134136
WIN$D,M15,1744737300,147770.0,147890.0,147745.0,147785.0,36773,5,106570
WIN$D,M15,1744738200,147780.0,147825.0,147695.0,147750.0,31638,5,81130
WIN$D,M15,1744739100,147750.0,147790.0,147660.0,147740.0,32409,5,74407
WIN$D,M15,1744740000,147745.0,147770.0,147675.0,147740.0,34371,5,69991
WIN$D,M15,1744740900,147740.0,147765.0,147675.0,147765.0,12003,5,33567
WIN$D,M15,1744794000,147610.0,147770.0,147175.0,147185.0,275703,5,682981
WIN$D,M15,1744794900,147185.0,147475.0,147145.0,147405.0,150456,5,403718
WIN$D,M15,1744795800,147405.0,147520.0,147030.0,147250.0,206105,5,557649
WIN$D,M15,1744796700,147255.0,147310.0,146900.0,147215.0,188899,5,548531
WIN$D,M15,1744797600,147215.0,147475.0,147070.0,147175.0,218159,5,609465
WIN$D,M15,1744798500,147180.0,147605.0,147120.0,147480.0,189369,5,540415
WIN$D,M15,1744799400,147480.0,147530.0,147105.0,147270.0,279203,5,832623
WIN$D,M15,1744800300,147270.0,147525.0,147090.0,147130.0,203645,5,611010
WIN$D,M15,1744801200,147135.0,147570.0,147055.0,147250.0,216044,5,640277
WIN$D,M15,1744802100,147250.0,147390.0,147110.0,147260.0,126130,5,388462
WIN$D,M15,1744803000,147255.0,147275.0,146765.0,147080.0,168766,5,531928
WIN$D,M15,1744803900,147080.0,147080.0,146625.0,146865.0,166005,5,541274
WIN$D,M15,1744804800,146865.0,147145.0,146845.0,147000.0,118499,5,380064
WIN$D,M15,1744805700,147000.0,147290.0,146850.0,147215.0,113052,5,353725
WIN$D,M15,1744806600,147215.0,147365.0,147120.0,147160.0,89562,5,279917
WIN$D,M15,1744807500,147155.0,147275.0,147120.0,147260.0,45808,5,145466
WIN$D,M15,1744808400,147255.0,147330.0,147125.0,147300.0,84094,5,261151
WIN$D,M15,1744809300,147295.0,147310.0,147090.0,147130.0,55860,5,173418
WIN$D,M15,1744810200,147130.0,147175.0,146915.0,147145.0,97424,5,303495
WIN$D,M15,1744811100,147140.0,147585.0,147020.0,147510.0,117180,5,387075
WIN$D,M15,1744812000,147515.0,148060.0,147400.0,147850.0,185866,5,610536
WIN$D,M15,1744812900,147850.0,148155.0,147780.0,147915.0,116919,5,374674
WIN$D,M15,1744813800,147915.0,147920.0,147345.0,147470.0,177368,5,498873
WIN$D,M15,1744814700,147470.0,147470.0,146805.0,146865.0,191833,5,559926
WIN$D,M15,1744815600,146865.0,147420.0,146825.0,147405.0,181356,5,567700
WIN$D,M15,1744816500,147405.0,147660.0,147200.0,147575.0,131629,5,447332
WIN$D,M15,1744817400,147575.0,147585.0,147230.0,147360.0,102859,5,354153
WIN$D,M15,1744818300,147360.0,147440.0,147235.0,147260.0,81239,5,285126
WIN$D,M15,1744819200,147260.0,147290.0,146935.0,147105.0,102144,5,362447
WIN$D,M15,1744820100,147100.0,147115.0,146540.0,146565.0,104661,5,373614
WIN$D,M15,1744821000,146570.0,146820.0,146495.0,146695.0,104223,5,362792
WIN$D,M15,1744821900,146695.0,146955.0,146635.0,146775.0,100574,5,331885
WIN$D,M15,1744822800,146780.0,146880.0,146730.0,146820.0,44495,5,137772
WIN$D,M15,1744823700,146820.0,146825.0,146645.0,146725.0,29546,5,88672
WIN$D,M15,1744824600,146730.0,146780.0,146600.0,146610.0,27993,5,84366
WIN$D,M15,1744825500,146605.0,146765.0,146470.0,146700.0,55394,5,118809
WIN$D,M15,1744826400,146700.0,146725.0,146555.0,146700.0,29068,5,61869
WIN$D,M15,1744827300,146700.0,146825.0,146660.0,146660.0,14608,5,36776
WIN$D,M15,1744880400,146945.0,147285.0,146820.0,146835.0,197422,5,526599
WIN$D,M15,1744881300,146840.0,146875.0,146615.0,146805.0,140543,5,389321
WIN$D,M15,1744882200,146810.0,146975.0,146640.0,146795.0,164898,5,468426
WIN$D,M15,1744883100,146795.0,147025.0,146700.0,146945.0,159565,5,460471
WIN$D,M15,1744884000,146945.0,146945.0,146510.0,146670.0,241771,5,735280
WIN$D,M15,1744884900,146675.0,146750.0,146360.0,146515.0,213211,5,686420
WIN$D,M15,1744885800,146520.0,147100.0,146505.0,147015.0,270500,5,864527
WIN$D,M15,1744886700,147015.0,147380.0,146870.0,147240.0,242144,5,783102
WIN$D,M15,1744887600,147240.0,147410.0,147030.0,147055.0,242231,5,758370
WIN$D,M15,1744888500,147055.0,147400.0,146995.0,147085.0,176393,5,581843
WIN$D,M15,1744889400,147085.0,147325.0,146945.0,147170.0,158147,5,504704
WIN$D,M15,1744890300,147170.0,147620.0,147155.0,147370.0,142753,5,461660
WIN$D,M15,1744891200,147370.0,147960.0,147335.0,147950.0,155492,5,510863
WIN$D,M15,1744892100,147955.0,147960.0,147670.0,147745.0,116717,5,377508
WIN$D,M15,1744893000,147745.0,148045.0,147740.0,147950.0,124620,5,395721
WIN$D,M15,1744893900,147955.0,147960.0,147725.0,147755.0,97513,5,316428
WIN$D,M15,1744894800,147750.0,148185.0,147745.0,147960.0,193706,5,615286
WIN$D,M15,1744895700,147965.0,148355.0,147900.0,148285.0,137945,5,443751
WIN$D,M15,1744896600,148285.0,148370.0,148000.0,148060.0,107836,5,354400
WIN$D,M15,1744897500,148060.0,148285.0,148015.0,148265.0,82616,5,278482
WIN$D,M15,1744898400,148270.0,148410.0,148225.0,148260.0,91406,5,306673
WIN$D,M15,1744899300,148265.0,148315.0,147935.0,147970.0,94821,5,322972
WIN$D,M15,1744900200,147970.0,148220.0,147940.0,148205.0,84046,5,269012
WIN$D,M15,1744901100,148205.0,148465.0,148195.0,148285.0,101607,5,335092
WIN$D,M15,1744902000,148285.0,148620.0,148225.0,148530.0,101604,5,333334
WIN$D,M15,1744902900,148530.0,148565.0,148410.0,148430.0,67085,5,222266
WIN$D,M15,1744903800,148430.0,148690.0,148420.0,148470.0,98655,5,320043
WIN$D,M15,1744904700,148470.0,148525.0,148330.0,148435.0,86009,5,281589
WIN$D,M15,1744905600,148435.0,148480.0,148145.0,148210.0,73526,5,245662
WIN$D,M15,1744906500,148205.0,148275.0,148070.0,148195.0,75070,5,265364
WIN$D,M15,1744907400,148200.0,148265.0,148100.0,148210.0,58971,5,180904
WIN$D,M15,1744908300,148210.0,148235.0,147950.0,147960.0,97465,5,298239
WIN$D,M15,1744909200,147955.0,148305.0,147945.0,148270.0,82161,5,240686
WIN$D,M15,1744910100,148265.0,148280.0,148095.0,148140.0,34694,5,99424
WIN$D,M15,1744911000,148130.0,148245.0,148060.0,148130.0,42170,5,124608
WIN$D,M15,1744911900,148125.0,148185.0,148035.0,148070.0,30402,5,86558
WIN$D,M15,1744912800,148070.0,148160.0,148005.0,148035.0,21904,5,62311
WIN$D,M15,1744913700,148025.0,148070.0,147940.0,147965.0,11235,5,40032
WIN$D,M15,1745312400,148230.0,148410.0,147930.0,148370.0,264559,5,669482
WIN$D,M15,1745313300,148365.0,148375.0,148035.0,148105.0,152661,5,438794
WIN$D,M15,1745314200,148100.0,148150.0,147760.0,147780.0,177815,5,553489
WIN$D,M15,1745315100,147780.0,147855.0,147595.0,147610.0,155337,5,486479
WIN$D,M15,1745316000,147610.0,147725.0,147390.0,147460.0,211787,5,671560
WIN$D,M15,1745316900,147460.0,147465.0,147030.0,147235.0,233052,5,764021
WIN$D,M15,1745317800,147235.0,147955.0,147185.0,147765.0,305136,5,994862
WIN$D,M15,1745318700,147760.0,147875.0,147560.0,147620.0,209418,5,686977
WIN$D,M15,1745319600,147620.0,147900.0,147470.0,147890.0,188885,5,617565
WIN$D,M15,1745320500,147890.0,148020.0,147760.0,147915.0,146674,5,492605
WIN$D,M15,1745321400,147915.0,148425.0,147835.0,148265.0,183806,5,637754
WIN$D,M15,1745322300,148265.0,148700.0,148230.0,148610.0,140903,5,506521
WIN$D,M15,1745323200,148610.0,148810.0,148540.0,148695.0,144308,5,513970
WIN$D,M15,1745324100,148695.0,148900.0,148685.0,148775.0,98455,5,334923
WIN$D,M15,1745325000,148780.0,148985.0,148740.0,148870.0,90534,5,319633
WIN$D,M15,1745325900,148870.0,149090.0,148745.0,149010.0,114306,5,393337
WIN$D,M15,1745326800,149010.0,149240.0,149005.0,149150.0,111859,5,363964
WIN$D,M15,1745327700,149150.0,149285.0,149105.0,149155.0,80322,5,271640
WIN$D,M15,1745328600,149155.0,149230.0,148945.0,149005.0,107651,5,356899
WIN$D,M15,1745329500,149005.0,149020.0,148795.0,148880.0,89549,5,300387
WIN$D,M15,1745330400,148875.0,149075.0,148725.0,148755.0,132674,5,434088
WIN$D,M15,1745331300,148755.0,148835.0,148505.0,148640.0,176210,5,584994
WIN$D,M15,1745332200,148635.0,148805.0,148515.0,148765.0,98660,5,329328
WIN$D,M15,1745333100,148765.0,148790.0,148620.0,148665.0,73511,5,235507
WIN$D,M15,1745334000,148660.0,149010.0,148640.0,148980.0,92675,5,309363
WIN$D,M15,1745334900,148980.0,149360.0,148950.0,149255.0,121558,5,413220
WIN$D,M15,1745335800,149255.0,149380.0,149150.0,149255.0,95142,5,332684
WIN$D,M15,1745336700,149255.0,149425.0,149220.0,149280.0,78344,5,259694
WIN$D,M15,1745337600,149280.0,149405.0,149255.0,149325.0,63373,5,219040
WIN$D,M15,1745338500,149330.0,149350.0,149175.0,149225.0,68880,5,220971
WIN$D,M15,1745339400,149220.0,149320.0,149140.0,149285.0,62772,5,204135
WIN$D,M15,1745340300,149280.0,149360.0,149100.0,149110.0,87974,5,292568
WIN$D,M15,1745341200,149105.0,149180.0,148970.0,149010.0,68954,5,226030
WIN$D,M15,1745342100,149010.0,149020.0,148850.0,148900.0,43328,5,137644
WIN$D,M15,1745343000,148895.0,149035.0,148880.0,148990.0,26184,5,84467
WIN$D,M15,1745343900,148990.0,149005.0,148920.0,148935.0,22751,5,60261
WIN$D,M15,1745344800,148930.0,149010.0,148910.0,148950.0,28243,5,60168
WIN$D,M15,1745345700,148950.0,149200.0,148930.0,149200.0,17726,5,45195
WIN$D,M15,1745398800,150215.0,150685.0,150200.0,150670.0,267115,5,684263
WIN$D,M15,1745399700,150670.0,150905.0,150570.0,150715.0,197583,5,606947
WIN$D,M15,1745400600,150715.0,150745.0,150475.0,150495.0,149813,5,475458
WIN$D,M15,1745401500,150500.0,150635.0,150410.0,150580.0,122406,5,382736
WIN$D,M15,1745402400,150580.0,150760.0,150415.0,150735.0,196975,5,628807
WIN$D,M15,1745403300,150735.0,151150.0,150485.0,151005.0,272165,5,907590
WIN$D,M15,1745404200,151010.0,151440.0,150680.0,151340.0,328949,5,1108507
WIN$D,M15,1745405100,151340.0,151530.0,151205.0,151500.0,230988,5,750910
WIN$D,M15,1745406000,151500.0,151690.0,151330.0,151405.0,223562,5,710155
WIN$D,M15,1745406900,151405.0,151505.0,151090.0,151420.0,200070,5,658908
WIN$D,M15,1745407800,151420.0,151760.0,151405.0,151725.0,129315,5,439678
WIN$D,M15,1745408700,151720.0,151730.0,151445.0,151670.0,127103,5,438551
WIN$D,M15,1745409600,151675.0,151860.0,151495.0,151790.0,149338,5,528443
WIN$D,M15,1745410500,151790.0,151855.0,151400.0,151505.0,154365,5,541017
WIN$D,M15,1745411400,151500.0,151515.0,151255.0,151420.0,105549,5,345870
WIN$D,M15,1745412300,151425.0,151465.0,151180.0,151435.0,98148,5,321586
WIN$D,M15,1745413200,151430.0,151475.0,151190.0,151205.0,84655,5,276605
WIN$D,M15,1745414100,151205.0,151250.0,150755.0,151045.0,151115,5,534438
WIN$D,M15,1745415000,151040.0,151120.0,150920.0,151060.0,78219,5,280929
WIN$D,M15,1745415900,151065.0,151215.0,150945.0,151165.0,89001,5,314560
WIN$D,M15,1745416800,151165.0,151305.0,150870.0,151065.0,116992,5,421274
WIN$D,M15,1745417700,151060.0,151185.0,150905.0,150905.0,77784,5,273146
WIN$D,M15,1745418600,150905.0,151070.0,150840.0,151025.0,84647,5,289543
WIN$D,M15,1745419500,151030.0,151210.0,150985.0,151180.0,72687,5,265787
WIN$D,M15,1745420400,151180.0,151200.0,150915.0,151030.0,80461,5,283077
WIN$D,M15,1745421300,151035.0,151240.0,151030.0,151160.0,81338,5,287417
WIN$D,M15,1745422200,151160.0,151270.0,150970.0,150985.0,81505,5,300749
WIN$D,M15,1745423100,150985.0,151210.0,150970.0,151080.0,71157,5,272012
WIN$D,M15,1745424000,151080.0,151210.0,150995.0,151200.0,60880,5,225222
WIN$D,M15,1745424900,151200.0,151210.0,150880.0,150905.0,76164,5,305964
WIN$D,M15,1745425800,150905.0,151020.0,150770.0,150955.0,87095,5,320517
WIN$D,M15,1745426700,150960.0,151095.0,150865.0,150915.0,88871,5,311352
WIN$D,M15,1745427600,150920.0,150930.0,150715.0,150895.0,79218,5,269252
WIN$D,M15,1745428500,150900.0,151115.0,150845.0,151010.0,60698,5,213824
WIN$D,M15,1745429400,151005.0,151130.0,150950.0,151010.0,40940,5,141512
WIN$D,M15,1745430300,151005.0,151080.0,150980.0,151020.0,25340,5,65232
WIN$D,M15,1745431200,151015.0,151115.0,150960.0,151075.0,24242,5,57657
WIN$D,M15,1745432100,151075.0,151135.0,151035.0,151105.0,10392,5,27387
WIN$D,M15,1745485200,150875.0,151440.0,150765.0,151350.0,207932,5,563254
WIN$D,M15,1745486100,151350.0,151540.0,151285.0,151410.0,156850,5,468812
WIN$D,M15,1745487000,151410.0,151585.0,151380.0,151510.0,118290,5,370600
WIN$D,M15,1745487900,151515.0,151520.0,151310.0,151335.0,125213,5,385562
WIN$D,M15,1745488800,151335.0,151745.0,151200.0,151680.0,246373,5,794404
WIN$D,M15,1745489700,151680.0,151810.0,151570.0,151745.0,176105,5,591011
WIN$D,M15,1745490600,151750.0,151755.0,151060.0,151060.0,259327,5,841509
WIN$D,M15,1745491500,151065.0,151405.0,150955.0,151275.0,215761,5,718675
WIN$D,M15,1745492400,151280.0,151415.0,151040.0,151200.0,177400,5,606305
WIN$D,M15,1745493300,151195.0,151560.0,151125.0,151540.0,201251,5,698411
WIN$D,M15,1745494200,151540.0,151590.0,151255.0,151275.0,157001,5,546721
WIN$D,M15,1745495100,151275.0,151665.0,151150.0,151590.0,164321,5,591455
WIN$D,M15,1745496000,151590.0,152165.0,151585.0,152020.0,182205,5,665739
WIN$D,M15,1745496900,152020.0,152255.0,151985.0,152125.0,110982,5,410067
WIN$D,M15,1745497800,152125.0,152390.0,152065.0,152270.0,103968,5,383946
WIN$D,M15,1745498700,152275.0,152560.0,152265.0,152485.0,117495,5,435370
WIN$D,M15,1745499600,152485.0,152685.0,152410.0,152630.0,104947,5,372867
WIN$D,M15,1745500500,152625.0,152870.0,152580.0,152745.0,111761,5,427814
WIN$D,M15,1745501400,152745.0,152925.0,152630.0,152870.0,97346,5,364752
WIN$D,M15,1745502300,152865.0,153075.0,152845.0,152915.0,106501,5,404323
WIN$D,M15,1745503200,152920.0,153005.0,152700.0,152710.0,101246,5,358866
WIN$D,M15,1745504100,152710.0,152980.0,152700.0,152930.0,73599,5,276460
WIN$D,M15,1745505000,152930.0,153035.0,152830.0,152900.0,81093,5,276601
WIN$D,M15,1745505900,152895.0,153185.0,152845.0,153065.0,106003,5,377425
WIN$D,M15,1745506800,153070.0,153230.0,153030.0,153155.0,90039,5,322288
WIN$D,M15,1745507700,153155.0,153295.0,153080.0,153260.0,79172,5,279642
WIN$D,M15,1745508600,153260.0,153400.0,153170.0,153385.0,92269,5,338290
WIN$D,M15,1745509500,153385.0,153480.0,153255.0,153260.0,84868,5,315367
WIN$D,M15,1745510400,153260.0,153310.0,152950.0,153015.0,102404,5,383860
WIN$D,M15,1745511300,153015.0,153180.0,153000.0,153025.0,74130,5,258586
WIN$D,M15,1745512200,153020.0,153245.0,153015.0,153165.0,76157,5,252174
WIN$D,M15,1745513100,153165.0,153215.0,152940.0,152965.0,79895,5,289140
WIN$D,M15,1745514000,152965.0,153205.0,152960.0,153140.0,75885,5,241530
WIN$D,M15,1745514900,153135.0,153180.0,153060.0,153140.0,31990,5,98266
WIN$D,M15,1745515800,153140.0,153190.0,153040.0,153090.0,27441,5,84979
WIN$D,M15,1745516700,153085.0,153140.0,153025.0,153065.0,30749,5,71686
WIN$D,M15,1745517600,153070.0,153135.0,153050.0,153110.0,25255,5,60740
WIN$D,M15,1745518500,153110.0,153165.0,153090.0,153140.0,16010,5,46094
WIN$D,M15,1745571600,152835.0,153240.0,152620.0,153220.0,247338,5,656082
WIN$D,M15,1745572500,153220.0,153280.0,152845.0,152865.0,176509,5,513498
WIN$D,M15,1745573400,152865.0,153165.0,152830.0,153155.0,138162,5,417428
WIN$D,M15,1745574300,153150.0,153205.0,152990.0,153065.0,127042,5,386325
WIN$D,M15,1745575200,153070.0,153140.0,152790.0,152920.0,211472,5,657623
WIN$D,M15,1745576100,152920.0,153315.0,152835.0,153035.0,221081,5,708599
WIN$D,M15,1745577000,153040.0,153075.0,152670.0,152795.0,249176,5,789756
WIN$D,M15,1745577900,152795.0,153105.0,152755.0,152765.0,193259,5,621170
WIN$D,M15,1745578800,152770.0,153255.0,152720.0,153190.0,209902,5,695627
WIN$D,M15,1745579700,153190.0,153435.0,153065.0,153100.0,214163,5,720694
WIN$D,M15,1745580600,153100.0,153340.0,152960.0,153225.0,148789,5,491694
WIN$D,M15,1745581500,153230.0,153520.0,153170.0,153355.0,148050,5,493365
WIN$D,M15,1745582400,153355.0,153370.0,152910.0,153065.0,133896,5,438090
WIN$D,M15,1745583300,153070.0,153180.0,152915.0,152925.0,86339,5,284360
WIN$D,M15,1745584200,152920.0,153120.0,152900.0,153040.0,80423,5,267854
WIN$D,M15,1745585100,153045.0,153205.0,153000.0,153180.0,57196,5,191776
WIN$D,M15,1745586000,153180.0,153275.0,153065.0,153085.0,68347,5,227877
WIN$D,M15,1745586900,153085.0,153165.0,152970.0,153140.0,71730,5,246366
WIN$D,M15,1745587800,153135.0,153270.0,153025.0,153075.0,77123,5,272432
WIN$D,M15,1745588700,153075.0,153100.0,152940.0,153005.0,66863,5,224290
WIN$D,M15,1745589600,153000.0,153080.0,152890.0,152950.0,74090,5,254033
WIN$D,M15,1745590500,152955.0,153040.0,152790.0,152985.0,103911,5,354142
WIN$D,M15,1745591400,152990.0,153115.0,152755.0,152780.0,142664,5,506353
WIN$D,M15,1745592300,152780.0,152915.0,152590.0,152855.0,129293,5,438436
WIN$D,M15,1745593200,152855.0,153085.0,152795.0,152940.0,96406,5,327638
WIN$D,M15,1745594100,152945.0,153090.0,152900.0,153070.0,67378,5,224769
WIN$D,M15,1745595000,153065.0,153375.0,152975.0,153265.0,104420,5,356414
WIN$D,M15,1745595900,153265.0,153410.0,153090.0,153100.0,95569,5,327623
WIN$D,M15,1745596800,153100.0,153160.0,153015.0,153150.0,63088,5,226332
WIN$D,M15,1745597700,153150.0,153175.0,153030.0,153165.0,54436,5,204264
WIN$D,M15,1745598600,153170.0,153275.0,153065.0,153200.0,63481,5,219796
WIN$D,M15,1745599500,153200.0,153360.0,153130.0,153205.0,81228,5,285959
WIN$D,M15,1745600400,153205.0,153290.0,153145.0,153225.0,47394,5,162691
WIN$D,M15,1745601300,153220.0,153255.0,153160.0,153220.0,22989,5,77376
WIN$D,M15,1745602200,153220.0,153290.0,153095.0,153235.0,34883,5,114697
WIN$D,M15,1745603100,153240.0,153355.0,153190.0,153265.0,26165,5,72916
WIN$D,M15,1745604000,153260.0,153285.0,153195.0,153240.0,13015,5,34901
WIN$D,M15,1745604900,153235.0,153375.0,153215.0,153355.0,9277,5,34210
WIN$D,M15,1745830800,152980.0,153270.0,152930.0,153255.0,197426,5,480897
WIN$D,M15,1745831700,153255.0,153385.0,153100.0,153280.0,131863,5,388780
WIN$D,M15,1745832600,153285.0,153340.0,153165.0,153235.0,112109,5,335693
WIN$D,M15,1745833500,153230.0,153625.0,153225.0,153580.0,154259,5,454984
WIN$D,M15,1745834400,153585.0,153610.0,153070.0,153415.0,247769,5,788348
WIN$D,M15,1745835300,153410.0,153450.0,153010.0,153330.0,196433,5,611931
WIN$D,M15,1745836200,153330.0,153805.0,153325.0,153505.0,266695,5,886985
WIN$D,M15,1745837100,153510.0,153845.0,153435.0,153625.0,205626,5,717926
WIN$D,M15,1745838000,153625.0,153925.0,153560.0,153875.0,183080,5,632416
WIN$D,M15,1745838900,153880.0,154080.0,153815.0,153940.0,163398,5,582085
WIN$D,M15,1745839800,153940.0,154145.0,153800.0,154105.0,132649,5,443000
WIN$D,M15,1745840700,154105.0,154160.0,153830.0,153895.0,116882,5,403658
WIN$D,M15,1745841600,153895.0,153990.0,153410.0,153580.0,157559,5,557456
WIN$D,M15,1745842500,153580.0,153725.0,153290.0,153330.0,115432,5,415999
WIN$D,M15,1745843400,153330.0,153600.0,153310.0,153425.0,80503,5,277087
WIN$D,M15,1745844300,153425.0,153580.0,153380.0,153500.0,66124,5,234347
WIN$D,M15,1745845200,153500.0,153555.0,153345.0,153490.0,61317,5,220019
WIN$D,M15,1745846100,153485.0,153590.0,153385.0,153430.0,57990,5,214244
WIN$D,M15,1745847000,153430.0,153620.0,153425.0,153580.0,60820,5,213635
WIN$D,M15,1745847900,153575.0,153595.0,153220.0,153280.0,107946,5,403014
WIN$D,M15,1745848800,153275.0,153375.0,153045.0,153175.0,113480,5,407697
WIN$D,M15,1745849700,153175.0,153335.0,153135.0,153220.0,77138,5,264540
WIN$D,M15,1745850600,153225.0,153415.0,153150.0,153365.0,78976,5,281515
WIN$D,M15,1745851500,153370.0,153370.0,153140.0,153240.0,64926,5,231176
WIN$D,M15,1745852400,153240.0,153410.0,153180.0,153350.0,60519,5,227481
WIN$D,M15,1745853300,153350.0,153490.0,153330.0,153365.0,74436,5,243970
WIN$D,M15,1745854200,153360.0,153370.0,153065.0,153080.0,100277,5,361552
WIN$D,M15,1745855100,153080.0,153355.0,153065.0,153260.0,65356,5,240412
WIN$D,M15,1745856000,153260.0,153355.0,153220.0,153255.0,52629,5,196240
WIN$D,M15,1745856900,153260.0,153315.0,153185.0,153240.0,48320,5,183536
WIN$D,M15,1745857800,153235.0,153340.0,153195.0,153325.0,42693,5,167974
WIN$D,M15,1745858700,153320.0,153445.0,153240.0,153360.0,57701,5,229789
WIN$D,M15,1745859600,153355.0,153415.0,153300.0,153320.0,38261,5,135027
WIN$D,M15,1745860500,153320.0,153345.0,153255.0,153295.0,27468,5,89095
WIN$D,M15,1745861400,153300.0,153370.0,153295.0,153325.0,19658,5,57721
WIN$D,M15,1745862300,153330.0,153360.0,153290.0,153310.0,17818,5,39244
WIN$D,M15,1745863200,153310.0,153400.0,153290.0,153375.0,19647,5,45924
WIN$D,M15,1745864100,153370.0,153415.0,153360.0,153365.0,10106,5,27566
WIN$D,M15,1745917200,153355.0,153550.0,153290.0,153385.0,194743,5,501441
WIN$D,M15,1745918100,153390.0,153580.0,153335.0,153440.0,127887,5,367555
WIN$D,M15,1745919000,153435.0,153735.0,153405.0,153660.0,127867,5,365605
WIN$D,M15,1745919900,153660.0,153760.0,153355.0,153360.0,169794,5,513655
WIN$D,M15,1745920800,153365.0,153780.0,153270.0,153530.0,290925,5,904564
WIN$D,M15,1745921700,153530.0,153710.0,153465.0,153580.0,156478,5,476256
WIN$D,M15,1745922600,153580.0,153815.0,153235.0,153765.0,253227,5,824688
WIN$D,M15,1745923500,153770.0,153865.0,153515.0,153720.0,191150,5,629133
WIN$D,M15,1745924400,153725.0,154150.0,153590.0,154015.0,200974,5,652259
WIN$D,M15,1745925300,154010.0,154170.0,153865.0,153985.0,164736,5,556751
WIN$D,M15,1745926200,153985.0,154475.0,153955.0,154430.0,184576,5,632886
WIN$D,M15,1745927100,154425.0,154525.0,154285.0,154425.0,125739,5,423963
WIN$D,M15,1745928000,154425.0,154490.0,154305.0,154395.0,94400,5,324634
WIN$D,M15,1745928900,154395.0,154555.0,154325.0,154390.0,100834,5,365144
WIN$D,M15,1745929800,154395.0,154495.0,154285.0,154295.0,70646,5,254790
WIN$D,M15,1745930700,154300.0,154315.0,154080.0,154260.0,97463,5,342165
WIN$D,M15,1745931600,154260.0,154380.0,154240.0,154270.0,64690,5,223809
WIN$D,M15,1745932500,154270.0,154295.0,154135.0,154195.0,67131,5,224689
WIN$D,M15,1745933400,154190.0,154320.0,154145.0,154310.0,48504,5,156701
WIN$D,M15,1745934300,154310.0,154355.0,154110.0,154180.0,78761,5,284695
WIN$D,M15,1745935200,154175.0,154285.0,154120.0,154210.0,69263,5,240891
WIN$D,M15,1745936100,154210.0,154265.0,154160.0,154220.0,35180,5,130980
WIN$D,M15,1745937000,154215.0,154315.0,154090.0,154110.0,72202,5,258475
WIN$D,M15,1745937900,154105.0,154225.0,154040.0,154070.0,82424,5,293090
WIN$D,M15,1745938800,154070.0,154115.0,153890.0,153930.0,93947,5,356205
WIN$D,M15,1745939700,153930.0,154040.0,153830.0,153980.0,85218,5,315109
WIN$D,M15,1745940600,153980.0,154025.0,153825.0,153915.0,69409,5,260714
WIN$D,M15,1745941500,153915.0,153920.0,153700.0,153780.0,70912,5,278335
WIN$D,M15,1745942400,153785.0,153800.0,153590.0,153640.0,76938,5,328686
WIN$D,M15,1745943300,153635.0,153695.0,153540.0,153675.0,64012,5,248653
WIN$D,M15,1745944200,153670.0,153730.0,153575.0,153720.0,53322,5,184767
WIN$D,M15,1745945100,153720.0,153720.0,153550.0,153605.0,59389,5,224873
WIN$D,M15,1745946000,153605.0,153655.0,153415.0,153460.0,51530,5,186332
WIN$D,M15,1745946900,153460.0,153495.0,153380.0,153405.0,33636,5,118984
WIN$D,M15,1745947800,153400.0,153505.0,153375.0,153480.0,26970,5,91950
WIN$D,M15,1745948700,153485.0,153525.0,153440.0,153495.0,23778,5,65913
WIN$D,M15,1745949600,153500.0,153505.0,153420.0,153490.0,29020,5,61807
WIN$D,M15,1745950500,153480.0,153525.0,153445.0,153510.0,15859,5,42062
WIN$D,M15,1746003600,153245.0,153605.0,153100.0,153525.0,216519,5,542570
WIN$D,M15,1746004500,153535.0,153680.0,153460.0,153520.0,135277,5,373219
WIN$D,M15,1746005400,153520.0,153730.0,153250.0,153265.0,238801,5,730629
WIN$D,M15,1746006300,153260.0,153325.0,152815.0,152865.0,220960,5,713869
WIN$D,M15,1746007200,152865.0,152955.0,152420.0,152650.0,226263,5,730753
WIN$D,M15,1746008100,152650.0,153180.0,152635.0,153160.0,210103,5,742386
WIN$D,M15,1746009000,153155.0,153440.0,152965.0,153015.0,255380,5,893966
WIN$D,M15,1746009900,153010.0,153270.0,152545.0,152695.0,230587,5,797314
WIN$D,M15,1746010800,152695.0,152880.0,152385.0,152635.0,209912,5,745502
WIN$D,M15,1746011700,152635.0,152645.0,152355.0,152490.0,153201,5,537303
WIN$D,M15,1746012600,152495.0,152805.0,152220.0,152280.0,187958,5,680635
WIN$D,M15,1746013500,152275.0,152485.0,152205.0,152345.0,129531,5,457341
WIN$D,M15,1746014400,152345.0,152655.0,152320.0,152530.0,117332,5,413667
WIN$D,M15,1746015300,152525.0,152730.0,152490.0,152595.0,110411,5,373899
WIN$D,M15,1746016200,152590.0,152985.0,152590.0,152865.0,144248,5,519912
WIN$D,M15,1746017100,152865.0,153070.0,152850.0,153005.0,103582,5,380870
WIN$D,M15,1746018000,153005.0,153055.0,152860.0,153010.0,83199,5,280636
WIN$D,M15,1746018900,153010.0,153055.0,152750.0,152910.0,102280,5,375018
WIN$D,M15,1746019800,152910.0,152985.0,152815.0,152855.0,78972,5,288439
WIN$D,M15,1746020700,152855.0,153040.0,152820.0,153025.0,75736,5,274589
WIN$D,M15,1746021600,153025.0,153170.0,152930.0,153015.0,96706,5,351311
WIN$D,M15,1746022500,153020.0,153280.0,152970.0,153245.0,79887,5,268733
WIN$D,M15,1746023400,153245.0,153375.0,152935.0,153135.0,170672,5,640564
WIN$D,M15,1746024300,153135.0,153160.0,152850.0,152990.0,89385,5,304882
WIN$D,M15,1746025200,152990.0,153590.0,152930.0,153310.0,168013,5,640583
WIN$D,M15,1746026100,153310.0,153415.0,153000.0,153105.0,82286,5,293090
WIN$D,M15,1746027000,153100.0,153195.0,153015.0,153080.0,67215,5,241166
WIN$D,M15,1746027900,153085.0,153235.0,153080.0,153110.0,63409,5,205926
WIN$D,M15,1746028800,153115.0,153345.0,153115.0,153320.0,64775,5,213531
WIN$D,M15,1746029700,153320.0,153375.0,153180.0,153205.0,70244,5,249232
WIN$D,M15,1746030600,153200.0,153230.0,153030.0,153110.0,77742,5,274420
WIN$D,M15,1746031500,153110.0,153450.0,153105.0,153255.0,111168,5,367616
WIN$D,M15,1746032400,153260.0,153355.0,153095.0,153110.0,104958,5,343122
WIN$D,M15,1746033300,153110.0,153195.0,153050.0,153135.0,43945,5,160004
WIN$D,M15,1746034200,153135.0,153195.0,153120.0,153140.0,21566,5,63521
WIN$D,M15,1746035100,153140.0,153160.0,153055.0,153070.0,22665,5,55966
WIN$D,M15,1746036000,153065.0,153120.0,152975.0,153010.0,27429,5,67925
WIN$D,M15,1746036900,153010.0,153020.0,152875.0,152890.0,9770,5,37197
WIN$D,M15,1746176400,153330.0,153555.0,153115.0,153235.0,218598,5,573463
WIN$D,M15,1746177300,153235.0,153270.0,152940.0,152965.0,116222,5,354070
WIN$D,M15,1746178200,152960.0,153150.0,152580.0,152935.0,217849,5,675596
WIN$D,M15,1746179100,152935.0,153105.0,152860.0,152950.0,135514,5,419063
WIN$D,M15,1746180000,152950.0,153140.0,152675.0,153055.0,226678,5,712294
WIN$D,M15,1746180900,153055.0,153160.0,152810.0,153155.0,177989,5,592597
WIN$D,M15,1746181800,153150.0,153440.0,152680.0,152765.0,270293,5,928019
WIN$D,M15,1746182700,152765.0,153125.0,152720.0,152910.0,181892,5,637706
WIN$D,M15,1746183600,152910.0,152970.0,152470.0,152935.0,208218,5,723665
WIN$D,M15,1746184500,152935.0,153300.0,152800.0,153180.0,195777,5,696665
WIN$D,M15,1746185400,153185.0,153185.0,152855.0,153140.0,141738,5,511400
WIN$D,M15,1746186300,153135.0,153305.0,153030.0,153205.0,100575,5,353184
WIN$D,M15,1746187200,153205.0,153245.0,152905.0,153080.0,107190,5,388730
WIN$D,M15,1746188100,153080.0,153145.0,152630.0,152660.0,109423,5,414983
WIN$D,M15,1746189000,152655.0,152810.0,152600.0,152705.0,96290,5,324848
WIN$D,M15,1746189900,152700.0,152765.0,152470.0,152670.0,109575,5,386765
WIN$D,M15,1746190800,152675.0,152970.0,152555.0,152885.0,141509,5,480339
WIN$D,M15,1746191700,152890.0,152905.0,152650.0,152660.0,70547,5,234641
WIN$D,M15,1746192600,152660.0,152850.0,152605.0,152810.0,69898,5,243591
WIN$D,M15,1746193500,152810.0,152820.0,152610.0,152740.0,62821,5,218243
WIN$D,M15,1746194400,152745.0,153030.0,152660.0,152945.0,97399,5,337413
WIN$D,M15,1746195300,152945.0,153015.0,152780.0,152945.0,80272,5,280441
WIN$D,M15,1746196200,152940.0,153100.0,152880.0,152945.0,67881,5,230634
WIN$D,M15,1746197100,152945.0,152955.0,152650.0,152710.0,77239,5,261553
WIN$D,M15,1746198000,152705.0,152860.0,152695.0,152840.0,56350,5,197144
WIN$D,M15,1746198900,152835.0,152845.0,152655.0,152830.0,63831,5,219070
WIN$D,M15,1746199800,152830.0,153015.0,152755.0,152895.0,74779,5,265729
WIN$D,M15,1746200700,152895.0,152915.0,152775.0,152855.0,53885,5,193893
WIN$D,M15,1746201600,152850.0,153060.0,152825.0,153030.0,59503,5,210535
WIN$D,M15,1746202500,153030.0,153215.0,152995.0,153175.0,65475,5,218872
WIN$D,M15,1746203400,153175.0,153290.0,153115.0,153245.0,69512,5,237756
WIN$D,M15,1746204300,153250.0,153275.0,153110.0,153125.0,59200,5,206520
WIN$D,M15,1746205200,153120.0,153210.0,153075.0,153200.0,46276,5,158505
WIN$D,M15,1746206100,153205.0,153345.0,153190.0,153280.0,36121,5,120030
WIN$D,M15,1746207000,153275.0,153395.0,153255.0,153325.0,26020,5,83449
WIN$D,M15,1746207900,153330.0,153340.0,153295.0,153325.0,13415,5,44884
WIN$D,M15,1746208800,153325.0,153395.0,153305.0,153375.0,14527,5,51655
WIN$D,M15,1746209700,153370.0,153645.0,153360.0,153645.0,16472,5,58359
WIN$D,M15,1746435600,153065.0,153395.0,153025.0,153270.0,191217,5,473642
WIN$D,M15,1746436500,153270.0,153335.0,153165.0,153205.0,89277,5,264116
WIN$D,M15,1746437400,153200.0,153550.0,153145.0,153475.0,150546,5,457156
WIN$D,M15,1746438300,153475.0,153535.0,153355.0,153360.0,108719,5,338655
WIN$D,M15,1746439200,153355.0,153395.0,153105.0,153350.0,211114,5,700001
WIN$D,M15,1746440100,153350.0,153435.0,152975.0,153310.0,229698,5,767911
WIN$D,M15,1746441000,153310.0,153345.0,152680.0,152735.0,252164,5,902641
WIN$D,M15,1746441900,152740.0,152740.0,152335.0,152480.0,211116,5,751292
WIN$D,M15,1746442800,152480.0,152545.0,152095.0,152175.0,189617,5,682994
WIN$D,M15,1746443700,152170.0,152215.0,151885.0,151980.0,158528,5,598295
WIN$D,M15,1746444600,151985.0,152035.0,151725.0,151870.0,156190,5,609376
WIN$D,M15,1746445500,151865.0,152040.0,151710.0,152035.0,120922,5,427430
WIN$D,M15,1746446400,152040.0,152180.0,151835.0,152040.0,134718,5,502305
WIN$D,M15,1746447300,152035.0,152105.0,151960.0,152065.0,70472,5,256807
WIN$D,M15,1746448200,152060.0,152125.0,151765.0,151830.0,100613,5,361105
WIN$D,M15,1746449100,151830.0,151860.0,151675.0,151830.0,79853,5,292699
WIN$D,M15,1746450000,151830.0,151995.0,151810.0,151845.0,75927,5,264858
WIN$D,M15,1746450900,151845.0,151850.0,151540.0,151675.0,98157,5,344013
WIN$D,M15,1746451800,151675.0,151760.0,151595.0,151675.0,66715,5,223467
WIN$D,M15,1746452700,151680.0,151710.0,151610.0,151630.0,48414,5,163772
WIN$D,M15,1746453600,151625.0,151680.0,151490.0,151670.0,75386,5,275187
WIN$D,M15,1746454500,151670.0,151790.0,151620.0,151635.0,68652,5,247676
WIN$D,M15,1746455400,151635.0,151725.0,151570.0,151710.0,64376,5,236035
WIN$D,M15,1746456300,151715.0,151775.0,151650.0,151725.0,48898,5,176857
WIN$D,M15,1746457200,151725.0,151810.0,151595.0,151800.0,76622,5,293297
WIN$D,M15,1746458100,151795.0,151800.0,151640.0,151730.0,61941,5,241896
WIN$D,M15,1746459000,151730.0,151830.0,151645.0,151775.0,58147,5,220648
WIN$D,M15,1746459900,151775.0,151835.0,151715.0,151735.0,46035,5,183212
WIN$D,M15,1746460800,151730.0,151810.0,151685.0,151770.0,49016,5,181506
WIN$D,M15,1746461700,151770.0,151780.0,151600.0,151660.0,55563,5,196576
WIN$D,M15,1746462600,151660.0,151710.0,151570.0,151610.0,59708,5,201226
WIN$D,M15,1746463500,151610.0,151685.0,151540.0,151585.0,67708,5,243156
WIN$D,M15,1746464400,151590.0,151650.0,151520.0,151630.0,54048,5,175605
WIN$D,M15,1746465300,151635.0,151690.0,151610.0,151635.0,34270,5,110067
WIN$D,M15,1746466200,151635.0,151660.0,151625.0,151645.0,16334,5,54655
WIN$D,M15,1746467100,151645.0,151660.0,151600.0,151635.0,25754,5,71806
WIN$D,M15,1746468000,151635.0,151660.0,151500.0,151525.0,30522,5,78164
WIN$D,M15,1746468900,151525.0,151575.0,151390.0,151390.0,14324,5,56935
WIN$D,M15,1746522000,151390.0,151940.0,151375.0,151830.0,234174,5,643850
WIN$D,M15,1746522900,151830.0,152035.0,151720.0,151915.0,169497,5,538996
WIN$D,M15,1746523800,151915.0,152065.0,151830.0,152000.0,132796,5,412532
WIN$D,M15,1746524700,151995.0,152105.0,151920.0,151980.0,119267,5,393710
WIN$D,M15,1746525600,151980.0,152260.0,151855.0,152230.0,226350,5,743378
WIN$D,M15,1746526500,152230.0,152310.0,151825.0,151970.0,223038,5,755419
WIN$D,M15,1746527400,151970.0,152190.0,151730.0,151755.0,253083,5,893136
WIN$D,M15,1746528300,151755.0,151880.0,151630.0,151795.0,197403,5,697628
WIN$D,M15,1746529200,151795.0,152030.0,151665.0,151950.0,168358,5,598336
WIN$D,M15,1746530100,151950.0,152180.0,151810.0,151870.0,176675,5,655866
WIN$D,M15,1746531000,151865.0,151985.0,151720.0,151750.0,106262,5,376998
WIN$D,M15,1746531900,151745.0,151915.0,151570.0,151620.0,135850,5,516090
WIN$D,M15,1746532800,151625.0,151910.0,151555.0,151755.0,118548,5,432562
WIN$D,M15,1746533700,151760.0,151845.0,151705.0,151755.0,75589,5,267490
WIN$D,M15,1746534600,151750.0,151930.0,151665.0,151705.0,84623,5,299282
WIN$D,M15,1746535500,151705.0,151730.0,151450.0,151485.0,92089,5,352559
WIN$D,M15,1746536400,151485.0,151920.0,151460.0,151855.0,105581,5,386916
WIN$D,M15,1746537300,151855.0,151920.0,151630.0,151775.0,102850,5,375703
WIN$D,M15,1746538200,151780.0,151835.0,151480.0,151500.0,97853,5,357134
WIN$D,M15,1746539100,151500.0,151615.0,151415.0,151545.0,78960,5,282107
WIN$D,M15,1746540000,151545.0,151620.0,151455.0,151540.0,70828,5,241083
WIN$D,M15,1746540900,151540.0,151585.0,151400.0,151530.0,69076,5,235461
WIN$D,M15,1746541800,151525.0,151620.0,151470.0,151545.0,57027,5,198986
WIN$D,M15,1746542700,151540.0,151605.0,151460.0,151575.0,50894,5,185020
WIN$D,M15,1746543600,151580.0,151735.0,151460.0,151495.0,94695,5,351764
WIN$D,M15,1746544500,151495.0,151615.0,151440.0,151585.0,65014,5,232232
WIN$D,M15,1746545400,151580.0,151595.0,151250.0,151315.0,86221,5,315067
WIN$D,M15,1746546300,151320.0,151530.0,151285.0,151525.0,67151,5,250065
WIN$D,M15,1746547200,151525.0,151635.0,151510.0,151610.0,63285,5,249482
WIN$D,M15,1746548100,151610.0,151665.0,151520.0,151600.0,53014,5,211275
WIN$D,M15,1746549000,151595.0,151655.0,151530.0,151585.0,46622,5,166284
WIN$D,M15,1746549900,151580.0,151645.0,151530.0,151565.0,50603,5,178929
WIN$D,M15,1746550800,151570.0,151610.0,151530.0,151580.0,26279,5,84182
WIN$D,M15,1746551700,151585.0,151715.0,151565.0,151605.0,39956,5,137250
WIN$D,M15,1746552600,151600.0,151610.0,151520.0,151570.0,23440,5,71527
WIN$D,M15,1746553500,151575.0,151630.0,151570.0,151600.0,20058,5,44602
WIN$D,M15,1746554400,151605.0,151675.0,151595.0,151640.0,24930,5,53463
WIN$D,M15,1746555300,151640.0,151775.0,151635.0,151755.0,16252,5,46905
WIN$D,M15,1746608400,152090.0,152565.0,152090.0,152400.0,220190,5,648682
WIN$D,M15,1746609300,152395.0,152590.0,152325.0,152390.0,149335,5,484927
WIN$D,M15,1746610200,152385.0,152465.0,152245.0,152260.0,134814,5,427215
WIN$D,M15,1746611100,152255.0,152325.0,152120.0,152295.0,128129,5,403360
WIN$D,M15,1746612000,152290.0,152295.0,151680.0,151785.0,282633,5,921145
WIN$D,M15,1746612900,151785.0,151790.0,151450.0,151495.0,192756,5,675398
WIN$D,M15,1746613800,151495.0,151590.0,151205.0,151260.0,203488,5,726092
WIN$D,M15,1746614700,151255.0,151295.0,150850.0,151020.0,204736,5,768626
WIN$D,M15,1746615600,151020.0,151090.0,150765.0,150930.0,172296,5,624518
WIN$D,M15,1746616500,150935.0,151130.0,150845.0,151045.0,142484,5,530777
WIN$D,M15,1746617400,151050.0,151170.0,150890.0,150930.0,138379,5,508445
WIN$D,M15,1746618300,150935.0,151035.0,150850.0,150965.0,118542,5,442977
WIN$D,M15,1746619200,150965.0,151105.0,150900.0,151040.0,84827,5,320190
WIN$D,M15,1746620100,151035.0,151170.0,150845.0,151135.0,94714,5,356380
WIN$D,M15,1746621000,151135.0,151290.0,151090.0,151220.0,123595,5,472140
WIN$D,M15,1746621900,151220.0,151255.0,151050.0,151165.0,71039,5,266999
WIN$D,M15,1746622800,151165.0,151310.0,151130.0,151290.0,58526,5,217791
WIN$D,M15,1746623700,151290.0,151310.0,151020.0,151065.0,78742,5,299020
WIN$D,M15,1746624600,151065.0,151250.0,151060.0,151245.0,56167,5,200054
WIN$D,M15,1746625500,151240.0,151570.0,151230.0,151500.0,119741,5,439726
WIN$D,M15,1746626400,151500.0,151565.0,151410.0,151475.0,73283,5,271080
WIN$D,M15,1746627300,151470.0,151530.0,151330.0,151370.0,69619,5,266729
WIN$D,M15,1746628200,151370.0,151380.0,151140.0,151220.0,89294,5,348501
WIN$D,M15,1746629100,151215.0,151380.0,151160.0,151330.0,77626,5,301283
WIN$D,M15,1746630000,151325.0,151610.0,151035.0,151150.0,160763,5,576575
WIN$D,M15,1746630900,151150.0,151315.0,151090.0,151290.0,84235,5,297821
WIN$D,M15,1746631800,151285.0,151535.0,151215.0,151410.0,142856,5,514296
WIN$D,M15,1746632700,151415.0,151470.0,151050.0,151340.0,160884,5,589269
WIN$D,M15,1746633600,151335.0,151335.0,151085.0,151180.0,115531,5,420655
WIN$D,M15,1746634500,151185.0,151240.0,150985.0,151065.0,120045,5,433512
WIN$D,M15,1746635400,151065.0,151530.0,151030.0,151365.0,162659,5,543884
WIN$D,M15,1746636300,151365.0,151440.0,151195.0,151325.0,133794,5,438526
WIN$D,M15,1746637200,151330.0,151505.0,151260.0,151455.0,77237,5,255893
WIN$D,M15,1746638100,151450.0,151465.0,151350.0,151410.0,34118,5,115935
WIN$D,M15,1746639000,151410.0,151425.0,151340.0,151390.0,22001,5,68252
WIN$D,M15,1746639900,151385.0,151470.0,151375.0,151440.0,16686,5,50023
WIN$D,M15,1746640800,151445.0,151535.0,151415.0,151490.0,21226,5,57153
WIN$D,M15,1746641700,151495.0,151525.0,151405.0,151480.0,15430,5,38039
WIN$D,M15,1746694800,152490.0,152940.0,152470.0,152875.0,238871,5,705723
WIN$D,M15,1746695700,152875.0,153310.0,152870.0,153165.0,188548,5,580601
WIN$D,M15,1746696600,153170.0,153380.0,153160.0,153330.0,160413,5,545275
WIN$D,M15,1746697500,153325.0,153785.0,153325.0,153665.0,199016,5,698598
WIN$D,M15,1746698400,153665.0,154030.0,153555.0,153845.0,198256,5,701732
WIN$D,M15,1746699300,153850.0,154055.0,153790.0,153950.0,174627,5,611523
WIN$D,M15,1746700200,153950.0,154535.0,153895.0,154400.0,281037,5,1045062
WIN$D,M15,1746701100,154405.0,154975.0,154335.0,154865.0,238178,5,891458
WIN$D,M15,1746702000,154870.0,154890.0,154295.0,154305.0,197530,5,683418
WIN$D,M15,1746702900,154305.0,154685.0,154300.0,154610.0,147011,5,509649
WIN$D,M15,1746703800,154610.0,154840.0,154440.0,154630.0,138044,5,481792
WIN$D,M15,1746704700,154630.0,154750.0,154510.0,154700.0,100078,5,356427
WIN$D,M15,1746705600,154700.0,155000.0,154640.0,154890.0,121046,5,443306
WIN$D,M15,1746706500,154885.0,155490.0,154825.0,155360.0,179292,5,687853
WIN$D,M15,1746707400,155355.0,155710.0,155305.0,155635.0,149540,5,584317
WIN$D,M15,1746708300,155635.0,155650.0,155220.0,155345.0,109070,5,400429
WIN$D,M15,1746709200,155345.0,155395.0,155200.0,155330.0,77113,5,263497
WIN$D,M15,1746710100,155330.0,155445.0,155210.0,155325.0,69055,5,243420
WIN$D,M15,1746711000,155325.0,155360.0,155080.0,155335.0,95762,5,327627
WIN$D,M15,1746711900,155335.0,155500.0,155305.0,155315.0,77383,5,270205
WIN$D,M15,1746712800,155320.0,155350.0,155120.0,155190.0,76226,5,271486
WIN$D,M15,1746713700,155190.0,155240.0,155090.0,155215.0,58886,5,212291
WIN$D,M15,1746714600,155210.0,155310.0,155095.0,155120.0,75104,5,266798
WIN$D,M15,1746715500,155120.0,155180.0,154940.0,155030.0,84716,5,301726
WIN$D,M15,1746716400,155025.0,155180.0,154970.0,155120.0,75214,5,281487
WIN$D,M15,1746717300,155120.0,155170.0,155030.0,155090.0,57353,5,209501
WIN$D,M15,1746718200,155090.0,155230.0,154995.0,155220.0,68402,5,262618
WIN$D,M15,1746719100,155220.0,155245.0,155015.0,155030.0,68508,5,256166
WIN$D,M15,1746720000,155035.0,155100.0,154890.0,154905.0,74832,5,285568
WIN$D,M15,1746720900,154905.0,155110.0,154895.0,155035.0,72058,5,291600
WIN$D,M15,1746721800,155030.0,155045.0,154785.0,154830.0,84969,5,309082
WIN$D,M15,1746722700,154825.0,154830.0,154325.0,154440.0,127107,5,504596
WIN$D,M15,1746723600,154440.0,154445.0,154140.0,154290.0,88401,5,341429
WIN$D,M15,1746724500,154290.0,154415.0,154260.0,154375.0,50706,5,183040
WIN$D,M15,1746725400,154370.0,154415.0,154315.0,154320.0,26641,5,93071
WIN$D,M15,1746726300,154325.0,154375.0,154265.0,154350.0,25362,5,79768
WIN$D,M15,1746727200,154345.0,154395.0,154295.0,154325.0,24627,5,63640
WIN$D,M15,1746728100,154325.0,154450.0,154295.0,154450.0,18633,5,41008
WIN$D,M15,1746781200,154890.0,154920.0,154405.0,154410.0,216034,5,612812
WIN$D,M15,1746782100,154410.0,154565.0,154370.0,154535.0,137244,5,406210
WIN$D,M15,1746783000,154535.0,154780.0,154415.0,154770.0,166152,5,500067
WIN$D,M15,1746783900,154775.0,154935.0,154675.0,154805.0,164074,5,556651
WIN$D,M15,1746784800,154805.0,154910.0,154480.0,154645.0,222768,5,744166
WIN$D,M15,1746785700,154650.0,154830.0,154540.0,154560.0,187718,5,629945
WIN$D,M15,1746786600,154560.0,155020.0,154485.0,154965.0,228692,5,787772
WIN$D,M15,1746787500,154960.0,155135.0,154850.0,154895.0,184543,5,635881
WIN$D,M15,1746788400,154895.0,155105.0,154805.0,155000.0,166842,5,576821
WIN$D,M15,1746789300,155000.0,155160.0,154720.0,154810.0,163235,5,581630
WIN$D,M15,1746790200,154810.0,154830.0,154440.0,154725.0,173878,5,640231
WIN$D,M15,1746791100,154720.0,154780.0,154295.0,154650.0,158706,5,585595
WIN$D,M15,1746792000,154655.0,154685.0,154340.0,154460.0,117000,5,443817
WIN$D,M15,1746792900,154460.0,154500.0,154280.0,154385.0,102825,5,373298
WIN$D,M15,1746793800,154390.0,154555.0,154260.0,154515.0,92639,5,339071
WIN$D,M15,1746794700,154515.0,154575.0,154385.0,154475.0,70232,5,256274
WIN$D,M15,1746795600,154480.0,154530.0,154295.0,154355.0,70726,5,264178
WIN$D,M15,1746796500,154355.0,154435.0,154245.0,154385.0,64439,5,240140
WIN$D,M15,1746797400,154385.0,154520.0,154365.0,154380.0,65362,5,241523
WIN$D,M15,1746798300,154380.0,154470.0,154255.0,154290.0,58947,5,216896
WIN$D,M15,1746799200,154290.0,154345.0,154195.0,154280.0,69740,5,251516
WIN$D,M15,1746800100,154280.0,154360.0,153995.0,154195.0,98889,5,356374
WIN$D,M15,1746801000,154195.0,154260.0,154105.0,154190.0,64146,5,235555
WIN$D,M15,1746801900,154185.0,154400.0,154155.0,154365.0,64098,5,230944
WIN$D,M15,1746802800,154370.0,154465.0,154325.0,154365.0,57708,5,223784
WIN$D,M15,1746803700,154365.0,154500.0,154265.0,154500.0,67703,5,254103
WIN$D,M15,1746804600,154495.0,154600.0,154380.0,154435.0,71647,5,277958
WIN$D,M15,1746805500,154430.0,154435.0,154325.0,154380.0,42025,5,157681
WIN$D,M15,1746806400,154375.0,154520.0,154355.0,154515.0,49615,5,196303
WIN$D,M15,1746807300,154520.0,154540.0,154370.0,154400.0,41949,5,163183
WIN$D,M15,1746808200,154400.0,154495.0,154335.0,154420.0,49857,5,187043
WIN$D,M15,1746809100,154415.0,154440.0,154220.0,154225.0,55940,5,215770
WIN$D,M15,1746810000,154220.0,154410.0,154215.0,154345.0,45566,5,160720
WIN$D,M15,1746810900,154345.0,154430.0,154335.0,154390.0,19118,5,70390
WIN$D,M15,1746811800,154390.0,154405.0,154300.0,154335.0,14003,5,48851
WIN$D,M15,1746812700,154335.0,154380.0,154305.0,154340.0,11602,5,39136
WIN$D,M15,1746813600,154345.0,154390.0,154305.0,154350.0,11910,5,33692
WIN$D,M15,1746814500,154345.0,154430.0,154310.0,154310.0,9800,5,27882
WIN$D,M15,1747040400,156395.0,156400.0,155560.0,155755.0,182586,5,577351
WIN$D,M15,1747041300,155755.0,155765.0,155370.0,155575.0,150967,5,488100
WIN$D,M15,1747042200,155575.0,155860.0,155550.0,155740.0,115928,5,364653
WIN$D,M15,1747043100,155735.0,155765.0,155545.0,155595.0,121902,5,399237
WIN$D,M15,1747044000,155595.0,155605.0,155140.0,155220.0,237732,5,795115
WIN$D,M15,1747044900,155220.0,155230.0,154750.0,154925.0,219231,5,749429
WIN$D,M15,1747045800,154925.0,155245.0,154705.0,154930.0,242806,5,820690
WIN$D,M15,1747046700,154930.0,154940.0,154575.0,154640.0,192328,5,678116
WIN$D,M15,1747047600,154635.0,155030.0,154590.0,154980.0,174391,5,610441
WIN$D,M15,1747048500,154975.0,154990.0,154365.0,154470.0,179475,5,627104
WIN$D,M15,1747049400,154465.0,154725.0,154320.0,154675.0,146903,5,511749
WIN$D,M15,1747050300,154675.0,154685.0,154425.0,154600.0,112062,5,392712
WIN$D,M15,1747051200,154595.0,154625.0,154400.0,154495.0,83389,5,298360
WIN$D,M15,1747052100,154495.0,154500.0,154245.0,154340.0,100442,5,364602
WIN$D,M15,1747053000,154335.0,154480.0,154200.0,154220.0,100037,5,367542
WIN$D,M15,1747053900,154215.0,154375.0,154180.0,154370.0,72258,5,265512
WIN$D,M15,1747054800,154365.0,154490.0,154330.0,154460.0,64747,5,225945
WIN$D,M15,1747055700,154460.0,154540.0,154330.0,154505.0,84246,5,307344
WIN$D,M15,1747056600,154505.0,154620.0,154465.0,154570.0,61387,5,229956
WIN$D,M15,1747057500,154565.0,154590.0,154450.0,154545.0,60602,5,222486
WIN$D,M15,1747058400,154540.0,154550.0,154395.0,154465.0,58928,5,214720
WIN$D,M15,1747059300,154460.0,154585.0,154440.0,154465.0,62486,5,222397
WIN$D,M15,1747060200,154465.0,154505.0,154365.0,154420.0,55816,5,218503
WIN$D,M15,1747061100,154425.0,154555.0,154390.0,154425.0,53290,5,188401
WIN$D,M15,1747062000,154430.0,154475.0,154250.0,154265.0,62101,5,225497
WIN$D,M15,1747062900,154265.0,154380.0,154150.0,154325.0,84965,5,317273
WIN$D,M15,1747063800,154325.0,154605.0,154315.0,154560.0,88668,5,319491
WIN$D,M15,1747064700,154565.0,154620.0,154510.0,154560.0,52236,5,182761
WIN$D,M15,1747065600,154565.0,154700.0,154530.0,154610.0,66333,5,224150
WIN$D,M15,1747066500,154610.0,154665.0,154565.0,154615.0,43832,5,153889
WIN$D,M15,1747067400,154610.0,154620.0,154415.0,154430.0,62585,5,217891
WIN$D,M15,1747068300,154430.0,154540.0,154410.0,154470.0,57846,5,207666
WIN$D,M15,1747069200,154475.0,154555.0,154445.0,154525.0,43660,5,148523
WIN$D,M15,1747070100,154525.0,154645.0,154515.0,154580.0,40612,5,137488
WIN$D,M15,1747071000,154580.0,154615.0,154550.0,154595.0,20905,5,67768
WIN$D,M15,1747071900,154595.0,154680.0,154580.0,154625.0,25237,5,78393
WIN$D,M15,1747072800,154630.0,154645.0,154575.0,154605.0,22765,5,52568
WIN$D,M15,1747073700,154600.0,154710.0,154535.0,154710.0,16847,5,45658
WIN$D,M15,1747126800,154790.0,154875.0,154415.0,154520.0,206636,5,552090
WIN$D,M15,1747127700,154525.0,154690.0,154520.0,154625.0,107241,5,308604
WIN$D,M15,1747128600,154630.0,154915.0,154515.0,154905.0,170926,5,492397
WIN$D,M15,1747129500,154905.0,154915.0,154635.0,154810.0,147300,5,465020
WIN$D,M15,1747130400,154810.0,155030.0,154745.0,155005.0,236829,5,752051
WIN$D,M15,1747131300,155010.0,155640.0,154965.0,155435.0,286006,5,945642
WIN$D,M15,1747132200,155440.0,155865.0,155365.0,155820.0,245542,5,844310
WIN$D,M15,1747133100,155820.0,155920.0,155510.0,155535.0,161990,5,570497
WIN$D,M15,1747134000,155535.0,155685.0,155460.0,155670.0,123543,5,405034
WIN$D,M15,1747134900,155665.0,155980.0,155645.0,155810.0,153820,5,525720
WIN$D,M15,1747135800,155810.0,156135.0,155800.0,156015.0,144385,5,543965
WIN$D,M15,1747136700,156015.0,156205.0,156005.0,156130.0,95360,5,352822
WIN$D,M15,1747137600,156130.0,156510.0,156110.0,156440.0,134138,5,488367
WIN$D,M15,1747138500,156435.0,156910.0,156430.0,156745.0,170911,5,627524
WIN$D,M15,1747139400,156750.0,156760.0,156545.0,156700.0,97134,5,368245
WIN$D,M15,1747140300,156700.0,156750.0,156560.0,156600.0,65056,5,238793
WIN$D,M15,1747141200,156595.0,156625.0,156445.0,156475.0,72175,5,248867
WIN$D,M15,1747142100,156475.0,156525.0,156280.0,156395.0,81780,5,314985
WIN$D,M15,1747143000,156400.0,156400.0,156255.0,156315.0,71636,5,290112
WIN$D,M15,1747143900,156315.0,156475.0,156310.0,156420.0,73840,5,258895
WIN$D,M15,1747144800,156415.0,156460.0,156300.0,156375.0,58610,5,215458
WIN$D,M15,1747145700,156375.0,156450.0,156335.0,156360.0,47855,5,186798
WIN$D,M15,1747146600,156355.0,156500.0,156340.0,156385.0,70634,5,265485
WIN$D,M15,1747147500,156385.0,156440.0,156360.0,156420.0,43460,5,168765
WIN$D,M15,1747148400,156420.0,156555.0,156405.0,156515.0,60778,5,237296
WIN$D,M15,1747149300,156510.0,156810.0,156480.0,156655.0,100953,5,414777
WIN$D,M15,1747150200,156655.0,156725.0,156555.0,156685.0,65535,5,271937
WIN$D,M15,1747151100,156685.0,156835.0,156665.0,156760.0,67975,5,263478
WIN$D,M15,1747152000,156760.0,157135.0,156745.0,157050.0,119560,5,452340
WIN$D,M15,1747152900,157050.0,157450.0,157030.0,157100.0,116769,5,451153
WIN$D,M15,1747153800,157100.0,157110.0,156965.0,156975.0,59674,5,204486
WIN$D,M15,1747154700,156975.0,157060.0,156880.0,156925.0,66282,5,246084
WIN$D,M15,1747155600,156925.0,156965.0,156810.0,156895.0,53230,5,184353
WIN$D,M15,1747156500,156890.0,156930.0,156810.0,156905.0,30538,5,102938
WIN$D,M15,1747157400,156905.0,156925.0,156750.0,156795.0,31746,5,108901
WIN$D,M15,1747158300,156795.0,156870.0,156750.0,156840.0,29343,5,82842
WIN$D,M15,1747159200,156845.0,156855.0,156680.0,156695.0,23031,5,68859
WIN$D,M15,1747160100,156695.0,156720.0,156615.0,156615.0,10764,5,47008
WIN$D,M15,1747213200,156645.0,157015.0,156620.0,156670.0,184277,5,493994
WIN$D,M15,1747214100,156675.0,156950.0,156525.0,156885.0,197553,5,599277
WIN$D,M15,1747215000,156890.0,157030.0,156705.0,156730.0,186816,5,530234
WIN$D,M15,1747215900,156725.0,156880.0,156705.0,156815.0,110971,5,332095
WIN$D,M15,1747216800,156810.0,156910.0,156400.0,156765.0,312578,5,984825
WIN$D,M15,1747217700,156765.0,157030.0,156660.0,156900.0,192721,5,627534
WIN$D,M15,1747218600,156905.0,157120.0,156645.0,156745.0,319087,5,1068861
WIN$D,M15,1747219500,156750.0,156840.0,156645.0,156800.0,153229,5,498702
WIN$D,M15,1747220400,156805.0,156930.0,156715.0,156780.0,124924,5,410902
WIN$D,M15,1747221300,156780.0,156840.0,156450.0,156570.0,183991,5,584346
WIN$D,M15,1747222200,156565.0,156590.0,156215.0,156265.0,187759,5,659111
WIN$D,M15,1747223100,156260.0,156575.0,156180.0,156510.0,140412,5,488177
WIN$D,M15,1747224000,156515.0,156570.0,156260.0,156465.0,139707,5,503528
WIN$D,M15,1747224900,156465.0,156735.0,156465.0,156655.0,115191,5,397292
WIN$D,M15,1747225800,156660.0,156715.0,156445.0,156505.0,88787,5,291969
WIN$D,M15,1747226700,156500.0,156680.0,156490.0,156645.0,62397,5,214133
WIN$D,M15,1747227600,156645.0,156690.0,156555.0,156590.0,64179,5,211119
WIN$D,M15,1747228500,156595.0,156720.0,156545.0,156570.0,59864,5,213015
WIN$D,M15,1747229400,156570.0,156620.0,156425.0,156500.0,61098,5,203938
WIN$D,M15,1747230300,156500.0,156655.0,156485.0,156620.0,50790,5,172898
WIN$D,M15,1747231200,156615.0,156835.0,156600.0,156745.0,89701,5,317776
WIN$D,M15,1747232100,156745.0,156780.0,156425.0,156510.0,106609,5,395002
WIN$D,M15,1747233000,156515.0,156545.0,156345.0,156410.0,70609,5,247848
WIN$D,M15,1747233900,156410.0,156475.0,156315.0,156360.0,55933,5,202192
WIN$D,M15,1747234800,156360.0,156420.0,156015.0,156065.0,101609,5,362953
WIN$D,M15,1747235700,156065.0,156215.0,156015.0,156190.0,66092,5,233582
WIN$D,M15,1747236600,156185.0,156385.0,156180.0,156315.0,84257,5,314702
WIN$D,M15,1747237500,156310.0,156385.0,156300.0,156370.0,43745,5,149748
WIN$D,M15,1747238400,156375.0,156385.0,156245.0,156325.0,56478,5,207319
WIN$D,M15,1747239300,156330.0,156425.0,156280.0,156415.0,56495,5,191991
WIN$D,M15,1747240200,156420.0,156490.0,156360.0,156375.0,58186,5,192072
WIN$D,M15,1747241100,156375.0,156445.0,156235.0,156255.0,63352,5,228181
WIN$D,M15,1747242000,156255.0,156255.0,156100.0,156205.0,62857,5,224711
WIN$D,M15,1747242900,156210.0,156215.0,156155.0,156170.0,19441,5,67424
WIN$D,M15,1747243800,156165.0,156185.0,156110.0,156160.0,19833,5,65379
WIN$D,M15,1747244700,156155.0,156175.0,156090.0,156115.0,19544,5,54111
WIN$D,M15,1747245600,156110.0,156235.0,156105.0,156185.0,20703,5,55178
WIN$D,M15,1747246500,156185.0,156230.0,156150.0,156155.0,11188,5,28783
WIN$D,M15,1747299600,155865.0,155955.0,155660.0,155795.0,159116,5,409157
WIN$D,M15,1747300500,155795.0,156060.0,155790.0,156015.0,119235,5,324117
WIN$D,M15,1747301400,156020.0,156105.0,155905.0,155945.0,127679,5,357843
WIN$D,M15,1747302300,155950.0,156140.0,155875.0,156105.0,121885,5,352305
WIN$D,M15,1747303200,156100.0,156530.0,156000.0,156460.0,238245,5,726062
WIN$D,M15,1747304100,156455.0,156485.0,156160.0,156410.0,186097,5,584981
WIN$D,M15,1747305000,156415.0,156430.0,156060.0,156365.0,201472,5,640057
WIN$D,M15,1747305900,156365.0,156565.0,156215.0,156490.0,164836,5,494521
WIN$D,M15,1747306800,156485.0,156800.0,156285.0,156755.0,203325,5,639237
WIN$D,M15,1747307700,156760.0,157030.0,156695.0,156735.0,179305,5,619663
WIN$D,M15,1747308600,156735.0,156855.0,156510.0,156590.0,156791,5,519638
WIN$D,M15,1747309500,156585.0,156595.0,156230.0,156405.0,182757,5,629832
WIN$D,M15,1747310400,156405.0,156455.0,156120.0,156375.0,135975,5,422907
WIN$D,M15,1747311300,156375.0,156675.0,156360.0,156630.0,98824,5,335232
WIN$D,M15,1747312200,156625.0,156645.0,156470.0,156600.0,74586,5,249286
WIN$D,M15,1747313100,156600.0,156760.0,156565.0,156715.0,69263,5,217861
WIN$D,M15,1747314000,156720.0,157075.0,156700.0,156990.0,123847,5,397894
WIN$D,M15,1747314900,156995.0,157085.0,156905.0,157020.0,74572,5,251908
WIN$D,M15,1747315800,157015.0,157075.0,156950.0,156955.0,56391,5,188638
WIN$D,M15,1747316700,156960.0,157115.0,156735.0,156825.0,102255,5,350530
WIN$D,M15,1747317600,156825.0,156935.0,156675.0,156720.0,67842,5,230844
WIN$D,M15,1747318500,156720.0,156950.0,156460.0,156500.0,122994,5,451792
WIN$D,M15,1747319400,156500.0,156715.0,156405.0,156465.0,109029,5,365416
WIN$D,M15,1747320300,156465.0,156595.0,156090.0,156280.0,148767,5,508232
WIN$D,M15,1747321200,156285.0,156630.0,156270.0,156405.0,105853,5,371452
WIN$D,M15,1747322100,156400.0,156520.0,156255.0,156350.0,99359,5,333116
WIN$D,M15,1747323000,156350.0,156655.0,156320.0,156600.0,79045,5,254530
WIN$D,M15,1747323900,156600.0,156755.0,156495.0,156715.0,74908,5,248332
WIN$D,M15,1747324800,156720.0,156905.0,156665.0,156890.0,72008,5,241054
WIN$D,M15,1747325700,156895.0,156925.0,156715.0,156840.0,69079,5,229011
WIN$D,M15,1747326600,156845.0,157075.0,156830.0,156995.0,81362,5,262796
WIN$D,M15,1747327500,156995.0,157230.0,156990.0,157195.0,85873,5,278130
WIN$D,M15,1747328400,157195.0,157260.0,157065.0,157205.0,55341,5,173381
WIN$D,M15,1747329300,157205.0,157215.0,157095.0,157110.0,33595,5,105351
WIN$D,M15,1747330200,157105.0,157130.0,157020.0,157090.0,35808,5,105642
WIN$D,M15,1747331100,157090.0,157200.0,157025.0,157135.0,31522,5,83292
WIN$D,M15,1747332000,157135.0,157180.0,157020.0,157065.0,21870,5,61508
WIN$D,M15,1747332900,157065.0,157165.0,157045.0,157165.0,9109,5,34178
WIN$D,M15,1747386000,156860.0,156880.0,156055.0,156080.0,197026,5,622750
WIN$D,M15,1747386900,156080.0,156100.0,155660.0,155810.0,208427,5,717492
WIN$D,M15,1747387800,155810.0,155890.0,155545.0,155620.0,179083,5,573626
WIN$D,M15,1747388700,155620.0,155670.0,155420.0,155615.0,149247,5,461792
WIN$D,M15,1747389600,155610.0,155735.0,155340.0,155685.0,228366,5,717932
WIN$D,M15,1747390500,155685.0,155700.0,155400.0,155535.0,189338,5,604275
WIN$D,M15,1747391400,155540.0,155775.0,155305.0,155425.0,236021,5,799116
WIN$D,M15,1747392300,155425.0,156090.0,155270.0,155995.0,251949,5,847971
WIN$D,M15,1747393200,155995.0,156010.0,155610.0,155680.0,196832,5,652456
WIN$D,M15,1747394100,155680.0,155810.0,155450.0,155450.0,161884,5,571502
WIN$D,M15,1747395000,155450.0,155585.0,155210.0,155340.0,142984,5,483593
WIN$D,M15,1747395900,155340.0,155625.0,155320.0,155490.0,97999,5,337168
WIN$D,M15,1747396800,155485.0,155645.0,155375.0,155575.0,88392,5,302039
WIN$D,M15,1747397700,155575.0,155860.0,155510.0,155830.0,86912,5,286859
WIN$D,M15,1747398600,155830.0,156085.0,155745.0,155910.0,103716,5,351691
WIN$D,M15,1747399500,155910.0,156065.0,155875.0,155915.0,67850,5,231405
WIN$D,M15,1747400400,155910.0,156220.0,155880.0,156115.0,84372,5,269462
WIN$D,M15,1747401300,156120.0,156160.0,155960.0,156085.0,73404,5,250829
WIN$D,M15,1747402200,156085.0,156450.0,156075.0,156325.0,124768,5,446236
WIN$D,M15,1747403100,156325.0,156365.0,156245.0,156255.0,44899,5,141100
WIN$D,M15,1747404000,156255.0,156425.0,156220.0,156405.0,78670,5,267601
WIN$D,M15,1747404900,156410.0,156575.0,156395.0,156555.0,76759,5,258519
WIN$D,M15,1747405800,156550.0,156685.0,156430.0,156655.0,75414,5,253665
WIN$D,M15,1747406700,156655.0,156665.0,156335.0,156465.0,85762,5,307429
WIN$D,M15,1747407600,156470.0,156660.0,156440.0,156535.0,75020,5,263071
WIN$D,M15,1747408500,156530.0,156605.0,156480.0,156535.0,56387,5,193446
WIN$D,M15,1747409400,156535.0,156785.0,156505.0,156710.0,77778,5,276946
WIN$D,M15,1747410300,156710.0,156940.0,156705.0,156790.0,81654,5,289525
WIN$D,M15,1747411200,156790.0,156905.0,156705.0,156745.0,67267,5,233042
WIN$D,M15,1747412100,156740.0,156750.0,156605.0,156640.0,59945,5,211535
WIN$D,M15,1747413000,156635.0,156730.0,156580.0,156650.0,68906,5,233191
WIN$D,M15,1747413900,156650.0,156830.0,156605.0,156795.0,64705,5,224419
WIN$D,M15,1747414800,156790.0,156825.0,156715.0,156790.0,39915,5,127824
WIN$D,M15,1747415700,156785.0,156820.0,156600.0,156620.0,50999,5,161834
WIN$D,M15,1747416600,156615.0,156695.0,156555.0,156590.0,37133,5,92858
WIN$D,M15,1747417500,156590.0,156610.0,156500.0,156560.0,38090,5,90829
WIN$D,M15,1747418400,156555.0,156590.0,156540.0,156540.0,19035,5,40699
WIN$D,M15,1747419300,156545.0,156570.0,156340.0,156415.0,20822,5,60907
WIN$D,M15,1747645200,156090.0,156460.0,155985.0,156425.0,192972,5,487814
WIN$D,M15,1747646100,156425.0,156440.0,156160.0,156180.0,138885,5,388838
WIN$D,M15,1747647000,156185.0,156325.0,156105.0,156210.0,130905,5,409353
WIN$D,M15,1747647900,156210.0,156375.0,156205.0,156290.0,100547,5,313465
WIN$D,M15,1747648800,156290.0,156510.0,156150.0,156320.0,238947,5,773397
WIN$D,M15,1747649700,156320.0,156550.0,156200.0,156220.0,205982,5,678481
WIN$D,M15,1747650600,156220.0,156645.0,156155.0,156500.0,278277,5,958266
WIN$D,M15,1747651500,156500.0,157160.0,156490.0,157100.0,251064,5,844943
WIN$D,M15,1747652400,157095.0,157365.0,156990.0,157035.0,213904,5,725086
WIN$D,M15,1747653300,157035.0,157380.0,156880.0,156980.0,194455,5,673064
WIN$D,M15,1747654200,156975.0,157225.0,156935.0,157165.0,140144,5,475381
WIN$D,M15,1747655100,157165.0,157405.0,157155.0,157315.0,120081,5,416963
WIN$D,M15,1747656000,157315.0,157590.0,157235.0,157500.0,135571,5,487205
WIN$D,M15,1747656900,157495.0,157590.0,157265.0,157285.0,93455,5,336397
WIN$D,M15,1747657800,157285.0,157430.0,157245.0,157320.0,97111,5,342029
WIN$D,M15,1747658700,157320.0,157640.0,157300.0,157585.0,106073,5,336671
WIN$D,M15,1747659600,157590.0,157675.0,157525.0,157540.0,97108,5,309041
WIN$D,M15,1747660500,157540.0,157705.0,157505.0,157635.0,75631,5,254708
WIN$D,M15,1747661400,157635.0,157645.0,157410.0,157440.0,93694,5,305992
WIN$D,M15,1747662300,157445.0,157540.0,157390.0,157465.0,58941,5,203981
WIN$D,M15,1747663200,157460.0,157785.0,157440.0,157640.0,127574,5,420695
WIN$D,M15,1747664100,157645.0,157715.0,157545.0,157670.0,65158,5,224047
WIN$D,M15,1747665000,157670.0,157830.0,157625.0,157715.0,82106,5,300089
WIN$D,M15,1747665900,157710.0,157715.0,157550.0,157675.0,78395,5,284116
WIN$D,M15,1747666800,157675.0,157730.0,157430.0,157460.0,91770,5,313408
WIN$D,M15,1747667700,157460.0,157530.0,157340.0,157390.0,79065,5,290039
WIN$D,M15,1747668600,157390.0,157565.0,157380.0,157500.0,63490,5,226588
WIN$D,M15,1747669500,157505.0,157560.0,157445.0,157490.0,55309,5,200698
WIN$D,M15,1747670400,157490.0,157580.0,157460.0,157525.0,55030,5,207532
WIN$D,M15,1747671300,157525.0,157535.0,157365.0,157405.0,57607,5,204965
WIN$D,M15,1747672200,157400.0,157415.0,157280.0,157300.0,63825,5,207478
WIN$D,M15,1747673100,157305.0,157340.0,157205.0,157265.0,77528,5,237760
WIN$D,M15,1747674000,157265.0,157270.0,157145.0,157230.0,58136,5,187616
WIN$D,M15,1747674900,157230.0,157345.0,157205.0,157290.0,43500,5,135718
WIN$D,M15,1747675800,157295.0,157300.0,157160.0,157240.0,43929,5,129241
WIN$D,M15,1747676700,157235.0,157335.0,157220.0,157265.0,32580,5,84876
WIN$D,M15,1747677600,157260.0,157310.0,157200.0,157225.0,27633,5,59427
WIN$D,M15,1747678500,157225.0,157410.0,157210.0,157400.0,18813,5,50807
WIN$D,M15,1747731600,157390.0,157440.0,157005.0,157295.0,206537,5,555217
WIN$D,M15,1747732500,157295.0,157380.0,157165.0,157215.0,98251,5,286082
WIN$D,M15,1747733400,157215.0,157365.0,157085.0,157320.0,118060,5,351909
WIN$D,M15,1747734300,157320.0,157545.0,157320.0,157465.0,137577,5,413393
WIN$D,M15,1747735200,157465.0,157485.0,157025.0,157155.0,266261,5,804498
WIN$D,M15,1747736100,157160.0,157160.0,156710.0,157005.0,276945,5,890925
WIN$D,M15,1747737000,157005.0,157025.0,156480.0,156570.0,250697,5,818327
WIN$D,M15,1747737900,156575.0,156985.0,156510.0,156860.0,219326,5,744174
WIN$D,M15,1747738800,156855.0,156955.0,156675.0,156700.0,142115,5,470579
WIN$D,M15,1747739700,156700.0,156915.0,156610.0,156740.0,134946,5,460656
WIN$D,M15,1747740600,156735.0,156965.0,156640.0,156965.0,116088,5,376098
WIN$D,M15,1747741500,156965.0,157040.0,156675.0,156845.0,129037,5,434479
WIN$D,M15,1747742400,156850.0,156970.0,156795.0,156930.0,72778,5,243908
WIN$D,M15,1747743300,156925.0,156955.0,156730.0,156935.0,73726,5,258351
WIN$D,M15,1747744200,156930.0,156945.0,156830.0,156880.0,50824,5,172012
WIN$D,M15,1747745100,156875.0,156940.0,156800.0,156880.0,48914,5,165785
WIN$D,M15,1747746000,156885.0,156930.0,156790.0,156820.0,49232,5,161586
WIN$D,M15,1747746900,156820.0,157125.0,156795.0,157115.0,98152,5,331749
WIN$D,M15,1747747800,157115.0,157270.0,157030.0,157240.0,76072,5,262959
WIN$D,M15,1747748700,157240.0,157265.0,157110.0,157175.0,62109,5,215222
WIN$D,M15,1747749600,157180.0,157210.0,157050.0,157130.0,77956,5,287080
WIN$D,M15,1747750500,157130.0,157150.0,156975.0,157035.0,59626,5,206119
WIN$D,M15,1747751400,157030.0,157035.0,156810.0,156965.0,86273,5,309834
WIN$D,M15,1747752300,156960.0,157105.0,156940.0,157080.0,51646,5,184673
WIN$D,M15,1747753200,157075.0,157100.0,156870.0,156875.0,64525,5,233766
WIN$D,M15,1747754100,156875.0,156925.0,156725.0,156755.0,96779,5,333212
WIN$D,M15,1747755000,156755.0,157035.0,156725.0,156935.0,83439,5,292979
WIN$D,M15,1747755900,156935.0,157140.0,156910.0,157105.0,64039,5,223692
WIN$D,M15,1747756800,157105.0,157205.0,157050.0,157180.0,67017,5,226355
WIN$D,M15,1747757700,157185.0,157685.0,157155.0,157490.0,127500,5,479278
WIN$D,M15,1747758600,157490.0,157635.0,157445.0,157615.0,59436,5,209049
WIN$D,M15,1747759500,157615.0,157820.0,157565.0,157755.0,82464,5,290779
WIN$D,M15,1747760400,157750.0,157755.0,157545.0,157610.0,46254,5,167232
WIN$D,M15,1747761300,157610.0,157655.0,157505.0,157560.0,36610,5,117652
WIN$D,M15,1747762200,157560.0,157580.0,157505.0,157565.0,20955,5,67550
WIN$D,M15,1747763100,157570.0,157690.0,157550.0,157570.0,33705,5,104251
WIN$D,M15,1747764000,157565.0,157600.0,157530.0,157560.0,21381,5,49851
WIN$D,M15,1747764900,157560.0,157615.0,157510.0,157590.0,12913,5,40251
WIN$D,M15,1747818000,157360.0,157550.0,157275.0,157505.0,211698,5,506193
WIN$D,M15,1747818900,157500.0,157605.0,157385.0,157385.0,131941,5,379360
WIN$D,M15,1747819800,157395.0,157600.0,157380.0,157550.0,111699,5,323699
WIN$D,M15,1747820700,157545.0,157585.0,157155.0,157220.0,175589,5,498427
WIN$D,M15,1747821600,157225.0,157240.0,156795.0,156890.0,227969,5,685947
WIN$D,M15,1747822500,156885.0,157110.0,156825.0,156840.0,204510,5,654828
WIN$D,M15,1747823400,156835.0,156920.0,156690.0,156845.0,199263,5,651117
WIN$D,M15,1747824300,156845.0,156875.0,156610.0,156795.0,136466,5,463388
WIN$D,M15,1747825200,156795.0,156870.0,156260.0,156315.0,224987,5,776646
WIN$D,M15,1747826100,156320.0,156340.0,155930.0,155970.0,165302,5,607320
WIN$D,M15,1747827000,155970.0,156080.0,155680.0,155945.0,213884,5,798713
WIN$D,M15,1747827900,155950.0,156175.0,155755.0,156145.0,134421,5,475651
WIN$D,M15,1747828800,156145.0,156195.0,155960.0,156090.0,112437,5,387660
WIN$D,M15,1747829700,156090.0,156160.0,155865.0,155920.0,90416,5,312966
WIN$D,M15,1747830600,155920.0,155990.0,155620.0,155745.0,100984,5,357138
WIN$D,M15,1747831500,155745.0,155830.0,155710.0,155740.0,51578,5,178172
WIN$D,M15,1747832400,155740.0,155850.0,155730.0,155800.0,48008,5,172565
WIN$D,M15,1747833300,155800.0,155815.0,155555.0,155600.0,96698,5,351163
WIN$D,M15,1747834200,155600.0,155770.0,155590.0,155705.0,61739,5,226619
WIN$D,M15,1747835100,155705.0,155885.0,155665.0,155855.0,67171,5,242916
WIN$D,M15,1747836000,155860.0,155935.0,155675.0,155730.0,87104,5,308798
WIN$D,M15,1747836900,155730.0,155745.0,155080.0,155100.0,230051,5,828101
WIN$D,M15,1747837800,155105.0,155390.0,154880.0,155305.0,155083,5,557955
WIN$D,M15,1747838700,155305.0,155325.0,155040.0,155210.0,101126,5,363782
WIN$D,M15,1747839600,155205.0,155225.0,154910.0,155050.0,115112,5,428131
WIN$D,M15,1747840500,155055.0,155140.0,154990.0,155060.0,66153,5,232742
WIN$D,M15,1747841400,155060.0,155270.0,155030.0,155145.0,79796,5,289347
WIN$D,M15,1747842300,155145.0,155200.0,155000.0,155060.0,80989,5,310801
WIN$D,M15,1747843200,155060.0,155260.0,155020.0,155175.0,74004,5,265572
WIN$D,M15,1747844100,155175.0,155260.0,155080.0,155110.0,64965,5,233514
WIN$D,M15,1747845000,155110.0,155400.0,155110.0,155350.0,76073,5,279193
WIN$D,M15,1747845900,155350.0,155390.0,155130.0,155150.0,68969,5,251064
WIN$D,M15,1747846800,155145.0,155210.0,155040.0,155100.0,53500,5,194592
WIN$D,M15,1747847700,155100.0,155170.0,155065.0,155100.0,31045,5,108740
WIN$D,M15,1747848600,155100.0,155145.0,155050.0,155060.0,22669,5,73620
WIN$D,M15,1747849500,155065.0,155080.0,154960.0,155065.0,25559,5,89215
WIN$D,M15,1747850400,155065.0,155130.0,155000.0,155115.0,22362,5,62963
WIN$D,M15,1747851300,155115.0,155250.0,155090.0,155150.0,11654,5,49075
WIN$D,M15,1747904400,155155.0,155300.0,154765.0,154815.0,211448,5,553506
WIN$D,M15,1747905300,154815.0,154830.0,154615.0,154755.0,160559,5,460518
WIN$D,M15,1747906200,154760.0,154805.0,154505.0,154765.0,180157,5,540349
WIN$D,M15,1747907100,154765.0,155245.0,154750.0,155200.0,211397,5,648112
WIN$D,M15,1747908000,155200.0,155530.0,155135.0,155215.0,264546,5,898748
WIN$D,M15,1747908900,155215.0,155455.0,155020.0,155230.0,261746,5,867103
WIN$D,M15,1747909800,155225.0,155245.0,154715.0,154905.0,246169,5,795364
WIN$D,M15,1747910700,154910.0,155065.0,154670.0,154860.0,170963,5,584984
WIN$D,M15,1747911600,154855.0,155250.0,154795.0,155050.0,194946,5,694409
WIN$D,M15,1747912500,155050.0,155140.0,154870.0,154895.0,133398,5,482203
WIN$D,M15,1747913400,154895.0,155230.0,154835.0,155180.0,123862,5,442503
WIN$D,M15,1747914300,155175.0,155420.0,155090.0,155365.0,111427,5,368699
WIN$D,M15,1747915200,155370.0,155465.0,155205.0,155355.0,133290,5,492964
WIN$D,M15,1747916100,155355.0,155400.0,155225.0,155235.0,104658,5,399268
WIN$D,M15,1747917000,155235.0,155365.0,155145.0,155165.0,89233,5,328586
WIN$D,M15,1747917900,155165.0,155220.0,155045.0,155120.0,68920,5,244072
WIN$D,M15,1747918800,155120.0,155350.0,155060.0,155315.0,89795,5,330922
WIN$D,M15,1747919700,155315.0,155480.0,155230.0,155360.0,86147,5,316832
WIN$D,M15,1747920600,155365.0,155370.0,155185.0,155215.0,50644,5,177272
WIN$D,M15,1747921500,155215.0,155360.0,155155.0,155170.0,58247,5,204463
WIN$D,M15,1747922400,155170.0,155280.0,155165.0,155180.0,42807,5,160187
WIN$D,M15,1747923300,155180.0,156075.0,155170.0,155845.0,224163,5,816955
WIN$D,M15,1747924200,155845.0,156030.0,155800.0,155940.0,99486,5,352013
WIN$D,M15,1747925100,155945.0,156240.0,155930.0,155995.0,101417,5,360208
WIN$D,M15,1747926000,155995.0,156035.0,155750.0,155805.0,87936,5,319783
WIN$D,M15,1747926900,155805.0,155840.0,155715.0,155770.0,62643,5,245058
WIN$D,M15,1747927800,155775.0,155880.0,154895.0,154980.0,192998,5,753200
WIN$D,M15,1747928700,154975.0,155105.0,154410.0,154415.0,180886,5,645792
WIN$D,M15,1747929600,154410.0,154885.0,154255.0,154810.0,143088,5,468412
WIN$D,M15,1747930500,154810.0,155050.0,154735.0,155000.0,88846,5,292099
WIN$D,M15,1747931400,155005.0,155015.0,154610.0,154625.0,105659,5,351335
WIN$D,M15,1747932300,154620.0,154825.0,154445.0,154520.0,114559,5,358806
WIN$D,M15,1747933200,154520.0,154600.0,154440.0,154575.0,50153,5,163298
WIN$D,M15,1747934100,154570.0,154635.0,153980.0,154020.0,103311,5,358773
WIN$D,M15,1747935000,154015.0,154075.0,153785.0,153815.0,71622,5,227391
WIN$D,M15,1747935900,153815.0,153820.0,153435.0,153490.0,74549,5,226029
WIN$D,M15,1747936800,153485.0,153555.0,151890.0,151970.0,105935,5,326648
WIN$D,M15,1747937700,151975.0,152695.0,151265.0,152380.0,31681,5,107853
WIN$D,M15,1747990800,152530.0,152875.0,152050.0,152575.0,317290,5,798794
WIN$D,M15,1747991700,152570.0,153450.0,152505.0,153380.0,246684,5,710016
WIN$D,M15,1747992600,153375.0,153380.0,152545.0,152605.0,193199,5,558612
WIN$D,M15,1747993500,152600.0,153055.0,152495.0,152960.0,152276,5,456327
WIN$D,M15,1747994400,152960.0,152965.0,152255.0,152255.0,231019,5,670279
WIN$D,M15,1747995300,152255.0,152650.0,152090.0,152545.0,256262,5,786753
WIN$D,M15,1747996200,152545.0,153425.0,152450.0,153245.0,314461,5,930363
WIN$D,M15,1747997100,153250.0,153410.0,152930.0,153085.0,228032,5,622798
WIN$D,M15,1747998000,153080.0,153580.0,153080.0,153505.0,190324,5,570100
WIN$D,M15,1747998900,153505.0,153815.0,153420.0,153630.0,199110,5,619774
WIN$D,M15,1747999800,153630.0,154180.0,153560.0,154050.0,194009,5,622514
WIN$D,M15,1748000700,154050.0,154325.0,153820.0,154140.0,154632,5,512533
WIN$D,M15,1748001600,154140.0,154360.0,154040.0,154045.0,102501,5,310349
WIN$D,M15,1748002500,154045.0,154415.0,153980.0,154400.0,109729,5,334203
WIN$D,M15,1748003400,154405.0,154520.0,154295.0,154315.0,110062,5,354263
WIN$D,M15,1748004300,154315.0,154555.0,154275.0,154320.0,95284,5,305181
WIN$D,M15,1748005200,154320.0,154690.0,154315.0,154665.0,109923,5,349416
WIN$D,M15,1748006100,154665.0,154970.0,154625.0,154910.0,116511,5,376251
WIN$D,M15,1748007000,154910.0,154935.0,154550.0,154610.0,103462,5,323060
WIN$D,M15,1748007900,154610.0,154725.0,154330.0,154410.0,137259,5,434183
WIN$D,M15,1748008800,154410.0,154470.0,154075.0,154405.0,127672,5,392666
WIN$D,M15,1748009700,154400.0,154670.0,154375.0,154645.0,81822,5,262537
WIN$D,M15,1748010600,154645.0,154725.0,154455.0,154570.0,85638,5,277634
WIN$D,M15,1748011500,154570.0,154690.0,154315.0,154360.0,87462,5,268907
WIN$D,M15,1748012400,154355.0,154470.0,154215.0,154440.0,93082,5,297974
WIN$D,M15,1748013300,154435.0,154610.0,154310.0,154545.0,100395,5,308319
WIN$D,M15,1748014200,154545.0,155085.0,154445.0,154865.0,117198,5,357210
WIN$D,M15,1748015100,154870.0,154875.0,154695.0,154760.0,64126,5,204825
WIN$D,M15,1748016000,154760.0,154960.0,154725.0,154890.0,55592,5,165922
WIN$D,M15,1748016900,154895.0,154905.0,154605.0,154685.0,71223,5,232956
WIN$D,M15,1748017800,154690.0,154940.0,154590.0,154930.0,79349,5,234057
WIN$D,M15,1748018700,154930.0,155055.0,154840.0,155000.0,78341,5,242686
WIN$D,M15,1748019600,155000.0,155185.0,154895.0,154950.0,83985,5,253054
WIN$D,M15,1748020500,154950.0,155070.0,154935.0,155025.0,33351,5,93385
WIN$D,M15,1748021400,155020.0,155025.0,154815.0,154885.0,40096,5,116887
WIN$D,M15,1748022300,154885.0,155040.0,154845.0,154960.0,29466,5,71800
WIN$D,M15,1748023200,154955.0,155295.0,154890.0,155030.0,45066,5,116914
WIN$D,M15,1748024100,155025.0,155065.0,154910.0,154920.0,13948,5,31621
WIN$D,M15,1748250000,155290.0,155585.0,155095.0,155380.0,202563,5,511808
WIN$D,M15,1748250900,155380.0,155525.0,155075.0,155105.0,165697,5,465098
WIN$D,M15,1748251800,155110.0,155155.0,154805.0,154945.0,162729,5,468151
WIN$D,M15,1748252700,154945.0,155170.0,154830.0,155005.0,173143,5,499837
WIN$D,M15,1748253600,155005.0,155365.0,154950.0,155260.0,288432,5,819968
WIN$D,M15,1748254500,155255.0,155460.0,154940.0,155300.0,238361,5,694555
WIN$D,M15,1748255400,155300.0,155885.0,155105.0,155805.0,291986,5,899308
WIN$D,M15,1748256300,155810.0,156055.0,155555.0,155580.0,211099,5,655522
WIN$D,M15,1748257200,155585.0,155670.0,155200.0,155225.0,186851,5,572368
WIN$D,M15,1748258100,155230.0,155600.0,155145.0,155510.0,155222,5,497142
WIN$D,M15,1748259000,155510.0,155655.0,155290.0,155485.0,146370,5,450334
WIN$D,M15,1748259900,155485.0,155505.0,155180.0,155230.0,113896,5,357039
WIN$D,M15,1748260800,155230.0,155450.0,155160.0,155310.0,117520,5,366285
WIN$D,M15,1748261700,155305.0,155380.0,154930.0,155025.0,103588,5,323602
WIN$D,M15,1748262600,155025.0,155185.0,154980.0,155175.0,66795,5,203635
WIN$D,M15,1748263500,155175.0,155235.0,154985.0,155115.0,77430,5,236031
WIN$D,M15,1748264400,155115.0,155210.0,155075.0,155185.0,43515,5,131905
WIN$D,M15,1748265300,155185.0,155285.0,155150.0,155255.0,43141,5,132770
WIN$D,M15,1748266200,155255.0,155335.0,155115.0,155305.0,65278,5,200920
WIN$D,M15,1748267100,155305.0,155335.0,155065.0,155145.0,62943,5,191369
WIN$D,M15,1748268000,155150.0,155225.0,155090.0,155170.0,43111,5,137986
WIN$D,M15,1748268900,155170.0,155310.0,155070.0,155145.0,61672,5,191988
WIN$D,M15,1748269800,155145.0,155320.0,155140.0,155275.0,44464,5,131594
WIN$D,M15,1748270700,155275.0,155470.0,155230.0,155435.0,74586,5,213866
WIN$D,M15,1748271600,155435.0,155490.0,155315.0,155375.0,58053,5,160842
WIN$D,M15,1748272500,155375.0,155400.0,155260.0,155325.0,52820,5,142540
WIN$D,M15,1748273400,155330.0,155455.0,155310.0,155370.0,48170,5,135121
WIN$D,M15,1748274300,155370.0,155415.0,155295.0,155315.0,35561,5,88753
WIN$D,M15,1748275200,155315.0,155425.0,155260.0,155415.0,62364,5,175822
WIN$D,M15,1748276100,155415.0,155425.0,155320.0,155350.0,48512,5,145273
WIN$D,M15,1748277000,155355.0,155405.0,155330.0,155390.0,24804,5,68554
WIN$D,M15,1748277900,155395.0,155440.0,155335.0,155375.0,30209,5,93459
WIN$D,M15,1748278800,155380.0,155545.0,155355.0,155500.0,47918,5,147285
WIN$D,M15,1748279700,155505.0,155530.0,155425.0,155485.0,30582,5,83463
WIN$D,M15,1748280600,155485.0,155500.0,155415.0,155445.0,20284,5,47108
WIN$D,M15,1748281500,155440.0,155475.0,155430.0,155450.0,16941,5,29522
WIN$D,M15,1748282400,155445.0,155520.0,155365.0,155470.0,33101,5,65401
WIN$D,M15,1748283300,155465.0,155565.0,155455.0,155510.0,12099,5,30743
WIN$D,M15,1748336400,156110.0,156905.0,156110.0,156775.0,269457,5,664606
WIN$D,M15,1748337300,156780.0,157360.0,156730.0,157310.0,214590,5,605323
WIN$D,M15,1748338200,157315.0,157715.0,157245.0,157460.0,241950,5,694064
WIN$D,M15,1748339100,157460.0,157490.0,157115.0,157190.0,193334,5,543637
WIN$D,M15,1748340000,157185.0,157380.0,156865.0,157030.0,291520,5,793763
WIN$D,M15,1748340900,157030.0,157325.0,156930.0,157055.0,215872,5,606655
WIN$D,M15,1748341800,157055.0,157270.0,156870.0,157070.0,229402,5,685367
WIN$D,M15,1748342700,157070.0,157100.0,156710.0,156775.0,160207,5,493268
WIN$D,M15,1748343600,156780.0,157355.0,156720.0,157280.0,182677,5,565289
WIN$D,M15,1748344500,157280.0,157635.0,157270.0,157350.0,169583,5,536865
WIN$D,M15,1748345400,157350.0,157375.0,157050.0,157185.0,165673,5,538728
WIN$D,M15,1748346300,157190.0,157370.0,157035.0,157095.0,120501,5,384937
WIN$D,M15,1748347200,157090.0,157125.0,156875.0,156930.0,100508,5,342552
WIN$D,M15,1748348100,156935.0,156940.0,156625.0,156750.0,113100,5,371872
WIN$D,M15,1748349000,156755.0,156855.0,156670.0,156685.0,92260,5,306830
WIN$D,M15,1748349900,156690.0,156860.0,156650.0,156745.0,77653,5,258233
WIN$D,M15,1748350800,156745.0,156910.0,156715.0,156810.0,70536,5,236459
WIN$D,M15,1748351700,156815.0,156955.0,156735.0,156800.0,73601,5,236687
WIN$D,M15,1748352600,156800.0,156945.0,156695.0,156775.0,84259,5,297487
WIN$D,M15,1748353500,156775.0,156780.0,156510.0,156570.0,111320,5,377650
WIN$D,M15,1748354400,156570.0,156790.0,156515.0,156740.0,83090,5,289970
WIN$D,M15,1748355300,156740.0,156890.0,156700.0,156830.0,67455,5,242556
WIN$D,M15,1748356200,156830.0,156955.0,156800.0,156850.0,57753,5,209791
WIN$D,M15,1748357100,156850.0,157110.0,156845.0,156990.0,93422,5,327586
WIN$D,M15,1748358000,156995.0,157060.0,156880.0,156940.0,78282,5,269042
WIN$D,M15,1748358900,156935.0,157085.0,156930.0,157075.0,65473,5,209745
WIN$D,M15,1748359800,157080.0,157125.0,156855.0,156905.0,83715,5,272864
WIN$D,M15,1748360700,156905.0,156915.0,156735.0,156780.0,78317,5,258700
WIN$D,M15,1748361600,156775.0,156880.0,156720.0,156835.0,69576,5,236438
WIN$D,M15,1748362500,156835.0,156905.0,156655.0,156710.0,72431,5,232690
WIN$D,M15,1748363400,156710.0,156835.0,156630.0,156795.0,66658,5,199706
WIN$D,M15,1748364300,156790.0,156930.0,156755.0,156890.0,65156,5,188835
WIN$D,M15,1748365200,156885.0,156910.0,156750.0,156870.0,58690,5,163185
WIN$D,M15,1748366100,156870.0,157025.0,156855.0,157005.0,41303,5,130230
WIN$D,M15,1748367000,157005.0,157050.0,156940.0,157015.0,28082,5,75355
WIN$D,M15,1748367900,157025.0,157065.0,156945.0,156995.0,35437,5,70440
WIN$D,M15,1748368800,156995.0,157065.0,156990.0,157025.0,23250,5,40792
WIN$D,M15,1748369700,157020.0,157065.0,156990.0,157020.0,12874,5,35404
WIN$D,M15,1748422800,156885.0,156955.0,156540.0,156905.0,213346,5,522631
WIN$D,M15,1748423700,156900.0,157170.0,156780.0,157040.0,181501,5,496774
WIN$D,M15,1748424600,157040.0,157070.0,156810.0,156820.0,142811,5,392094
WIN$D,M15,1748425500,156820.0,157050.0,156630.0,156635.0,172701,5,471199
WIN$D,M15,1748426400,156635.0,156740.0,156040.0,156050.0,273801,5,817236
WIN$D,M15,1748427300,156050.0,156210.0,155780.0,156115.0,203864,5,618796
WIN$D,M15,1748428200,156110.0,156470.0,156035.0,156170.0,223720,5,678290
WIN$D,M15,1748429100,156175.0,156290.0,156010.0,156190.0,140695,5,410792
WIN$D,M15,1748430000,156195.0,156315.0,155890.0,155940.0,140907,5,426410
WIN$D,M15,1748430900,155945.0,156100.0,155815.0,155990.0,133367,5,426415
WIN$D,M15,1748431800,155990.0,156300.0,155890.0,156260.0,127258,5,406208
WIN$D,M15,1748432700,156260.0,156280.0,156065.0,156205.0,91755,5,288712
WIN$D,M15,1748433600,156205.0,156275.0,155840.0,155865.0,99459,5,310717
WIN$D,M15,1748434500,155865.0,156035.0,155860.0,155940.0,77126,5,249031
WIN$D,M15,1748435400,155940.0,155945.0,155655.0,155770.0,107205,5,337712
WIN$D,M15,1748436300,155770.0,155880.0,155740.0,155780.0,52222,5,171430
WIN$D,M15,1748437200,155785.0,155895.0,155710.0,155740.0,67385,5,215717
WIN$D,M15,1748438100,155740.0,155810.0,155660.0,155770.0,55913,5,182897
WIN$D,M15,1748439000,155775.0,155860.0,155705.0,155855.0,47995,5,147843
WIN$D,M15,1748439900,155860.0,155860.0,155725.0,155805.0,45025,5,144580
WIN$D,M15,1748440800,155800.0,156080.0,155775.0,156055.0,71605,5,226512
WIN$D,M15,1748441700,156050.0,156320.0,156025.0,156170.0,104692,5,343572
WIN$D,M15,1748442600,156170.0,156275.0,156055.0,156105.0,64691,5,205601
WIN$D,M15,1748443500,156110.0,156205.0,156075.0,156090.0,46401,5,149366
WIN$D,M15,1748444400,156095.0,156190.0,156085.0,156130.0,33331,5,105584
WIN$D,M15,1748445300,156130.0,156225.0,155985.0,156025.0,67559,5,218545
WIN$D,M15,1748446200,156020.0,156255.0,156005.0,156205.0,75472,5,254853
WIN$D,M15,1748447100,156205.0,156270.0,155960.0,156210.0,94444,5,308642
WIN$D,M15,1748448000,156205.0,156230.0,156065.0,156150.0,54315,5,184649
WIN$D,M15,1748448900,156145.0,156175.0,156060.0,156115.0,40330,5,126980
WIN$D,M15,1748449800,156115.0,156175.0,156070.0,156115.0,33131,5,103254
WIN$D,M15,1748450700,156115.0,156240.0,156115.0,156145.0,50052,5,164936
WIN$D,M15,1748451600,156145.0,156175.0,156060.0,156135.0,46669,5,145971
WIN$D,M15,1748452500,156135.0,156260.0,156090.0,156215.0,52047,5,147739
WIN$D,M15,1748453400,156215.0,156330.0,156205.0,156290.0,26510,5,76769
WIN$D,M15,1748454300,156290.0,156410.0,156265.0,156375.0,30053,5,67756
WIN$D,M15,1748455200,156375.0,156455.0,156335.0,156405.0,33612,5,61123
WIN$D,M15,1748456100,156400.0,156465.0,156370.0,156375.0,15501,5,36971
WIN$D,M15,1748509200,156690.0,156690.0,155985.0,156015.0,241366,5,599373
WIN$D,M15,1748510100,156015.0,156040.0,155695.0,155730.0,164644,5,473954
WIN$D,M15,1748511000,155730.0,155795.0,155460.0,155745.0,173234,5,505286
WIN$D,M15,1748511900,155745.0,155815.0,155495.0,155765.0,178811,5,510832
WIN$D,M15,1748512800,155765.0,156195.0,155610.0,156075.0,298895,5,847099
WIN$D,M15,1748513700,156075.0,156215.0,155735.0,155775.0,241309,5,673674
WIN$D,M15,1748514600,155780.0,155810.0,155195.0,155245.0,294193,5,919163
WIN$D,M15,1748515500,155240.0,155660.0,155155.0,155290.0,222755,5,677640
WIN$D,M15,1748516400,155285.0,155585.0,155220.0,155580.0,173427,5,513425
WIN$D,M15,1748517300,155575.0,155895.0,155440.0,155855.0,169071,5,497943
WIN$D,M15,1748518200,155850.0,156035.0,155690.0,155760.0,172866,5,531388
WIN$D,M15,1748519100,155760.0,155955.0,155630.0,155800.0,133459,5,424646
WIN$D,M15,1748520000,155795.0,155840.0,155610.0,155735.0,87350,5,291869
WIN$D,M15,1748520900,155735.0,155800.0,155490.0,155585.0,78633,5,270387
WIN$D,M15,1748521800,155585.0,155635.0,155200.0,155225.0,108780,5,373413
WIN$D,M15,1748522700,155220.0,155320.0,154970.0,155030.0,112050,5,390066
WIN$D,M15,1748523600,155030.0,155290.0,154925.0,155285.0,95995,5,304377
WIN$D,M15,1748524500,155285.0,155500.0,155265.0,155385.0,79015,5,249311
WIN$D,M15,1748525400,155390.0,155485.0,155295.0,155330.0,69820,5,225799
WIN$D,M15,1748526300,155325.0,155430.0,155265.0,155385.0,67861,5,219455
WIN$D,M15,1748527200,155390.0,155570.0,155290.0,155530.0,106721,5,376782
WIN$D,M15,1748528100,155530.0,155725.0,155470.0,155595.0,89096,5,292941
WIN$D,M15,1748529000,155595.0,156090.0,155575.0,155935.0,131969,5,441999
WIN$D,M15,1748529900,155940.0,155975.0,155815.0,155870.0,76021,5,253874
WIN$D,M15,1748530800,155865.0,156200.0,155855.0,156085.0,108531,5,355600
WIN$D,M15,1748531700,156085.0,156120.0,155950.0,156000.0,68134,5,229714
WIN$D,M15,1748532600,156000.0,156195.0,155980.0,156090.0,77825,5,255908
WIN$D,M15,1748533500,156095.0,156100.0,155780.0,155815.0,79642,5,267423
WIN$D,M15,1748534400,155815.0,156000.0,155795.0,155965.0,70296,5,226006
WIN$D,M15,1748535300,155965.0,156005.0,155780.0,155810.0,62731,5,204793
WIN$D,M15,1748536200,155815.0,155900.0,155720.0,155740.0,58765,5,175694
WIN$D,M15,1748537100,155740.0,155860.0,155560.0,155680.0,75232,5,247853
WIN$D,M15,1748538000,155680.0,155740.0,155610.0,155700.0,38136,5,121273
WIN$D,M15,1748538900,155700.0,155710.0,155600.0,155690.0,25179,5,86173
WIN$D,M15,1748539800,155690.0,155715.0,155655.0,155690.0,18857,5,59016
WIN$D,M15,1748540700,155685.0,155815.0,155675.0,155770.0,26634,5,76166
WIN$D,M15,1748541600,155770.0,155805.0,155710.0,155750.0,15563,5,39514
WIN$D,M15,1748542500,155755.0,155810.0,155695.0,155695.0,10778,5,35854
WIN$D,M15,1748595600,155690.0,155995.0,155185.0,155305.0,318599,5,775595
WIN$D,M15,1748596500,155305.0,155920.0,155275.0,155870.0,174354,5,466185
WIN$D,M15,1748597400,155870.0,155975.0,155590.0,155755.0,192504,5,503992
WIN$D,M15,1748598300,155755.0,156135.0,155720.0,155905.0,195778,5,513878
WIN$D,M15,1748599200,155905.0,155905.0,155090.0,155305.0,273145,5,786812
WIN$D,M15,1748600100,155305.0,155605.0,154955.0,155085.0,234677,5,699154
WIN$D,M15,1748601000,155085.0,155100.0,154385.0,154475.0,246076,5,734909
WIN$D,M15,1748601900,154470.0,154620.0,154205.0,154310.0,189132,5,566811
WIN$D,M15,1748602800,154310.0,154375.0,153900.0,154010.0,208274,5,656081
WIN$D,M15,1748603700,154015.0,154115.0,153795.0,153955.0,139537,5,426045
WIN$D,M15,1748604600,153950.0,154330.0,153830.0,154250.0,159558,5,514878
WIN$D,M15,1748605500,154245.0,154255.0,153900.0,154105.0,133605,5,435358
WIN$D,M15,1748606400,154110.0,154360.0,154015.0,154280.0,116098,5,363140
WIN$D,M15,1748607300,154280.0,154335.0,154120.0,154275.0,74019,5,234316
WIN$D,M15,1748608200,154280.0,154330.0,154040.0,154080.0,88571,5,289443
WIN$D,M15,1748609100,154085.0,154205.0,153975.0,154080.0,80136,5,256569
WIN$D,M15,1748610000,154085.0,154175.0,154035.0,154115.0,48268,5,150105
WIN$D,M15,1748610900,154115.0,154120.0,153700.0,153775.0,105652,5,330748
WIN$D,M15,1748611800,153770.0,153950.0,153625.0,153890.0,110171,5,331000
WIN$D,M15,1748612700,153890.0,154075.0,153855.0,154045.0,70233,5,214437
WIN$D,M15,1748613600,154050.0,154275.0,154000.0,154150.0,96085,5,307884
WIN$D,M15,1748614500,154150.0,154325.0,154090.0,154215.0,84047,5,272889
WIN$D,M15,1748615400,154215.0,154410.0,154190.0,154355.0,84451,5,275553
WIN$D,M15,1748616300,154355.0,154465.0,154270.0,154305.0,83525,5,270510
WIN$D,M15,1748617200,154300.0,154525.0,154285.0,154450.0,82543,5,264400
WIN$D,M15,1748618100,154450.0,154665.0,154380.0,154565.0,99767,5,313427
WIN$D,M15,1748619000,154560.0,154575.0,154350.0,154410.0,87294,5,270702
WIN$D,M15,1748619900,154415.0,154430.0,154185.0,154290.0,77823,5,242416
WIN$D,M15,1748620800,154285.0,154445.0,154260.0,154285.0,74883,5,240436
WIN$D,M15,1748621700,154280.0,154385.0,154250.0,154315.0,52283,5,158561
WIN$D,M15,1748622600,154320.0,154325.0,154045.0,154140.0,82958,5,253007
WIN$D,M15,1748623500,154140.0,154340.0,154090.0,154230.0,84992,5,255132
WIN$D,M15,1748624400,154235.0,154490.0,154225.0,154315.0,80279,5,249748
WIN$D,M15,1748625300,154315.0,154335.0,154160.0,154200.0,42196,5,123929
WIN$D,M15,1748626200,154205.0,154265.0,154190.0,154230.0,21185,5,57737
WIN$D,M15,1748627100,154225.0,154250.0,153800.0,153975.0,59860,5,153189
WIN$D,M15,1748628000,153975.0,153980.0,153805.0,153840.0,30029,5,66188
WIN$D,M15,1748628900,153845.0,154110.0,153825.0,154110.0,11313,5,31858
WIN$D,M15,1748854800,154200.0,154600.0,154050.0,154470.0,235963,5,561027
WIN$D,M15,1748855700,154465.0,154880.0,154455.0,154825.0,153726,5,410500
WIN$D,M15,1748856600,154830.0,155170.0,154745.0,155105.0,152703,5,458048
WIN$D,M15,1748857500,155105.0,155415.0,155075.0,155380.0,179689,5,520392
WIN$D,M15,1748858400,155380.0,155660.0,155155.0,155270.0,254352,5,810857
WIN$D,M15,1748859300,155270.0,155380.0,154620.0,154730.0,255896,5,828184
WIN$D,M15,1748860200,154735.0,154810.0,154125.0,154250.0,244877,5,818507
WIN$D,M15,1748861100,154245.0,154365.0,153960.0,154220.0,215954,5,709937
WIN$D,M15,1748862000,154220.0,154340.0,153915.0,154160.0,178659,5,548317
WIN$D,M15,1748862900,154160.0,154315.0,153950.0,154160.0,149199,5,451957
WIN$D,M15,1748863800,154160.0,154225.0,153970.0,154120.0,135796,5,441159
WIN$D,M15,1748864700,154120.0,154140.0,153865.0,153980.0,122304,5,384976
WIN$D,M15,1748865600,153975.0,153995.0,153695.0,153960.0,141963,5,460682
WIN$D,M15,1748866500,153955.0,154140.0,153900.0,153950.0,99037,5,320825
WIN$D,M15,1748867400,153955.0,154015.0,153835.0,153885.0,88938,5,285825
WIN$D,M15,1748868300,153885.0,153950.0,153705.0,153740.0,82496,5,259209
WIN$D,M15,1748869200,153745.0,153820.0,153645.0,153675.0,78285,5,249115
WIN$D,M15,1748870100,153670.0,153700.0,153540.0,153645.0,80282,5,255522
WIN$D,M15,1748871000,153645.0,153690.0,153450.0,153485.0,85474,5,270188
WIN$D,M15,1748871900,153490.0,153600.0,153430.0,153595.0,76498,5,243997
WIN$D,M15,1748872800,153595.0,153670.0,153490.0,153590.0,77342,5,245478
WIN$D,M15,1748873700,153595.0,153640.0,153400.0,153415.0,80232,5,263866
WIN$D,M15,1748874600,153420.0,153515.0,153375.0,153470.0,71485,5,221819
WIN$D,M15,1748875500,153470.0,153520.0,153345.0,153490.0,75553,5,248357
WIN$D,M15,1748876400,153495.0,153510.0,153330.0,153475.0,74581,5,241725
WIN$D,M15,1748877300,153475.0,153775.0,153465.0,153745.0,101678,5,325476
WIN$D,M15,1748878200,153745.0,153775.0,153520.0,153600.0,81308,5,266925
WIN$D,M15,1748879100,153595.0,153680.0,153505.0,153650.0,71667,5,235030
WIN$D,M15,1748880000,153645.0,153735.0,153560.0,153595.0,77760,5,250388
WIN$D,M15,1748880900,153595.0,153720.0,153575.0,153590.0,49280,5,164958
WIN$D,M15,1748881800,153590.0,153660.0,153470.0,153480.0,65595,5,217673
WIN$D,M15,1748882700,153485.0,153630.0,153475.0,153610.0,57689,5,196628
WIN$D,M15,1748883600,153610.0,153755.0,153550.0,153590.0,70779,5,230491
WIN$D,M15,1748884500,153590.0,153735.0,153560.0,153635.0,42674,5,124699
WIN$D,M15,1748885400,153635.0,153705.0,153635.0,153655.0,15795,5,49544
WIN$D,M15,1748886300,153660.0,153680.0,153540.0,153655.0,36137,5,96341
WIN$D,M15,1748887200,153650.0,153665.0,153565.0,153595.0,33671,5,61057
WIN$D,M15,1748888100,153590.0,153610.0,153435.0,153525.0,18805,5,54294
WIN$D,M15,1748941200,153615.0,153620.0,153395.0,153460.0,62793,5,138703
WIN$D,M15,1748943900,153290.0,153340.0,153035.0,153215.0,54699,5,125928
WIN$D,M15,1748944800,153210.0,153465.0,153100.0,153425.0,173422,5,416511
WIN$D,M15,1748945700,153420.0,153685.0,153190.0,153650.0,240717,5,682454
WIN$D,M15,1748946600,153650.0,153680.0,153055.0,153410.0,292286,5,889838
WIN$D,M15,1748947500,153410.0,153485.0,152990.0,153155.0,211916,5,602260
WIN$D,M15,1748948400,153160.0,153335.0,152935.0,153200.0,185659,5,528877
WIN$D,M15,1748949300,153200.0,153980.0,153155.0,153970.0,269081,5,820400
WIN$D,M15,1748950200,153965.0,153995.0,153640.0,153865.0,157869,5,484653
WIN$D,M15,1748951100,153865.0,154050.0,153715.0,153935.0,169465,5,508766
WIN$D,M15,1748952000,153935.0,154215.0,153895.0,153965.0,140326,5,415559
WIN$D,M15,1748952900,153970.0,153975.0,153715.0,153850.0,107120,5,328026
WIN$D,M15,1748953800,153850.0,154120.0,153830.0,154045.0,109700,5,339320
WIN$D,M15,1748954700,154040.0,154240.0,153905.0,154175.0,124105,5,397476
WIN$D,M15,1748955600,154180.0,154215.0,153905.0,153975.0,89775,5,270317
WIN$D,M15,1748956500,153975.0,154090.0,153905.0,153920.0,66564,5,193205
WIN$D,M15,1748957400,153920.0,154090.0,153905.0,154045.0,61365,5,182067
WIN$D,M15,1748958300,154040.0,154105.0,153870.0,154000.0,83012,5,255389
WIN$D,M15,1748959200,154005.0,154180.0,153970.0,154065.0,83118,5,255732
WIN$D,M15,1748960100,154065.0,154075.0,153930.0,153945.0,42610,5,128418
WIN$D,M15,1748961000,153940.0,154285.0,153840.0,154180.0,123045,5,399599
WIN$D,M15,1748961900,154180.0,154390.0,154140.0,154290.0,89995,5,284957
WIN$D,M15,1748962800,154290.0,154620.0,154270.0,154365.0,132635,5,423196
WIN$D,M15,1748963700,154360.0,154500.0,154260.0,154290.0,87087,5,277539
WIN$D,M15,1748964600,154285.0,154350.0,154020.0,154135.0,138578,5,448755
WIN$D,M15,1748965500,154140.0,154390.0,154105.0,154330.0,78708,5,256773
WIN$D,M15,1748966400,154330.0,154405.0,154265.0,154365.0,63208,5,215833
WIN$D,M15,1748967300,154365.0,154410.0,154220.0,154340.0,55292,5,179231
WIN$D,M15,1748968200,154335.0,154465.0,154290.0,154390.0,55670,5,174585
WIN$D,M15,1748969100,154385.0,154455.0,154305.0,154425.0,53823,5,174273
WIN$D,M15,1748970000,154425.0,154450.0,154320.0,154440.0,40340,5,125995
WIN$D,M15,1748970900,154445.0,154515.0,154390.0,154485.0,47916,5,126521
WIN$D,M15,1748971800,154480.0,154555.0,154470.0,154480.0,25783,5,66242
WIN$D,M15,1748972700,154480.0,154525.0,154420.0,154440.0,25939,5,56757
WIN$D,M15,1748973600,154440.0,154590.0,154430.0,154580.0,23930,5,50257
WIN$D,M15,1748974500,154580.0,154665.0,154485.0,154580.0,23803,5,62154
WIN$D,M15,1749027600,154740.0,155320.0,154740.0,155095.0,257297,5,617111
WIN$D,M15,1749028500,155095.0,155470.0,155035.0,155160.0,250144,5,624694
WIN$D,M15,1749029400,155165.0,155455.0,155135.0,155390.0,197817,5,507557
WIN$D,M15,1749030300,155395.0,155440.0,155030.0,155155.0,152749,5,394203
WIN$D,M15,1749031200,155155.0,155270.0,154945.0,155040.0,238092,5,619285
WIN$D,M15,1749032100,155040.0,155500.0,154960.0,155130.0,258094,5,723150
WIN$D,M15,1749033000,155130.0,155285.0,154910.0,155040.0,252901,5,724310
WIN$D,M15,1749033900,155040.0,155410.0,154910.0,155120.0,195135,5,572715
WIN$D,M15,1749034800,155115.0,155455.0,154965.0,155400.0,215670,5,607851
WIN$D,M15,1749035700,155405.0,155640.0,155360.0,155375.0,207079,5,598765
WIN$D,M15,1749036600,155375.0,155410.0,154965.0,155105.0,174320,5,527634
WIN$D,M15,1749037500,155105.0,155150.0,154590.0,154645.0,183428,5,565117
WIN$D,M15,1749038400,154650.0,154735.0,154490.0,154535.0,149688,5,475729
WIN$D,M15,1749039300,154535.0,154570.0,154210.0,154315.0,148881,5,466703
WIN$D,M15,1749040200,154320.0,154455.0,154140.0,154195.0,117391,5,353270
WIN$D,M15,1749041100,154195.0,154315.0,154095.0,154150.0,73150,5,214319
WIN$D,M15,1749042000,154150.0,154240.0,154050.0,154135.0,78761,5,230459
WIN$D,M15,1749042900,154140.0,154210.0,153975.0,154035.0,71428,5,208117
WIN$D,M15,1749043800,154030.0,154125.0,153905.0,153975.0,85403,5,247169
WIN$D,M15,1749044700,153980.0,154120.0,153905.0,154030.0,71428,5,213166
WIN$D,M15,1749045600,154030.0,154050.0,153945.0,153990.0,45793,5,137001
WIN$D,M15,1749046500,153990.0,154085.0,153890.0,154035.0,71021,5,225411
WIN$D,M15,1749047400,154040.0,154155.0,153955.0,153980.0,74415,5,235668
WIN$D,M15,1749048300,153975.0,154015.0,153730.0,153795.0,98822,5,312334
WIN$D,M15,1749049200,153800.0,153850.0,153680.0,153765.0,77496,5,244066
WIN$D,M15,1749050100,153765.0,153790.0,153620.0,153655.0,58642,5,177298
WIN$D,M15,1749051000,153655.0,153805.0,153530.0,153600.0,99761,5,320133
WIN$D,M15,1749051900,153600.0,153720.0,153580.0,153670.0,52055,5,162529
WIN$D,M15,1749052800,153675.0,153705.0,153600.0,153610.0,41166,5,139979
WIN$D,M15,1749053700,153615.0,153755.0,153605.0,153705.0,44415,5,144045
WIN$D,M15,1749054600,153710.0,153720.0,153605.0,153665.0,53217,5,168915
WIN$D,M15,1749055500,153670.0,153780.0,153645.0,153705.0,57495,5,183795
WIN$D,M15,1749056400,153705.0,153790.0,153690.0,153765.0,38227,5,121097
WIN$D,M15,1749057300,153765.0,153930.0,153715.0,153885.0,60140,5,192265
WIN$D,M15,1749058200,153885.0,154015.0,153875.0,153965.0,31116,5,90834
WIN$D,M15,1749059100,153970.0,153975.0,153895.0,153910.0,26200,5,67950
WIN$D,M15,1749060000,153915.0,153965.0,153905.0,153955.0,20038,5,41185
WIN$D,M15,1749060900,153955.0,153980.0,153865.0,153905.0,13969,5,42078
WIN$D,M15,1749114000,154100.0,154240.0,153910.0,154020.0,205733,5,505258
WIN$D,M15,1749114900,154020.0,154175.0,153925.0,154010.0,122420,5,323880
WIN$D,M15,1749115800,154010.0,154140.0,153945.0,154075.0,122249,5,326383
WIN$D,M15,1749116700,154075.0,154340.0,153990.0,154065.0,216705,5,578815
WIN$D,M15,1749117600,154065.0,154170.0,153780.0,154140.0,295504,5,821094
WIN$D,M15,1749118500,154135.0,154150.0,153715.0,153960.0,272207,5,799271
WIN$D,M15,1749119400,153960.0,154235.0,153580.0,154125.0,349583,5,1032126
WIN$D,M15,1749120300,154125.0,154155.0,153785.0,153850.0,205589,5,595286
WIN$D,M15,1749121200,153850.0,153885.0,153275.0,153320.0,235689,5,709428
WIN$D,M15,1749122100,153320.0,153550.0,153310.0,153430.0,165749,5,472181
WIN$D,M15,1749123000,153430.0,153735.0,153290.0,153590.0,230683,5,674787
WIN$D,M15,1749123900,153585.0,153765.0,153465.0,153660.0,145720,5,423988
WIN$D,M15,1749124800,153655.0,153910.0,153640.0,153695.0,160066,5,496654
WIN$D,M15,1749125700,153695.0,153855.0,153670.0,153735.0,76966,5,220467
WIN$D,M15,1749126600,153735.0,153850.0,153625.0,153830.0,82799,5,246585
WIN$D,M15,1749127500,153825.0,154030.0,153775.0,153980.0,104606,5,330911
WIN$D,M15,1749128400,153980.0,154030.0,153910.0,153945.0,56492,5,165468
WIN$D,M15,1749129300,153945.0,153970.0,153765.0,153795.0,83219,5,247501
WIN$D,M15,1749130200,153795.0,153905.0,153770.0,153845.0,55459,5,161077
WIN$D,M15,1749131100,153845.0,153935.0,153670.0,153840.0,113817,5,335310
WIN$D,M15,1749132000,153840.0,153935.0,153760.0,153840.0,72005,5,216406
WIN$D,M15,1749132900,153835.0,153865.0,153695.0,153710.0,55909,5,163821
WIN$D,M15,1749133800,153715.0,153750.0,153605.0,153630.0,77001,5,242364
WIN$D,M15,1749134700,153630.0,153690.0,153350.0,153410.0,95919,5,303978
WIN$D,M15,1749135600,153405.0,153435.0,153055.0,153100.0,132690,5,406805
WIN$D,M15,1749136500,153095.0,153100.0,152770.0,152830.0,149418,5,477503
WIN$D,M15,1749137400,152830.0,152865.0,152660.0,152775.0,140112,5,454163
WIN$D,M15,1749138300,152775.0,153070.0,152770.0,153030.0,101303,5,326999
WIN$D,M15,1749139200,153030.0,153185.0,153000.0,153025.0,93255,5,296132
WIN$D,M15,1749140100,153030.0,153085.0,152800.0,153005.0,134546,5,439180
WIN$D,M15,1749141000,153000.0,153085.0,152905.0,152955.0,81708,5,240337
WIN$D,M15,1749141900,152950.0,153070.0,152855.0,152865.0,73169,5,220749
WIN$D,M15,1749142800,152865.0,152985.0,152830.0,152960.0,51008,5,149915
WIN$D,M15,1749143700,152965.0,153050.0,152890.0,153030.0,36952,5,109063
WIN$D,M15,1749144600,153035.0,153055.0,152955.0,152975.0,30521,5,80473
WIN$D,M15,1749145500,152970.0,153025.0,152925.0,152955.0,25298,5,57509
WIN$D,M15,1749146400,152955.0,153065.0,152935.0,153015.0,28180,5,55666
WIN$D,M15,1749147300,153010.0,153085.0,152985.0,153025.0,10091,5,34387
WIN$D,M15,1749200400,153490.0,153495.0,153020.0,153045.0,194754,5,460049
WIN$D,M15,1749201300,153040.0,153325.0,153035.0,153240.0,124439,5,308733
WIN$D,M15,1749202200,153240.0,153490.0,152930.0,153015.0,252467,5,649912
WIN$D,M15,1749203100,153020.0,153205.0,152870.0,153060.0,204465,5,549984
WIN$D,M15,1749204000,153060.0,153315.0,152920.0,153260.0,250061,5,721364
WIN$D,M15,1749204900,153255.0,153525.0,152970.0,153185.0,217326,5,654880
WIN$D,M15,1749205800,153190.0,153625.0,153155.0,153400.0,254933,5,769462
WIN$D,M15,1749206700,153405.0,153460.0,153195.0,153390.0,157481,5,472225
WIN$D,M15,1749207600,153390.0,153540.0,153040.0,153090.0,212796,5,626331
WIN$D,M15,1749208500,153085.0,153175.0,152755.0,152885.0,208127,5,608585
WIN$D,M15,1749209400,152890.0,152900.0,152465.0,152505.0,227012,5,668010
WIN$D,M15,1749210300,152510.0,152670.0,152420.0,152480.0,134036,5,388949
WIN$D,M15,1749211200,152485.0,152775.0,152415.0,152740.0,134757,5,385828
WIN$D,M15,1749212100,152740.0,152925.0,152505.0,152920.0,152271,5,444789
WIN$D,M15,1749213000,152920.0,153090.0,152780.0,153010.0,119419,5,350613
WIN$D,M15,1749213900,153010.0,153070.0,152880.0,153035.0,81619,5,246482
WIN$D,M15,1749214800,153035.0,153085.0,152840.0,152910.0,76958,5,222294
WIN$D,M15,1749215700,152910.0,152920.0,152715.0,152825.0,82871,5,248418
WIN$D,M15,1749216600,152830.0,152910.0,152665.0,152735.0,78943,5,230283
WIN$D,M15,1749217500,152735.0,152840.0,152400.0,152460.0,126521,5,384281
WIN$D,M15,1749218400,152460.0,152885.0,152420.0,152790.0,111409,5,336095
WIN$D,M15,1749219300,152790.0,152885.0,152590.0,152645.0,97207,5,287120
WIN$D,M15,1749220200,152645.0,152650.0,152425.0,152505.0,107640,5,325162
WIN$D,M15,1749221100,152505.0,152595.0,152335.0,152525.0,108193,5,310275
WIN$D,M15,1749222000,152530.0,152610.0,152405.0,152560.0,88499,5,278080
WIN$D,M15,1749222900,152560.0,152685.0,152520.0,152550.0,73501,5,231928
WIN$D,M15,1749223800,152550.0,152590.0,152415.0,152530.0,71916,5,247197
WIN$D,M15,1749224700,152530.0,152580.0,152380.0,152415.0,51836,5,162188
WIN$D,M15,1749225600,152415.0,152445.0,152240.0,152305.0,63386,5,202703
WIN$D,M15,1749226500,152305.0,152525.0,152305.0,152505.0,80317,5,261134
WIN$D,M15,1749227400,152510.0,152885.0,152510.0,152855.0,102954,5,311195
WIN$D,M15,1749228300,152850.0,152990.0,152820.0,152860.0,86151,5,259857
WIN$D,M15,1749229200,152860.0,152975.0,152750.0,152860.0,72312,5,221960
WIN$D,M15,1749230100,152860.0,152930.0,152790.0,152890.0,32634,5,97054
WIN$D,M15,1749231000,152890.0,153010.0,152870.0,152985.0,26920,5,79951
WIN$D,M15,1749231900,152985.0,153055.0,152945.0,152980.0,22679,5,60072
WIN$D,M15,1749232800,152975.0,152995.0,152840.0,152885.0,22989,5,58819
WIN$D,M15,1749233700,152885.0,153075.0,152865.0,152890.0,10871,5,35815
WIN$D,M15,1749459600,152865.0,153290.0,152535.0,152545.0,259161,5,608306
WIN$D,M15,1749460500,152545.0,152595.0,151665.0,151715.0,253366,5,701445
WIN$D,M15,1749461400,151720.0,151790.0,151440.0,151575.0,183756,5,494677
WIN$D,M15,1749462300,151575.0,151840.0,151545.0,151815.0,126345,5,357556
WIN$D,M15,1749463200,151815.0,152340.0,151800.0,152020.0,271188,5,761952
WIN$D,M15,1749464100,152020.0,152160.0,151465.0,151710.0,251153,5,729357
WIN$D,M15,1749465000,151710.0,151965.0,151155.0,151165.0,295687,5,893017
WIN$D,M15,1749465900,151160.0,151210.0,150610.0,150655.0,232826,5,709144
WIN$D,M15,1749466800,150660.0,151005.0,150630.0,150815.0,171938,5,488472
WIN$D,M15,1749467700,150815.0,150985.0,150680.0,150870.0,127533,5,375713
WIN$D,M15,1749468600,150865.0,151085.0,150640.0,151040.0,140330,5,429564
WIN$D,M15,1749469500,151045.0,151360.0,151035.0,151295.0,141573,5,428950
WIN$D,M15,1749470400,151295.0,151555.0,151270.0,151495.0,122108,5,362320
WIN$D,M15,1749471300,151495.0,151920.0,151490.0,151830.0,137180,5,428722
WIN$D,M15,1749472200,151830.0,152010.0,151780.0,151855.0,103580,5,334410
WIN$D,M15,1749473100,151860.0,151960.0,151760.0,151875.0,89183,5,287573
WIN$D,M15,1749474000,151880.0,151995.0,151845.0,151875.0,82591,5,256813
WIN$D,M15,1749474900,151880.0,151975.0,151830.0,151855.0,52533,5,160581
WIN$D,M15,1749475800,151855.0,151925.0,151720.0,151880.0,77328,5,237069
WIN$D,M15,1749476700,151880.0,152300.0,151850.0,152035.0,149753,5,458270
WIN$D,M15,1749477600,152035.0,152280.0,152030.0,152175.0,93538,5,284834
WIN$D,M15,1749478500,152175.0,152285.0,152125.0,152255.0,66880,5,210674
WIN$D,M15,1749479400,152255.0,152395.0,152135.0,152270.0,90621,5,293715
WIN$D,M15,1749480300,152265.0,152385.0,152245.0,152270.0,63931,5,200160
WIN$D,M15,1749481200,152270.0,152515.0,152205.0,152455.0,109031,5,338287
WIN$D,M15,1749482100,152450.0,152500.0,152310.0,152360.0,68294,5,206484
WIN$D,M15,1749483000,152360.0,152510.0,152310.0,152435.0,73481,5,228112
WIN$D,M15,1749483900,152435.0,152585.0,152420.0,152470.0,70413,5,221034
WIN$D,M15,1749484800,152470.0,152540.0,152350.0,152475.0,77533,5,250228
WIN$D,M15,1749485700,152475.0,152510.0,152265.0,152270.0,75526,5,254810
WIN$D,M15,1749486600,152270.0,152340.0,152230.0,152265.0,73262,5,228080
WIN$D,M15,1749487500,152260.0,152365.0,152235.0,152315.0,65292,5,214847
WIN$D,M15,1749488400,152310.0,152390.0,152220.0,152315.0,65880,5,198920
WIN$D,M15,1749489300,152315.0,152370.0,152305.0,152360.0,25067,5,74112
WIN$D,M15,1749490200,152355.0,152365.0,152285.0,152360.0,24535,5,74996
WIN$D,M15,1749491100,152355.0,152390.0,152330.0,152385.0,19529,5,53426
WIN$D,M15,1749492000,152385.0,152445.0,152355.0,152370.0,22107,5,53824
WIN$D,M15,1749492900,152375.0,152405.0,152330.0,152380.0,16472,5,38067
WIN$D,M15,1749546000,152870.0,153600.0,152675.0,153570.0,350745,5,858356
WIN$D,M15,1749546900,153570.0,153705.0,153425.0,153550.0,250951,5,687038
WIN$D,M15,1749547800,153545.0,153800.0,153530.0,153645.0,182559,5,502038
WIN$D,M15,1749548700,153645.0,153850.0,153450.0,153450.0,219127,5,613171
WIN$D,M15,1749549600,153455.0,153630.0,153190.0,153255.0,323772,5,924500
WIN$D,M15,1749550500,153255.0,153300.0,152590.0,152815.0,311523,5,875751
WIN$D,M15,1749551400,152815.0,153330.0,152705.0,153275.0,273457,5,787969
WIN$D,M15,1749552300,153280.0,153475.0,153195.0,153380.0,201538,5,595553
WIN$D,M15,1749553200,153380.0,153975.0,153355.0,153915.0,259944,5,760576
WIN$D,M15,1749554100,153915.0,153950.0,153495.0,153680.0,177938,5,541500
WIN$D,M15,1749555000,153680.0,153700.0,153255.0,153490.0,181633,5,557047
WIN$D,M15,1749555900,153485.0,153560.0,153235.0,153410.0,147951,5,453376
WIN$D,M15,1749556800,153410.0,153430.0,153135.0,153300.0,131812,5,416385
WIN$D,M15,1749557700,153305.0,153410.0,153245.0,153330.0,75184,5,227314
WIN$D,M15,1749558600,153330.0,153465.0,153255.0,153450.0,125798,5,382931
WIN$D,M15,1749559500,153445.0,153535.0,153380.0,153495.0,76568,5,237216
WIN$D,M15,1749560400,153495.0,153755.0,153460.0,153615.0,106635,5,320742
WIN$D,M15,1749561300,153615.0,153655.0,153340.0,153355.0,81903,5,246952
WIN$D,M15,1749562200,153350.0,153390.0,153110.0,153345.0,128346,5,412733
WIN$D,M15,1749563100,153340.0,153415.0,153290.0,153390.0,65613,5,198720
WIN$D,M15,1749564000,153385.0,153560.0,153310.0,153430.0,90324,5,285327
WIN$D,M15,1749564900,153430.0,153440.0,153260.0,153320.0,71447,5,229559
WIN$D,M15,1749565800,153320.0,153345.0,152975.0,153080.0,123594,5,372737
WIN$D,M15,1749566700,153080.0,153160.0,152945.0,153055.0,91049,5,282999
WIN$D,M15,1749567600,153060.0,153125.0,152745.0,152885.0,123516,5,378931
WIN$D,M15,1749568500,152885.0,152940.0,152755.0,152900.0,69301,5,207614
WIN$D,M15,1749569400,152905.0,153040.0,152790.0,152920.0,94074,5,292285
WIN$D,M15,1749570300,152915.0,152975.0,152800.0,152925.0,79550,5,246508
WIN$D,M15,1749571200,152930.0,153110.0,152895.0,153095.0,77406,5,245826
WIN$D,M15,1749572100,153095.0,153155.0,153035.0,153105.0,56049,5,177473
WIN$D,M15,1749573000,153105.0,153130.0,153010.0,153085.0,63778,5,202248
WIN$D,M15,1749573900,153085.0,153095.0,152920.0,153030.0,71590,5,219738
WIN$D,M15,1749574800,153030.0,153070.0,152875.0,152950.0,60648,5,177226
WIN$D,M15,1749575700,152950.0,153155.0,152945.0,153110.0,53699,5,175026
WIN$D,M15,1749576600,153110.0,153145.0,153040.0,153090.0,29014,5,78615
WIN$D,M15,1749577500,153085.0,153110.0,153015.0,153065.0,26775,5,65343
WIN$D,M15,1749578400,153070.0,153225.0,153055.0,153195.0,24261,5,55442
WIN$D,M15,1749579300,153195.0,153350.0,153135.0,153135.0,17160,5,45989
WIN$D,M15,1749632400,153110.0,153210.0,152080.0,152410.0,425650,5,1017716
WIN$D,M15,1749633300,152410.0,152560.0,152215.0,152370.0,220093,5,534894
WIN$D,M15,1749634200,152370.0,153035.0,151800.0,152805.0,399784,5,928793
WIN$D,M15,1749635100,152805.0,152820.0,152405.0,152435.0,206334,5,516591
WIN$D,M15,1749636000,152435.0,152700.0,152105.0,152600.0,296440,5,813804
WIN$D,M15,1749636900,152600.0,152600.0,152015.0,152265.0,235787,5,660362
WIN$D,M15,1749637800,152265.0,152605.0,151985.0,152500.0,249376,5,718358
WIN$D,M15,1749638700,152495.0,153045.0,152400.0,153005.0,231747,5,671578
WIN$D,M15,1749639600,153005.0,153480.0,152980.0,153325.0,227626,5,701301
WIN$D,M15,1749640500,153330.0,153505.0,152795.0,153060.0,220320,5,688838
WIN$D,M15,1749641400,153065.0,153160.0,152895.0,153015.0,116213,5,353897
WIN$D,M15,1749642300,153015.0,153060.0,152740.0,152770.0,102800,5,317718
WIN$D,M15,1749643200,152770.0,152815.0,152270.0,152585.0,178684,5,553351
WIN$D,M15,1749644100,152590.0,152970.0,152575.0,152910.0,108677,5,355252
WIN$D,M15,1749645000,152910.0,153215.0,152805.0,153065.0,120483,5,387870
WIN$D,M15,1749645900,153065.0,153235.0,153005.0,153140.0,77346,5,241174
WIN$D,M15,1749646800,153135.0,153330.0,153000.0,153060.0,96767,5,292728
WIN$D,M15,1749647700,153055.0,153155.0,152925.0,153135.0,83002,5,247863
WIN$D,M15,1749648600,153135.0,153205.0,153065.0,153090.0,59170,5,176379
WIN$D,M15,1749649500,153085.0,153370.0,153075.0,153305.0,84842,5,267643
WIN$D,M15,1749650400,153300.0,153680.0,153295.0,153630.0,120598,5,393382
WIN$D,M15,1749651300,153635.0,154040.0,153585.0,153940.0,132850,5,440766
WIN$D,M15,1749652200,153945.0,153950.0,153785.0,153915.0,79488,5,259874
WIN$D,M15,1749653100,153915.0,154000.0,153715.0,153730.0,98458,5,307438
WIN$D,M15,1749654000,153730.0,153800.0,153570.0,153580.0,104443,5,332362
WIN$D,M15,1749654900,153580.0,153605.0,153400.0,153530.0,112618,5,365408
WIN$D,M15,1749655800,153530.0,153710.0,153440.0,153660.0,87629,5,274074
WIN$D,M15,1749656700,153660.0,153875.0,153600.0,153625.0,93156,5,297861
WIN$D,M15,1749657600,153625.0,153720.0,153505.0,153645.0,70111,5,224466
WIN$D,M15,1749658500,153650.0,153660.0,153505.0,153525.0,65879,5,214136
WIN$D,M15,1749659400,153525.0,153545.0,153230.0,153410.0,104470,5,342608
WIN$D,M15,1749660300,153405.0,153605.0,153365.0,153550.0,74267,5,251982
WIN$D,M15,1749661200,153550.0,153565.0,153420.0,153530.0,37707,5,121583
WIN$D,M15,1749662100,153535.0,153585.0,153460.0,153565.0,32517,5,97410
WIN$D,M15,1749663000,153565.0,153600.0,153445.0,153490.0,26096,5,81612
WIN$D,M15,1749663900,153490.0,153500.0,153400.0,153425.0,19975,5,54076
WIN$D,M15,1749664800,153425.0,153525.0,153405.0,153440.0,23049,5,55682
WIN$D,M15,1749665700,153440.0,153500.0,153410.0,153410.0,10626,5,29159
WIN$D,M15,1749718800,152920.0,153055.0,152615.0,152805.0,285529,5,650810
WIN$D,M15,1749719700,152805.0,152875.0,152110.0,152405.0,281192,5,747521
WIN$D,M15,1749720600,152405.0,152825.0,152190.0,152810.0,239555,5,628931
WIN$D,M15,1749721500,152815.0,152815.0,152430.0,152510.0,168230,5,433929
WIN$D,M15,1749722400,152505.0,152770.0,152480.0,152695.0,251365,5,683866
WIN$D,M15,1749723300,152695.0,152870.0,152435.0,152835.0,274307,5,803625
WIN$D,M15,1749724200,152840.0,153280.0,152720.0,153275.0,302576,5,873146
WIN$D,M15,1749725100,153280.0,153345.0,153015.0,153210.0,237157,5,712519
WIN$D,M15,1749726000,153210.0,153660.0,153205.0,153565.0,238914,5,736768
WIN$D,M15,1749726900,153565.0,153880.0,153560.0,153805.0,184806,5,575337
WIN$D,M15,1749727800,153805.0,153930.0,153620.0,153680.0,174773,5,537072
WIN$D,M15,1749728700,153680.0,153790.0,153165.0,153400.0,211981,5,681829
WIN$D,M15,1749729600,153400.0,153690.0,153325.0,153515.0,141006,5,439468
WIN$D,M15,1749730500,153520.0,153725.0,153490.0,153590.0,108823,5,345271
WIN$D,M15,1749731400,153590.0,153705.0,153545.0,153690.0,63143,5,205286
WIN$D,M15,1749732300,153685.0,153850.0,153650.0,153660.0,87214,5,284032
WIN$D,M15,1749733200,153655.0,153770.0,153600.0,153745.0,70388,5,221676
WIN$D,M15,1749734100,153740.0,153790.0,153425.0,153580.0,99163,5,304026
WIN$D,M15,1749735000,153580.0,153715.0,153485.0,153615.0,95334,5,305145
WIN$D,M15,1749735900,153610.0,153710.0,153540.0,153605.0,70638,5,237936
WIN$D,M15,1749736800,153605.0,153735.0,153530.0,153595.0,73197,5,230207
WIN$D,M15,1749737700,153600.0,153620.0,153365.0,153375.0,86454,5,268730
WIN$D,M15,1749738600,153370.0,153570.0,153345.0,153555.0,76825,5,239021
WIN$D,M15,1749739500,153555.0,153670.0,153515.0,153615.0,65238,5,203299
WIN$D,M15,1749740400,153615.0,153770.0,153610.0,153695.0,73994,5,230423
WIN$D,M15,1749741300,153695.0,153960.0,153650.0,153835.0,83014,5,278464
WIN$D,M15,1749742200,153840.0,153950.0,153770.0,153835.0,66130,5,211629
WIN$D,M15,1749743100,153830.0,153930.0,153775.0,153895.0,59379,5,188761
WIN$D,M15,1749744000,153895.0,154015.0,153850.0,153885.0,63496,5,207015
WIN$D,M15,1749744900,153885.0,154035.0,153870.0,153995.0,65455,5,216833
WIN$D,M15,1749745800,154000.0,154330.0,153990.0,154265.0,106546,5,336453
WIN$D,M15,1749746700,154265.0,154335.0,154120.0,154160.0,79525,5,246137
WIN$D,M15,1749747600,154160.0,154210.0,154065.0,154160.0,61206,5,188328
WIN$D,M15,1749748500,154155.0,154185.0,154040.0,154095.0,32868,5,100589
WIN$D,M15,1749749400,154095.0,154095.0,154015.0,154050.0,21455,5,71958
WIN$D,M15,1749750300,154050.0,154160.0,154020.0,154090.0,47066,5,114835
WIN$D,M15,1749751200,154090.0,154250.0,154080.0,154150.0,51397,5,108286
WIN$D,M15,1749752100,154140.0,154305.0,154120.0,154265.0,11953,5,47617
WIN$D,M15,1749805200,153475.0,153735.0,153200.0,153310.0,300108,5,731531
WIN$D,M15,1749806100,153315.0,153625.0,153240.0,153565.0,226378,5,584169
WIN$D,M15,1749807000,153565.0,153675.0,153480.0,153510.0,128327,5,321623
WIN$D,M15,1749807900,153510.0,153655.0,153365.0,153465.0,159733,5,410943
WIN$D,M15,1749808800,153460.0,153580.0,153225.0,153450.0,307835,5,823605
WIN$D,M15,1749809700,153445.0,153735.0,153275.0,153580.0,270951,5,763863
WIN$D,M15,1749810600,153575.0,153905.0,153405.0,153890.0,313232,5,873878
WIN$D,M15,1749811500,153890.0,154020.0,153420.0,153425.0,244073,5,694839
WIN$D,M15,1749812400,153430.0,153585.0,152750.0,152840.0,323156,5,952361
WIN$D,M15,1749813300,152835.0,153355.0,152820.0,153225.0,222567,5,652835
WIN$D,M15,1749814200,153225.0,153560.0,153110.0,153340.0,189236,5,564457
WIN$D,M15,1749815100,153340.0,153385.0,153165.0,153325.0,146353,5,438636
WIN$D,M15,1749816000,153325.0,153585.0,153290.0,153510.0,133165,5,386492
WIN$D,M15,1749816900,153505.0,153840.0,153505.0,153630.0,144496,5,423845
WIN$D,M15,1749817800,153625.0,153775.0,153560.0,153600.0,97342,5,277827
WIN$D,M15,1749818700,153605.0,153760.0,153425.0,153510.0,102116,5,293949
WIN$D,M15,1749819600,153510.0,153605.0,153385.0,153590.0,93250,5,271299
WIN$D,M15,1749820500,153590.0,153795.0,153575.0,153690.0,83862,5,242618
WIN$D,M15,1749821400,153690.0,153945.0,153690.0,153795.0,106787,5,312154
WIN$D,M15,1749822300,153800.0,153930.0,153760.0,153850.0,67163,5,195545
WIN$D,M15,1749823200,153850.0,154040.0,153850.0,153920.0,87926,5,253599
WIN$D,M15,1749824100,153920.0,153945.0,153710.0,153730.0,89021,5,259551
WIN$D,M15,1749825000,153730.0,153770.0,153570.0,153715.0,93961,5,275614
WIN$D,M15,1749825900,153710.0,153820.0,153640.0,153765.0,96122,5,278886
WIN$D,M15,1749826800,153770.0,153790.0,153420.0,153520.0,117693,5,357329
WIN$D,M15,1749827700,153525.0,153555.0,153275.0,153470.0,121243,5,395956
WIN$D,M15,1749828600,153470.0,153695.0,153405.0,153590.0,133865,5,423672
WIN$D,M15,1749829500,153590.0,153780.0,153580.0,153765.0,85372,5,255483
WIN$D,M15,1749830400,153770.0,153965.0,153625.0,153665.0,120409,5,368226
WIN$D,M15,1749831300,153670.0,153790.0,153560.0,153650.0,71037,5,209416
WIN$D,M15,1749832200,153650.0,153815.0,153640.0,153715.0,60075,5,171143
WIN$D,M15,1749833100,153715.0,153790.0,153565.0,153630.0,76621,5,224582
WIN$D,M15,1749834000,153630.0,153710.0,153340.0,153420.0,98018,5,294290
WIN$D,M15,1749834900,153425.0,153425.0,153155.0,153260.0,54028,5,153870
WIN$D,M15,1749835800,153260.0,153340.0,153250.0,153275.0,26843,5,80668
WIN$D,M15,1749836700,153275.0,153375.0,153250.0,153350.0,20871,5,61215
WIN$D,M15,1749837600,153350.0,153515.0,153345.0,153425.0,31314,5,76465
WIN$D,M15,1749838500,153425.0,153505.0,153375.0,153375.0,10775,5,29728
WIN$D,M15,1750064400,153690.0,154720.0,153640.0,154665.0,309204,5,734393
WIN$D,M15,1750065300,154665.0,154775.0,154560.0,154715.0,185369,5,493089
WIN$D,M15,1750066200,154715.0,154985.0,154705.0,154935.0,195999,5,527900
WIN$D,M15,1750067100,154935.0,155040.0,154705.0,154755.0,186299,5,533249
WIN$D,M15,1750068000,154760.0,154950.0,154570.0,154825.0,271489,5,744763
WIN$D,M15,1750068900,154830.0,155020.0,154685.0,154890.0,225318,5,619834
WIN$D,M15,1750069800,154895.0,155680.0,154865.0,155580.0,384709,5,1134473
WIN$D,M15,1750070700,155575.0,156010.0,155560.0,155670.0,310105,5,917131
WIN$D,M15,1750071600,155665.0,155755.0,155475.0,155560.0,198475,5,559256
WIN$D,M15,1750072500,155555.0,155735.0,155495.0,155590.0,146839,5,426931
WIN$D,M15,1750073400,155595.0,155970.0,155565.0,155895.0,169379,5,510644
WIN$D,M15,1750074300,155895.0,156205.0,155850.0,156165.0,172621,5,523704
WIN$D,M15,1750075200,156165.0,156185.0,155955.0,156000.0,112645,5,334360
WIN$D,M15,1750076100,156000.0,156270.0,155995.0,156240.0,152960,5,465345
WIN$D,M15,1750077000,156240.0,156270.0,156000.0,156090.0,93198,5,258217
WIN$D,M15,1750077900,156085.0,156155.0,156045.0,156085.0,70613,5,219240
WIN$D,M15,1750078800,156085.0,156210.0,156080.0,156175.0,64622,5,186244
WIN$D,M15,1750079700,156180.0,156200.0,155955.0,156040.0,75685,5,222108
WIN$D,M15,1750080600,156035.0,156110.0,155985.0,156095.0,59328,5,172030
WIN$D,M15,1750081500,156100.0,156355.0,156030.0,156060.0,125855,5,376321
WIN$D,M15,1750082400,156065.0,156135.0,155920.0,155935.0,79953,5,241411
WIN$D,M15,1750083300,155935.0,156040.0,155880.0,156025.0,64418,5,198414
WIN$D,M15,1750084200,156020.0,156080.0,155825.0,155895.0,87535,5,257831
WIN$D,M15,1750085100,155895.0,155990.0,155850.0,155890.0,63531,5,194039
WIN$D,M15,1750086000,155890.0,156005.0,155870.0,155950.0,63996,5,204980
WIN$D,M15,1750086900,155945.0,156035.0,155860.0,155890.0,62427,5,202600
WIN$D,M15,1750087800,155895.0,156005.0,155850.0,155955.0,58477,5,183912
WIN$D,M15,1750088700,155960.0,155975.0,155820.0,155835.0,61050,5,204638
WIN$D,M15,1750089600,155830.0,155920.0,155820.0,155865.0,41524,5,139140
WIN$D,M15,1750090500,155865.0,155910.0,155715.0,155735.0,71656,5,251384
WIN$D,M15,1750091400,155730.0,155765.0,155615.0,155725.0,85054,5,270169
WIN$D,M15,1750092300,155720.0,155815.0,155655.0,155700.0,75015,5,271852
WIN$D,M15,1750093200,155700.0,155730.0,155550.0,155710.0,82129,5,270911
WIN$D,M15,1750094100,155710.0,155775.0,155590.0,155730.0,47620,5,143643
WIN$D,M15,1750095000,155730.0,155940.0,155655.0,155910.0,59076,5,194021
WIN$D,M15,1750095900,155910.0,156045.0,155830.0,155845.0,57385,5,149516
WIN$D,M15,1750096800,155845.0,155915.0,155830.0,155875.0,37223,5,68786
WIN$D,M15,1750097700,155875.0,156240.0,155845.0,156240.0,23465,5,56788
WIN$D,M15,1750150800,155740.0,155860.0,155545.0,155650.0,263895,5,619728
WIN$D,M15,1750151700,155650.0,155850.0,155445.0,155715.0,244724,5,610960
WIN$D,M15,1750152600,155720.0,155840.0,155595.0,155730.0,177671,5,439728
WIN$D,M15,1750153500,155735.0,155815.0,155500.0,155785.0,168234,5,447097
WIN$D,M15,1750154400,155790.0,155885.0,155325.0,155550.0,348398,5,934966
WIN$D,M15,1750155300,155545.0,155725.0,155380.0,155450.0,260930,5,713555
WIN$D,M15,1750156200,155445.0,155585.0,155230.0,155430.0,314711,5,889340
WIN$D,M15,1750157100,155430.0,155585.0,155335.0,155445.0,160618,5,458001
WIN$D,M15,1750158000,155445.0,155515.0,155205.0,155335.0,194162,5,566993
WIN$D,M15,1750158900,155335.0,155360.0,154975.0,155175.0,198802,5,584236
WIN$D,M15,1750159800,155180.0,155230.0,154995.0,155010.0,176127,5,502475
WIN$D,M15,1750160700,155015.0,155135.0,154830.0,154905.0,161833,5,469944
WIN$D,M15,1750161600,154910.0,154970.0,154655.0,154795.0,151262,5,415002
WIN$D,M15,1750162500,154800.0,154810.0,154565.0,154570.0,105263,5,292784
WIN$D,M15,1750163400,154570.0,154660.0,154480.0,154550.0,123273,5,370233
WIN$D,M15,1750164300,154555.0,154760.0,154540.0,154645.0,101277,5,308997
WIN$D,M15,1750165200,154650.0,154835.0,154625.0,154775.0,112749,5,341527
WIN$D,M15,1750166100,154775.0,154860.0,154715.0,154725.0,78079,5,215196
WIN$D,M15,1750167000,154725.0,154800.0,154680.0,154715.0,76889,5,219138
WIN$D,M15,1750167900,154715.0,154735.0,154370.0,154490.0,129801,5,432102
WIN$D,M15,1750168800,154495.0,154690.0,154465.0,154550.0,89486,5,284215
WIN$D,M15,1750169700,154550.0,154660.0,154530.0,154625.0,60112,5,190513
WIN$D,M15,1750170600,154625.0,154750.0,154575.0,154660.0,83686,5,251282
WIN$D,M15,1750171500,154660.0,154720.0,154530.0,154585.0,106601,5,311863
WIN$D,M15,1750172400,154585.0,154810.0,154540.0,154740.0,96118,5,283497
WIN$D,M15,1750173300,154740.0,154780.0,154575.0,154610.0,79877,5,249664
WIN$D,M15,1750174200,154615.0,154680.0,154535.0,154600.0,66426,5,203892
WIN$D,M15,1750175100,154605.0,154790.0,154595.0,154765.0,53686,5,170840
WIN$D,M15,1750176000,154760.0,154800.0,154640.0,154675.0,52939,5,168188
WIN$D,M15,1750176900,154675.0,154700.0,154560.0,154595.0,41900,5,129963
WIN$D,M15,1750177800,154595.0,155110.0,154590.0,154825.0,148813,5,428597
WIN$D,M15,1750178700,154830.0,155065.0,154815.0,155020.0,93066,5,262179
WIN$D,M15,1750179600,155020.0,155090.0,154915.0,154960.0,51822,5,132548
WIN$D,M15,1750180500,154960.0,155015.0,154840.0,154980.0,44580,5,116385
WIN$D,M15,1750181400,154985.0,155090.0,154920.0,154955.0,46418,5,115809
WIN$D,M15,1750182300,154950.0,154970.0,154745.0,154815.0,43051,5,98381
WIN$D,M15,1750183200,154820.0,155025.0,154755.0,154935.0,33825,5,75382
WIN$D,M15,1750184100,154935.0,155030.0,154855.0,155030.0,17626,5,42734
WIN$D,M15,1750237200,155125.0,155225.0,154685.0,154750.0,213360,5,483488
WIN$D,M15,1750238100,154745.0,154815.0,154465.0,154730.0,195939,5,497902
WIN$D,M15,1750239000,154720.0,154890.0,154580.0,154615.0,144851,5,362601
WIN$D,M15,1750239900,154615.0,154765.0,154430.0,154745.0,153980,5,386550
WIN$D,M15,1750240800,154745.0,155075.0,154685.0,154785.0,256433,5,656423
WIN$D,M15,1750241700,154790.0,155165.0,154590.0,155115.0,215458,5,589410
WIN$D,M15,1750242600,155115.0,155195.0,154765.0,154885.0,229968,5,640958
WIN$D,M15,1750243500,154885.0,154910.0,154505.0,154555.0,165022,5,474949
WIN$D,M15,1750244400,154555.0,155000.0,154550.0,154855.0,232830,5,678810
WIN$D,M15,1750245300,154860.0,154905.0,154715.0,154835.0,133914,5,376145
WIN$D,M15,1750246200,154840.0,155260.0,154835.0,155205.0,144102,5,416253
WIN$D,M15,1750247100,155205.0,155260.0,155015.0,155020.0,122908,5,349118
WIN$D,M15,1750248000,155020.0,155095.0,154805.0,154820.0,125801,5,372639
WIN$D,M15,1750248900,154825.0,154895.0,154705.0,154880.0,92942,5,278842
WIN$D,M15,1750249800,154880.0,155040.0,154805.0,154835.0,93231,5,277892
WIN$D,M15,1750250700,154830.0,154965.0,154765.0,154875.0,73818,5,215115
WIN$D,M15,1750251600,154875.0,154895.0,154675.0,154785.0,65023,5,186477
WIN$D,M15,1750252500,154780.0,154880.0,154685.0,154695.0,55716,5,160803
WIN$D,M15,1750253400,154695.0,155115.0,154660.0,155075.0,94709,5,278236
WIN$D,M15,1750254300,155080.0,155275.0,155035.0,155105.0,91666,5,280769
WIN$D,M15,1750255200,155110.0,155390.0,155105.0,155300.0,93459,5,285384
WIN$D,M15,1750256100,155300.0,155365.0,155075.0,155175.0,87538,5,267782
WIN$D,M15,1750257000,155175.0,155180.0,154865.0,154960.0,113371,5,369953
WIN$D,M15,1750257900,154965.0,155250.0,154955.0,155225.0,59233,5,190358
WIN$D,M15,1750258800,155205.0,155300.0,154935.0,155070.0,117931,5,340837
WIN$D,M15,1750259700,155070.0,155155.0,154950.0,155130.0,66502,5,195156
WIN$D,M15,1750260600,155130.0,155305.0,154965.0,155245.0,99998,5,282696
WIN$D,M15,1750261500,155250.0,155250.0,154680.0,154755.0,122496,5,362956
WIN$D,M15,1750262400,154755.0,154875.0,154585.0,154690.0,114088,5,340378
WIN$D,M15,1750263300,154690.0,154820.0,154585.0,154630.0,77798,5,228138
WIN$D,M15,1750264200,154635.0,154845.0,154600.0,154820.0,66547,5,178581
WIN$D,M15,1750265100,154820.0,154860.0,154670.0,154705.0,64684,5,181547
WIN$D,M15,1750266000,154710.0,154850.0,154685.0,154765.0,42902,5,125352
WIN$D,M15,1750266900,154765.0,154915.0,154735.0,154880.0,31946,5,94456
WIN$D,M15,1750267800,154880.0,154965.0,154830.0,154955.0,22630,5,67174
WIN$D,M15,1750268700,154955.0,155070.0,154940.0,155025.0,29281,5,83354
WIN$D,M15,1750269600,155025.0,155065.0,154930.0,154990.0,26517,5,64186
WIN$D,M15,1750270500,154995.0,155110.0,154955.0,155085.0,10641,5,32369
WIN$D,M15,1750410000,155010.0,155175.0,154670.0,154770.0,233640,5,561478
WIN$D,M15,1750410900,154775.0,155005.0,154155.0,154190.0,202454,5,539851
WIN$D,M15,1750411800,154190.0,154220.0,153795.0,153820.0,181674,5,514013
WIN$D,M15,1750412700,153815.0,153920.0,153695.0,153825.0,148534,5,423868
WIN$D,M15,1750413600,153820.0,153935.0,153705.0,153830.0,174806,5,487108
WIN$D,M15,1750414500,153835.0,153845.0,153565.0,153780.0,197801,5,577918
WIN$D,M15,1750415400,153780.0,154000.0,153520.0,153650.0,240948,5,712926
WIN$D,M15,1750416300,153650.0,153740.0,153445.0,153645.0,162265,5,476758
WIN$D,M15,1750417200,153650.0,153820.0,153590.0,153675.0,134569,5,402611
WIN$D,M15,1750418100,153675.0,153685.0,153260.0,153300.0,159866,5,489024
WIN$D,M15,1750419000,153305.0,153345.0,152995.0,153130.0,165414,5,541707
WIN$D,M15,1750419900,153135.0,153140.0,152830.0,152930.0,118380,5,386962
WIN$D,M15,1750420800,152925.0,153030.0,152810.0,152855.0,123240,5,402211
WIN$D,M15,1750421700,152850.0,152930.0,152735.0,152920.0,96863,5,318149
WIN$D,M15,1750422600,152920.0,153270.0,152885.0,153190.0,126500,5,390533
WIN$D,M15,1750423500,153190.0,153270.0,153105.0,153205.0,66981,5,213269
WIN$D,M15,1750424400,153210.0,153610.0,153195.0,153490.0,141706,5,422712
WIN$D,M15,1750425300,153490.0,153780.0,153475.0,153685.0,113290,5,348472
WIN$D,M15,1750426200,153685.0,153805.0,153410.0,153435.0,104505,5,327216
WIN$D,M15,1750427100,153435.0,153440.0,153200.0,153270.0,100342,5,326174
WIN$D,M15,1750428000,153265.0,153410.0,153250.0,153355.0,62545,5,198858
WIN$D,M15,1750428900,153355.0,153385.0,153050.0,153225.0,103165,5,321811
WIN$D,M15,1750429800,153225.0,153250.0,152960.0,152980.0,91129,5,297504
WIN$D,M15,1750430700,152985.0,153030.0,152895.0,153000.0,76587,5,239141
WIN$D,M15,1750431600,153000.0,153050.0,152815.0,152975.0,71082,5,225412
WIN$D,M15,1750432500,152975.0,153130.0,152965.0,153100.0,62381,5,190511
WIN$D,M15,1750433400,153095.0,153235.0,153070.0,153190.0,64310,5,206865
WIN$D,M15,1750434300,153190.0,153230.0,153040.0,153065.0,58108,5,190758
WIN$D,M15,1750435200,153070.0,153145.0,152985.0,153065.0,60338,5,190423
WIN$D,M15,1750436100,153065.0,153135.0,153005.0,153020.0,41283,5,128192
WIN$D,M15,1750437000,153015.0,153165.0,152995.0,153115.0,49727,5,151856
WIN$D,M15,1750437900,153120.0,153150.0,152930.0,152975.0,62320,5,200233
WIN$D,M15,1750438800,152970.0,153120.0,152940.0,152970.0,60847,5,181063
WIN$D,M15,1750439700,152970.0,153125.0,152960.0,153110.0,36658,5,109504
WIN$D,M15,1750440600,153115.0,153145.0,153035.0,153065.0,29221,5,81372
WIN$D,M15,1750441500,153070.0,153190.0,153065.0,153160.0,28621,5,71515
WIN$D,M15,1750442400,153160.0,153230.0,153100.0,153215.0,28504,5,57029
WIN$D,M15,1750443300,153215.0,153280.0,153140.0,153140.0,18730,5,45291
WIN$D,M15,1750669200,153125.0,153350.0,152885.0,153345.0,249134,5,594470
WIN$D,M15,1750670100,153345.0,153375.0,152955.0,153070.0,206240,5,540391
WIN$D,M15,1750671000,153070.0,153220.0,152905.0,153175.0,190145,5,488067
WIN$D,M15,1750671900,153175.0,153340.0,153065.0,153185.0,180031,5,499617
WIN$D,M15,1750672800,153180.0,153245.0,152820.0,152835.0,252898,5,713853
WIN$D,M15,1750673700,152835.0,153010.0,152565.0,152575.0,236155,5,682559
WIN$D,M15,1750674600,152575.0,152760.0,152320.0,152455.0,303920,5,956477
WIN$D,M15,1750675500,152450.0,152570.0,152275.0,152400.0,167757,5,515266
WIN$D,M15,1750676400,152395.0,152530.0,152225.0,152475.0,185335,5,572789
WIN$D,M15,1750677300,152480.0,152690.0,152455.0,152510.0,150861,5,456158
WIN$D,M15,1750678200,152515.0,152630.0,152470.0,152615.0,94033,5,284485
WIN$D,M15,1750679100,152620.0,152675.0,152500.0,152525.0,99277,5,296191
WIN$D,M15,1750680000,152530.0,152665.0,152380.0,152390.0,131213,5,439383
WIN$D,M15,1750680900,152395.0,152460.0,152195.0,152300.0,122322,5,378528
WIN$D,M15,1750681800,152300.0,152445.0,152170.0,152220.0,99923,5,303144
WIN$D,M15,1750682700,152220.0,152345.0,152145.0,152165.0,99442,5,309456
WIN$D,M15,1750683600,152170.0,152275.0,152080.0,152180.0,84058,5,259877
WIN$D,M15,1750684500,152175.0,152200.0,151970.0,152010.0,94693,5,303125
WIN$D,M15,1750685400,152005.0,152030.0,151775.0,151970.0,150403,5,502571
WIN$D,M15,1750686300,151970.0,152085.0,151940.0,151990.0,94956,5,288363
WIN$D,M15,1750687200,151990.0,152120.0,151750.0,151910.0,126042,5,408765
WIN$D,M15,1750688100,151905.0,151960.0,151825.0,151860.0,73297,5,243903
WIN$D,M15,1750689000,151860.0,152080.0,151790.0,152020.0,93698,5,303991
WIN$D,M15,1750689900,152015.0,152375.0,152000.0,152335.0,150786,5,471172
WIN$D,M15,1750690800,152340.0,152460.0,152300.0,152335.0,94956,5,275300
WIN$D,M15,1750691700,152335.0,152360.0,152170.0,152280.0,99632,5,302783
WIN$D,M15,1750692600,152280.0,152350.0,152195.0,152205.0,67281,5,198420
WIN$D,M15,1750693500,152205.0,152290.0,152130.0,152265.0,72330,5,220067
WIN$D,M15,1750694400,152260.0,152325.0,152195.0,152210.0,60755,5,231524
WIN$D,M15,1750695300,152205.0,152320.0,152175.0,152265.0,59469,5,190449
WIN$D,M15,1750696200,152265.0,152345.0,152225.0,152280.0,47091,5,133920
WIN$D,M15,1750697100,152285.0,152475.0,152240.0,152420.0,73744,5,221907
WIN$D,M15,1750698000,152425.0,152660.0,152420.0,152575.0,77471,5,246927
WIN$D,M15,1750698900,152580.0,152585.0,152460.0,152525.0,31235,5,105276
WIN$D,M15,1750699800,152520.0,152620.0,152475.0,152500.0,30677,5,97713
WIN$D,M15,1750700700,152500.0,152625.0,152475.0,152565.0,25498,5,66920
WIN$D,M15,1750701600,152565.0,152615.0,152535.0,152590.0,24378,5,53354
WIN$D,M15,1750702500,152590.0,152690.0,152570.0,152645.0,11821,5,40673
WIN$D,M15,1750755600,153290.0,153330.0,152455.0,152470.0,304361,5,789983
WIN$D,M15,1750756500,152470.0,152490.0,152180.0,152295.0,187390,5,571171
WIN$D,M15,1750757400,152295.0,152910.0,152140.0,152890.0,284753,5,818119
WIN$D,M15,1750758300,152885.0,152980.0,152675.0,152825.0,182255,5,489658
WIN$D,M15,1750759200,152825.0,152865.0,152230.0,152260.0,313709,5,894320
WIN$D,M15,1750760100,152260.0,152925.0,152070.0,152780.0,274721,5,846672
WIN$D,M15,1750761000,152775.0,153095.0,152645.0,153020.0,245867,5,778102
WIN$D,M15,1750761900,153020.0,153150.0,152555.0,152690.0,206758,5,649209
WIN$D,M15,1750762800,152685.0,153165.0,152655.0,152970.0,200151,5,625964
WIN$D,M15,1750763700,152965.0,153010.0,152730.0,152905.0,147283,5,452378
WIN$D,M15,1750764600,152900.0,153725.0,152860.0,153685.0,214564,5,688113
WIN$D,M15,1750765500,153690.0,153780.0,153605.0,153750.0,113045,5,374649
WIN$D,M15,1750766400,153755.0,154025.0,153745.0,153900.0,136621,5,458995
WIN$D,M15,1750767300,153900.0,154075.0,153880.0,154035.0,82293,5,270479
WIN$D,M15,1750768200,154035.0,154100.0,153925.0,153965.0,92899,5,292490
WIN$D,M15,1750769100,153970.0,154090.0,153955.0,154000.0,49922,5,155980
WIN$D,M15,1750770000,154005.0,154020.0,153805.0,153835.0,73464,5,229397
WIN$D,M15,1750770900,153830.0,153960.0,153820.0,153920.0,47972,5,147326
WIN$D,M15,1750771800,153920.0,154010.0,153900.0,154000.0,52433,5,176626
WIN$D,M15,1750772700,154000.0,154015.0,153755.0,153780.0,65995,5,209902
WIN$D,M15,1750773600,153785.0,153815.0,153740.0,153800.0,48947,5,169248
WIN$D,M15,1750774500,153800.0,153815.0,153675.0,153710.0,58388,5,208078
WIN$D,M15,1750775400,153710.0,153900.0,153700.0,153890.0,56482,5,181926
WIN$D,M15,1750776300,153885.0,153975.0,153810.0,153910.0,61356,5,200827
WIN$D,M15,1750777200,153910.0,153955.0,153820.0,153850.0,50161,5,162234
WIN$D,M15,1750778100,153850.0,153865.0,153540.0,153630.0,84551,5,288288
WIN$D,M15,1750779000,153630.0,153660.0,152950.0,152995.0,146501,5,501985
WIN$D,M15,1750779900,153000.0,153225.0,152995.0,153120.0,83592,5,305388
WIN$D,M15,1750780800,153125.0,153310.0,153120.0,153235.0,64213,5,225329
WIN$D,M15,1750781700,153235.0,153365.0,153235.0,153275.0,62974,5,224404
WIN$D,M15,1750782600,153270.0,153290.0,153150.0,153235.0,69629,5,232594
WIN$D,M15,1750783500,153240.0,153265.0,153100.0,153110.0,55561,5,188180
WIN$D,M15,1750784400,153110.0,153110.0,152975.0,153005.0,52958,5,168597
WIN$D,M15,1750785300,153000.0,153055.0,152760.0,152850.0,47786,5,177926
WIN$D,M15,1750786200,152850.0,152950.0,152845.0,152910.0,23169,5,83358
WIN$D,M15,1750787100,152910.0,152945.0,152865.0,152935.0,19662,5,58033
WIN$D,M15,1750788000,152925.0,152940.0,152855.0,152895.0,22664,5,48990
WIN$D,M15,1750788900,152895.0,152900.0,152730.0,152730.0,14754,5,48559
WIN$D,M15,1750842000,152730.0,152815.0,152285.0,152295.0,232974,5,576794
WIN$D,M15,1750842900,152295.0,152315.0,151690.0,151810.0,300534,5,847979
WIN$D,M15,1750843800,151810.0,152115.0,151735.0,151930.0,200805,5,562152
WIN$D,M15,1750844700,151930.0,152335.0,151910.0,152165.0,198868,5,529991
WIN$D,M15,1750845600,152160.0,152365.0,151940.0,152280.0,258788,5,707521
WIN$D,M15,1750846500,152280.0,152370.0,152040.0,152100.0,217400,5,630699
WIN$D,M15,1750847400,152100.0,152115.0,151680.0,151755.0,291742,5,892139
WIN$D,M15,1750848300,151760.0,152140.0,151710.0,151935.0,198612,5,585476
WIN$D,M15,1750849200,151935.0,152005.0,151700.0,151935.0,165327,5,499953
WIN$D,M15,1750850100,151940.0,152115.0,151845.0,151970.0,147829,5,441376
WIN$D,M15,1750851000,151970.0,152260.0,151965.0,151995.0,167824,5,512220
WIN$D,M15,1750851900,151995.0,152110.0,151845.0,151900.0,117085,5,365370
WIN$D,M15,1750852800,151900.0,151900.0,151495.0,151510.0,172786,5,550100
WIN$D,M15,1750853700,151515.0,151595.0,151330.0,151445.0,139597,5,457579
WIN$D,M15,1750854600,151445.0,151750.0,151420.0,151715.0,143263,5,466384
WIN$D,M15,1750855500,151715.0,151775.0,151640.0,151705.0,74188,5,236103
WIN$D,M15,1750856400,151705.0,151900.0,151695.0,151890.0,89401,5,282880
WIN$D,M15,1750857300,151890.0,151955.0,151830.0,151920.0,66749,5,205057
WIN$D,M15,1750858200,151925.0,152065.0,151915.0,152025.0,80766,5,241380
WIN$D,M15,1750859100,152020.0,152075.0,151895.0,151940.0,77569,5,244898
WIN$D,M15,1750860000,151940.0,151970.0,151600.0,151700.0,113034,5,368297
WIN$D,M15,1750860900,151700.0,151850.0,151685.0,151750.0,75806,5,244630
WIN$D,M15,1750861800,151745.0,151875.0,151610.0,151635.0,87922,5,281492
WIN$D,M15,1750862700,151630.0,151775.0,151605.0,151675.0,73003,5,232914
WIN$D,M15,1750863600,151680.0,151710.0,151390.0,151535.0,105339,5,347007
WIN$D,M15,1750864500,151540.0,151670.0,151475.0,151650.0,58754,5,188124
WIN$D,M15,1750865400,151650.0,151755.0,151580.0,151715.0,60509,5,195647
WIN$D,M15,1750866300,151720.0,151780.0,151595.0,151610.0,64233,5,207850
WIN$D,M15,1750867200,151610.0,151650.0,151520.0,151650.0,58303,5,194679
WIN$D,M15,1750868100,151650.0,151770.0,151590.0,151725.0,57143,5,187812
WIN$D,M15,1750869000,151720.0,151805.0,151575.0,151580.0,64817,5,211500
WIN$D,M15,1750869900,151585.0,151635.0,151500.0,151585.0,55694,5,186733
WIN$D,M15,1750870800,151585.0,151640.0,151455.0,151485.0,52559,5,168777
WIN$D,M15,1750871700,151485.0,151515.0,151165.0,151235.0,67156,5,224453
WIN$D,M15,1750872600,151230.0,151405.0,151215.0,151330.0,41052,5,144080
WIN$D,M15,1750873500,151325.0,151420.0,151260.0,151405.0,30761,5,85907
WIN$D,M15,1750874400,151410.0,151575.0,151320.0,151540.0,39381,5,91899
WIN$D,M15,1750875300,151535.0,151640.0,151460.0,151620.0,14863,5,51071
WIN$D,M15,1750928400,152065.0,152275.0,151755.0,152085.0,283276,5,732925
WIN$D,M15,1750929300,152085.0,152255.0,151865.0,151980.0,198714,5,516045
WIN$D,M15,1750930200,151985.0,152230.0,151930.0,152155.0,171624,5,461914
WIN$D,M15,1750931100,152155.0,152400.0,152120.0,152160.0,188245,5,501037
WIN$D,M15,1750932000,152160.0,152220.0,151810.0,152025.0,291235,5,813069
WIN$D,M15,1750932900,152020.0,152500.0,151960.0,152480.0,275017,5,785544
WIN$D,M15,1750933800,152475.0,152610.0,152220.0,152490.0,318685,5,941765
WIN$D,M15,1750934700,152490.0,152630.0,152255.0,152330.0,218112,5,653292
WIN$D,M15,1750935600,152330.0,152675.0,152230.0,152560.0,187132,5,564950
WIN$D,M15,1750936500,152560.0,152725.0,152400.0,152515.0,175718,5,540426
WIN$D,M15,1750937400,152520.0,152995.0,152460.0,152940.0,186206,5,600725
WIN$D,M15,1750938300,152940.0,152980.0,152755.0,152785.0,113154,5,353711
WIN$D,M15,1750939200,152785.0,152915.0,152690.0,152755.0,125832,5,407121
WIN$D,M15,1750940100,152750.0,153030.0,152750.0,152875.0,136971,5,441186
WIN$D,M15,1750941000,152875.0,153010.0,152815.0,152850.0,91848,5,306009
WIN$D,M15,1750941900,152850.0,153040.0,152805.0,152920.0,71533,5,235812
WIN$D,M15,1750942800,152920.0,152965.0,152785.0,152940.0,77105,5,252067
WIN$D,M15,1750943700,152940.0,153135.0,152935.0,152975.0,99989,5,342327
WIN$D,M15,1750944600,152975.0,153125.0,152915.0,153125.0,68166,5,220439
WIN$D,M15,1750945500,153125.0,153180.0,152950.0,152955.0,95586,5,313293
WIN$D,M15,1750946400,152955.0,153035.0,152835.0,152935.0,81465,5,270414
WIN$D,M15,1750947300,152935.0,153060.0,152895.0,152940.0,65708,5,211580
WIN$D,M15,1750948200,152945.0,153095.0,152875.0,152995.0,76461,5,252516
WIN$D,M15,1750949100,152995.0,153040.0,152775.0,152840.0,80367,5,268152
WIN$D,M15,1750950000,152835.0,152945.0,152795.0,152815.0,60097,5,192459
WIN$D,M15,1750950900,152815.0,152945.0,152795.0,152895.0,44119,5,138891
WIN$D,M15,1750951800,152890.0,152915.0,152750.0,152855.0,67605,5,217704
WIN$D,M15,1750952700,152860.0,152910.0,152790.0,152855.0,55581,5,182464
WIN$D,M15,1750953600,152855.0,152870.0,152765.0,152815.0,47714,5,157594
WIN$D,M15,1750954500,152810.0,152890.0,152710.0,152855.0,65096,5,215415
WIN$D,M15,1750955400,152850.0,152885.0,152765.0,152820.0,48419,5,149054
WIN$D,M15,1750956300,152815.0,152970.0,152795.0,152890.0,64037,5,217425
WIN$D,M15,1750957200,152890.0,152910.0,152810.0,152890.0,50713,5,164876
WIN$D,M15,1750958100,152895.0,152950.0,152830.0,152900.0,41568,5,120867
WIN$D,M15,1750959000,152900.0,152905.0,152650.0,152735.0,53667,5,188252
WIN$D,M15,1750959900,152735.0,152775.0,152655.0,152700.0,28865,5,91480
WIN$D,M15,1750960800,152700.0,152915.0,152570.0,152675.0,48878,5,125393
WIN$D,M15,1750961700,152670.0,152795.0,152640.0,152655.0,14391,5,45283
WIN$D,M15,1751014800,153030.0,153170.0,152625.0,152660.0,248692,5,604395
WIN$D,M15,1751015700,152660.0,152710.0,152110.0,152160.0,194323,5,530874
WIN$D,M15,1751016600,152160.0,152380.0,151970.0,152260.0,239187,5,647419
WIN$D,M15,1751017500,152265.0,152305.0,151880.0,151930.0,199630,5,538602
WIN$D,M15,1751018400,151925.0,152295.0,151730.0,152205.0,253787,5,683844
WIN$D,M15,1751019300,152200.0,152705.0,152080.0,152150.0,319624,5,886105
WIN$D,M15,1751020200,152150.0,152485.0,152090.0,152325.0,247908,5,719365
WIN$D,M15,1751021100,152325.0,152670.0,152185.0,152530.0,184012,5,553767
WIN$D,M15,1751022000,152530.0,152790.0,152480.0,152690.0,158629,5,485673
WIN$D,M15,1751022900,152695.0,152845.0,152500.0,152580.0,173508,5,554142
WIN$D,M15,1751023800,152575.0,152630.0,152340.0,152390.0,152080,5,475022
WIN$D,M15,1751024700,152385.0,152615.0,152320.0,152455.0,116020,5,359284
WIN$D,M15,1751025600,152455.0,152710.0,152435.0,152635.0,94701,5,291655
WIN$D,M15,1751026500,152635.0,152730.0,152470.0,152485.0,86228,5,264981
WIN$D,M15,1751027400,152480.0,152775.0,152255.0,152710.0,152548,5,480799
WIN$D,M15,1751028300,152710.0,152915.0,152665.0,152745.0,104622,5,331808
WIN$D,M15,1751029200,152750.0,152970.0,152660.0,152940.0,105108,5,331729
WIN$D,M15,1751030100,152940.0,152995.0,152840.0,152860.0,68001,5,220076
WIN$D,M15,1751031000,152855.0,152885.0,152740.0,152770.0,54839,5,177594
WIN$D,M15,1751031900,152770.0,152830.0,152680.0,152730.0,57208,5,188000
WIN$D,M15,1751032800,152730.0,152780.0,152585.0,152655.0,83152,5,274662
WIN$D,M15,1751033700,152650.0,152745.0,152605.0,152730.0,50206,5,162476
WIN$D,M15,1751034600,152725.0,152860.0,152560.0,152625.0,109584,5,374142
WIN$D,M15,1751035500,152620.0,152685.0,152365.0,152570.0,129822,5,420056
WIN$D,M15,1751036400,152575.0,152730.0,152550.0,152635.0,82899,5,268380
WIN$D,M15,1751037300,152635.0,152695.0,152535.0,152550.0,70885,5,225202
WIN$D,M15,1751038200,152550.0,152605.0,152280.0,152410.0,105139,5,336119
WIN$D,M15,1751039100,152415.0,152485.0,152330.0,152340.0,63396,5,206324
WIN$D,M15,1751040000,152345.0,152410.0,152255.0,152405.0,66749,5,220520
WIN$D,M15,1751040900,152405.0,152480.0,152370.0,152440.0,42988,5,142295
WIN$D,M15,1751041800,152445.0,152515.0,152380.0,152500.0,48042,5,146044
WIN$D,M15,1751042700,152495.0,152650.0,152470.0,152600.0,67536,5,219542
WIN$D,M15,1751043600,152605.0,152625.0,152450.0,152525.0,56766,5,189115
WIN$D,M15,1751044500,152520.0,152710.0,152490.0,152685.0,36277,5,126472
WIN$D,M15,1751045400,152680.0,152695.0,152510.0,152525.0,28432,5,87362
WIN$D,M15,1751046300,152525.0,152620.0,152520.0,152575.0,26950,5,77204
WIN$D,M15,1751047200,152575.0,152740.0,152570.0,152675.0,21478,5,53071
WIN$D,M15,1751048100,152675.0,152765.0,152670.0,152765.0,10482,5,34411
WIN$D,M15,1751274000,152680.0,152680.0,151705.0,151730.0,302867,5,759818
WIN$D,M15,1751274900,151730.0,152165.0,151455.0,152020.0,251762,5,725247
WIN$D,M15,1751275800,152020.0,152350.0,151935.0,152260.0,195806,5,535613
WIN$D,M15,1751276700,152260.0,152560.0,152185.0,152345.0,163197,5,467188
WIN$D,M15,1751277600,152345.0,152375.0,151980.0,152290.0,222066,5,638009
WIN$D,M15,1751278500,152295.0,152820.0,152165.0,152295.0,250034,5,748511
WIN$D,M15,1751279400,152295.0,153300.0,152245.0,153135.0,296194,5,906547
WIN$D,M15,1751280300,153140.0,153725.0,153135.0,153605.0,215966,5,673461
WIN$D,M15,1751281200,153610.0,153765.0,153425.0,153545.0,158994,5,496200
WIN$D,M15,1751282100,153550.0,153665.0,153365.0,153440.0,129413,5,399171
WIN$D,M15,1751283000,153440.0,153600.0,153375.0,153480.0,106909,5,334908
WIN$D,M15,1751283900,153480.0,153785.0,153480.0,153720.0,122957,5,387961
WIN$D,M15,1751284800,153715.0,153910.0,153695.0,153780.0,131516,5,430883
WIN$D,M15,1751285700,153780.0,153790.0,153575.0,153600.0,73949,5,244088
WIN$D,M15,1751286600,153600.0,153715.0,153565.0,153665.0,70159,5,214502
WIN$D,M15,1751287500,153665.0,153965.0,153645.0,153750.0,119884,5,382826
WIN$D,M15,1751288400,153755.0,153840.0,153665.0,153685.0,70654,5,218007
WIN$D,M15,1751289300,153690.0,153775.0,153620.0,153750.0,63895,5,192444
WIN$D,M15,1751290200,153755.0,153895.0,153720.0,153875.0,85054,5,261646
WIN$D,M15,1751291100,153880.0,154005.0,153810.0,153995.0,93873,5,281539
WIN$D,M15,1751292000,154000.0,154045.0,153910.0,153955.0,70782,5,211482
WIN$D,M15,1751292900,153955.0,154185.0,153940.0,154110.0,96751,5,305140
WIN$D,M15,1751293800,154115.0,154375.0,154095.0,154325.0,148026,5,475273
WIN$D,M15,1751294700,154325.0,154465.0,154300.0,154380.0,91135,5,294885
WIN$D,M15,1751295600,154380.0,154515.0,154280.0,154360.0,92579,5,300731
WIN$D,M15,1751296500,154360.0,154565.0,154350.0,154535.0,84986,5,275649
WIN$D,M15,1751297400,154530.0,154675.0,154455.0,154640.0,94118,5,323353
WIN$D,M15,1751298300,154640.0,154710.0,154575.0,154630.0,78232,5,266052
WIN$D,M15,1751299200,154625.0,154775.0,154540.0,154730.0,92711,5,312793
WIN$D,M15,1751300100,154735.0,154880.0,154660.0,154795.0,71191,5,240219
WIN$D,M15,1751301000,154790.0,154870.0,154705.0,154840.0,64386,5,215106
WIN$D,M15,1751301900,154840.0,154860.0,154600.0,154705.0,90467,5,300713
WIN$D,M15,1751302800,154700.0,154710.0,154560.0,154675.0,68449,5,229364
WIN$D,M15,1751303700,154680.0,154720.0,154625.0,154670.0,24811,5,85680
WIN$D,M15,1751304600,154665.0,154670.0,154495.0,154510.0,41031,5,144922
WIN$D,M15,1751305500,154505.0,154695.0,154465.0,154625.0,46450,5,147564
WIN$D,M15,1751306400,154625.0,154680.0,154570.0,154645.0,32685,5,71972
WIN$D,M15,1751307300,154645.0,154780.0,154545.0,154545.0,24058,5,72606
WIN$D,M15,1751360400,154330.0,155005.0,154155.0,154885.0,365031,5,923426
WIN$D,M15,1751361300,154885.0,155305.0,154820.0,155170.0,250153,5,711152
WIN$D,M15,1751362200,155175.0,155270.0,154820.0,154880.0,240549,5,681331
WIN$D,M15,1751363100,154880.0,154955.0,154660.0,154670.0,174818,5,482701
WIN$D,M15,1751364000,154670.0,155215.0,154570.0,155045.0,286865,5,783085
WIN$D,M15,1751364900,155045.0,155315.0,154735.0,154920.0,285769,5,800419
WIN$D,M15,1751365800,154920.0,155250.0,154810.0,154940.0,259319,5,706836
WIN$D,M15,1751366700,154945.0,155040.0,154615.0,154750.0,220717,5,650410
WIN$D,M15,1751367600,154760.0,154885.0,154550.0,154755.0,202472,5,595975
WIN$D,M15,1751368500,154760.0,154865.0,154565.0,154720.0,162372,5,501977
WIN$D,M15,1751369400,154720.0,154880.0,154620.0,154665.0,124769,5,396208
WIN$D,M15,1751370300,154665.0,154830.0,154505.0,154765.0,132904,5,412694
WIN$D,M15,1751371200,154770.0,154840.0,154580.0,154720.0,126696,5,389082
WIN$D,M15,1751372100,154715.0,154810.0,154610.0,154775.0,91898,5,294420
WIN$D,M15,1751373000,154775.0,154965.0,154750.0,154830.0,103987,5,319159
WIN$D,M15,1751373900,154830.0,154870.0,154595.0,154790.0,102514,5,334686
WIN$D,M15,1751374800,154795.0,155245.0,154785.0,155170.0,132426,5,415796
WIN$D,M15,1751375700,155170.0,155265.0,155070.0,155160.0,93932,5,310207
WIN$D,M15,1751376600,155160.0,155215.0,155015.0,155040.0,89232,5,275459
WIN$D,M15,1751377500,155035.0,155095.0,154985.0,154990.0,69789,5,219184
WIN$D,M15,1751378400,154995.0,155225.0,154995.0,155190.0,90567,5,290039
WIN$D,M15,1751379300,155190.0,155275.0,155030.0,155060.0,80245,5,244350
WIN$D,M15,1751380200,155055.0,155225.0,154990.0,155190.0,79192,5,242582
WIN$D,M15,1751381100,155190.0,155325.0,155165.0,155260.0,89214,5,287052
WIN$D,M15,1751382000,155265.0,155305.0,155155.0,155225.0,77426,5,258804
WIN$D,M15,1751382900,155225.0,155310.0,155175.0,155265.0,49479,5,161182
WIN$D,M15,1751383800,155270.0,155275.0,155185.0,155220.0,48767,5,163840
WIN$D,M15,1751384700,155220.0,155380.0,155200.0,155365.0,72456,5,248415
WIN$D,M15,1751385600,155365.0,155365.0,155235.0,155290.0,61754,5,200477
WIN$D,M15,1751386500,155290.0,155340.0,155250.0,155285.0,38610,5,122119
WIN$D,M15,1751387400,155280.0,155375.0,155225.0,155290.0,62990,5,212947
WIN$D,M15,1751388300,155285.0,155345.0,155250.0,155315.0,46474,5,161302
WIN$D,M15,1751389200,155315.0,155345.0,155105.0,155155.0,65710,5,221660
WIN$D,M15,1751390100,155155.0,155245.0,155155.0,155195.0,27245,5,85966
WIN$D,M15,1751391000,155195.0,155200.0,155070.0,155145.0,37936,5,111900
WIN$D,M15,1751391900,155150.0,155180.0,155070.0,155095.0,25484,5,65754
WIN$D,M15,1751392800,155090.0,155155.0,155055.0,155085.0,33807,5,71354
WIN$D,M15,1751393700,155090.0,155215.0,155085.0,155215.0,20075,5,46202
WIN$D,M15,1751446800,155260.0,155535.0,154975.0,155400.0,323366,5,785146
WIN$D,M15,1751447700,155400.0,155630.0,155310.0,155335.0,231885,5,614281
WIN$D,M15,1751448600,155340.0,155370.0,155105.0,155225.0,258961,5,750614
WIN$D,M15,1751449500,155225.0,155500.0,155175.0,155380.0,230818,5,650418
WIN$D,M15,1751450400,155375.0,155415.0,155120.0,155290.0,275661,5,811639
WIN$D,M15,1751451300,155285.0,155465.0,154885.0,155065.0,289978,5,890148
WIN$D,M15,1751452200,155065.0,155070.0,154640.0,154640.0,310458,5,1015330
WIN$D,M15,1751453100,154645.0,154705.0,153950.0,154120.0,328858,5,1123277
WIN$D,M15,1751454000,154120.0,154195.0,153875.0,153945.0,219258,5,757582
WIN$D,M15,1751454900,153940.0,154080.0,153830.0,154035.0,156252,5,536118
WIN$D,M15,1751455800,154040.0,154405.0,153990.0,154045.0,212840,5,732231
WIN$D,M15,1751456700,154045.0,154310.0,154020.0,154260.0,137682,5,468845
WIN$D,M15,1751457600,154260.0,154375.0,154155.0,154345.0,135525,5,453361
WIN$D,M15,1751458500,154340.0,154760.0,154325.0,154695.0,193096,5,644928
WIN$D,M15,1751459400,154695.0,154770.0,154515.0,154525.0,102553,5,344123
WIN$D,M15,1751460300,154530.0,154595.0,154480.0,154500.0,67816,5,221643
WIN$D,M15,1751461200,154500.0,154590.0,154345.0,154515.0,105234,5,345292
WIN$D,M15,1751462100,154510.0,154620.0,154425.0,154600.0,79406,5,271229
WIN$D,M15,1751463000,154600.0,154745.0,154590.0,154675.0,88695,5,300105
WIN$D,M15,1751463900,154680.0,154815.0,154650.0,154710.0,93334,5,312209
WIN$D,M15,1751464800,154710.0,154985.0,154625.0,154850.0,121170,5,401762
WIN$D,M15,1751465700,154855.0,154955.0,154835.0,154945.0,64499,5,224861
WIN$D,M15,1751466600,154945.0,155115.0,154870.0,154910.0,113087,5,403673
WIN$D,M15,1751467500,154910.0,154940.0,154775.0,154855.0,73642,5,257536
WIN$D,M15,1751468400,154855.0,154880.0,154760.0,154855.0,64273,5,227149
WIN$D,M15,1751469300,154855.0,154860.0,154640.0,154650.0,75497,5,260852
WIN$D,M15,1751470200,154655.0,154670.0,154415.0,154490.0,99713,5,336297
WIN$D,M15,1751471100,154485.0,154670.0,154395.0,154615.0,111962,5,388621
WIN$D,M15,1751472000,154615.0,154690.0,154540.0,154680.0,65583,5,230330
WIN$D,M15,1751472900,154680.0,154725.0,154615.0,154715.0,55356,5,193521
WIN$D,M15,1751473800,154720.0,154785.0,154560.0,154685.0,82285,5,288226
WIN$D,M15,1751474700,154690.0,154765.0,154610.0,154645.0,67417,5,239877
WIN$D,M15,1751475600,154645.0,154645.0,154490.0,154570.0,65091,5,224268
WIN$D,M15,1751476500,154570.0,154725.0,154560.0,154685.0,37638,5,143245
WIN$D,M15,1751477400,154690.0,154725.0,154640.0,154695.0,23281,5,72734
WIN$D,M15,1751478300,154700.0,154760.0,154675.0,154755.0,17468,5,53051
WIN$D,M15,1751479200,154755.0,154865.0,154715.0,154835.0,35047,5,85647
WIN$D,M15,1751480100,154830.0,154880.0,154780.0,154865.0,18338,5,62963
WIN$D,M15,1751533200,154590.0,154905.0,154395.0,154790.0,235835,5,623691
WIN$D,M15,1751534100,154795.0,154880.0,154595.0,154730.0,181471,5,508619
WIN$D,M15,1751535000,154725.0,154845.0,154295.0,154555.0,284512,5,777296
WIN$D,M15,1751535900,154560.0,154805.0,154480.0,154730.0,187127,5,525032
WIN$D,M15,1751536800,154730.0,155180.0,154710.0,154910.0,357689,5,1034024
WIN$D,M15,1751537700,154910.0,155205.0,154640.0,155185.0,276968,5,832304
WIN$D,M15,1751538600,155185.0,156370.0,155180.0,156320.0,393962,5,1343497
WIN$D,M15,1751539500,156330.0,156630.0,156305.0,156420.0,235903,5,829214
WIN$D,M15,1751540400,156415.0,156725.0,156245.0,156350.0,194149,5,627159
WIN$D,M15,1751541300,156350.0,156500.0,156290.0,156410.0,137814,5,465309
WIN$D,M15,1751542200,156410.0,156525.0,156160.0,156220.0,142707,5,476087
WIN$D,M15,1751543100,156220.0,156230.0,156050.0,156115.0,101990,5,346902
WIN$D,M15,1751544000,156115.0,156350.0,155965.0,156270.0,147667,5,516979
WIN$D,M15,1751544900,156275.0,156525.0,156255.0,156490.0,110648,5,376772
WIN$D,M15,1751545800,156490.0,156570.0,156365.0,156395.0,85443,5,290345
WIN$D,M15,1751546700,156390.0,156415.0,156290.0,156370.0,69100,5,226729
WIN$D,M15,1751547600,156375.0,156490.0,156315.0,156470.0,70242,5,231808
WIN$D,M15,1751548500,156470.0,156535.0,156395.0,156470.0,69569,5,232034
WIN$D,M15,1751549400,156470.0,156635.0,156465.0,156575.0,87441,5,296585
WIN$D,M15,1751550300,156580.0,156755.0,156550.0,156725.0,84948,5,288216
WIN$D,M15,1751551200,156730.0,156855.0,156670.0,156730.0,81081,5,279801
WIN$D,M15,1751552100,156735.0,156785.0,156630.0,156760.0,65947,5,222804
WIN$D,M15,1751553000,156760.0,156830.0,156675.0,156795.0,58417,5,192374
WIN$D,M15,1751553900,156800.0,156875.0,156765.0,156835.0,44865,5,157095
WIN$D,M15,1751554800,156840.0,156875.0,156675.0,156685.0,55631,5,208111
WIN$D,M15,1751555700,156690.0,156755.0,156665.0,156700.0,34756,5,118041
WIN$D,M15,1751556600,156705.0,156780.0,156690.0,156750.0,42755,5,154259
WIN$D,M15,1751557500,156750.0,156805.0,156710.0,156760.0,40454,5,137906
WIN$D,M15,1751558400,156760.0,156780.0,156690.0,156740.0,34745,5,121973
WIN$D,M15,1751559300,156735.0,156750.0,156640.0,156685.0,47100,5,171465
WIN$D,M15,1751560200,156680.0,156815.0,156670.0,156785.0,51484,5,167226
WIN$D,M15,1751561100,156785.0,156790.0,156560.0,156625.0,67804,5,236566
WIN$D,M15,1751562000,156625.0,156640.0,156480.0,156605.0,72542,5,240790
WIN$D,M15,1751562900,156605.0,156610.0,156470.0,156495.0,41313,5,136796
WIN$D,M15,1751563800,156495.0,156565.0,156445.0,156520.0,32537,5,107916
WIN$D,M15,1751564700,156520.0,156625.0,156515.0,156570.0,25113,5,74398
WIN$D,M15,1751565600,156570.0,156600.0,156490.0,156545.0,19839,5,58812
WIN$D,M15,1751566500,156550.0,156685.0,156525.0,156555.0,13683,5,54239
WIN$D,M15,1751619600,156105.0,156275.0,155845.0,156020.0,257628,5,599487
WIN$D,M15,1751620500,156020.0,156150.0,155950.0,156110.0,117850,5,309136
WIN$D,M15,1751621400,156110.0,156110.0,155880.0,155975.0,110241,5,301800
WIN$D,M15,1751622300,155975.0,156075.0,155925.0,156020.0,94443,5,254947
WIN$D,M15,1751623200,156020.0,156300.0,155995.0,156100.0,266721,5,725172
WIN$D,M15,1751624100,156100.0,156220.0,155965.0,156125.0,168580,5,469766
WIN$D,M15,1751625000,156120.0,156330.0,155970.0,156260.0,192386,5,559744
WIN$D,M15,1751625900,156260.0,156415.0,156180.0,156415.0,184029,5,514999
WIN$D,M15,1751626800,156405.0,156680.0,156400.0,156635.0,199734,5,580908
WIN$D,M15,1751627700,156635.0,156765.0,156510.0,156650.0,147260,5,448012
WIN$D,M15,1751628600,156645.0,156800.0,156630.0,156695.0,84225,5,255263
WIN$D,M15,1751629500,156695.0,156755.0,156525.0,156585.0,95923,5,287730
WIN$D,M15,1751630400,156585.0,156840.0,156480.0,156780.0,126040,5,394777
WIN$D,M15,1751631300,156780.0,156930.0,156740.0,156780.0,112943,5,366623
WIN$D,M15,1751632200,156775.0,156850.0,156730.0,156805.0,49623,5,157878
WIN$D,M15,1751633100,156805.0,156830.0,156700.0,156725.0,50618,5,158973
WIN$D,M15,1751634000,156720.0,156800.0,156695.0,156770.0,42148,5,126932
WIN$D,M15,1751634900,156770.0,156845.0,156680.0,156730.0,63331,5,190891
WIN$D,M15,1751635800,156735.0,156790.0,156690.0,156745.0,40830,5,125959
WIN$D,M15,1751636700,156740.0,156755.0,156655.0,156675.0,32612,5,97693
WIN$D,M15,1751637600,156680.0,156770.0,156660.0,156730.0,36002,5,113101
WIN$D,M15,1751638500,156730.0,156805.0,156695.0,156760.0,39260,5,122535
WIN$D,M15,1751639400,156765.0,156990.0,156760.0,156905.0,88201,5,265925
WIN$D,M15,1751640300,156900.0,156980.0,156860.0,156960.0,48764,5,141961
WIN$D,M15,1751641200,156960.0,157065.0,156950.0,157020.0,58140,5,188014
WIN$D,M15,1751642100,157020.0,157045.0,156930.0,156995.0,53215,5,175451
WIN$D,M15,1751643000,156995.0,157080.0,156955.0,156990.0,48640,5,162796
WIN$D,M15,1751643900,156985.0,157005.0,156910.0,156935.0,33768,5,109221
WIN$D,M15,1751644800,156940.0,157055.0,156915.0,157030.0,30383,5,104870
WIN$D,M15,1751645700,157025.0,157050.0,156985.0,157020.0,20398,5,66313
WIN$D,M15,1751646600,157020.0,157065.0,156965.0,156980.0,25190,5,84268
WIN$D,M15,1751647500,156980.0,156985.0,156780.0,156810.0,60294,5,217546
WIN$D,M15,1751648400,156810.0,156810.0,156655.0,156710.0,53796,5,178819
WIN$D,M15,1751649300,156705.0,156775.0,156685.0,156730.0,20216,5,70632
WIN$D,M15,1751650200,156725.0,156825.0,156665.0,156780.0,27966,5,95371
WIN$D,M15,1751651100,156775.0,156830.0,156725.0,156820.0,14394,5,49859
WIN$D,M15,1751652000,156820.0,157045.0,156815.0,157010.0,27461,5,82212
WIN$D,M15,1751652900,157005.0,157255.0,156960.0,157245.0,15936,5,57288
WIN$D,M15,1751878800,156790.0,156845.0,156285.0,156760.0,301645,5,749232
WIN$D,M15,1751879700,156755.0,156775.0,156330.0,156460.0,209170,5,587278
WIN$D,M15,1751880600,156465.0,156635.0,156320.0,156455.0,174068,5,505180
WIN$D,M15,1751881500,156460.0,156695.0,156445.0,156655.0,151594,5,465848
WIN$D,M15,1751882400,156650.0,156775.0,156435.0,156545.0,220779,5,659129
WIN$D,M15,1751883300,156550.0,156550.0,156085.0,156120.0,280515,5,854129
WIN$D,M15,1751884200,156120.0,156495.0,156020.0,156165.0,321490,5,1017117
WIN$D,M15,1751885100,156160.0,156180.0,155940.0,156020.0,167893,5,546890
WIN$D,M15,1751886000,156020.0,156035.0,155630.0,155720.0,210936,5,702717
WIN$D,M15,1751886900,155720.0,155850.0,155655.0,155750.0,120250,5,387085
WIN$D,M15,1751887800,155755.0,155805.0,155600.0,155655.0,100320,5,341798
WIN$D,M15,1751888700,155650.0,155725.0,155490.0,155665.0,157906,5,566498
WIN$D,M15,1751889600,155665.0,155670.0,155365.0,155415.0,137649,5,478541
WIN$D,M15,1751890500,155415.0,155430.0,155215.0,155320.0,138237,5,510349
WIN$D,M15,1751891400,155325.0,155390.0,155225.0,155315.0,66882,5,248991
WIN$D,M15,1751892300,155315.0,155320.0,155085.0,155190.0,104915,5,382372
WIN$D,M15,1751893200,155190.0,155245.0,155050.0,155160.0,75464,5,274906
WIN$D,M15,1751894100,155165.0,155165.0,154830.0,154915.0,153537,5,563959
WIN$D,M15,1751895000,154915.0,154995.0,154855.0,154880.0,85045,5,309465
WIN$D,M15,1751895900,154875.0,154970.0,154715.0,154745.0,108180,5,410484
WIN$D,M15,1751896800,154745.0,154840.0,154575.0,154665.0,118413,5,457256
WIN$D,M15,1751897700,154665.0,154790.0,154600.0,154765.0,74080,5,285081
WIN$D,M15,1751898600,154770.0,154900.0,154740.0,154865.0,102168,5,371251
WIN$D,M15,1751899500,154860.0,154880.0,154775.0,154805.0,51216,5,186292
WIN$D,M15,1751900400,154800.0,154910.0,154755.0,154830.0,59190,5,220243
WIN$D,M15,1751901300,154835.0,154855.0,154630.0,154770.0,97451,5,374117
WIN$D,M15,1751902200,154765.0,154785.0,154630.0,154745.0,63189,5,231757
WIN$D,M15,1751903100,154740.0,154865.0,154670.0,154835.0,66428,5,251471
WIN$D,M15,1751904000,154840.0,154875.0,154775.0,154860.0,44966,5,167666
WIN$D,M15,1751904900,154860.0,154875.0,154705.0,154725.0,59984,5,236079
WIN$D,M15,1751905800,154725.0,154790.0,154665.0,154690.0,52917,5,199734
WIN$D,M15,1751906700,154690.0,154855.0,154685.0,154800.0,60039,5,240792
WIN$D,M15,1751907600,154800.0,154880.0,154775.0,154805.0,47035,5,175551
WIN$D,M15,1751908500,154805.0,154820.0,154715.0,154770.0,27978,5,107534
WIN$D,M15,1751909400,154770.0,154905.0,154770.0,154830.0,41399,5,155527
WIN$D,M15,1751910300,154835.0,154885.0,154780.0,154865.0,25517,5,88873
WIN$D,M15,1751911200,154860.0,154895.0,154820.0,154850.0,22851,5,66964
WIN$D,M15,1751912100,154845.0,154870.0,154755.0,154755.0,13407,5,56120
WIN$D,M15,1751965200,155100.0,155325.0,154555.0,154880.0,358263,5,961935
WIN$D,M15,1751966100,154875.0,154905.0,154290.0,154800.0,318270,5,954013
WIN$D,M15,1751967000,154800.0,154855.0,154615.0,154795.0,166077,5,503293
WIN$D,M15,1751967900,154790.0,155010.0,154760.0,154860.0,185300,5,549644
WIN$D,M15,1751968800,154865.0,154865.0,154335.0,154390.0,331518,5,1013818
WIN$D,M15,1751969700,154390.0,154795.0,154350.0,154395.0,274929,5,845753
WIN$D,M15,1751970600,154395.0,154760.0,154230.0,154490.0,313768,5,985294
WIN$D,M15,1751971500,154495.0,154685.0,154360.0,154580.0,175161,5,566538
WIN$D,M15,1751972400,154580.0,154765.0,154460.0,154625.0,152277,5,501678
WIN$D,M15,1751973300,154630.0,154735.0,154550.0,154645.0,114560,5,392441
WIN$D,M15,1751974200,154650.0,154700.0,154240.0,154345.0,148059,5,495762
WIN$D,M15,1751975100,154340.0,154625.0,154290.0,154530.0,150040,5,512652
WIN$D,M15,1751976000,154530.0,154720.0,154515.0,154535.0,104746,5,344315
WIN$D,M15,1751976900,154530.0,154600.0,154450.0,154525.0,82272,5,281774
WIN$D,M15,1751977800,154520.0,154600.0,154290.0,154465.0,107366,5,363132
WIN$D,M15,1751978700,154470.0,154600.0,154355.0,154385.0,81750,5,279553
WIN$D,M15,1751979600,154390.0,154400.0,154195.0,154275.0,100435,5,320466
WIN$D,M15,1751980500,154275.0,154455.0,154205.0,154440.0,80483,5,257280
WIN$D,M15,1751981400,154440.0,154460.0,153960.0,154020.0,192026,5,633927
WIN$D,M15,1751982300,154020.0,154385.0,153975.0,154340.0,124874,5,409545
WIN$D,M15,1751983200,154340.0,154430.0,154255.0,154350.0,102864,5,335727
WIN$D,M15,1751984100,154345.0,154410.0,154275.0,154345.0,58145,5,189756
WIN$D,M15,1751985000,154340.0,154445.0,154300.0,154375.0,65530,5,221170
WIN$D,M15,1751985900,154375.0,154540.0,154295.0,154455.0,84410,5,286845
WIN$D,M15,1751986800,154450.0,154630.0,154380.0,154620.0,79465,5,274048
WIN$D,M15,1751987700,154620.0,154665.0,154400.0,154465.0,81325,5,281071
WIN$D,M15,1751988600,154460.0,154470.0,154290.0,154320.0,65218,5,230011
WIN$D,M15,1751989500,154320.0,154440.0,154315.0,154385.0,61459,5,214361
WIN$D,M15,1751990400,154380.0,154420.0,154300.0,154365.0,43468,5,157971
WIN$D,M15,1751991300,154365.0,154375.0,154195.0,154285.0,59032,5,201497
WIN$D,M15,1751992200,154290.0,154380.0,154200.0,154250.0,73777,5,264530
WIN$D,M15,1751993100,154245.0,154340.0,154175.0,154325.0,51281,5,181609
WIN$D,M15,1751994000,154330.0,154570.0,154325.0,154525.0,88487,5,300286
WIN$D,M15,1751994900,154525.0,154625.0,154510.0,154545.0,42132,5,143358
WIN$D,M15,1751995800,154540.0,154720.0,154465.0,154650.0,51352,5,189586
WIN$D,M15,1751996700,154650.0,154695.0,154580.0,154690.0,25543,5,80069
WIN$D,M15,1751997600,154685.0,154790.0,154635.0,154745.0,29820,5,80080
WIN$D,M15,1751998500,154740.0,154800.0,154680.0,154680.0,13655,5,49143
WIN$D,M15,1752051600,154710.0,154770.0,153735.0,153740.0,271142,5,710395
WIN$D,M15,1752052500,153745.0,154180.0,153635.0,154055.0,245678,5,751335
WIN$D,M15,1752053400,154055.0,154215.0,153995.0,154030.0,163351,5,500488
WIN$D,M15,1752054300,154030.0,154240.0,153940.0,154165.0,150074,5,432841
WIN$D,M15,1752055200,154165.0,154275.0,153930.0,154155.0,240021,5,733342
WIN$D,M15,1752056100,154150.0,154160.0,153505.0,153670.0,273670,5,898564
WIN$D,M15,1752057000,153665.0,153705.0,153440.0,153670.0,218660,5,728070
WIN$D,M15,1752057900,153670.0,154010.0,153455.0,153475.0,217601,5,718474
WIN$D,M15,1752058800,153475.0,153500.0,153295.0,153450.0,167365,5,586834
WIN$D,M15,1752059700,153450.0,153630.0,153430.0,153490.0,115784,5,377350
WIN$D,M15,1752060600,153495.0,153580.0,153380.0,153475.0,116298,5,380908
WIN$D,M15,1752061500,153475.0,153505.0,153150.0,153160.0,116733,5,397288
WIN$D,M15,1752062400,153160.0,153240.0,153075.0,153095.0,105981,5,367830
WIN$D,M15,1752063300,153100.0,153125.0,152960.0,153030.0,92657,5,340459
WIN$D,M15,1752064200,153030.0,153280.0,153010.0,153255.0,81824,5,296022
WIN$D,M15,1752065100,153250.0,153270.0,153145.0,153235.0,58137,5,210239
WIN$D,M15,1752066000,153235.0,153240.0,153085.0,153180.0,78798,5,293475
WIN$D,M15,1752066900,153180.0,153250.0,153110.0,153140.0,55730,5,207858
WIN$D,M15,1752067800,153140.0,153205.0,153055.0,153125.0,50170,5,179000
WIN$D,M15,1752068700,153130.0,153160.0,153050.0,153130.0,43291,5,161149
WIN$D,M15,1752069600,153130.0,153250.0,153110.0,153210.0,63797,5,222898
WIN$D,M15,1752070500,153210.0,153240.0,153120.0,153195.0,50197,5,184909
WIN$D,M15,1752071400,153200.0,153260.0,152510.0,152905.0,266673,5,972565
WIN$D,M15,1752072300,152900.0,152930.0,152740.0,152775.0,89072,5,323698
WIN$D,M15,1752073200,152770.0,152840.0,152670.0,152730.0,75199,5,273367
WIN$D,M15,1752074100,152730.0,152875.0,152670.0,152780.0,58946,5,211123
WIN$D,M15,1752075000,152785.0,152825.0,152735.0,152815.0,38603,5,133789
WIN$D,M15,1752075900,152815.0,152820.0,152675.0,152725.0,54634,5,191737
WIN$D,M15,1752076800,152730.0,152765.0,152580.0,152595.0,63940,5,240617
WIN$D,M15,1752077700,152600.0,152625.0,152370.0,152515.0,86609,5,321223
WIN$D,M15,1752078600,152515.0,152535.0,152410.0,152435.0,49337,5,191066
WIN$D,M15,1752079500,152440.0,152555.0,152390.0,152535.0,61736,5,234345
WIN$D,M15,1752080400,152540.0,152645.0,152490.0,152515.0,62550,5,238084
WIN$D,M15,1752081300,152515.0,152570.0,150585.0,151000.0,273950,5,855184
WIN$D,M15,1752082200,151000.0,151780.0,151000.0,151585.0,122821,5,327834
WIN$D,M15,1752083100,151585.0,151655.0,151160.0,151400.0,78533,5,203253
WIN$D,M15,1752084000,151400.0,151460.0,150930.0,151270.0,77291,5,163705
WIN$D,M15,1752084900,151275.0,151415.0,151120.0,151250.0,21344,5,58559
WIN$D,M15,1752138000,150750.0,150990.0,150460.0,150820.0,156662,5,488414
WIN$D,M15,1752138900,150815.0,151070.0,150185.0,150860.0,397293,5,1163238
WIN$D,M15,1752139800,150860.0,151040.0,150755.0,150830.0,169499,5,481660
WIN$D,M15,1752140700,150830.0,151085.0,150680.0,150925.0,178728,5,554189
WIN$D,M15,1752141600,150930.0,151535.0,150910.0,151235.0,295545,5,914145
WIN$D,M15,1752142500,151230.0,151460.0,151070.0,151155.0,225268,5,701042
WIN$D,M15,1752143400,151150.0,151445.0,150915.0,151340.0,275367,5,909403
WIN$D,M15,1752144300,151335.0,151735.0,151290.0,151400.0,250464,5,838719
WIN$D,M15,1752145200,151395.0,151690.0,151160.0,151535.0,187453,5,614803
WIN$D,M15,1752146100,151535.0,151640.0,151335.0,151405.0,117680,5,385833
WIN$D,M15,1752147000,151400.0,151725.0,151320.0,151670.0,127061,5,431526
WIN$D,M15,1752147900,151670.0,151825.0,151415.0,151625.0,151462,5,542615
WIN$D,M15,1752148800,151620.0,151745.0,151360.0,151380.0,110252,5,388052
WIN$D,M15,1752149700,151385.0,151605.0,151350.0,151575.0,78505,5,267110
WIN$D,M15,1752150600,151580.0,151725.0,151495.0,151590.0,97232,5,345290
WIN$D,M15,1752151500,151585.0,151705.0,151560.0,151635.0,51357,5,176482
WIN$D,M15,1752152400,151635.0,151925.0,151605.0,151875.0,88732,5,306779
WIN$D,M15,1752153300,151875.0,152085.0,151860.0,151920.0,95147,5,338906
WIN$D,M15,1752154200,151920.0,151995.0,151830.0,151880.0,70765,5,250757
WIN$D,M15,1752155100,151880.0,151990.0,151760.0,151785.0,76481,5,274456
WIN$D,M15,1752156000,151785.0,151910.0,151715.0,151865.0,62689,5,228032
WIN$D,M15,1752156900,151865.0,152000.0,151695.0,151825.0,95386,5,335043
WIN$D,M15,1752157800,151825.0,151860.0,151555.0,151570.0,94610,5,339501
WIN$D,M15,1752158700,151570.0,151800.0,151565.0,151720.0,79072,5,289745
WIN$D,M15,1752159600,151715.0,151880.0,151705.0,151830.0,70940,5,253335
WIN$D,M15,1752160500,151825.0,151835.0,151530.0,151740.0,77691,5,282304
WIN$D,M15,1752161400,151745.0,151845.0,151595.0,151830.0,71035,5,251612
WIN$D,M15,1752162300,151825.0,151910.0,151735.0,151820.0,62329,5,219657
WIN$D,M15,1752163200,151820.0,152065.0,151805.0,151970.0,83359,5,311797
WIN$D,M15,1752164100,151965.0,152065.0,151915.0,152015.0,61441,5,230588
WIN$D,M15,1752165000,152010.0,152045.0,151840.0,151910.0,56302,5,222043
WIN$D,M15,1752165900,151910.0,151975.0,151770.0,151795.0,54721,5,191068
WIN$D,M15,1752166800,151795.0,151845.0,151680.0,151785.0,63085,5,204334
WIN$D,M15,1752167700,151785.0,151935.0,151695.0,151870.0,40246,5,141992
WIN$D,M15,1752168600,151870.0,152125.0,151870.0,152055.0,33846,5,123079
WIN$D,M15,1752169500,152055.0,152115.0,151960.0,152065.0,25068,5,75212
WIN$D,M15,1752170400,152070.0,152305.0,152045.0,152120.0,37050,5,97184
WIN$D,M15,1752171300,152115.0,152240.0,152005.0,152005.0,12797,5,47591
WIN$D,M15,1752224400,151530.0,151600.0,150965.0,151530.0,273577,5,719568
WIN$D,M15,1752225300,151530.0,151685.0,151310.0,151455.0,208602,5,595581
WIN$D,M15,1752226200,151460.0,151465.0,151150.0,151215.0,125829,5,361341
WIN$D,M15,1752227100,151215.0,151340.0,151135.0,151305.0,123720,5,376899
WIN$D,M15,1752228000,151310.0,151435.0,151150.0,151170.0,190501,5,594002
WIN$D,M15,1752228900,151170.0,151170.0,150825.0,150960.0,258638,5,814487
WIN$D,M15,1752229800,150955.0,151110.0,150725.0,150930.0,261952,5,824557
WIN$D,M15,1752230700,150935.0,150950.0,150565.0,150755.0,223998,5,741512
WIN$D,M15,1752231600,150755.0,151580.0,150580.0,151195.0,311485,5,1012118
WIN$D,M15,1752232500,151200.0,151270.0,151020.0,151050.0,170390,5,554517
WIN$D,M15,1752233400,151055.0,151120.0,150855.0,150975.0,150375,5,506630
WIN$D,M15,1752234300,150975.0,151105.0,150915.0,151040.0,90953,5,300783
WIN$D,M15,1752235200,151035.0,151075.0,150795.0,150820.0,81133,5,273140
WIN$D,M15,1752236100,150825.0,150850.0,150480.0,150615.0,115757,5,395948
WIN$D,M15,1752237000,150615.0,150755.0,150550.0,150655.0,93135,5,311091
WIN$D,M15,1752237900,150650.0,150755.0,150585.0,150695.0,82571,5,284230
WIN$D,M15,1752238800,150695.0,150700.0,150555.0,150655.0,57611,5,196746
WIN$D,M15,1752239700,150655.0,150660.0,150435.0,150520.0,92481,5,323714
WIN$D,M15,1752240600,150515.0,150605.0,150495.0,150565.0,45864,5,149694
WIN$D,M15,1752241500,150565.0,150625.0,150440.0,150525.0,56461,5,192773
WIN$D,M15,1752242400,150525.0,150735.0,150480.0,150695.0,81290,5,278799
WIN$D,M15,1752243300,150695.0,150900.0,150655.0,150845.0,80212,5,264756
WIN$D,M15,1752244200,150845.0,150855.0,150595.0,150740.0,95194,5,338514
WIN$D,M15,1752245100,150735.0,150935.0,150720.0,150915.0,60320,5,205216
WIN$D,M15,1752246000,150920.0,151090.0,150855.0,151005.0,103492,5,363289
WIN$D,M15,1752246900,151005.0,151245.0,150955.0,151100.0,80094,5,293784
WIN$D,M15,1752247800,151095.0,151100.0,150960.0,151040.0,58905,5,212317
WIN$D,M15,1752248700,151040.0,151230.0,150985.0,151155.0,71046,5,267944
WIN$D,M15,1752249600,151155.0,151240.0,151110.0,151170.0,58234,5,204065
WIN$D,M15,1752250500,151170.0,151175.0,151060.0,151115.0,49759,5,185365
WIN$D,M15,1752251400,151115.0,151205.0,151065.0,151135.0,54935,5,195047
WIN$D,M15,1752252300,151130.0,151170.0,151075.0,151135.0,37624,5,118151
WIN$D,M15,1752253200,151135.0,151350.0,151130.0,151335.0,64977,5,213764
WIN$D,M15,1752254100,151335.0,151340.0,151145.0,151165.0,35365,5,123727
WIN$D,M15,1752255000,151160.0,151165.0,151035.0,151115.0,31746,5,110707
WIN$D,M15,1752255900,151115.0,151295.0,151105.0,151160.0,34976,5,108092
WIN$D,M15,1752256800,151160.0,151260.0,151010.0,151045.0,27531,5,77602
WIN$D,M15,1752257700,151055.0,151070.0,150890.0,151045.0,11503,5,34225
WIN$D,M15,1752483600,150800.0,151150.0,150545.0,150550.0,319886,5,828114
WIN$D,M15,1752484500,150550.0,150730.0,150435.0,150650.0,210404,5,628694
WIN$D,M15,1752485400,150655.0,150755.0,150305.0,150320.0,168867,5,487638
WIN$D,M15,1752486300,150320.0,150945.0,150245.0,150750.0,198605,5,565901
WIN$D,M15,1752487200,150750.0,150880.0,150195.0,150195.0,256238,5,762697
WIN$D,M15,1752488100,150195.0,150470.0,149945.0,150155.0,267668,5,836074
WIN$D,M15,1752489000,150150.0,150600.0,150030.0,150400.0,265096,5,853349
WIN$D,M15,1752489900,150400.0,150520.0,150350.0,150440.0,118505,5,389429
WIN$D,M15,1752490800,150440.0,150455.0,150125.0,150200.0,150859,5,504259
WIN$D,M15,1752491700,150205.0,150280.0,149755.0,149845.0,167049,5,573296
WIN$D,M15,1752492600,149845.0,150070.0,149700.0,149910.0,138819,5,479237
WIN$D,M15,1752493500,149910.0,150055.0,149655.0,149865.0,124795,5,428378
WIN$D,M15,1752494400,149860.0,150150.0,149820.0,150105.0,119234,5,407543
WIN$D,M15,1752495300,150105.0,150255.0,150015.0,150200.0,97519,5,329243
WIN$D,M15,1752496200,150195.0,150295.0,150110.0,150260.0,81782,5,288405
WIN$D,M15,1752497100,150260.0,150310.0,150085.0,150110.0,68326,5,228708
WIN$D,M15,1752498000,150105.0,150205.0,149985.0,150070.0,82575,5,293668
WIN$D,M15,1752498900,150065.0,150070.0,149880.0,150005.0,70601,5,250533
WIN$D,M15,1752499800,150010.0,150140.0,149995.0,150100.0,53757,5,183624
WIN$D,M15,1752500700,150105.0,150345.0,150080.0,150270.0,78563,5,283900
WIN$D,M15,1752501600,150270.0,150295.0,150110.0,150135.0,54930,5,196898
WIN$D,M15,1752502500,150135.0,150165.0,149905.0,150020.0,85878,5,302803
WIN$D,M15,1752503400,150020.0,150095.0,149965.0,149975.0,49285,5,180449
WIN$D,M15,1752504300,149970.0,150030.0,149850.0,149975.0,67879,5,236937
WIN$D,M15,1752505200,149975.0,150115.0,149975.0,150050.0,48166,5,176856
WIN$D,M15,1752506100,150050.0,150135.0,149985.0,150020.0,56898,5,206832
WIN$D,M15,1752507000,150020.0,150180.0,149990.0,150115.0,67124,5,249582
WIN$D,M15,1752507900,150110.0,150120.0,150015.0,150075.0,40396,5,145260
WIN$D,M15,1752508800,150080.0,150210.0,150060.0,150090.0,55621,5,202624
WIN$D,M15,1752509700,150090.0,150100.0,150020.0,150030.0,36522,5,133570
WIN$D,M15,1752510600,150030.0,150090.0,150005.0,150025.0,39930,5,145455
WIN$D,M15,1752511500,150025.0,150240.0,150010.0,150155.0,52915,5,197136
WIN$D,M15,1752512400,150160.0,150280.0,150065.0,150150.0,53593,5,188735
WIN$D,M15,1752513300,150150.0,150235.0,150085.0,150140.0,34724,5,124558
WIN$D,M15,1752514200,150135.0,150220.0,150130.0,150150.0,21775,5,76731
WIN$D,M15,1752515100,150155.0,150190.0,150110.0,150135.0,17733,5,52334
WIN$D,M15,1752516000,150135.0,150180.0,150100.0,150125.0,18501,5,39072
WIN$D,M15,1752516900,150130.0,150170.0,150010.0,150170.0,15584,5,42839
WIN$D,M15,1752570000,150310.0,150310.0,149660.0,149980.0,248615,5,632580
WIN$D,M15,1752570900,149980.0,150105.0,149835.0,150000.0,142988,5,399039
WIN$D,M15,1752571800,150000.0,150170.0,149880.0,149910.0,193157,5,562951
WIN$D,M15,1752572700,149915.0,150430.0,149855.0,150285.0,220964,5,663029
WIN$D,M15,1752573600,150280.0,150965.0,150160.0,150765.0,347231,5,1056435
WIN$D,M15,1752574500,150760.0,150780.0,149895.0,150000.0,285418,5,933419
WIN$D,M15,1752575400,150000.0,150230.0,149405.0,149535.0,301627,5,1024966
WIN$D,M15,1752576300,149535.0,149870.0,149315.0,149755.0,228072,5,769763
WIN$D,M15,1752577200,149760.0,149845.0,149465.0,149535.0,176542,5,571171
WIN$D,M15,1752578100,149530.0,149695.0,149445.0,149645.0,115006,5,382912
WIN$D,M15,1752579000,149645.0,149690.0,149300.0,149485.0,133238,5,441903
WIN$D,M15,1752579900,149485.0,149720.0,149465.0,149605.0,93820,5,306851
WIN$D,M15,1752580800,149605.0,149805.0,149605.0,149620.0,99038,5,316568
WIN$D,M15,1752581700,149625.0,149695.0,149375.0,149390.0,104423,5,348549
WIN$D,M15,1752582600,149390.0,149560.0,149150.0,149470.0,139868,5,488193
WIN$D,M15,1752583500,149475.0,149515.0,149370.0,149505.0,73223,5,249009
WIN$D,M15,1752584400,149510.0,149610.0,149335.0,149395.0,88642,5,292827
WIN$D,M15,1752585300,149390.0,149415.0,149080.0,149160.0,121497,5,410595
WIN$D,M15,1752586200,149160.0,149530.0,149095.0,149455.0,108461,5,370136
WIN$D,M15,1752587100,149450.0,149665.0,149435.0,149605.0,88807,5,301268
WIN$D,M15,1752588000,149610.0,150080.0,149610.0,149935.0,152276,5,529749
WIN$D,M15,1752588900,149935.0,150020.0,149815.0,150000.0,86687,5,302384
WIN$D,M15,1752589800,149995.0,150225.0,149955.0,150160.0,109526,5,379312
WIN$D,M15,1752590700,150160.0,150285.0,150030.0,150165.0,85605,5,292193
WIN$D,M15,1752591600,150170.0,150455.0,150105.0,150410.0,92699,5,322822
WIN$D,M15,1752592500,150415.0,150435.0,150195.0,150245.0,82350,5,287658
WIN$D,M15,1752593400,150245.0,150245.0,150015.0,150050.0,82837,5,301589
WIN$D,M15,1752594300,150055.0,150155.0,149980.0,150030.0,68515,5,250004
WIN$D,M15,1752595200,150025.0,150155.0,149980.0,150120.0,55069,5,192546
WIN$D,M15,1752596100,150115.0,150175.0,150040.0,150075.0,48247,5,174294
WIN$D,M15,1752597000,150080.0,150175.0,150075.0,150155.0,39477,5,146742
WIN$D,M15,1752597900,150160.0,150255.0,150095.0,150115.0,68574,5,235944
WIN$D,M15,1752598800,150110.0,150235.0,150085.0,150160.0,47009,5,159638
WIN$D,M15,1752599700,150165.0,150230.0,150095.0,150215.0,25761,5,89404
WIN$D,M15,1752600600,150215.0,150300.0,150170.0,150255.0,27005,5,96512
WIN$D,M15,1752601500,150260.0,150290.0,150200.0,150275.0,17451,5,50231
WIN$D,M15,1752602400,150275.0,150430.0,150250.0,150390.0,25978,5,65801
WIN$D,M15,1752603300,150390.0,150605.0,150385.0,150605.0,19357,5,58476
WIN$D,M15,1752656400,150070.0,150560.0,149715.0,150440.0,262901,5,682707
WIN$D,M15,1752657300,150440.0,150560.0,150205.0,150335.0,155947,5,426136
WIN$D,M15,1752658200,150335.0,150710.0,150205.0,150405.0,263908,5,765923
WIN$D,M15,1752659100,150410.0,150550.0,150140.0,150230.0,184875,5,551160
WIN$D,M15,1752660000,150230.0,150390.0,149825.0,150135.0,332123,5,988287
WIN$D,M15,1752660900,150145.0,150220.0,149700.0,149750.0,212097,5,645539
WIN$D,M15,1752661800,149745.0,149910.0,149545.0,149560.0,264560,5,863416
WIN$D,M15,1752662700,149555.0,149670.0,149395.0,149525.0,170344,5,559432
WIN$D,M15,1752663600,149525.0,149805.0,149445.0,149525.0,180637,5,584134
WIN$D,M15,1752664500,149525.0,149580.0,149360.0,149500.0,138596,5,461085
WIN$D,M15,1752665400,149500.0,149530.0,149180.0,149240.0,156957,5,543199
WIN$D,M15,1752666300,149245.0,149355.0,149160.0,149165.0,140115,5,499273
WIN$D,M15,1752667200,149165.0,149370.0,149120.0,149170.0,119900,5,417636
WIN$D,M15,1752668100,149170.0,149255.0,148990.0,149200.0,191485,5,630872
WIN$D,M15,1752669000,149200.0,149465.0,148955.0,149360.0,186168,5,597448
WIN$D,M15,1752669900,149360.0,149415.0,149245.0,149320.0,119651,5,391987
WIN$D,M15,1752670800,149325.0,149360.0,149210.0,149255.0,84800,5,262444
WIN$D,M15,1752671700,149250.0,149325.0,149210.0,149285.0,58282,5,176199
WIN$D,M15,1752672600,149285.0,149360.0,149205.0,149315.0,64103,5,211454
WIN$D,M15,1752673500,149315.0,149385.0,149245.0,149380.0,56639,5,190062
WIN$D,M15,1752674400,149380.0,149995.0,149365.0,149815.0,171045,5,580123
WIN$D,M15,1752675300,149820.0,149880.0,149695.0,149790.0,89843,5,322457
WIN$D,M15,1752676200,149790.0,150040.0,149765.0,149995.0,93668,5,333121
WIN$D,M15,1752677100,150000.0,150175.0,149990.0,150135.0,85627,5,276369
WIN$D,M15,1752678000,150135.0,150280.0,150070.0,150230.0,89890,5,307553
WIN$D,M15,1752678900,150230.0,150245.0,149570.0,149670.0,185835,5,650153
WIN$D,M15,1752679800,149670.0,149965.0,149620.0,149925.0,118984,5,412464
WIN$D,M15,1752680700,149925.0,150365.0,149915.0,150310.0,108995,5,379653
WIN$D,M15,1752681600,150315.0,150410.0,150190.0,150205.0,78562,5,295507
WIN$D,M15,1752682500,150200.0,150290.0,150135.0,150230.0,60113,5,201007
WIN$D,M15,1752683400,150230.0,150345.0,150165.0,150250.0,63303,5,218557
WIN$D,M15,1752684300,150250.0,150380.0,150220.0,150320.0,50972,5,175981
WIN$D,M15,1752685200,150325.0,150380.0,150235.0,150245.0,42811,5,141702
WIN$D,M15,1752686100,150245.0,150260.0,150035.0,150110.0,46305,5,161865
WIN$D,M15,1752687000,150105.0,150130.0,149965.0,150040.0,29717,5,102906
WIN$D,M15,1752687900,150045.0,150105.0,150010.0,150085.0,19201,5,58860
WIN$D,M15,1752688800,150085.0,150095.0,149900.0,149945.0,17739,5,46934
WIN$D,M15,1752689700,149945.0,150060.0,149880.0,149925.0,10534,5,42135
WIN$D,M15,1752742800,149640.0,149720.0,149065.0,149590.0,320406,5,852525
WIN$D,M15,1752743700,149595.0,149800.0,149495.0,149750.0,157611,5,443259
WIN$D,M15,1752744600,149750.0,150045.0,149540.0,149960.0,200415,5,580167
WIN$D,M15,1752745500,149955.0,150370.0,149940.0,150085.0,218847,5,682012
WIN$D,M15,1752746400,150085.0,150190.0,149890.0,150040.0,227581,5,675165
WIN$D,M15,1752747300,150040.0,150095.0,149755.0,149825.0,213179,5,654081
WIN$D,M15,1752748200,149820.0,150210.0,149725.0,150140.0,281370,5,882165
WIN$D,M15,1752749100,150140.0,150150.0,149620.0,149860.0,224358,5,729081
WIN$D,M15,1752750000,149865.0,149975.0,149675.0,149890.0,181806,5,583089
WIN$D,M15,1752750900,149890.0,150080.0,149700.0,149720.0,174707,5,589567
WIN$D,M15,1752751800,149720.0,150135.0,149690.0,150100.0,150609,5,496457
WIN$D,M15,1752752700,150100.0,150445.0,150080.0,150360.0,153438,5,516890
WIN$D,M15,1752753600,150360.0,150495.0,150200.0,150230.0,129540,5,422814
WIN$D,M15,1752754500,150230.0,150240.0,149960.0,150045.0,99801,5,352080
WIN$D,M15,1752755400,150045.0,150465.0,150035.0,150270.0,106546,5,376579
WIN$D,M15,1752756300,150270.0,150335.0,150110.0,150155.0,80517,5,280590
WIN$D,M15,1752757200,150160.0,150175.0,149845.0,149855.0,98076,5,323431
WIN$D,M15,1752758100,149855.0,149910.0,149760.0,149820.0,69385,5,235532
WIN$D,M15,1752759000,149815.0,149970.0,149800.0,149910.0,74262,5,252894
WIN$D,M15,1752759900,149910.0,149995.0,149850.0,149860.0,71947,5,255498
WIN$D,M15,1752760800,149855.0,150105.0,149830.0,150005.0,87448,5,294043
WIN$D,M15,1752761700,150005.0,150005.0,149845.0,149880.0,73792,5,253800
WIN$D,M15,1752762600,149880.0,149880.0,149720.0,149785.0,61552,5,205478
WIN$D,M15,1752763500,149785.0,149895.0,149750.0,149865.0,56252,5,198192
WIN$D,M15,1752764400,149865.0,149985.0,149670.0,149915.0,101611,5,364534
WIN$D,M15,1752765300,149915.0,150250.0,149890.0,150180.0,96287,5,325346
WIN$D,M15,1752766200,150175.0,150230.0,150075.0,150165.0,57489,5,190373
WIN$D,M15,1752767100,150160.0,150350.0,150125.0,150315.0,67946,5,220137
WIN$D,M15,1752768000,150320.0,150340.0,150235.0,150270.0,51036,5,182756
WIN$D,M15,1752768900,150270.0,150370.0,150200.0,150220.0,52553,5,173434
WIN$D,M15,1752769800,150225.0,150295.0,150205.0,150255.0,41820,5,140797
WIN$D,M15,1752770700,150255.0,150355.0,150235.0,150265.0,40061,5,137166
WIN$D,M15,1752771600,150265.0,150410.0,150185.0,150350.0,56980,5,184607
WIN$D,M15,1752772500,150345.0,150355.0,150270.0,150315.0,29179,5,92918
WIN$D,M15,1752773400,150310.0,150370.0,150285.0,150345.0,17576,5,57790
WIN$D,M15,1752774300,150345.0,150355.0,150235.0,150275.0,20009,5,57193
WIN$D,M15,1752775200,150275.0,150340.0,150200.0,150215.0,28140,5,59478
WIN$D,M15,1752776100,150210.0,150335.0,150170.0,150225.0,14991,5,36369
WIN$D,M15,1752829200,149995.0,150070.0,149130.0,149335.0,333142,5,863277
WIN$D,M15,1752830100,149335.0,149595.0,149165.0,149500.0,215567,5,616642
WIN$D,M15,1752831000,149505.0,149545.0,149020.0,149130.0,214221,5,641948
WIN$D,M15,1752831900,149130.0,149200.0,148900.0,148945.0,189989,5,578623
WIN$D,M15,1752832800,148945.0,149585.0,148680.0,149580.0,364283,5,1090561
WIN$D,M15,1752833700,149580.0,149665.0,149325.0,149535.0,276298,5,859094
WIN$D,M15,1752834600,149530.0,149770.0,149490.0,149535.0,224221,5,719215
WIN$D,M15,1752835500,149535.0,149580.0,149175.0,149490.0,193445,5,626562
WIN$D,M15,1752836400,149490.0,149810.0,149430.0,149630.0,159028,5,570428
WIN$D,M15,1752837300,149630.0,149680.0,149260.0,149370.0,156697,5,537174
WIN$D,M15,1752838200,149365.0,149580.0,149315.0,149345.0,127730,5,417963
WIN$D,M15,1752839100,149340.0,149425.0,149155.0,149240.0,137178,5,454311
WIN$D,M15,1752840000,149240.0,149450.0,148865.0,148935.0,152191,5,503489
WIN$D,M15,1752840900,148930.0,149055.0,148855.0,148870.0,94025,5,305416
WIN$D,M15,1752841800,148870.0,148960.0,148595.0,148650.0,117061,5,395132
WIN$D,M15,1752842700,148650.0,148700.0,148540.0,148580.0,79518,5,287235
WIN$D,M15,1752843600,148575.0,148590.0,148345.0,148380.0,87851,5,316455
WIN$D,M15,1752844500,148380.0,148440.0,148190.0,148320.0,87471,5,305181
WIN$D,M15,1752845400,148325.0,148400.0,148250.0,148390.0,67168,5,242989
WIN$D,M15,1752846300,148395.0,148395.0,148150.0,148175.0,75623,5,271192
WIN$D,M15,1752847200,148175.0,148210.0,148090.0,148120.0,66538,5,238035
WIN$D,M15,1752848100,148120.0,148185.0,147940.0,147965.0,77395,5,285004
WIN$D,M15,1752849000,147970.0,148020.0,147905.0,147995.0,65080,5,240299
WIN$D,M15,1752849900,147995.0,148170.0,147955.0,148160.0,64878,5,228567
WIN$D,M15,1752850800,148165.0,148245.0,148110.0,148140.0,68188,5,241240
WIN$D,M15,1752851700,148140.0,148290.0,148100.0,148110.0,70662,5,255088
WIN$D,M15,1752852600,148105.0,148115.0,147880.0,147930.0,104379,5,375639
WIN$D,M15,1752853500,147935.0,148005.0,147845.0,147915.0,68489,5,238051
WIN$D,M15,1752854400,147915.0,147995.0,147855.0,147980.0,50385,5,185668
WIN$D,M15,1752855300,147980.0,148025.0,147900.0,148000.0,46858,5,187966
WIN$D,M15,1752856200,148005.0,148105.0,147995.0,148090.0,61675,5,231397
WIN$D,M15,1752857100,148085.0,148100.0,147900.0,147920.0,61095,5,225780
WIN$D,M15,1752858000,147925.0,148025.0,147835.0,147855.0,55268,5,192675
WIN$D,M15,1752858900,147855.0,147990.0,147740.0,147945.0,44833,5,176549
WIN$D,M15,1752859800,147945.0,148045.0,147945.0,148020.0,21448,5,74752
WIN$D,M15,1752860700,148025.0,148140.0,147945.0,148105.0,30244,5,109809
WIN$D,M15,1752861600,148100.0,148180.0,148030.0,148165.0,25714,5,77898
WIN$D,M15,1752862500,148165.0,148180.0,148005.0,148155.0,10495,5,40938
WIN$D,M15,1753088400,147570.0,148910.0,147470.0,148840.0,312258,5,816945
WIN$D,M15,1753089300,148845.0,149075.0,148785.0,148895.0,164054,5,449303
WIN$D,M15,1753090200,148900.0,148955.0,148530.0,148565.0,200720,5,564814
WIN$D,M15,1753091100,148570.0,148740.0,148400.0,148565.0,165300,5,441666
WIN$D,M15,1753092000,148570.0,148740.0,148430.0,148735.0,229347,5,637010
WIN$D,M15,1753092900,148735.0,148785.0,148350.0,148380.0,215463,5,644910
WIN$D,M15,1753093800,148380.0,148995.0,148380.0,148660.0,314616,5,974996
WIN$D,M15,1753094700,148660.0,148880.0,148535.0,148720.0,168981,5,549884
WIN$D,M15,1753095600,148720.0,149050.0,148550.0,148690.0,224994,5,693034
WIN$D,M15,1753096500,148695.0,148840.0,148585.0,148740.0,131562,5,395822
WIN$D,M15,1753097400,148735.0,149175.0,148705.0,149120.0,175283,5,549612
WIN$D,M15,1753098300,149125.0,149265.0,149000.0,149180.0,141692,5,462410
WIN$D,M15,1753099200,149180.0,149380.0,149110.0,149185.0,140756,5,423438
WIN$D,M15,1753100100,149180.0,149405.0,149125.0,149365.0,97545,5,299386
WIN$D,M15,1753101000,149360.0,149445.0,149280.0,149350.0,84141,5,264893
WIN$D,M15,1753101900,149350.0,149430.0,149305.0,149355.0,55972,5,176098
WIN$D,M15,1753102800,149355.0,149385.0,149195.0,149295.0,77245,5,249476
WIN$D,M15,1753103700,149300.0,149385.0,149215.0,149225.0,69029,5,225147
WIN$D,M15,1753104600,149225.0,149470.0,149210.0,149380.0,70784,5,224937
WIN$D,M15,1753105500,149380.0,149480.0,149345.0,149370.0,46764,5,147997
WIN$D,M15,1753106400,149370.0,149435.0,149145.0,149170.0,73987,5,250302
WIN$D,M15,1753107300,149170.0,149205.0,149045.0,149065.0,76397,5,256989
WIN$D,M15,1753108200,149065.0,149095.0,148745.0,148820.0,111924,5,364457
WIN$D,M15,1753109100,148820.0,148855.0,148705.0,148765.0,70046,5,231953
WIN$D,M15,1753110000,148765.0,148775.0,148645.0,148710.0,66942,5,219510
WIN$D,M15,1753110900,148710.0,148750.0,148610.0,148700.0,60828,5,202084
WIN$D,M15,1753111800,148700.0,148825.0,148615.0,148790.0,67495,5,221674
WIN$D,M15,1753112700,148790.0,148885.0,148695.0,148795.0,78649,5,265993
WIN$D,M15,1753113600,148795.0,148890.0,148735.0,148830.0,73165,5,261782
WIN$D,M15,1753114500,148825.0,148835.0,148690.0,148695.0,44483,5,153503
WIN$D,M15,1753115400,148695.0,148790.0,148670.0,148705.0,57995,5,212396
WIN$D,M15,1753116300,148710.0,148815.0,148685.0,148795.0,47697,5,171287
WIN$D,M15,1753117200,148795.0,148845.0,148755.0,148780.0,36084,5,122329
WIN$D,M15,1753118100,148780.0,148835.0,148765.0,148785.0,22397,5,69606
WIN$D,M15,1753119000,148780.0,148815.0,148630.0,148690.0,35733,5,113015
WIN$D,M15,1753119900,148695.0,148760.0,148670.0,148715.0,19298,5,52511
WIN$D,M15,1753120800,148725.0,148730.0,148460.0,148510.0,34236,5,85091
WIN$D,M15,1753121700,148510.0,148575.0,148405.0,148575.0,13834,5,45358
WIN$D,M15,1753174800,148680.0,148900.0,148215.0,148445.0,266669,5,623209
WIN$D,M15,1753175700,148445.0,148590.0,148365.0,148385.0,158495,5,430815
WIN$D,M15,1753176600,148385.0,148735.0,148370.0,148645.0,207122,5,543482
WIN$D,M15,1753177500,148645.0,149155.0,148585.0,149070.0,241091,5,661454
WIN$D,M15,1753178400,149065.0,149460.0,149025.0,149360.0,313056,5,880894
WIN$D,M15,1753179300,149360.0,149635.0,149220.0,149520.0,232446,5,672009
WIN$D,M15,1753180200,149520.0,149700.0,149350.0,149605.0,253014,5,762028
WIN$D,M15,1753181100,149600.0,149800.0,149420.0,149480.0,203843,5,604889
WIN$D,M15,1753182000,149485.0,149610.0,149335.0,149370.0,177059,5,526776
WIN$D,M15,1753182900,149365.0,149680.0,149275.0,149645.0,169143,5,502674
WIN$D,M15,1753183800,149645.0,149815.0,149515.0,149585.0,155821,5,476145
WIN$D,M15,1753184700,149580.0,149660.0,149465.0,149620.0,104766,5,322936
WIN$D,M15,1753185600,149625.0,149780.0,149530.0,149580.0,105010,5,322031
WIN$D,M15,1753186500,149580.0,149585.0,149360.0,149405.0,79579,5,238828
WIN$D,M15,1753187400,149400.0,149530.0,149315.0,149420.0,93027,5,289505
WIN$D,M15,1753188300,149415.0,149620.0,149410.0,149515.0,82636,5,259608
WIN$D,M15,1753189200,149510.0,149535.0,149190.0,149255.0,104867,5,315883
WIN$D,M15,1753190100,149260.0,149295.0,149025.0,149145.0,102628,5,298578
WIN$D,M15,1753191000,149140.0,149325.0,149130.0,149305.0,70196,5,221117
WIN$D,M15,1753191900,149305.0,149350.0,149115.0,149255.0,89593,5,295892
WIN$D,M15,1753192800,149255.0,149260.0,149075.0,149190.0,74770,5,234800
WIN$D,M15,1753193700,149190.0,149215.0,148895.0,148935.0,88885,5,275107
WIN$D,M15,1753194600,148935.0,148980.0,148755.0,148855.0,112482,5,351316
WIN$D,M15,1753195500,148860.0,148980.0,148720.0,148725.0,86295,5,268806
WIN$D,M15,1753196400,148725.0,148730.0,148625.0,148675.0,79037,5,249903
WIN$D,M15,1753197300,148675.0,148715.0,148555.0,148580.0,72959,5,245126
WIN$D,M15,1753198200,148580.0,148640.0,148520.0,148570.0,62013,5,203693
WIN$D,M15,1753199100,148570.0,148625.0,148510.0,148580.0,54043,5,177254
WIN$D,M15,1753200000,148585.0,148680.0,148555.0,148610.0,46306,5,151487
WIN$D,M15,1753200900,148615.0,148630.0,148520.0,148600.0,41049,5,136289
WIN$D,M15,1753201800,148605.0,148655.0,148405.0,148490.0,92125,5,301939
WIN$D,M15,1753202700,148495.0,148515.0,148430.0,148470.0,46531,5,155739
WIN$D,M15,1753203600,148475.0,148800.0,148470.0,148695.0,75646,5,247653
WIN$D,M15,1753204500,148700.0,148820.0,148685.0,148780.0,42640,5,137277
WIN$D,M15,1753205400,148785.0,148885.0,148775.0,148830.0,35893,5,113533
WIN$D,M15,1753206300,148830.0,148840.0,148735.0,148775.0,18971,5,54299
WIN$D,M15,1753207200,148775.0,148875.0,148695.0,148870.0,30980,5,74139
WIN$D,M15,1753208100,148865.0,149005.0,148855.0,149005.0,11488,5,44429
WIN$D,M15,1753261200,149105.0,149130.0,148025.0,148090.0,361246,5,938949
WIN$D,M15,1753262100,148090.0,148515.0,147935.0,148310.0,278842,5,833957
WIN$D,M15,1753263000,148310.0,148390.0,148070.0,148295.0,208750,5,647332
WIN$D,M15,1753263900,148295.0,148300.0,148100.0,148270.0,123757,5,362129
WIN$D,M15,1753264800,148265.0,148345.0,147995.0,148090.0,262642,5,785205
WIN$D,M15,1753265700,148085.0,148705.0,148060.0,148680.0,272405,5,864583
WIN$D,M15,1753266600,148680.0,149415.0,148670.0,148955.0,373471,5,1318361
WIN$D,M15,1753267500,148955.0,149065.0,148585.0,148925.0,202698,5,672677
WIN$D,M15,1753268400,148925.0,149285.0,148910.0,149170.0,174438,5,604970
WIN$D,M15,1753269300,149175.0,149330.0,149110.0,149175.0,112926,5,376531
WIN$D,M15,1753270200,149170.0,149565.0,149100.0,149460.0,161605,5,565240
WIN$D,M15,1753271100,149460.0,149510.0,149295.0,149380.0,101348,5,344730
WIN$D,M15,1753272000,149380.0,149615.0,149230.0,149600.0,138054,5,478182
WIN$D,M15,1753272900,149605.0,149805.0,149595.0,149750.0,108306,5,387344
WIN$D,M15,1753273800,149755.0,149770.0,149385.0,149425.0,93954,5,322334
WIN$D,M15,1753274700,149425.0,149735.0,149415.0,149690.0,107981,5,382926
WIN$D,M15,1753275600,149685.0,149895.0,149645.0,149785.0,104665,5,346919
WIN$D,M15,1753276500,149785.0,149925.0,149700.0,149725.0,76971,5,258109
WIN$D,M15,1753277400,149725.0,149790.0,149585.0,149585.0,65097,5,228889
WIN$D,M15,1753278300,149585.0,149935.0,149540.0,149850.0,96840,5,339960
WIN$D,M15,1753279200,149845.0,150020.0,149830.0,149995.0,91620,5,318507
WIN$D,M15,1753280100,149995.0,150060.0,149855.0,149880.0,67844,5,239864
WIN$D,M15,1753281000,149880.0,150070.0,149840.0,149925.0,82755,5,285331
WIN$D,M15,1753281900,149920.0,149985.0,149770.0,149870.0,78883,5,281833
WIN$D,M15,1753282800,149865.0,149990.0,149790.0,149920.0,63380,5,236849
WIN$D,M15,1753283700,149920.0,150115.0,149915.0,150065.0,73085,5,280612
WIN$D,M15,1753284600,150065.0,150170.0,150060.0,150135.0,54043,5,199922
WIN$D,M15,1753285500,150135.0,150230.0,150090.0,150130.0,55377,5,201320
WIN$D,M15,1753286400,150125.0,150195.0,150095.0,150140.0,44423,5,153779
WIN$D,M15,1753287300,150140.0,150165.0,150020.0,150030.0,54501,5,202092
WIN$D,M15,1753288200,150030.0,150060.0,149935.0,149960.0,46910,5,169241
WIN$D,M15,1753289100,149960.0,150015.0,149855.0,149900.0,61396,5,248542
WIN$D,M15,1753290000,149900.0,149900.0,149650.0,149670.0,73767,5,251663
WIN$D,M15,1753290900,149670.0,149815.0,149660.0,149705.0,38602,5,139136
WIN$D,M15,1753291800,149705.0,149790.0,149700.0,149735.0,22417,5,70070
WIN$D,M15,1753292700,149730.0,149760.0,149600.0,149650.0,31054,5,94405
WIN$D,M15,1753293600,149655.0,149745.0,149635.0,149705.0,24343,5,51449
WIN$D,M15,1753294500,149700.0,149855.0,149690.0,149790.0,16982,5,40621
WIN$D,M15,1753347600,149495.0,149590.0,148545.0,148750.0,304994,5,814699
WIN$D,M15,1753348500,148750.0,148815.0,148530.0,148665.0,150049,5,431202
WIN$D,M15,1753349400,148665.0,148735.0,148495.0,148665.0,144396,5,443287
WIN$D,M15,1753350300,148660.0,148810.0,148560.0,148785.0,159300,5,487064
WIN$D,M15,1753351200,148785.0,148880.0,148580.0,148715.0,248148,5,749212
WIN$D,M15,1753352100,148715.0,148720.0,148280.0,148380.0,308272,5,939552
WIN$D,M15,1753353000,148380.0,148400.0,147985.0,148015.0,234380,5,760493
WIN$D,M15,1753353900,148015.0,148160.0,147950.0,148005.0,143962,5,472993
WIN$D,M15,1753354800,148005.0,148270.0,147940.0,148165.0,152638,5,494937
WIN$D,M15,1753355700,148160.0,148470.0,148115.0,148405.0,145196,5,479264
WIN$D,M15,1753356600,148400.0,148575.0,148375.0,148495.0,140358,5,482015
WIN$D,M15,1753357500,148500.0,148625.0,148395.0,148420.0,126035,5,428294
WIN$D,M15,1753358400,148415.0,148550.0,148320.0,148330.0,100258,5,330106
WIN$D,M15,1753359300,148335.0,148355.0,148155.0,148205.0,95127,5,322019
WIN$D,M15,1753360200,148205.0,148320.0,148170.0,148245.0,71946,5,238740
WIN$D,M15,1753361100,148245.0,148280.0,148130.0,148255.0,65661,5,226257
WIN$D,M15,1753362000,148250.0,148500.0,148250.0,148315.0,102027,5,352860
WIN$D,M15,1753362900,148310.0,148425.0,148255.0,148410.0,54389,5,195024
WIN$D,M15,1753363800,148415.0,148540.0,148340.0,148350.0,72189,5,242823
WIN$D,M15,1753364700,148345.0,148375.0,147970.0,148130.0,122437,5,448367
WIN$D,M15,1753365600,148125.0,148320.0,148085.0,148285.0,74248,5,264786
WIN$D,M15,1753366500,148290.0,148295.0,148085.0,148190.0,84555,5,311037
WIN$D,M15,1753367400,148190.0,148280.0,148150.0,148275.0,39591,5,139666
WIN$D,M15,1753368300,148275.0,148305.0,148045.0,148070.0,64774,5,229720
WIN$D,M15,1753369200,148075.0,148170.0,148055.0,148145.0,51661,5,177132
WIN$D,M15,1753370100,148145.0,148170.0,148080.0,148085.0,36486,5,139405
WIN$D,M15,1753371000,148085.0,148135.0,148060.0,148120.0,34801,5,126643
WIN$D,M15,1753371900,148125.0,148130.0,147980.0,148030.0,48313,5,169339
WIN$D,M15,1753372800,148035.0,148150.0,148010.0,148100.0,54333,5,188674
WIN$D,M15,1753373700,148105.0,148115.0,148055.0,148065.0,29754,5,103206
WIN$D,M15,1753374600,148070.0,148120.0,148020.0,148075.0,41125,5,142609
WIN$D,M15,1753375500,148075.0,148075.0,147945.0,147965.0,53573,5,207332
WIN$D,M15,1753376400,147960.0,148100.0,147955.0,148085.0,50748,5,176484
WIN$D,M15,1753377300,148085.0,148220.0,148080.0,148175.0,59981,5,203651
WIN$D,M15,1753378200,148180.0,148340.0,148155.0,148205.0,52409,5,183701
WIN$D,M15,1753379100,148210.0,148315.0,148145.0,148280.0,37374,5,124279
WIN$D,M15,1753380000,148280.0,148315.0,148190.0,148260.0,39969,5,92748
WIN$D,M15,1753380900,148255.0,148310.0,148025.0,148025.0,17580,5,52846
WIN$D,M15,1753434000,147960.0,148985.0,147955.0,148850.0,311249,5,839438
WIN$D,M15,1753434900,148855.0,148925.0,148415.0,148535.0,207535,5,599536
WIN$D,M15,1753435800,148535.0,148560.0,148155.0,148290.0,170935,5,515642
WIN$D,M15,1753436700,148290.0,148400.0,148235.0,148305.0,87185,5,245984
WIN$D,M15,1753437600,148300.0,148375.0,147985.0,148250.0,269048,5,812858
WIN$D,M15,1753438500,148250.0,148480.0,148135.0,148275.0,235403,5,725332
WIN$D,M15,1753439400,148275.0,148380.0,147800.0,147940.0,300127,5,983360
WIN$D,M15,1753440300,147945.0,148155.0,147840.0,147900.0,179293,5,591088
WIN$D,M15,1753441200,147895.0,148305.0,147890.0,148130.0,182928,5,626493
WIN$D,M15,1753442100,148130.0,148130.0,147810.0,147945.0,147062,5,506795
WIN$D,M15,1753443000,147950.0,147980.0,147770.0,147835.0,130131,5,450713
WIN$D,M15,1753443900,147830.0,147990.0,147755.0,147805.0,100205,5,358164
WIN$D,M15,1753444800,147805.0,147865.0,147700.0,147765.0,85434,5,297040
WIN$D,M15,1753445700,147770.0,147915.0,147750.0,147825.0,68787,5,242473
WIN$D,M15,1753446600,147830.0,147915.0,147570.0,147685.0,142187,5,509420
WIN$D,M15,1753447500,147685.0,147830.0,147610.0,147635.0,80622,5,280538
WIN$D,M15,1753448400,147635.0,147880.0,147610.0,147855.0,73115,5,253874
WIN$D,M15,1753449300,147850.0,148025.0,147810.0,148010.0,73983,5,259756
WIN$D,M15,1753450200,148010.0,148105.0,147920.0,148055.0,67963,5,233595
WIN$D,M15,1753451100,148060.0,148185.0,148030.0,148115.0,63544,5,211481
WIN$D,M15,1753452000,148110.0,148215.0,148015.0,148065.0,71224,5,239333
WIN$D,M15,1753452900,148065.0,148170.0,147965.0,148020.0,71157,5,249035
WIN$D,M15,1753453800,148025.0,148040.0,147850.0,147905.0,67452,5,233171
WIN$D,M15,1753454700,147900.0,147930.0,147600.0,147640.0,81956,5,293389
WIN$D,M15,1753455600,147640.0,147740.0,147505.0,147720.0,91188,5,323068
WIN$D,M15,1753456500,147715.0,147905.0,147715.0,147860.0,65420,5,236875
WIN$D,M15,1753457400,147860.0,147870.0,147630.0,147660.0,79552,5,305353
WIN$D,M15,1753458300,147655.0,147780.0,147615.0,147685.0,69521,5,258181
WIN$D,M15,1753459200,147685.0,147795.0,147670.0,147730.0,47822,5,175522
WIN$D,M15,1753460100,147725.0,147750.0,147645.0,147690.0,44054,5,154874
WIN$D,M15,1753461000,147690.0,147725.0,147625.0,147700.0,40786,5,155290
WIN$D,M15,1753461900,147695.0,147780.0,147670.0,147710.0,45354,5,172114
WIN$D,M15,1753462800,147705.0,147820.0,147705.0,147770.0,48482,5,153113
WIN$D,M15,1753463700,147770.0,147830.0,147735.0,147770.0,25661,5,84513
WIN$D,M15,1753464600,147770.0,147810.0,147665.0,147715.0,31589,5,113995
WIN$D,M15,1753465500,147715.0,147780.0,147650.0,147715.0,22416,5,67174
WIN$D,M15,1753466400,147710.0,147730.0,147635.0,147660.0,21276,5,51990
WIN$D,M15,1753467300,147655.0,147710.0,147560.0,147710.0,11750,5,46744
WIN$D,M15,1753693200,147640.0,148040.0,147190.0,147700.0,288066,5,711548
WIN$D,M15,1753694100,147700.0,148315.0,147650.0,148240.0,211071,5,616317
WIN$D,M15,1753695000,148240.0,148275.0,147805.0,147835.0,176854,5,498398
WIN$D,M15,1753695900,147835.0,147985.0,147710.0,147835.0,157417,5,438459
WIN$D,M15,1753696800,147840.0,147925.0,147615.0,147705.0,177877,5,492574
WIN$D,M15,1753697700,147705.0,147880.0,147350.0,147365.0,252047,5,702766
WIN$D,M15,1753698600,147365.0,147500.0,146880.0,146935.0,322477,5,1019387
WIN$D,M15,1753699500,146935.0,146960.0,146585.0,146685.0,214909,5,724493
WIN$D,M15,1753700400,146685.0,146720.0,146515.0,146630.0,124846,5,427851
WIN$D,M15,1753701300,146630.0,147050.0,146560.0,146920.0,159112,5,542631
WIN$D,M15,1753702200,146915.0,146940.0,146630.0,146790.0,116554,5,392699
WIN$D,M15,1753703100,146795.0,146880.0,146730.0,146815.0,82273,5,277155
WIN$D,M15,1753704000,146820.0,146820.0,146605.0,146655.0,94053,5,312807
WIN$D,M15,1753704900,146650.0,146820.0,146615.0,146785.0,80100,5,263626
WIN$D,M15,1753705800,146785.0,146790.0,146535.0,146570.0,78204,5,272365
WIN$D,M15,1753706700,146565.0,146640.0,146495.0,146555.0,65593,5,220232
WIN$D,M15,1753707600,146555.0,146685.0,146460.0,146470.0,83273,5,284811
WIN$D,M15,1753708500,146470.0,146540.0,146435.0,146460.0,56979,5,195045
WIN$D,M15,1753709400,146460.0,146515.0,146410.0,146480.0,50951,5,173242
WIN$D,M15,1753710300,146480.0,146505.0,146405.0,146450.0,38475,5,136627
WIN$D,M15,1753711200,146450.0,146480.0,146200.0,146315.0,95129,5,318198
WIN$D,M15,1753712100,146310.0,146355.0,146245.0,146270.0,44213,5,157642
WIN$D,M15,1753713000,146265.0,146300.0,146035.0,146085.0,84122,5,296859
WIN$D,M15,1753713900,146085.0,146100.0,145880.0,146010.0,93030,5,336223
WIN$D,M15,1753714800,146010.0,146015.0,145915.0,145950.0,50945,5,200508
WIN$D,M15,1753715700,145950.0,145960.0,145850.0,145915.0,50645,5,192699
WIN$D,M15,1753716600,145915.0,145950.0,145805.0,145890.0,75069,5,276973
WIN$D,M15,1753717500,145885.0,145915.0,145765.0,145905.0,81423,5,324815
WIN$D,M15,1753718400,145910.0,146085.0,145880.0,145925.0,100148,5,368730
WIN$D,M15,1753719300,145930.0,145985.0,145885.0,145970.0,53676,5,203402
WIN$D,M15,1753720200,145970.0,146120.0,145960.0,146095.0,55687,5,204645
WIN$D,M15,1753721100,146100.0,146275.0,146075.0,146255.0,80621,5,320689
WIN$D,M15,1753722000,146255.0,146375.0,146255.0,146305.0,69074,5,250747
WIN$D,M15,1753722900,146305.0,146565.0,146285.0,146550.0,71633,5,265559
WIN$D,M15,1753723800,146550.0,146560.0,146365.0,146385.0,53506,5,186772
WIN$D,M15,1753724700,146380.0,146530.0,146370.0,146505.0,37890,5,118288
WIN$D,M15,1753725600,146500.0,146680.0,146485.0,146625.0,47740,5,110560
WIN$D,M15,1753726500,146625.0,146680.0,146495.0,146495.0,20547,5,57486
WIN$D,M15,1753779600,146580.0,146875.0,146205.0,146515.0,351997,5,901678
WIN$D,M15,1753780500,146515.0,146830.0,146485.0,146665.0,178349,5,492799
WIN$D,M15,1753781400,146670.0,146925.0,146650.0,146745.0,184070,5,534894
WIN$D,M15,1753782300,146745.0,146760.0,146395.0,146570.0,222468,5,669344
WIN$D,M15,1753783200,146565.0,146665.0,146365.0,146650.0,247573,5,739136
WIN$D,M15,1753784100,146650.0,146695.0,146200.0,146445.0,287264,5,901203
WIN$D,M15,1753785000,146445.0,146740.0,146370.0,146625.0,251703,5,810937
WIN$D,M15,1753785900,146630.0,146770.0,146500.0,146535.0,153412,5,496682
WIN$D,M15,1753786800,146535.0,147085.0,146500.0,146905.0,252442,5,815601
WIN$D,M15,1753787700,146900.0,147115.0,146875.0,147045.0,175327,5,562163
WIN$D,M15,1753788600,147050.0,147145.0,146850.0,147040.0,174362,5,566928
WIN$D,M15,1753789500,147040.0,147110.0,146840.0,146905.0,123823,5,411752
WIN$D,M15,1753790400,146910.0,147205.0,146875.0,147165.0,157997,5,542169
WIN$D,M15,1753791300,147165.0,147210.0,146970.0,147030.0,104652,5,336439
WIN$D,M15,1753792200,147030.0,147135.0,146940.0,147030.0,81747,5,270420
WIN$D,M15,1753793100,147025.0,147290.0,146995.0,147260.0,99639,5,339405
WIN$D,M15,1753794000,147265.0,147305.0,147175.0,147275.0,71263,5,245398
WIN$D,M15,1753794900,147275.0,147400.0,147240.0,147360.0,80804,5,276486
WIN$D,M15,1753795800,147355.0,147475.0,147340.0,147410.0,71256,5,248682
WIN$D,M15,1753796700,147410.0,147470.0,147370.0,147415.0,49135,5,177331
WIN$D,M15,1753797600,147420.0,147530.0,147375.0,147380.0,72788,5,269938
WIN$D,M15,1753798500,147380.0,147485.0,147255.0,147300.0,74775,5,261227
WIN$D,M15,1753799400,147300.0,147310.0,147130.0,147140.0,79323,5,267226
WIN$D,M15,1753800300,147140.0,147220.0,147095.0,147195.0,69048,5,245375
WIN$D,M15,1753801200,147190.0,147305.0,147070.0,147210.0,106406,5,374646
WIN$D,M15,1753802100,147215.0,147240.0,147110.0,147150.0,50916,5,184318
WIN$D,M15,1753803000,147145.0,147275.0,147125.0,147210.0,52003,5,188881
WIN$D,M15,1753803900,147205.0,147230.0,147090.0,147135.0,38415,5,133206
WIN$D,M15,1753804800,147140.0,147185.0,147095.0,147145.0,32600,5,118868
WIN$D,M15,1753805700,147145.0,147145.0,146985.0,147005.0,59447,5,207286
WIN$D,M15,1753806600,147005.0,147025.0,146735.0,146780.0,96454,5,363587
WIN$D,M15,1753807500,146775.0,146910.0,146770.0,146880.0,59891,5,237345
WIN$D,M15,1753808400,146880.0,146895.0,146655.0,146720.0,79334,5,268012
WIN$D,M15,1753809300,146720.0,146810.0,146690.0,146760.0,32858,5,106033
WIN$D,M15,1753810200,146760.0,146800.0,146720.0,146755.0,20717,5,69182
WIN$D,M15,1753811100,146760.0,146840.0,146710.0,146825.0,26163,5,85206
WIN$D,M15,1753812000,146820.0,146840.0,146735.0,146775.0,24403,5,58904
WIN$D,M15,1753812900,146770.0,146800.0,146725.0,146785.0,11445,5,33538
WIN$D,M15,1753866000,146865.0,147190.0,146460.0,146885.0,318094,5,847747
WIN$D,M15,1753866900,146885.0,146910.0,146360.0,146485.0,237078,5,628844
WIN$D,M15,1753867800,146490.0,146540.0,146015.0,146060.0,243932,5,694398
WIN$D,M15,1753868700,146060.0,146280.0,146005.0,146055.0,187487,5,556393
WIN$D,M15,1753869600,146060.0,146360.0,145950.0,146305.0,340432,5,1024285
WIN$D,M15,1753870500,146300.0,146920.0,146150.0,146885.0,329023,5,1016383
WIN$D,M15,1753871400,146885.0,147450.0,146735.0,147075.0,395342,5,1275890
WIN$D,M15,1753872300,147070.0,147085.0,146560.0,146700.0,251261,5,851105
WIN$D,M15,1753873200,146700.0,146825.0,146600.0,146710.0,153081,5,510188
WIN$D,M15,1753874100,146705.0,146850.0,146485.0,146655.0,182953,5,590693
WIN$D,M15,1753875000,146660.0,146680.0,146210.0,146250.0,162542,5,535215
WIN$D,M15,1753875900,146250.0,146320.0,146075.0,146150.0,133847,5,437118
WIN$D,M15,1753876800,146150.0,146265.0,146075.0,146180.0,107659,5,354567
WIN$D,M15,1753877700,146180.0,146210.0,146050.0,146155.0,62703,5,207483
WIN$D,M15,1753878600,146155.0,146495.0,146150.0,146465.0,102316,5,331950
WIN$D,M15,1753879500,146465.0,146465.0,146125.0,146205.0,128959,5,435197
WIN$D,M15,1753880400,146205.0,146240.0,145925.0,146070.0,158476,5,502061
WIN$D,M15,1753881300,146065.0,146285.0,146065.0,146215.0,75806,5,236791
WIN$D,M15,1753882200,146215.0,146390.0,146160.0,146335.0,95161,5,293578
WIN$D,M15,1753883100,146335.0,146670.0,146200.0,146575.0,164900,5,539650
WIN$D,M15,1753884000,146580.0,146905.0,146540.0,146685.0,159812,5,516279
WIN$D,M15,1753884900,146685.0,146715.0,146490.0,146690.0,112508,5,378763
WIN$D,M15,1753885800,146690.0,146840.0,146615.0,146645.0,86798,5,296985
WIN$D,M15,1753886700,146640.0,146760.0,146585.0,146660.0,62549,5,215217
WIN$D,M15,1753887600,146665.0,146760.0,146110.0,146145.0,226140,5,712866
WIN$D,M15,1753888500,146140.0,146685.0,146115.0,146500.0,139932,5,454665
WIN$D,M15,1753889400,146500.0,147790.0,146215.0,147790.0,230990,5,738573
WIN$D,M15,1753890300,147790.0,149300.0,147590.0,147700.0,324791,5,948430
WIN$D,M15,1753891200,147700.0,148430.0,147495.0,148160.0,223419,5,629854
WIN$D,M15,1753892100,148160.0,148340.0,147820.0,147985.0,147120,5,407748
WIN$D,M15,1753893000,147985.0,148260.0,147945.0,148190.0,105747,5,303588
WIN$D,M15,1753893900,148190.0,148280.0,147895.0,147905.0,76069,5,222326
WIN$D,M15,1753894800,147905.0,148080.0,147830.0,147895.0,72703,5,202120
WIN$D,M15,1753895700,147890.0,148080.0,147740.0,148065.0,56943,5,160440
WIN$D,M15,1753896600,148065.0,148190.0,148045.0,148105.0,30254,5,79949
WIN$D,M15,1753897500,148100.0,148120.0,147925.0,147990.0,31122,5,77195
WIN$D,M15,1753898400,147990.0,148160.0,147975.0,148015.0,31417,5,73245
WIN$D,M15,1753899300,148020.0,148255.0,147985.0,147990.0,14998,5,41831
WIN$D,M15,1753952400,147410.0,147640.0,146775.0,146830.0,298059,5,784083
WIN$D,M15,1753953300,146830.0,147055.0,146795.0,146930.0,142078,5,403172
WIN$D,M15,1753954200,146930.0,146945.0,146555.0,146630.0,199904,5,589746
WIN$D,M15,1753955100,146630.0,146665.0,146390.0,146420.0,148353,5,449534
WIN$D,M15,1753956000,146420.0,146430.0,146030.0,146090.0,233655,5,766854
WIN$D,M15,1753956900,146090.0,146275.0,145950.0,146110.0,215937,5,717474
WIN$D,M15,1753957800,146105.0,146595.0,146035.0,146590.0,264134,5,840680
WIN$D,M15,1753958700,146590.0,146875.0,146515.0,146785.0,277696,5,957668
WIN$D,M15,1753959600,146780.0,146910.0,146650.0,146855.0,173682,5,606018
WIN$D,M15,1753960500,146860.0,146920.0,146480.0,146495.0,172699,5,607327
WIN$D,M15,1753961400,146495.0,146925.0,146460.0,146865.0,175083,5,623329
WIN$D,M15,1753962300,146865.0,146875.0,146510.0,146540.0,127772,5,467218
WIN$D,M15,1753963200,146545.0,146990.0,146535.0,146815.0,138038,5,496278
WIN$D,M15,1753964100,146810.0,147160.0,146765.0,147090.0,122817,5,449872
WIN$D,M15,1753965000,147090.0,147360.0,147065.0,147345.0,100420,5,382609
WIN$D,M15,1753965900,147340.0,147425.0,147270.0,147280.0,99842,5,394131
WIN$D,M15,1753966800,147280.0,147345.0,147195.0,147270.0,68866,5,246047
WIN$D,M15,1753967700,147265.0,147395.0,147230.0,147340.0,51419,5,192915
WIN$D,M15,1753968600,147340.0,147460.0,147270.0,147285.0,76801,5,270852
WIN$D,M15,1753969500,147285.0,147310.0,147165.0,147185.0,69389,5,253593
WIN$D,M15,1753970400,147180.0,147210.0,146955.0,147010.0,85344,5,300021
WIN$D,M15,1753971300,147005.0,147010.0,146615.0,146685.0,110558,5,409339
WIN$D,M15,1753972200,146690.0,146700.0,146515.0,146655.0,94596,5,333270
WIN$D,M15,1753973100,146655.0,146765.0,146630.0,146730.0,76226,5,265802
WIN$D,M15,1753974000,146730.0,146825.0,146570.0,146600.0,104845,5,372309
WIN$D,M15,1753974900,146595.0,146790.0,146515.0,146725.0,93170,5,328868
WIN$D,M15,1753975800,146720.0,146990.0,146705.0,146950.0,83317,5,289466
WIN$D,M15,1753976700,146945.0,147085.0,146900.0,147055.0,69315,5,258110
WIN$D,M15,1753977600,147060.0,147110.0,146940.0,146955.0,68923,5,246429
WIN$D,M15,1753978500,146955.0,146965.0,146580.0,146660.0,102561,5,399972
WIN$D,M15,1753979400,146660.0,146740.0,146610.0,146690.0,65273,5,237066
WIN$D,M15,1753980300,146695.0,146755.0,146650.0,146740.0,54450,5,195317
WIN$D,M15,1753981200,146735.0,147080.0,146705.0,147000.0,99290,5,325949
WIN$D,M15,1753982100,147000.0,147205.0,146920.0,147115.0,57651,5,192610
WIN$D,M15,1753983000,147115.0,147185.0,147005.0,147015.0,37831,5,120558
WIN$D,M15,1753983900,147015.0,147075.0,146900.0,147020.0,44780,5,132880
WIN$D,M15,1753984800,147020.0,147080.0,146945.0,147070.0,28863,5,61206
WIN$D,M15,1753985700,147075.0,147145.0,147045.0,147065.0,12511,5,36706
WIN$D,M15,1754038800,146335.0,146665.0,146095.0,146180.0,289799,5,739577
WIN$D,M15,1754039700,146185.0,146400.0,145990.0,146280.0,180652,5,509940
WIN$D,M15,1754040600,146270.0,147210.0,145935.0,147185.0,399204,5,1052601
WIN$D,M15,1754041500,147185.0,148265.0,147070.0,148240.0,361500,5,1068871
WIN$D,M15,1754042400,148240.0,148910.0,148215.0,148320.0,404328,5,1183627
WIN$D,M15,1754043300,148320.0,148595.0,148050.0,148505.0,285548,5,816920
WIN$D,M15,1754044200,148510.0,148720.0,148120.0,148230.0,297519,5,950471
WIN$D,M15,1754045100,148235.0,148265.0,147170.0,147315.0,275458,5,943826
WIN$D,M15,1754046000,147325.0,147515.0,147140.0,147320.0,193845,5,655786
WIN$D,M15,1754046900,147320.0,147815.0,147290.0,147630.0,183711,5,647993
WIN$D,M15,1754047800,147630.0,147745.0,147065.0,147130.0,162447,5,556285
WIN$D,M15,1754048700,147125.0,147320.0,147125.0,147260.0,120566,5,365318
WIN$D,M15,1754049600,147255.0,147360.0,147115.0,147285.0,109812,5,324820
WIN$D,M15,1754050500,147280.0,147310.0,146785.0,146835.0,125869,5,400776
WIN$D,M15,1754051400,146840.0,146970.0,146680.0,146810.0,119854,5,376963
WIN$D,M15,1754052300,146810.0,147265.0,146780.0,147175.0,107175,5,340902
WIN$D,M15,1754053200,147175.0,147220.0,146850.0,146975.0,98270,5,309487
WIN$D,M15,1754054100,146970.0,147135.0,146880.0,147120.0,70675,5,221949
WIN$D,M15,1754055000,147120.0,147150.0,146860.0,146920.0,86037,5,275849
WIN$D,M15,1754055900,146920.0,146990.0,146555.0,146585.0,99826,5,309501
WIN$D,M15,1754056800,146580.0,146695.0,146465.0,146560.0,116432,5,341567
WIN$D,M15,1754057700,146560.0,146660.0,146440.0,146450.0,69875,5,225072
WIN$D,M15,1754058600,146445.0,146585.0,146315.0,146370.0,89692,5,309178
WIN$D,M15,1754059500,146370.0,146590.0,146350.0,146560.0,73483,5,253202
WIN$D,M15,1754060400,146560.0,146570.0,146375.0,146475.0,69512,5,234437
WIN$D,M15,1754061300,146475.0,146605.0,146370.0,146580.0,79182,5,277684
WIN$D,M15,1754062200,146580.0,146755.0,146535.0,146570.0,101165,5,344337
WIN$D,M15,1754063100,146570.0,146585.0,146030.0,146035.0,116318,5,404622
WIN$D,M15,1754064000,146030.0,146305.0,146005.0,146135.0,112099,5,365295
WIN$D,M15,1754064900,146140.0,146385.0,146130.0,146210.0,83786,5,271789
WIN$D,M15,1754065800,146210.0,146280.0,146135.0,146265.0,68497,5,224142
WIN$D,M15,1754066700,146265.0,146445.0,146245.0,146300.0,78967,5,267335
WIN$D,M15,1754067600,146300.0,146435.0,146240.0,146290.0,58800,5,181113
WIN$D,M15,1754068500,146295.0,146300.0,146080.0,146285.0,52040,5,161555
WIN$D,M15,1754069400,146285.0,146545.0,146255.0,146335.0,60298,5,197596
WIN$D,M15,1754070300,146330.0,146425.0,146300.0,146345.0,25482,5,80410
WIN$D,M15,1754071200,146335.0,146415.0,146250.0,146350.0,21393,5,55033
WIN$D,M15,1754072100,146350.0,146420.0,146280.0,146420.0,13282,5,37752
WIN$D,M15,1754298000,146830.0,147695.0,146485.0,146850.0,353031,5,908242
WIN$D,M15,1754298900,146850.0,147135.0,146805.0,147050.0,179045,5,482259
WIN$D,M15,1754299800,147055.0,147485.0,146970.0,147480.0,197053,5,574207
WIN$D,M15,1754300700,147480.0,147930.0,147435.0,147855.0,215219,5,638985
WIN$D,M15,1754301600,147850.0,148015.0,147525.0,147765.0,327054,5,931968
WIN$D,M15,1754302500,147765.0,147810.0,146920.0,146995.0,336171,5,983878
WIN$D,M15,1754303400,147000.0,147225.0,146700.0,146865.0,298547,5,924939
WIN$D,M15,1754304300,146860.0,147020.0,146690.0,146935.0,196760,5,627480
WIN$D,M15,1754305200,146935.0,147210.0,146875.0,147000.0,199120,5,655796
WIN$D,M15,1754306100,147005.0,147345.0,146970.0,147165.0,173772,5,576058
WIN$D,M15,1754307000,147170.0,147240.0,146990.0,147165.0,130563,5,434261
WIN$D,M15,1754307900,147165.0,147460.0,147065.0,147195.0,150219,5,513980
WIN$D,M15,1754308800,147195.0,147205.0,146835.0,146925.0,146569,5,492257
WIN$D,M15,1754309700,146930.0,147040.0,146705.0,146745.0,103334,5,332144
WIN$D,M15,1754310600,146750.0,146785.0,146595.0,146650.0,101627,5,347536
WIN$D,M15,1754311500,146645.0,146855.0,146615.0,146695.0,108465,5,372495
WIN$D,M15,1754312400,146690.0,146700.0,146445.0,146535.0,102036,5,331644
WIN$D,M15,1754313300,146540.0,146575.0,146245.0,146345.0,114178,5,389107
WIN$D,M15,1754314200,146350.0,146500.0,146305.0,146405.0,78308,5,264762
WIN$D,M15,1754315100,146405.0,146535.0,146330.0,146365.0,77491,5,277695
WIN$D,M15,1754316000,146365.0,146460.0,146290.0,146440.0,75216,5,260331
WIN$D,M15,1754316900,146445.0,146465.0,146280.0,146315.0,54619,5,186408
WIN$D,M15,1754317800,146310.0,146425.0,146255.0,146310.0,73408,5,257160
WIN$D,M15,1754318700,146310.0,146430.0,146290.0,146360.0,54484,5,183972
WIN$D,M15,1754319600,146365.0,146465.0,146305.0,146315.0,70327,5,243337
WIN$D,M15,1754320500,146320.0,146720.0,146290.0,146670.0,117143,5,406843
WIN$D,M15,1754321400,146665.0,146810.0,146615.0,146665.0,102668,5,348958
WIN$D,M15,1754322300,146660.0,146700.0,146570.0,146595.0,60687,5,211152
WIN$D,M15,1754323200,146595.0,146700.0,146540.0,146625.0,55721,5,194213
WIN$D,M15,1754324100,146625.0,146860.0,146620.0,146805.0,70402,5,250382
WIN$D,M15,1754325000,146810.0,146830.0,146680.0,146755.0,52626,5,187120
WIN$D,M15,1754325900,146755.0,146805.0,146650.0,146725.0,49669,5,172260
WIN$D,M15,1754326800,146725.0,146915.0,146710.0,146855.0,66996,5,212684
WIN$D,M15,1754327700,146850.0,147045.0,146850.0,146975.0,53768,5,163358
WIN$D,M15,1754328600,146975.0,147045.0,146900.0,147030.0,35648,5,121508
WIN$D,M15,1754329500,147025.0,147105.0,146950.0,147030.0,43889,5,127378
WIN$D,M15,1754330400,147035.0,147130.0,146880.0,146910.0,41945,5,107470
WIN$D,M15,1754331300,146905.0,146915.0,146430.0,146630.0,24150,5,96422
WIN$D,M15,1754384400,146190.0,147240.0,146030.0,146665.0,328298,5,821476
WIN$D,M15,1754385300,146665.0,146865.0,146350.0,146540.0,234174,5,631929
WIN$D,M15,1754386200,146540.0,146745.0,146480.0,146565.0,173950,5,489172
WIN$D,M15,1754387100,146570.0,146800.0,146505.0,146775.0,133834,5,393350
WIN$D,M15,1754388000,146780.0,146880.0,146455.0,146570.0,318468,5,957542
WIN$D,M15,1754388900,146575.0,147375.0,146550.0,147270.0,374213,5,1151032
WIN$D,M15,1754389800,147275.0,148080.0,147270.0,147980.0,388111,5,1248654
WIN$D,M15,1754390700,147980.0,148030.0,147300.0,147515.0,296709,5,937434
WIN$D,M15,1754391600,147515.0,147700.0,147120.0,147260.0,263417,5,802531
WIN$D,M15,1754392500,147260.0,147315.0,146795.0,146980.0,222586,5,733168
WIN$D,M15,1754393400,146980.0,147015.0,146630.0,146710.0,160334,5,544899
WIN$D,M15,1754394300,146710.0,146805.0,146505.0,146700.0,155547,5,536704
WIN$D,M15,1754395200,146695.0,147235.0,146660.0,147130.0,189559,5,676629
WIN$D,M15,1754396100,147135.0,147255.0,146920.0,147010.0,131206,5,472209
WIN$D,M15,1754397000,147010.0,147185.0,146960.0,147180.0,114253,5,410227
WIN$D,M15,1754397900,147180.0,147480.0,147095.0,147400.0,121461,5,427728
WIN$D,M15,1754398800,147395.0,147435.0,146960.0,146995.0,119307,5,429767
WIN$D,M15,1754399700,146990.0,147015.0,146845.0,146995.0,83446,5,294458
WIN$D,M15,1754400600,146990.0,147215.0,146930.0,147030.0,118194,5,411147
WIN$D,M15,1754401500,147025.0,147190.0,146885.0,147040.0,94444,5,322967
WIN$D,M15,1754402400,147045.0,147150.0,146905.0,147135.0,84848,5,313356
WIN$D,M15,1754403300,147140.0,147465.0,147085.0,147315.0,108333,5,397509
WIN$D,M15,1754404200,147315.0,147610.0,147235.0,147545.0,125073,5,437071
WIN$D,M15,1754405100,147545.0,147575.0,147240.0,147290.0,93698,5,324340
WIN$D,M15,1754406000,147285.0,147345.0,147120.0,147145.0,82818,5,283474
WIN$D,M15,1754406900,147145.0,147195.0,147050.0,147115.0,78693,5,262573
WIN$D,M15,1754407800,147115.0,147125.0,146955.0,146975.0,71600,5,248134
WIN$D,M15,1754408700,146975.0,147130.0,146935.0,147075.0,78638,5,292136
WIN$D,M15,1754409600,147075.0,147255.0,147075.0,147160.0,83162,5,297222
WIN$D,M15,1754410500,147160.0,147210.0,147110.0,147155.0,46350,5,163367
WIN$D,M15,1754411400,147160.0,147245.0,147115.0,147175.0,44071,5,156822
WIN$D,M15,1754412300,147175.0,147190.0,147005.0,147030.0,54980,5,196943
WIN$D,M15,1754413200,147035.0,147035.0,146835.0,146900.0,67232,5,223639
WIN$D,M15,1754414100,146900.0,146995.0,146895.0,146930.0,40554,5,131022
WIN$D,M15,1754415000,146930.0,146985.0,146865.0,146900.0,28629,5,99641
WIN$D,M15,1754415900,146895.0,146995.0,146870.0,146910.0,31367,5,94857
WIN$D,M15,1754416800,146915.0,146980.0,146855.0,146950.0,32675,5,76341
WIN$D,M15,1754417700,146950.0,146970.0,146855.0,146950.0,11812,5,38166
WIN$D,M15,1754470800,147190.0,148120.0,147170.0,147995.0,313511,5,927033
WIN$D,M15,1754471700,148000.0,148330.0,147910.0,147910.0,300228,5,939614
WIN$D,M15,1754472600,147920.0,148180.0,147790.0,148135.0,225926,5,724253
WIN$D,M15,1754473500,148135.0,148390.0,148060.0,148065.0,177708,5,561942
WIN$D,M15,1754474400,148065.0,148360.0,147805.0,148330.0,355794,5,1112205
WIN$D,M15,1754475300,148335.0,148600.0,148220.0,148450.0,302673,5,954786
WIN$D,M15,1754476200,148450.0,148770.0,148365.0,148730.0,285799,5,972380
WIN$D,M15,1754477100,148725.0,149015.0,148645.0,148840.0,272483,5,916006
WIN$D,M15,1754478000,148840.0,148855.0,148430.0,148600.0,206952,5,697839
WIN$D,M15,1754478900,148600.0,148700.0,148190.0,148345.0,192162,5,623379
WIN$D,M15,1754479800,148345.0,148665.0,148330.0,148360.0,170717,5,568113
WIN$D,M15,1754480700,148355.0,148425.0,148125.0,148245.0,164744,5,555271
WIN$D,M15,1754481600,148240.0,148485.0,148170.0,148440.0,123446,5,419063
WIN$D,M15,1754482500,148440.0,148745.0,148390.0,148720.0,99854,5,354517
WIN$D,M15,1754483400,148720.0,148740.0,148395.0,148635.0,115919,5,398700
WIN$D,M15,1754484300,148635.0,148705.0,148525.0,148575.0,75516,5,268474
WIN$D,M15,1754485200,148575.0,148655.0,148400.0,148495.0,84590,5,294619
WIN$D,M15,1754486100,148500.0,148590.0,148440.0,148570.0,59717,5,209802
WIN$D,M15,1754487000,148570.0,148640.0,148415.0,148600.0,76168,5,274227
WIN$D,M15,1754487900,148605.0,148620.0,148240.0,148260.0,96793,5,343721
WIN$D,M15,1754488800,148255.0,148525.0,148225.0,148340.0,105650,5,365454
WIN$D,M15,1754489700,148345.0,148540.0,148270.0,148480.0,84686,5,309825
WIN$D,M15,1754490600,148480.0,148740.0,148460.0,148680.0,94980,5,352764
WIN$D,M15,1754491500,148680.0,148695.0,148530.0,148600.0,63163,5,229317
WIN$D,M15,1754492400,148600.0,148620.0,148450.0,148590.0,73079,5,263488
WIN$D,M15,1754493300,148590.0,148680.0,148385.0,148440.0,87741,5,324711
WIN$D,M15,1754494200,148440.0,148455.0,148295.0,148435.0,85451,5,333931
WIN$D,M15,1754495100,148440.0,148580.0,148370.0,148445.0,87153,5,337131
WIN$D,M15,1754496000,148445.0,148510.0,148380.0,148400.0,49683,5,191371
WIN$D,M15,1754496900,148400.0,148425.0,148245.0,148365.0,67831,5,261123
WIN$D,M15,1754497800,148365.0,148385.0,148260.0,148325.0,50201,5,197591
WIN$D,M15,1754498700,148325.0,148365.0,148080.0,148230.0,85763,5,349995
WIN$D,M15,1754499600,148230.0,148270.0,148135.0,148140.0,56895,5,203125
WIN$D,M15,1754500500,148140.0,148290.0,148085.0,148205.0,54618,5,185847
WIN$D,M15,1754501400,148205.0,148210.0,147985.0,148085.0,55178,5,194051
WIN$D,M15,1754502300,148080.0,148265.0,148030.0,148200.0,53538,5,171619
WIN$D,M15,1754503200,148195.0,148330.0,148075.0,148270.0,51260,5,114318
WIN$D,M15,1754504100,148270.0,148400.0,148210.0,148210.0,16535,5,47042
WIN$D,M15,1754557200,148655.0,148870.0,148465.0,148680.0,271604,5,778917
WIN$D,M15,1754558100,148685.0,148895.0,148605.0,148705.0,168594,5,488868
WIN$D,M15,1754559000,148700.0,148985.0,148615.0,148850.0,188482,5,586925
WIN$D,M15,1754559900,148855.0,149205.0,148800.0,149065.0,235315,5,757041
WIN$D,M15,1754560800,149065.0,149125.0,148835.0,148995.0,290253,5,921625
WIN$D,M15,1754561700,148995.0,149505.0,148895.0,149340.0,336195,5,1121852
WIN$D,M15,1754562600,149345.0,149925.0,149335.0,149700.0,334819,5,1186461
WIN$D,M15,1754563500,149695.0,149810.0,149600.0,149650.0,154746,5,574977
WIN$D,M15,1754564400,149650.0,149725.0,149340.0,149475.0,214227,5,749486
WIN$D,M15,1754565300,149475.0,149615.0,149300.0,149430.0,159790,5,530415
WIN$D,M15,1754566200,149430.0,149725.0,149425.0,149635.0,152926,5,560176
WIN$D,M15,1754567100,149635.0,149830.0,149595.0,149780.0,100930,5,366831
WIN$D,M15,1754568000,149780.0,150050.0,149775.0,150010.0,147961,5,537187
WIN$D,M15,1754568900,150010.0,150030.0,149790.0,149960.0,101390,5,365371
WIN$D,M15,1754569800,149960.0,149965.0,149740.0,149860.0,87035,5,309742
WIN$D,M15,1754570700,149865.0,150110.0,149840.0,150080.0,114231,5,420535
WIN$D,M15,1754571600,150080.0,150195.0,150010.0,150140.0,97719,5,354299
WIN$D,M15,1754572500,150145.0,150400.0,150115.0,150375.0,116314,5,455090
WIN$D,M15,1754573400,150375.0,150450.0,150200.0,150220.0,94679,5,341221
WIN$D,M15,1754574300,150220.0,150695.0,150205.0,150625.0,130100,5,489676
WIN$D,M15,1754575200,150630.0,150695.0,150435.0,150495.0,99422,5,364862
WIN$D,M15,1754576100,150500.0,150550.0,150315.0,150380.0,91481,5,315032
WIN$D,M15,1754577000,150380.0,150385.0,150215.0,150225.0,91005,5,311970
WIN$D,M15,1754577900,150220.0,150380.0,150155.0,150350.0,92442,5,327681
WIN$D,M15,1754578800,150350.0,150500.0,150270.0,150495.0,74300,5,277852
WIN$D,M15,1754579700,150500.0,150525.0,150280.0,150370.0,80631,5,295712
WIN$D,M15,1754580600,150365.0,150460.0,150270.0,150340.0,76179,5,285834
WIN$D,M15,1754581500,150340.0,150375.0,150285.0,150355.0,37047,5,138451
WIN$D,M15,1754582400,150360.0,150455.0,150335.0,150405.0,45849,5,174801
WIN$D,M15,1754583300,150400.0,150450.0,150295.0,150365.0,58824,5,213553
WIN$D,M15,1754584200,150365.0,150505.0,150355.0,150465.0,64951,5,248675
WIN$D,M15,1754585100,150470.0,150500.0,150095.0,150280.0,110953,5,412385
WIN$D,M15,1754586000,150285.0,150325.0,150165.0,150205.0,72928,5,247743
WIN$D,M15,1754586900,150205.0,150295.0,150170.0,150225.0,33439,5,120703
WIN$D,M15,1754587800,150225.0,150240.0,150135.0,150195.0,38619,5,138016
WIN$D,M15,1754588700,150195.0,150315.0,150180.0,150235.0,36364,5,108008
WIN$D,M15,1754589600,150235.0,150400.0,150210.0,150385.0,46630,5,115694
WIN$D,M15,1754590500,150380.0,150565.0,150340.0,150490.0,30406,5,81939
WIN$D,M15,1754643600,150135.0,150190.0,149830.0,149945.0,211662,5,590288
WIN$D,M15,1754644500,149950.0,150030.0,149530.0,149635.0,197650,5,613000
WIN$D,M15,1754645400,149635.0,149870.0,149555.0,149775.0,157936,5,497735
WIN$D,M15,1754646300,149775.0,149835.0,149690.0,149805.0,104566,5,325535
WIN$D,M15,1754647200,149805.0,150060.0,149715.0,149915.0,268742,5,869457
WIN$D,M15,1754648100,149915.0,150070.0,149655.0,149800.0,248092,5,798181
WIN$D,M15,1754649000,149800.0,149970.0,149605.0,149675.0,270380,5,926853
WIN$D,M15,1754649900,149680.0,149695.0,149150.0,149280.0,291526,5,1011279
WIN$D,M15,1754650800,149280.0,149610.0,149225.0,149585.0,218515,5,759849
WIN$D,M15,1754651700,149580.0,149765.0,149430.0,149650.0,180312,5,626544
WIN$D,M15,1754652600,149650.0,149795.0,149580.0,149695.0,135454,5,470919
WIN$D,M15,1754653500,149700.0,149945.0,149680.0,149845.0,149735,5,533847
WIN$D,M15,1754654400,149845.0,150225.0,149820.0,150145.0,153529,5,548365
WIN$D,M15,1754655300,150145.0,150185.0,149915.0,149925.0,111535,5,418953
WIN$D,M15,1754656200,149920.0,149995.0,149710.0,149730.0,98653,5,358972
WIN$D,M15,1754657100,149725.0,149930.0,149715.0,149815.0,85671,5,315456
WIN$D,M15,1754658000,149815.0,149845.0,149660.0,149815.0,82967,5,288472
WIN$D,M15,1754658900,149810.0,149865.0,149730.0,149750.0,57891,5,206216
WIN$D,M15,1754659800,149755.0,149790.0,149605.0,149770.0,79262,5,272119
WIN$D,M15,1754660700,149770.0,149830.0,149710.0,149725.0,53589,5,183208
WIN$D,M15,1754661600,149730.0,149890.0,149715.0,149835.0,68731,5,248705
WIN$D,M15,1754662500,149835.0,149860.0,149700.0,149810.0,60034,5,226425
WIN$D,M15,1754663400,149810.0,149920.0,149760.0,149800.0,61389,5,223285
WIN$D,M15,1754664300,149795.0,149835.0,149695.0,149745.0,55794,5,200635
WIN$D,M15,1754665200,149745.0,150025.0,149735.0,150020.0,78409,5,291668
WIN$D,M15,1754666100,150020.0,150095.0,149200.0,149595.0,245492,5,957353
WIN$D,M15,1754667000,149595.0,149670.0,149365.0,149510.0,116224,5,422969
WIN$D,M15,1754667900,149505.0,149555.0,149420.0,149525.0,60463,5,212218
WIN$D,M15,1754668800,149525.0,149560.0,149260.0,149465.0,78692,5,284765
WIN$D,M15,1754669700,149465.0,149505.0,149355.0,149375.0,48698,5,174415
WIN$D,M15,1754670600,149375.0,149545.0,149355.0,149535.0,46473,5,171520
WIN$D,M15,1754671500,149530.0,149535.0,149385.0,149455.0,50828,5,182541
WIN$D,M15,1754672400,149460.0,149475.0,149375.0,149460.0,33319,5,106573
WIN$D,M15,1754673300,149460.0,149620.0,149455.0,149565.0,37549,5,140122
WIN$D,M15,1754674200,149565.0,149690.0,149525.0,149630.0,29768,5,103350
WIN$D,M15,1754675100,149630.0,149705.0,149600.0,149680.0,21159,5,75386
WIN$D,M15,1754676000,149675.0,149765.0,149635.0,149760.0,21586,5,67873
WIN$D,M15,1754676900,149750.0,149795.0,149655.0,149795.0,11510,5,41752
WIN$D,M15,1754902800,149535.0,149810.0,149310.0,149630.0,282909,5,777266
WIN$D,M15,1754903700,149625.0,149660.0,149195.0,149305.0,199953,5,588305
WIN$D,M15,1754904600,149305.0,149325.0,149130.0,149275.0,166021,5,489086
WIN$D,M15,1754905500,149270.0,149315.0,149110.0,149245.0,135924,5,389336
WIN$D,M15,1754906400,149245.0,149480.0,148985.0,149420.0,323472,5,964741
WIN$D,M15,1754907300,149415.0,149500.0,149230.0,149395.0,205093,5,635090
WIN$D,M15,1754908200,149395.0,149580.0,148965.0,149015.0,293063,5,933835
WIN$D,M15,1754909100,149010.0,149405.0,148975.0,149175.0,228799,5,747895
WIN$D,M15,1754910000,149180.0,149210.0,148955.0,149180.0,153612,5,519776
WIN$D,M15,1754910900,149180.0,149445.0,149160.0,149335.0,177476,5,600926
WIN$D,M15,1754911800,149335.0,149430.0,149185.0,149285.0,131132,5,434825
WIN$D,M15,1754912700,149285.0,149390.0,149225.0,149345.0,83896,5,305059
WIN$D,M15,1754913600,149345.0,149640.0,149345.0,149430.0,149531,5,504985
WIN$D,M15,1754914500,149425.0,149445.0,149230.0,149280.0,97828,5,337928
WIN$D,M15,1754915400,149285.0,149520.0,149230.0,149420.0,97700,5,339350
WIN$D,M15,1754916300,149420.0,149720.0,149395.0,149700.0,81516,5,287130
WIN$D,M15,1754917200,149700.0,149875.0,149635.0,149785.0,129090,5,437696
WIN$D,M15,1754918100,149785.0,149840.0,149545.0,149660.0,88640,5,308190
WIN$D,M15,1754919000,149665.0,149705.0,149295.0,149300.0,143207,5,504708
WIN$D,M15,1754919900,149300.0,149345.0,149110.0,149180.0,102675,5,349220
WIN$D,M15,1754920800,149175.0,149205.0,148990.0,149130.0,111355,5,395049
WIN$D,M15,1754921700,149125.0,149210.0,148975.0,149210.0,85351,5,297127
WIN$D,M15,1754922600,149210.0,149220.0,148940.0,149090.0,84997,5,298201
WIN$D,M15,1754923500,149085.0,149245.0,149055.0,149150.0,68323,5,235033
WIN$D,M15,1754924400,149145.0,149290.0,149105.0,149210.0,71373,5,255642
WIN$D,M15,1754925300,149215.0,149385.0,149130.0,149320.0,83419,5,312207
WIN$D,M15,1754926200,149325.0,149340.0,149090.0,149150.0,76599,5,271997
WIN$D,M15,1754927100,149145.0,149320.0,149140.0,149250.0,64626,5,231275
WIN$D,M15,1754928000,149245.0,149255.0,149115.0,149195.0,52758,5,186592
WIN$D,M15,1754928900,149195.0,149205.0,149030.0,149095.0,57984,5,220111
WIN$D,M15,1754929800,149095.0,149220.0,149085.0,149210.0,50140,5,193786
WIN$D,M15,1754930700,149215.0,149245.0,149135.0,149185.0,46769,5,169467
WIN$D,M15,1754931600,149185.0,149250.0,149090.0,149185.0,46630,5,154629
WIN$D,M15,1754932500,149180.0,149200.0,149090.0,149140.0,29592,5,103056
WIN$D,M15,1754933400,149140.0,149205.0,149130.0,149185.0,22229,5,74723
WIN$D,M15,1754934300,149185.0,149370.0,149185.0,149285.0,37133,5,121138
WIN$D,M15,1754935200,149285.0,149350.0,149235.0,149295.0,24269,5,55387
WIN$D,M15,1754936100,149295.0,149315.0,149180.0,149280.0,14213,5,42358
WIN$D,M15,1754989200,149765.0,149940.0,149635.0,149825.0,234791,5,648382
WIN$D,M15,1754990100,149825.0,149875.0,149500.0,149740.0,199722,5,549593
WIN$D,M15,1754991000,149740.0,150410.0,149725.0,150345.0,340503,5,899395
WIN$D,M15,1754991900,150345.0,150455.0,150200.0,150355.0,206591,5,597154
WIN$D,M15,1754992800,150360.0,151165.0,150245.0,151050.0,374041,5,1184342
WIN$D,M15,1754993700,151055.0,151265.0,150855.0,150880.0,304275,5,982694
WIN$D,M15,1754994600,150885.0,151160.0,150840.0,151050.0,235767,5,747738
WIN$D,M15,1754995500,151055.0,151240.0,150950.0,151135.0,178149,5,573381
WIN$D,M15,1754996400,151130.0,151400.0,151125.0,151260.0,178446,5,612855
WIN$D,M15,1754997300,151265.0,151295.0,150990.0,151140.0,177801,5,642385
WIN$D,M15,1754998200,151140.0,151395.0,151120.0,151245.0,129551,5,447307
WIN$D,M15,1754999100,151250.0,151485.0,151225.0,151375.0,123377,5,443488
WIN$D,M15,1755000000,151375.0,151660.0,151270.0,151595.0,151892,5,544678
WIN$D,M15,1755000900,151595.0,151740.0,151525.0,151625.0,96934,5,376472
WIN$D,M15,1755001800,151620.0,151785.0,151540.0,151755.0,118635,5,465515
WIN$D,M15,1755002700,151750.0,151920.0,151720.0,151855.0,99891,5,375189
WIN$D,M15,1755003600,151855.0,151890.0,151665.0,151710.0,100538,5,369470
WIN$D,M15,1755004500,151710.0,151765.0,151590.0,151640.0,77972,5,284068
WIN$D,M15,1755005400,151640.0,151830.0,151635.0,151800.0,84888,5,321785
WIN$D,M15,1755006300,151800.0,151830.0,151670.0,151775.0,61812,5,213552
WIN$D,M15,1755007200,151780.0,151800.0,151590.0,151615.0,67304,5,247336
WIN$D,M15,1755008100,151615.0,151630.0,151435.0,151585.0,88486,5,324790
WIN$D,M15,1755009000,151585.0,151695.0,151510.0,151610.0,78671,5,285152
WIN$D,M15,1755009900,151610.0,151860.0,151610.0,151775.0,94118,5,332375
WIN$D,M15,1755010800,151770.0,151795.0,151670.0,151750.0,63745,5,223412
WIN$D,M15,1755011700,151755.0,151770.0,151600.0,151600.0,54601,5,190370
WIN$D,M15,1755012600,151600.0,151665.0,151550.0,151650.0,55559,5,207117
WIN$D,M15,1755013500,151650.0,151740.0,151610.0,151620.0,61802,5,231598
WIN$D,M15,1755014400,151615.0,151650.0,151520.0,151605.0,73587,5,270067
WIN$D,M15,1755015300,151610.0,151630.0,151470.0,151500.0,46941,5,165754
WIN$D,M15,1755016200,151500.0,151505.0,151295.0,151435.0,107398,5,392118
WIN$D,M15,1755017100,151430.0,151485.0,151350.0,151445.0,61224,5,205604
WIN$D,M15,1755018000,151450.0,151565.0,151380.0,151540.0,69262,5,221687
WIN$D,M15,1755018900,151540.0,151590.0,151500.0,151535.0,31719,5,93000
WIN$D,M15,1755019800,151535.0,151540.0,151410.0,151470.0,41036,5,122802
WIN$D,M15,1755020700,151470.0,151565.0,151430.0,151495.0,36009,5,89033
WIN$D,M15,1755021600,151500.0,151550.0,151430.0,151530.0,38614,5,86761
WIN$D,M15,1755022500,151525.0,151680.0,151480.0,151565.0,27415,5,79383
WIN$D,M15,1755075600,151565.0,151880.0,150925.0,150975.0,138044,5,336222
WIN$D,M15,1755076500,150975.0,151105.0,150875.0,151050.0,86957,5,242839
WIN$D,M15,1755077400,151050.0,151240.0,150800.0,150935.0,176185,5,512874
WIN$D,M15,1755078300,150935.0,151025.0,150785.0,150960.0,129136,5,368992
WIN$D,M15,1755079200,150960.0,151095.0,150815.0,150855.0,198703,5,586375
WIN$D,M15,1755080100,150855.0,150915.0,150280.0,150470.0,287638,5,887559
WIN$D,M15,1755081000,150470.0,150800.0,150450.0,150630.0,244232,5,788276
WIN$D,M15,1755081900,150635.0,150820.0,150540.0,150785.0,157897,5,502568
WIN$D,M15,1755082800,150780.0,150940.0,150635.0,150760.0,186922,5,593911
WIN$D,M15,1755083700,150760.0,150825.0,150595.0,150735.0,124369,5,388048
WIN$D,M15,1755084600,150735.0,150915.0,150685.0,150825.0,106936,5,343808
WIN$D,M15,1755085500,150820.0,150900.0,150465.0,150615.0,142038,5,442593
WIN$D,M15,1755086400,150615.0,150820.0,150610.0,150730.0,85342,5,275371
WIN$D,M15,1755087300,150735.0,150745.0,150515.0,150595.0,85100,5,305854
WIN$D,M15,1755088200,150600.0,150690.0,150485.0,150525.0,87413,5,297624
WIN$D,M15,1755089100,150530.0,150530.0,150200.0,150240.0,113277,5,379678
WIN$D,M15,1755090000,150240.0,150330.0,150075.0,150120.0,98440,5,341216
WIN$D,M15,1755090900,150115.0,150275.0,150095.0,150125.0,73611,5,253607
WIN$D,M15,1755091800,150120.0,150180.0,149965.0,150015.0,85514,5,309582
WIN$D,M15,1755092700,150015.0,150240.0,149995.0,150240.0,65953,5,253928
WIN$D,M15,1755093600,150240.0,150480.0,150205.0,150325.0,112980,5,418263
WIN$D,M15,1755094500,150325.0,150545.0,150215.0,150475.0,98911,5,352975
WIN$D,M15,1755095400,150480.0,150570.0,150405.0,150500.0,74822,5,270828
WIN$D,M15,1755096300,150500.0,150520.0,150375.0,150495.0,80559,5,283765
WIN$D,M15,1755097200,150500.0,150560.0,150395.0,150440.0,53689,5,195170
WIN$D,M15,1755098100,150445.0,150555.0,150415.0,150460.0,44071,5,166591
WIN$D,M15,1755099000,150455.0,150520.0,150425.0,150460.0,42771,5,162106
WIN$D,M15,1755099900,150465.0,150470.0,150085.0,150120.0,100340,5,378366
WIN$D,M15,1755100800,150120.0,150170.0,149985.0,150145.0,83240,5,312495
WIN$D,M15,1755101700,150150.0,150150.0,149990.0,150050.0,65354,5,269351
WIN$D,M15,1755102600,150055.0,150200.0,150050.0,150180.0,61611,5,250235
WIN$D,M15,1755103500,150180.0,150210.0,150115.0,150165.0,43833,5,181490
WIN$D,M15,1755104400,150165.0,150200.0,150065.0,150090.0,52566,5,166458
WIN$D,M15,1755105300,150095.0,150165.0,150090.0,150115.0,20747,5,66060
WIN$D,M15,1755106200,150120.0,150165.0,150070.0,150145.0,19529,5,67925
WIN$D,M15,1755107100,150145.0,150180.0,150090.0,150125.0,23774,5,82518
WIN$D,M15,1755108000,150130.0,150175.0,150105.0,150135.0,21286,5,44250
WIN$D,M15,1755108900,150130.0,150145.0,150030.0,150110.0,17129,5,46240
WIN$D,M15,1755162000,149915.0,150275.0,149705.0,149720.0,295036,5,833065
WIN$D,M15,1755162900,149715.0,150200.0,149710.0,149935.0,238600,5,706926
WIN$D,M15,1755163800,149935.0,149955.0,149035.0,149295.0,313414,5,938935
WIN$D,M15,1755164700,149290.0,149380.0,149120.0,149180.0,160003,5,509447
WIN$D,M15,1755165600,149180.0,149245.0,148995.0,149185.0,192986,5,597265
WIN$D,M15,1755166500,149190.0,149195.0,148920.0,149065.0,231867,5,769172
WIN$D,M15,1755167400,149060.0,149310.0,148930.0,149285.0,224667,5,733570
WIN$D,M15,1755168300,149280.0,149860.0,149275.0,149765.0,276698,5,952279
WIN$D,M15,1755169200,149770.0,150170.0,149670.0,150150.0,254421,5,870546
WIN$D,M15,1755170100,150145.0,150330.0,150025.0,150290.0,217711,5,738512
WIN$D,M15,1755171000,150290.0,150625.0,150240.0,150585.0,186205,5,659260
WIN$D,M15,1755171900,150585.0,150895.0,150580.0,150700.0,161556,5,582604
WIN$D,M15,1755172800,150705.0,150730.0,150285.0,150345.0,152263,5,552131
WIN$D,M15,1755173700,150345.0,150685.0,150335.0,150615.0,114753,5,426235
WIN$D,M15,1755174600,150615.0,150640.0,150365.0,150410.0,96052,5,343775
WIN$D,M15,1755175500,150415.0,150680.0,150385.0,150490.0,94064,5,332974
WIN$D,M15,1755176400,150490.0,150625.0,150400.0,150440.0,74659,5,261093
WIN$D,M15,1755177300,150445.0,150505.0,150335.0,150370.0,68789,5,242635
WIN$D,M15,1755178200,150365.0,150465.0,150285.0,150385.0,78773,5,286473
WIN$D,M15,1755179100,150390.0,150450.0,150125.0,150225.0,104328,5,362251
WIN$D,M15,1755180000,150220.0,150280.0,150115.0,150165.0,69260,5,246387
WIN$D,M15,1755180900,150165.0,150305.0,150135.0,150220.0,72194,5,270111
WIN$D,M15,1755181800,150225.0,150335.0,150185.0,150230.0,60476,5,222265
WIN$D,M15,1755182700,150230.0,150245.0,149930.0,150005.0,104556,5,382982
WIN$D,M15,1755183600,150005.0,150035.0,149775.0,149845.0,100548,5,364301
WIN$D,M15,1755184500,149850.0,149905.0,149750.0,149870.0,55589,5,212622
WIN$D,M15,1755185400,149875.0,149935.0,149740.0,149915.0,82777,5,319908
WIN$D,M15,1755186300,149915.0,149995.0,149860.0,149965.0,54315,5,204564
WIN$D,M15,1755187200,149970.0,150090.0,149950.0,149970.0,65476,5,246238
WIN$D,M15,1755188100,149970.0,149975.0,149835.0,149955.0,61071,5,226869
WIN$D,M15,1755189000,149955.0,149970.0,149875.0,149935.0,40039,5,154863
WIN$D,M15,1755189900,149935.0,149950.0,149675.0,149795.0,71723,5,272586
WIN$D,M15,1755190800,149790.0,149800.0,149655.0,149760.0,50651,5,183907
WIN$D,M15,1755191700,149755.0,149850.0,149745.0,149795.0,32414,5,113891
WIN$D,M15,1755192600,149800.0,149820.0,149750.0,149765.0,14541,5,52469
WIN$D,M15,1755193500,149770.0,149795.0,149720.0,149735.0,14049,5,50414
WIN$D,M15,1755194400,149730.0,149825.0,149720.0,149745.0,18872,5,55491
WIN$D,M15,1755195300,149750.0,149845.0,149735.0,149835.0,9209,5,30173
WIN$D,M15,1755248400,149935.0,149935.0,149360.0,149525.0,244289,5,693326
WIN$D,M15,1755249300,149525.0,149635.0,149410.0,149555.0,138562,5,422529
WIN$D,M15,1755250200,149555.0,149620.0,149265.0,149425.0,200864,5,610348
WIN$D,M15,1755251100,149420.0,149490.0,149220.0,149265.0,143454,5,467731
WIN$D,M15,1755252000,149265.0,149455.0,149130.0,149135.0,216946,5,676228
WIN$D,M15,1755252900,149135.0,149320.0,149005.0,149150.0,228147,5,722127
WIN$D,M15,1755253800,149150.0,149520.0,149035.0,149370.0,284696,5,891886
WIN$D,M15,1755254700,149365.0,149665.0,149310.0,149575.0,172707,5,550058
WIN$D,M15,1755255600,149580.0,149585.0,149245.0,149400.0,191601,5,636211
WIN$D,M15,1755256500,149405.0,149555.0,149265.0,149475.0,149947,5,503642
WIN$D,M15,1755257400,149470.0,149715.0,149420.0,149675.0,168020,5,576825
WIN$D,M15,1755258300,149670.0,149820.0,149460.0,149535.0,140670,5,485131
WIN$D,M15,1755259200,149535.0,149585.0,149360.0,149405.0,87017,5,307150
WIN$D,M15,1755260100,149405.0,149505.0,149350.0,149495.0,63057,5,223807
WIN$D,M15,1755261000,149490.0,149605.0,149315.0,149380.0,88401,5,320346
WIN$D,M15,1755261900,149380.0,149430.0,149300.0,149345.0,53410,5,191096
WIN$D,M15,1755262800,149345.0,149385.0,149170.0,149345.0,71079,5,258702
WIN$D,M15,1755263700,149345.0,149510.0,149240.0,149465.0,75333,5,281802
WIN$D,M15,1755264600,149460.0,149535.0,149215.0,149225.0,76235,5,283067
WIN$D,M15,1755265500,149230.0,149230.0,148945.0,149090.0,118724,5,417357
WIN$D,M15,1755266400,149085.0,149140.0,148955.0,149115.0,66948,5,246285
WIN$D,M15,1755267300,149110.0,149200.0,149095.0,149145.0,64775,5,235197
WIN$D,M15,1755268200,149150.0,149160.0,148995.0,149045.0,62913,5,219853
WIN$D,M15,1755269100,149045.0,149145.0,148835.0,148895.0,84066,5,306057
WIN$D,M15,1755270000,148895.0,148995.0,148840.0,148965.0,64986,5,233185
WIN$D,M15,1755270900,148970.0,149155.0,148905.0,149060.0,80915,5,306976
WIN$D,M15,1755271800,149060.0,149150.0,149000.0,149015.0,51434,5,197785
WIN$D,M15,1755272700,149020.0,149125.0,148990.0,149065.0,50935,5,198952
WIN$D,M15,1755273600,149065.0,149145.0,149020.0,149145.0,35363,5,138326
WIN$D,M15,1755274500,149145.0,149240.0,149105.0,149220.0,51515,5,203500
WIN$D,M15,1755275400,149225.0,149645.0,149215.0,149590.0,104045,5,429404
WIN$D,M15,1755276300,149590.0,149700.0,149530.0,149580.0,77402,5,299798
WIN$D,M15,1755277200,149580.0,150135.0,149575.0,149845.0,93606,5,345629
WIN$D,M15,1755278100,149850.0,149900.0,149790.0,149870.0,27307,5,96320
WIN$D,M15,1755279000,149865.0,149890.0,149810.0,149835.0,16874,5,57695
WIN$D,M15,1755279900,149835.0,149900.0,149820.0,149855.0,14740,5,49863
WIN$D,M15,1755280800,149855.0,151255.0,149850.0,149940.0,54205,5,165258
WIN$D,M15,1755281700,149940.0,149955.0,149710.0,149830.0,14413,5,42298
WIN$D,M15,1755507600,149730.0,150730.0,149390.0,150475.0,367509,5,958435
WIN$D,M15,1755508500,150470.0,150510.0,149850.0,149870.0,194666,5,586762
WIN$D,M15,1755509400,149870.0,149925.0,149630.0,149870.0,180423,5,558453
WIN$D,M15,1755510300,149875.0,149890.0,149665.0,149785.0,142161,5,443042
WIN$D,M15,1755511200,149785.0,150135.0,149700.0,150035.0,259955,5,823331
WIN$D,M15,1755512100,150040.0,150320.0,150000.0,150245.0,245838,5,754326
WIN$D,M15,1755513000,150250.0,150310.0,149910.0,150075.0,259799,5,797289
WIN$D,M15,1755513900,150080.0,150225.0,149925.0,149970.0,148433,5,462616
WIN$D,M15,1755514800,149965.0,150385.0,149965.0,150265.0,195105,5,637851
WIN$D,M15,1755515700,150270.0,150450.0,150240.0,150375.0,142427,5,452372
WIN$D,M15,1755516600,150375.0,150920.0,150325.0,150815.0,208846,5,714864
WIN$D,M15,1755517500,150815.0,150935.0,150635.0,150900.0,151062,5,515728
WIN$D,M15,1755518400,150900.0,151100.0,150875.0,151030.0,123272,5,447453
WIN$D,M15,1755519300,151035.0,151200.0,150960.0,151170.0,93431,5,335537
WIN$D,M15,1755520200,151170.0,151225.0,151020.0,151110.0,93299,5,333347
WIN$D,M15,1755521100,151115.0,151255.0,151045.0,151200.0,83233,5,304286
WIN$D,M15,1755522000,151195.0,151200.0,150960.0,150975.0,84517,5,291881
WIN$D,M15,1755522900,150980.0,151025.0,150840.0,150985.0,88787,5,302450
WIN$D,M15,1755523800,150985.0,151080.0,150900.0,151005.0,81066,5,294668
WIN$D,M15,1755524700,151005.0,151035.0,150685.0,150720.0,105779,5,355898
WIN$D,M15,1755525600,150715.0,150780.0,150470.0,150635.0,140418,5,463119
WIN$D,M15,1755526500,150635.0,150690.0,150455.0,150550.0,86275,5,295426
WIN$D,M15,1755527400,150555.0,150630.0,150500.0,150590.0,56009,5,197569
WIN$D,M15,1755528300,150590.0,150735.0,150585.0,150690.0,61946,5,213172
WIN$D,M15,1755529200,150685.0,150700.0,150575.0,150660.0,56613,5,193760
WIN$D,M15,1755530100,150655.0,150780.0,150580.0,150660.0,70215,5,252128
WIN$D,M15,1755531000,150655.0,150715.0,150625.0,150690.0,41749,5,146473
WIN$D,M15,1755531900,150695.0,150890.0,150650.0,150790.0,74794,5,276324
WIN$D,M15,1755532800,150790.0,150810.0,150695.0,150715.0,47626,5,163923
WIN$D,M15,1755533700,150715.0,150735.0,150605.0,150670.0,57209,5,197405
WIN$D,M15,1755534600,150675.0,150765.0,150625.0,150670.0,61144,5,222699
WIN$D,M15,1755535500,150675.0,150755.0,150650.0,150715.0,45719,5,168934
WIN$D,M15,1755536400,150715.0,150720.0,150595.0,150645.0,47051,5,162046
WIN$D,M15,1755537300,150645.0,150680.0,150610.0,150630.0,20390,5,77152
WIN$D,M15,1755538200,150630.0,150645.0,150500.0,150555.0,40945,5,139126
WIN$D,M15,1755539100,150555.0,150685.0,150545.0,150610.0,32894,5,96857
WIN$D,M15,1755540000,150610.0,150620.0,150505.0,150535.0,37267,5,83611
WIN$D,M15,1755540900,150525.0,150600.0,150485.0,150510.0,17995,5,50129
WIN$D,M15,1755594000,150605.0,150635.0,149995.0,150225.0,295788,5,855501
WIN$D,M15,1755594900,150225.0,150340.0,150085.0,150255.0,149495,5,450485
WIN$D,M15,1755595800,150250.0,150255.0,149470.0,149530.0,304456,5,968548
WIN$D,M15,1755596700,149535.0,149665.0,149205.0,149260.0,224350,5,755059
WIN$D,M15,1755597600,149265.0,149345.0,148640.0,148765.0,349876,5,1168581
WIN$D,M15,1755598500,148765.0,148785.0,148110.0,148320.0,319402,5,1156347
WIN$D,M15,1755599400,148325.0,148470.0,148135.0,148250.0,227850,5,830859
WIN$D,M15,1755600300,148255.0,148570.0,148230.0,148360.0,166523,5,605259
WIN$D,M15,1755601200,148355.0,148385.0,148195.0,148280.0,148910,5,550765
WIN$D,M15,1755602100,148275.0,148305.0,147815.0,147980.0,210750,5,787979
WIN$D,M15,1755603000,147980.0,147995.0,147735.0,147860.0,149427,5,590165
WIN$D,M15,1755603900,147855.0,147955.0,147775.0,147845.0,94216,5,362164
WIN$D,M15,1755604800,147840.0,147890.0,147710.0,147825.0,98720,5,399493
WIN$D,M15,1755605700,147825.0,147850.0,147505.0,147570.0,137357,5,567365
WIN$D,M15,1755606600,147565.0,147625.0,147480.0,147560.0,84835,5,346216
WIN$D,M15,1755607500,147560.0,147750.0,147530.0,147635.0,76398,5,315582
WIN$D,M15,1755608400,147640.0,147840.0,147605.0,147770.0,77547,5,295315
WIN$D,M15,1755609300,147765.0,148080.0,147760.0,147875.0,124287,5,484601
WIN$D,M15,1755610200,147870.0,148010.0,147845.0,147890.0,74291,5,305393
WIN$D,M15,1755611100,147890.0,148030.0,147770.0,147910.0,99462,5,386735
WIN$D,M15,1755612000,147910.0,147940.0,147580.0,147730.0,119398,5,452374
WIN$D,M15,1755612900,147725.0,147900.0,147675.0,147790.0,86314,5,325998
WIN$D,M15,1755613800,147785.0,147865.0,147750.0,147845.0,46194,5,185917
WIN$D,M15,1755614700,147845.0,147850.0,147680.0,147730.0,57860,5,223193
WIN$D,M15,1755615600,147730.0,147730.0,147375.0,147415.0,126045,5,501776
WIN$D,M15,1755616500,147420.0,147430.0,147195.0,147300.0,116200,5,455879
WIN$D,M15,1755617400,147300.0,147340.0,147100.0,147115.0,90210,5,366951
WIN$D,M15,1755618300,147120.0,147275.0,147100.0,147255.0,68365,5,272452
WIN$D,M15,1755619200,147260.0,147300.0,147170.0,147195.0,59378,5,225644
WIN$D,M15,1755620100,147200.0,147350.0,147195.0,147310.0,60981,5,249122
WIN$D,M15,1755621000,147315.0,147375.0,147215.0,147315.0,62472,5,259730
WIN$D,M15,1755621900,147310.0,147425.0,147295.0,147405.0,71847,5,298646
WIN$D,M15,1755622800,147410.0,147545.0,146995.0,147035.0,114032,5,449331
WIN$D,M15,1755623700,147030.0,147220.0,146960.0,147200.0,62463,5,226980
WIN$D,M15,1755624600,147195.0,147260.0,147090.0,147115.0,44230,5,146339
WIN$D,M15,1755625500,147120.0,147175.0,147055.0,147120.0,36828,5,117320
WIN$D,M15,1755626400,147110.0,147135.0,146975.0,147025.0,51153,5,115827
WIN$D,M15,1755627300,147020.0,147030.0,146685.0,146925.0,42139,5,123652
WIN$D,M15,1755680400,147230.0,147515.0,146895.0,147065.0,387887,5,1105321
WIN$D,M15,1755681300,147070.0,147310.0,146975.0,147255.0,197633,5,580437
WIN$D,M15,1755682200,147255.0,147490.0,147110.0,147155.0,229507,5,699933
WIN$D,M15,1755683100,147150.0,147275.0,147075.0,147125.0,115836,5,362460
WIN$D,M15,1755684000,147130.0,147400.0,147095.0,147255.0,231943,5,744658
WIN$D,M15,1755684900,147255.0,147435.0,147095.0,147315.0,201128,5,670088
WIN$D,M15,1755685800,147310.0,147795.0,147270.0,147780.0,319547,5,1042807
WIN$D,M15,1755686700,147775.0,147865.0,147415.0,147570.0,258367,5,905634
WIN$D,M15,1755687600,147570.0,147745.0,147465.0,147525.0,203206,5,737710
WIN$D,M15,1755688500,147525.0,147655.0,147250.0,147370.0,178645,5,605263
WIN$D,M15,1755689400,147365.0,147600.0,147325.0,147430.0,143112,5,515966
WIN$D,M15,1755690300,147430.0,147470.0,147185.0,147335.0,142740,5,513532
WIN$D,M15,1755691200,147335.0,147530.0,147275.0,147525.0,110903,5,394082
WIN$D,M15,1755692100,147525.0,147705.0,147490.0,147675.0,105983,5,385703
WIN$D,M15,1755693000,147680.0,147895.0,147655.0,147850.0,96045,5,353225
WIN$D,M15,1755693900,147850.0,147920.0,147745.0,147875.0,78875,5,277118
WIN$D,M15,1755694800,147870.0,147890.0,147765.0,147795.0,64685,5,228987
WIN$D,M15,1755695700,147800.0,147915.0,147690.0,147815.0,87625,5,314465
WIN$D,M15,1755696600,147815.0,147995.0,147795.0,147950.0,77175,5,281153
WIN$D,M15,1755697500,147950.0,148015.0,147865.0,147950.0,64390,5,228817
WIN$D,M15,1755698400,147955.0,148100.0,147255.0,147530.0,258132,5,900123
WIN$D,M15,1755699300,147525.0,147715.0,147435.0,147595.0,102150,5,350713
WIN$D,M15,1755700200,147595.0,147760.0,147550.0,147670.0,61820,5,206353
WIN$D,M15,1755701100,147665.0,147900.0,147645.0,147770.0,75118,5,270180
WIN$D,M15,1755702000,147775.0,147805.0,147580.0,147750.0,95956,5,340416
WIN$D,M15,1755702900,147745.0,147760.0,147585.0,147630.0,62047,5,220064
WIN$D,M15,1755703800,147625.0,147795.0,147625.0,147705.0,65470,5,238400
WIN$D,M15,1755704700,147705.0,147735.0,147620.0,147630.0,43396,5,167724
WIN$D,M15,1755705600,147625.0,147675.0,147500.0,147520.0,61618,5,245933
WIN$D,M15,1755706500,147525.0,147575.0,147460.0,147515.0,59195,5,214265
WIN$D,M15,1755707400,147510.0,147690.0,147475.0,147670.0,55415,5,229690
WIN$D,M15,1755708300,147670.0,147710.0,147565.0,147595.0,51021,5,202303
WIN$D,M15,1755709200,147600.0,147840.0,147530.0,147640.0,91769,5,330699
WIN$D,M15,1755710100,147645.0,147735.0,147555.0,147585.0,49025,5,176362
WIN$D,M15,1755711000,147590.0,147590.0,147435.0,147530.0,46176,5,155613
WIN$D,M15,1755711900,147525.0,147540.0,147390.0,147500.0,33317,5,95380
WIN$D,M15,1755712800,147500.0,147570.0,147345.0,147385.0,47650,5,110597
WIN$D,M15,1755713700,147380.0,147610.0,147370.0,147580.0,17915,5,53264
WIN$D,M15,1755766800,147395.0,147415.0,146335.0,146720.0,399298,5,1135402
WIN$D,M15,1755767700,146720.0,146800.0,146695.0,146790.0,19497,5,65973
WIN$D,M15,1755771300,146910.0,148000.0,146910.0,148000.0,20354,5,56080
WIN$D,M15,1755772200,147780.0,147835.0,146685.0,147250.0,161424,5,449023
WIN$D,M15,1755773100,147265.0,147515.0,147100.0,147395.0,139088,5,349400
WIN$D,M15,1755774000,147395.0,147625.0,147310.0,147430.0,141158,5,392010
WIN$D,M15,1755774900,147430.0,147550.0,147230.0,147255.0,111391,5,349711
WIN$D,M15,1755775800,147255.0,147435.0,147210.0,147370.0,90869,5,294556
WIN$D,M15,1755776700,147370.0,147550.0,147100.0,147325.0,129335,5,456459
WIN$D,M15,1755777600,147325.0,147435.0,147205.0,147250.0,83061,5,296023
WIN$D,M15,1755778500,147245.0,147310.0,147170.0,147270.0,63221,5,224557
WIN$D,M15,1755779400,147270.0,147360.0,147235.0,147285.0,50912,5,176260
WIN$D,M15,1755780300,147285.0,147395.0,147080.0,147165.0,77765,5,275813
WIN$D,M15,1755781200,147165.0,147245.0,147015.0,147215.0,79671,5,273343
WIN$D,M15,1755782100,147220.0,147280.0,147145.0,147165.0,44975,5,151078
WIN$D,M15,1755783000,147170.0,147230.0,147065.0,147195.0,55531,5,195435
WIN$D,M15,1755783900,147200.0,147325.0,147195.0,147290.0,50734,5,175984
WIN$D,M15,1755784800,147290.0,147795.0,147285.0,147605.0,159601,5,552749
WIN$D,M15,1755785700,147605.0,147665.0,147460.0,147510.0,77507,5,278927
WIN$D,M15,1755786600,147510.0,147525.0,147345.0,147480.0,79863,5,289941
WIN$D,M15,1755787500,147480.0,147515.0,147385.0,147500.0,48493,5,184474
WIN$D,M15,1755788400,147505.0,147825.0,147480.0,147740.0,90706,5,341259
WIN$D,M15,1755789300,147740.0,147825.0,147690.0,147740.0,55972,5,212557
WIN$D,M15,1755790200,147735.0,147785.0,147630.0,147670.0,63141,5,238392
WIN$D,M15,1755791100,147675.0,147740.0,147640.0,147685.0,39380,5,147028
WIN$D,M15,1755792000,147685.0,147735.0,147655.0,147670.0,30545,5,120946
WIN$D,M15,1755792900,147670.0,147690.0,147570.0,147585.0,40806,5,152192
WIN$D,M15,1755793800,147580.0,147695.0,147540.0,147675.0,39001,5,140823
WIN$D,M15,1755794700,147675.0,147715.0,147585.0,147600.0,38881,5,149920
WIN$D,M15,1755795600,147600.0,147620.0,147400.0,147425.0,57397,5,204181
WIN$D,M15,1755796500,147420.0,147530.0,147405.0,147510.0,20940,5,82018
WIN$D,M15,1755797400,147510.0,147515.0,147450.0,147475.0,14182,5,51102
WIN$D,M15,1755798300,147470.0,147655.0,147460.0,147615.0,29310,5,96768
WIN$D,M15,1755799200,147620.0,147650.0,147505.0,147545.0,29508,5,61860
WIN$D,M15,1755800100,147550.0,147585.0,147495.0,147575.0,14225,5,40334
WIN$D,M15,1755853200,147600.0,148360.0,147440.0,148085.0,321666,5,908628
WIN$D,M15,1755854100,148090.0,148340.0,148015.0,148305.0,141781,5,417774
WIN$D,M15,1755855000,148305.0,148625.0,148275.0,148420.0,249440,5,752014
WIN$D,M15,1755855900,148420.0,148485.0,148245.0,148265.0,112935,5,331429
WIN$D,M15,1755856800,148270.0,148275.0,147890.0,148065.0,276440,5,827368
WIN$D,M15,1755857700,148065.0,148430.0,148015.0,148405.0,194677,5,575815
WIN$D,M15,1755858600,148410.0,148860.0,148235.0,148785.0,305174,5,962179
WIN$D,M15,1755859500,148780.0,148885.0,148510.0,148545.0,184521,5,618077
WIN$D,M15,1755860400,148540.0,150185.0,148540.0,149925.0,413427,5,1204876
WIN$D,M15,1755861300,149925.0,150230.0,149885.0,150010.0,212811,5,707536
WIN$D,M15,1755862200,150010.0,150570.0,150010.0,150475.0,168189,5,590823
WIN$D,M15,1755863100,150480.0,150570.0,150335.0,150410.0,112114,5,394798
WIN$D,M15,1755864000,150410.0,150555.0,150220.0,150450.0,136074,5,506268
WIN$D,M15,1755864900,150455.0,150540.0,150380.0,150515.0,60019,5,221856
WIN$D,M15,1755865800,150515.0,150625.0,150480.0,150495.0,71489,5,267230
WIN$D,M15,1755866700,150490.0,150545.0,150370.0,150495.0,63666,5,236422
WIN$D,M15,1755867600,150495.0,150780.0,150475.0,150720.0,91834,5,351396
WIN$D,M15,1755868500,150720.0,150860.0,150660.0,150670.0,75842,5,293502
WIN$D,M15,1755869400,150670.0,150815.0,150620.0,150705.0,72258,5,289110
WIN$D,M15,1755870300,150705.0,150720.0,150550.0,150635.0,55093,5,214194
WIN$D,M15,1755871200,150630.0,150695.0,150520.0,150540.0,57628,5,222731
WIN$D,M15,1755872100,150540.0,150675.0,150530.0,150615.0,47307,5,191985
WIN$D,M15,1755873000,150610.0,150795.0,150550.0,150740.0,74881,5,301900
WIN$D,M15,1755873900,150735.0,150990.0,150730.0,150880.0,92482,5,358548
WIN$D,M15,1755874800,150880.0,151230.0,150845.0,150925.0,122244,5,485971
WIN$D,M15,1755875700,150930.0,150930.0,150765.0,150820.0,54787,5,229475
WIN$D,M15,1755876600,150825.0,150990.0,150815.0,150955.0,65116,5,247849
WIN$D,M15,1755877500,150955.0,151050.0,150910.0,150950.0,46645,5,179497
WIN$D,M15,1755878400,150955.0,151070.0,150935.0,151020.0,40579,5,156840
WIN$D,M15,1755879300,151015.0,151020.0,150885.0,150920.0,46483,5,184079
WIN$D,M15,1755880200,150915.0,150945.0,150785.0,150845.0,57424,5,213814
WIN$D,M15,1755881100,150840.0,151020.0,150815.0,151005.0,72606,5,290237
WIN$D,M15,1755882000,151005.0,151295.0,150975.0,151240.0,81896,5,360402
WIN$D,M15,1755882900,151240.0,151255.0,151075.0,151150.0,40874,5,165135
WIN$D,M15,1755883800,151145.0,151220.0,151065.0,151095.0,26922,5,100428
WIN$D,M15,1755884700,151095.0,151190.0,151050.0,151090.0,29247,5,91611
WIN$D,M15,1755885600,151085.0,151185.0,151055.0,151175.0,28613,5,63849
WIN$D,M15,1755886500,151175.0,151360.0,151165.0,151175.0,27750,5,79149
WIN$D,M15,1756112400,151215.0,151900.0,151215.0,151775.0,282165,5,818628
WIN$D,M15,1756113300,151775.0,151875.0,151660.0,151705.0,127108,5,363410
WIN$D,M15,1756114200,151705.0,152020.0,151615.0,151810.0,226563,5,652763
WIN$D,M15,1756115100,151810.0,151915.0,151640.0,151795.0,141967,5,422315
WIN$D,M15,1756116000,151795.0,151885.0,151580.0,151630.0,193608,5,589438
WIN$D,M15,1756116900,151635.0,151765.0,151500.0,151530.0,218255,5,694007
WIN$D,M15,1756117800,151525.0,151700.0,151375.0,151445.0,224376,5,732338
WIN$D,M15,1756118700,151450.0,151540.0,151300.0,151335.0,138110,5,464476
WIN$D,M15,1756119600,151330.0,151365.0,151105.0,151275.0,185294,5,646614
WIN$D,M15,1756120500,151280.0,151670.0,151255.0,151645.0,185581,5,632139
WIN$D,M15,1756121400,151645.0,151815.0,151555.0,151650.0,160186,5,559385
WIN$D,M15,1756122300,151655.0,151720.0,151580.0,151645.0,79718,5,269141
WIN$D,M15,1756123200,151650.0,151870.0,151625.0,151865.0,123775,5,436819
WIN$D,M15,1756124100,151865.0,151935.0,151520.0,151535.0,163335,5,560847
WIN$D,M15,1756125000,151535.0,151550.0,151310.0,151420.0,107895,5,387352
WIN$D,M15,1756125900,151420.0,151515.0,151405.0,151475.0,67377,5,238448
WIN$D,M15,1756126800,151475.0,151570.0,151375.0,151475.0,77114,5,255529
WIN$D,M15,1756127700,151475.0,151475.0,151290.0,151385.0,70187,5,238641
WIN$D,M15,1756128600,151380.0,151430.0,151260.0,151285.0,53924,5,185035
WIN$D,M15,1756129500,151285.0,151290.0,151135.0,151205.0,84247,5,293656
WIN$D,M15,1756130400,151200.0,151320.0,151155.0,151250.0,86666,5,301522
WIN$D,M15,1756131300,151255.0,151315.0,151145.0,151170.0,65029,5,226650
WIN$D,M15,1756132200,151165.0,151210.0,150970.0,151090.0,105451,5,362646
WIN$D,M15,1756133100,151095.0,151185.0,151070.0,151130.0,56538,5,196117
WIN$D,M15,1756134000,151125.0,151290.0,151090.0,151250.0,69944,5,260038
WIN$D,M15,1756134900,151255.0,151290.0,151135.0,151200.0,72983,5,277297
WIN$D,M15,1756135800,151200.0,151255.0,151170.0,151225.0,41867,5,152774
WIN$D,M15,1756136700,151230.0,151235.0,151020.0,151080.0,90630,5,332762
WIN$D,M15,1756137600,151085.0,151135.0,151000.0,151120.0,54047,5,203841
WIN$D,M15,1756138500,151120.0,151120.0,151025.0,151045.0,36962,5,137179
WIN$D,M15,1756139400,151040.0,151170.0,151035.0,151145.0,51609,5,199416
WIN$D,M15,1756140300,151140.0,151215.0,151090.0,151090.0,62895,5,222068
WIN$D,M15,1756141200,151090.0,151095.0,150935.0,151055.0,79011,5,267792
WIN$D,M15,1756142100,151060.0,151180.0,151035.0,151135.0,40249,5,149304
WIN$D,M15,1756143000,151130.0,151165.0,151070.0,151130.0,25305,5,84437
WIN$D,M15,1756143900,151130.0,151155.0,151050.0,151080.0,24995,5,69094
WIN$D,M15,1756144800,151075.0,151275.0,151060.0,151225.0,47045,5,106616
WIN$D,M15,1756145700,151225.0,151320.0,151205.0,151285.0,16871,5,48767
WIN$D,M15,1756198800,150960.0,151130.0,150540.0,150915.0,305402,5,861726
WIN$D,M15,1756199700,150920.0,151110.0,150820.0,151040.0,204798,5,622332
WIN$D,M15,1756200600,151040.0,151170.0,150910.0,151050.0,143210,5,431780
WIN$D,M15,1756201500,151050.0,151135.0,150990.0,151045.0,93144,5,280064
WIN$D,M15,1756202400,151045.0,151070.0,150770.0,150910.0,225254,5,704201
WIN$D,M15,1756203300,150910.0,150975.0,150640.0,150655.0,228876,5,748906
WIN$D,M15,1756204200,150655.0,150965.0,150545.0,150775.0,325798,5,1047973
WIN$D,M15,1756205100,150775.0,150870.0,150675.0,150835.0,121859,5,403164
WIN$D,M15,1756206000,150835.0,150865.0,150470.0,150545.0,202433,5,682662
WIN$D,M15,1756206900,150540.0,150625.0,150430.0,150535.0,126153,5,427941
WIN$D,M15,1756207800,150535.0,150570.0,149885.0,150120.0,271636,5,977608
WIN$D,M15,1756208700,150120.0,150200.0,149945.0,150200.0,119042,5,427590
WIN$D,M15,1756209600,150200.0,150295.0,150090.0,150160.0,114417,5,418660
WIN$D,M15,1756210500,150160.0,150170.0,150045.0,150080.0,67504,5,242584
WIN$D,M15,1756211400,150085.0,150195.0,150055.0,150115.0,55206,5,195060
WIN$D,M15,1756212300,150110.0,150165.0,149965.0,150020.0,75918,5,278763
WIN$D,M15,1756213200,150025.0,150080.0,149920.0,150055.0,65746,5,233496
WIN$D,M15,1756214100,150060.0,150125.0,149905.0,149945.0,65573,5,225403
WIN$D,M15,1756215000,149945.0,150145.0,149895.0,150045.0,76533,5,272000
WIN$D,M15,1756215900,150050.0,150105.0,149935.0,150010.0,56159,5,212905
WIN$D,M15,1756216800,150010.0,150100.0,149980.0,150020.0,51760,5,200091
WIN$D,M15,1756217700,150020.0,150195.0,150000.0,150145.0,55338,5,197106
WIN$D,M15,1756218600,150150.0,150160.0,150040.0,150130.0,50692,5,193659
WIN$D,M15,1756219500,150125.0,150345.0,150080.0,150325.0,79475,5,274590
WIN$D,M15,1756220400,150325.0,150330.0,150145.0,150265.0,74309,5,278176
WIN$D,M15,1756221300,150260.0,150370.0,150205.0,150305.0,59932,5,226493
WIN$D,M15,1756222200,150305.0,150305.0,150140.0,150260.0,79985,5,309942
WIN$D,M15,1756223100,150260.0,150290.0,150195.0,150265.0,37269,5,136480
WIN$D,M15,1756224000,150270.0,150325.0,150245.0,150285.0,41609,5,158957
WIN$D,M15,1756224900,150285.0,150435.0,150275.0,150365.0,52264,5,203499
WIN$D,M15,1756225800,150365.0,150430.0,150320.0,150335.0,44174,5,185671
WIN$D,M15,1756226700,150335.0,150655.0,150285.0,150510.0,104884,5,390366
WIN$D,M15,1756227600,150510.0,150885.0,150500.0,150845.0,108760,5,362945
WIN$D,M15,1756228500,150840.0,150860.0,150770.0,150835.0,36558,5,114329
WIN$D,M15,1756229400,150845.0,150915.0,150800.0,150875.0,33956,5,101847
WIN$D,M15,1756230300,150885.0,150910.0,150810.0,150865.0,29830,5,80582
WIN$D,M15,1756231200,150860.0,151005.0,150835.0,150925.0,46018,5,103006
WIN$D,M15,1756232100,150920.0,150960.0,150840.0,150870.0,19368,5,50721
WIN$D,M15,1756285200,150535.0,150625.0,149975.0,150500.0,307304,5,839762
WIN$D,M15,1756286100,150505.0,150920.0,150485.0,150680.0,230024,5,692402
WIN$D,M15,1756287000,150675.0,150705.0,150470.0,150565.0,154610,5,480314
WIN$D,M15,1756287900,150560.0,150665.0,150510.0,150645.0,85442,5,257245
WIN$D,M15,1756288800,150645.0,150835.0,150415.0,150790.0,281877,5,888355
WIN$D,M15,1756289700,150790.0,150805.0,150175.0,150545.0,296872,5,950775
WIN$D,M15,1756290600,150545.0,150770.0,150360.0,150705.0,256229,5,866175
WIN$D,M15,1756291500,150705.0,150860.0,150370.0,150390.0,221690,5,740605
WIN$D,M15,1756292400,150390.0,150560.0,150195.0,150540.0,208832,5,707509
WIN$D,M15,1756293300,150540.0,150590.0,150320.0,150340.0,135400,5,465118
WIN$D,M15,1756294200,150345.0,150530.0,150235.0,150305.0,142911,5,497558
WIN$D,M15,1756295100,150310.0,150565.0,150280.0,150470.0,102369,5,353436
WIN$D,M15,1756296000,150470.0,150560.0,150400.0,150485.0,84738,5,292201
WIN$D,M15,1756296900,150485.0,150855.0,150480.0,150830.0,140855,5,492848
WIN$D,M15,1756297800,150830.0,151125.0,150830.0,150970.0,162779,5,556338
WIN$D,M15,1756298700,150965.0,151000.0,150790.0,150830.0,83022,5,290835
WIN$D,M15,1756299600,150830.0,150885.0,150770.0,150855.0,65375,5,218302
WIN$D,M15,1756300500,150860.0,150870.0,150695.0,150815.0,76534,5,256921
WIN$D,M15,1756301400,150815.0,150905.0,150760.0,150780.0,73694,5,242689
WIN$D,M15,1756302300,150780.0,150975.0,150760.0,150890.0,72157,5,240302
WIN$D,M15,1756303200,150890.0,151150.0,150845.0,151115.0,101506,5,337739
WIN$D,M15,1756304100,151110.0,151230.0,151025.0,151205.0,87733,5,299018
WIN$D,M15,1756305000,151200.0,151450.0,151045.0,151340.0,146582,5,496029
WIN$D,M15,1756305900,151340.0,151440.0,151270.0,151415.0,60885,5,207797
WIN$D,M15,1756306800,151415.0,151525.0,151400.0,151510.0,84634,5,297144
WIN$D,M15,1756307700,151515.0,151585.0,151390.0,151470.0,76863,5,271301
WIN$D,M15,1756308600,151475.0,151630.0,151455.0,151600.0,74729,5,262978
WIN$D,M15,1756309500,151605.0,151735.0,151575.0,151605.0,91642,5,322720
WIN$D,M15,1756310400,151610.0,151910.0,151585.0,151840.0,107176,5,398111
WIN$D,M15,1756311300,151835.0,152035.0,151820.0,151880.0,96606,5,370765
WIN$D,M15,1756312200,151880.0,152200.0,151875.0,152115.0,99770,5,396024
WIN$D,M15,1756313100,152115.0,152165.0,152005.0,152080.0,68281,5,259843
WIN$D,M15,1756314000,152080.0,152165.0,152005.0,152035.0,49500,5,161966
WIN$D,M15,1756314900,152035.0,152045.0,151840.0,151940.0,60794,5,202507
WIN$D,M15,1756315800,151940.0,151940.0,151790.0,151850.0,39036,5,118462
WIN$D,M15,1756316700,151845.0,152085.0,151835.0,151990.0,55528,5,142064
WIN$D,M15,1756317600,151985.0,152065.0,151840.0,151925.0,51124,5,100058
WIN$D,M15,1756318500,151925.0,151930.0,151745.0,151745.0,20928,5,56119
WIN$D,M15,1756371600,152585.0,153185.0,152550.0,153060.0,266609,5,807407
WIN$D,M15,1756372500,153055.0,153385.0,153025.0,153260.0,186514,5,578874
WIN$D,M15,1756373400,153255.0,153370.0,153140.0,153235.0,147751,5,447827
WIN$D,M15,1756374300,153235.0,153310.0,153060.0,153115.0,121079,5,374961
WIN$D,M15,1756375200,153115.0,153330.0,152925.0,153190.0,274745,5,871811
WIN$D,M15,1756376100,153195.0,153515.0,153035.0,153385.0,254524,5,855729
WIN$D,M15,1756377000,153385.0,153475.0,153105.0,153395.0,267294,5,891234
WIN$D,M15,1756377900,153395.0,154150.0,153380.0,154115.0,311060,5,1145247
WIN$D,M15,1756378800,154115.0,154505.0,154100.0,154400.0,285342,5,1000618
WIN$D,M15,1756379700,154395.0,154575.0,154285.0,154420.0,190518,5,690427
WIN$D,M15,1756380600,154425.0,155095.0,154360.0,154740.0,257365,5,978695
WIN$D,M15,1756381500,154745.0,154815.0,154580.0,154640.0,108431,5,395284
WIN$D,M15,1756382400,154640.0,154670.0,154460.0,154590.0,94541,5,365017
WIN$D,M15,1756383300,154590.0,154640.0,154370.0,154420.0,95576,5,364189
WIN$D,M15,1756384200,154420.0,154600.0,154365.0,154450.0,77016,5,279364
WIN$D,M15,1756385100,154445.0,154605.0,154420.0,154515.0,55779,5,217317
WIN$D,M15,1756386000,154520.0,154535.0,154405.0,154470.0,57612,5,213157
WIN$D,M15,1756386900,154475.0,154550.0,154445.0,154485.0,41873,5,158967
WIN$D,M15,1756387800,154490.0,154760.0,154420.0,154715.0,106715,5,383480
WIN$D,M15,1756388700,154715.0,154780.0,154585.0,154660.0,72692,5,271770
WIN$D,M15,1756389600,154660.0,154780.0,154600.0,154660.0,70576,5,255707
WIN$D,M15,1756390500,154660.0,154820.0,154605.0,154625.0,70216,5,259195
WIN$D,M15,1756391400,154620.0,154670.0,154455.0,154470.0,82400,5,319511
WIN$D,M15,1756392300,154465.0,154555.0,154410.0,154515.0,63447,5,256377
WIN$D,M15,1756393200,154515.0,154645.0,154460.0,154485.0,72896,5,290811
WIN$D,M15,1756394100,154490.0,154590.0,154435.0,154485.0,54410,5,215958
WIN$D,M15,1756395000,154480.0,154515.0,154415.0,154450.0,44039,5,178169
WIN$D,M15,1756395900,154455.0,154520.0,154310.0,154345.0,65399,5,250781
WIN$D,M15,1756396800,154345.0,154435.0,154275.0,154305.0,60580,5,232904
WIN$D,M15,1756397700,154300.0,154375.0,154220.0,154300.0,58832,5,216423
WIN$D,M15,1756398600,154300.0,154325.0,154160.0,154200.0,63719,5,244627
WIN$D,M15,1756399500,154195.0,154200.0,154060.0,154060.0,80824,5,335953
WIN$D,M15,1756400400,154065.0,154180.0,153935.0,154140.0,80481,5,301591
WIN$D,M15,1756401300,154140.0,154265.0,154090.0,154115.0,49770,5,183213
WIN$D,M15,1756402200,154110.0,154160.0,154040.0,154075.0,35921,5,124073
WIN$D,M15,1756403100,154075.0,154125.0,154050.0,154065.0,28767,5,80360
WIN$D,M15,1756404000,154065.0,154105.0,153965.0,154085.0,39602,5,88699
WIN$D,M15,1756404900,154085.0,154185.0,154035.0,154185.0,17335,5,55852
WIN$D,M15,1756458000,153440.0,153800.0,153305.0,153675.0,206853,5,585770
WIN$D,M15,1756458900,153675.0,153955.0,153660.0,153865.0,145905,5,447921
WIN$D,M15,1756459800,153865.0,154175.0,153795.0,153975.0,194769,5,609158
WIN$D,M15,1756460700,153970.0,154305.0,153920.0,154025.0,202171,5,619816
WIN$D,M15,1756461600,154025.0,154325.0,153965.0,154180.0,237038,5,747597
WIN$D,M15,1756462500,154180.0,154680.0,154155.0,154505.0,215970,5,724087
WIN$D,M15,1756463400,154500.0,154595.0,154305.0,154485.0,180639,5,642859
WIN$D,M15,1756464300,154480.0,154625.0,154400.0,154435.0,147316,5,526831
WIN$D,M15,1756465200,154435.0,154665.0,154375.0,154585.0,190458,5,705744
WIN$D,M15,1756466100,154585.0,154640.0,154485.0,154620.0,105407,5,408929
WIN$D,M15,1756467000,154615.0,154695.0,154490.0,154500.0,108933,5,408843
WIN$D,M15,1756467900,154505.0,154865.0,154465.0,154785.0,153528,5,602513
WIN$D,M15,1756468800,154785.0,155035.0,154695.0,154980.0,165586,5,612655
WIN$D,M15,1756469700,154980.0,155210.0,154905.0,154920.0,160035,5,602863
WIN$D,M15,1756470600,154925.0,154955.0,154835.0,154920.0,75934,5,299768
WIN$D,M15,1756471500,154920.0,154945.0,154790.0,154845.0,61383,5,231646
WIN$D,M15,1756472400,154840.0,154845.0,154740.0,154820.0,60857,5,221325
WIN$D,M15,1756473300,154820.0,154855.0,154655.0,154745.0,68673,5,243447
WIN$D,M15,1756474200,154740.0,154915.0,154735.0,154790.0,80430,5,291198
WIN$D,M15,1756475100,154795.0,154815.0,154660.0,154680.0,71807,5,271188
WIN$D,M15,1756476000,154680.0,154700.0,154465.0,154605.0,103818,5,369924
WIN$D,M15,1756476900,154600.0,154660.0,154560.0,154620.0,50674,5,193199
WIN$D,M15,1756477800,154620.0,154775.0,154605.0,154755.0,67903,5,241331
WIN$D,M15,1756478700,154750.0,154770.0,154550.0,154630.0,71818,5,248112
WIN$D,M15,1756479600,154630.0,154670.0,154480.0,154540.0,57750,5,206902
WIN$D,M15,1756480500,154540.0,154570.0,154445.0,154510.0,49110,5,182710
WIN$D,M15,1756481400,154505.0,154570.0,154420.0,154525.0,64716,5,232693
WIN$D,M15,1756482300,154525.0,154640.0,154500.0,154610.0,56990,5,215712
WIN$D,M15,1756483200,154605.0,154625.0,154535.0,154550.0,49805,5,196455
WIN$D,M15,1756484100,154550.0,154615.0,154525.0,154540.0,41602,5,154399
WIN$D,M15,1756485000,154540.0,154600.0,154440.0,154455.0,60425,5,225624
WIN$D,M15,1756485900,154460.0,154490.0,154375.0,154400.0,57492,5,202444
WIN$D,M15,1756486800,154395.0,154415.0,154220.0,154315.0,67587,5,224241
WIN$D,M15,1756487700,154315.0,154460.0,154300.0,154410.0,36605,5,127582
WIN$D,M15,1756488600,154410.0,154440.0,154355.0,154360.0,20810,5,66240
WIN$D,M15,1756489500,154360.0,154520.0,154355.0,154445.0,36045,5,109081
WIN$D,M15,1756490400,154445.0,154895.0,154435.0,154505.0,66505,5,145036
WIN$D,M15,1756491300,154505.0,154635.0,154475.0,154530.0,15085,5,40978
WIN$D,M15,1756717200,154340.0,154585.0,154165.0,154250.0,224576,5,597372
WIN$D,M15,1756718100,154250.0,154415.0,154210.0,154400.0,127670,5,351642
WIN$D,M15,1756719000,154400.0,154525.0,154335.0,154475.0,161825,5,461275
WIN$D,M15,1756719900,154480.0,154685.0,154470.0,154645.0,150666,5,438014
WIN$D,M15,1756720800,154645.0,154675.0,154485.0,154630.0,193800,5,556592
WIN$D,M15,1756721700,154630.0,154660.0,154195.0,154475.0,327083,5,1028929
WIN$D,M15,1756722600,154475.0,154500.0,154225.0,154385.0,231515,5,747150
WIN$D,M15,1756723500,154385.0,154470.0,154290.0,154395.0,107703,5,354813
WIN$D,M15,1756724400,154390.0,154485.0,154290.0,154380.0,124912,5,428902
WIN$D,M15,1756725300,154375.0,154440.0,154310.0,154380.0,68075,5,233186
WIN$D,M15,1756726200,154380.0,154410.0,154085.0,154120.0,133548,5,457374
WIN$D,M15,1756727100,154125.0,154140.0,153900.0,153990.0,167004,5,568576
WIN$D,M15,1756728000,153990.0,153995.0,153715.0,153870.0,127089,5,456610
WIN$D,M15,1756728900,153875.0,153915.0,153740.0,153870.0,77828,5,280127
WIN$D,M15,1756729800,153870.0,153905.0,153650.0,153700.0,79334,5,290140
WIN$D,M15,1756730700,153695.0,153815.0,153615.0,153735.0,80577,5,266014
WIN$D,M15,1756731600,153730.0,153755.0,153635.0,153710.0,63727,5,209842
WIN$D,M15,1756732500,153710.0,153715.0,153540.0,153605.0,72664,5,257807
WIN$D,M15,1756733400,153605.0,153735.0,153555.0,153630.0,68822,5,243346
WIN$D,M15,1756734300,153630.0,153645.0,153510.0,153575.0,78112,5,283953
WIN$D,M15,1756735200,153570.0,153705.0,153550.0,153635.0,49482,5,163772
WIN$D,M15,1756736100,153640.0,153715.0,153590.0,153625.0,47122,5,155665
WIN$D,M15,1756737000,153625.0,153695.0,153550.0,153640.0,46054,5,155423
WIN$D,M15,1756737900,153640.0,153700.0,153605.0,153675.0,31958,5,111162
WIN$D,M15,1756738800,153675.0,153885.0,153665.0,153760.0,103772,5,345944
WIN$D,M15,1756739700,153765.0,153835.0,153655.0,153700.0,59872,5,201556
WIN$D,M15,1756740600,153700.0,153805.0,153690.0,153775.0,49170,5,157782
WIN$D,M15,1756741500,153770.0,153815.0,153470.0,153755.0,87846,5,300889
WIN$D,M15,1756742400,153755.0,153795.0,153670.0,153775.0,46181,5,169360
WIN$D,M15,1756743300,153775.0,153825.0,153715.0,153810.0,36979,5,131255
WIN$D,M15,1756744200,153815.0,153865.0,153720.0,153835.0,48169,5,170661
WIN$D,M15,1756745100,153830.0,153935.0,153810.0,153915.0,59742,5,196712
WIN$D,M15,1756746000,153915.0,154070.0,153895.0,154035.0,68788,5,211368
WIN$D,M15,1756746900,154030.0,154040.0,153815.0,153920.0,60586,5,196522
WIN$D,M15,1756747800,153925.0,153995.0,153870.0,153985.0,34436,5,110735
WIN$D,M15,1756748700,153980.0,154000.0,153900.0,153925.0,28414,5,74040
WIN$D,M15,1756749600,153925.0,153985.0,153820.0,153930.0,33614,5,86336
WIN$D,M15,1756750500,153930.0,154075.0,153910.0,154045.0,14090,5,55586
WIN$D,M15,1756803600,153085.0,153190.0,152590.0,153150.0,362332,5,973218
WIN$D,M15,1756804500,153150.0,153230.0,152675.0,152705.0,283848,5,836841
WIN$D,M15,1756805400,152705.0,152840.0,152465.0,152515.0,180366,5,542238
WIN$D,M15,1756806300,152515.0,152525.0,152105.0,152115.0,197560,5,633146
WIN$D,M15,1756807200,152110.0,152375.0,152050.0,152315.0,292512,5,892206
WIN$D,M15,1756808100,152315.0,152885.0,152315.0,152560.0,337476,5,1125778
WIN$D,M15,1756809000,152565.0,152910.0,152485.0,152710.0,271685,5,889166
WIN$D,M15,1756809900,152710.0,153430.0,152480.0,153215.0,314142,5,1048059
WIN$D,M15,1756810800,153215.0,153685.0,153135.0,153380.0,281476,5,978419
WIN$D,M15,1756811700,153380.0,153455.0,153190.0,153355.0,146087,5,460852
WIN$D,M15,1756812600,153355.0,153460.0,153165.0,153315.0,139772,5,473154
WIN$D,M15,1756813500,153310.0,153470.0,153235.0,153400.0,119229,5,401569
WIN$D,M15,1756814400,153395.0,153500.0,152815.0,153040.0,212232,5,713644
WIN$D,M15,1756815300,153040.0,153245.0,152930.0,153100.0,110939,5,378704
WIN$D,M15,1756816200,153105.0,153125.0,152515.0,152730.0,179940,5,589162
WIN$D,M15,1756817100,152730.0,152920.0,152720.0,152875.0,91295,5,296702
WIN$D,M15,1756818000,152880.0,153175.0,152810.0,153165.0,114460,5,361549
WIN$D,M15,1756818900,153160.0,153190.0,152965.0,153010.0,82220,5,271057
WIN$D,M15,1756819800,153015.0,153165.0,153010.0,153095.0,84871,5,295841
WIN$D,M15,1756820700,153095.0,153265.0,153045.0,153220.0,82257,5,269029
WIN$D,M15,1756821600,153225.0,153275.0,153085.0,153135.0,71144,5,223791
WIN$D,M15,1756822500,153135.0,153250.0,153115.0,153160.0,49971,5,162642
WIN$D,M15,1756823400,153165.0,153265.0,153055.0,153225.0,91601,5,310362
WIN$D,M15,1756824300,153225.0,153305.0,153020.0,153085.0,85904,5,271522
WIN$D,M15,1756825200,153085.0,153105.0,152680.0,152795.0,145561,5,489416
WIN$D,M15,1756826100,152790.0,152815.0,152690.0,152805.0,66884,5,229904
WIN$D,M15,1756827000,152805.0,152860.0,152550.0,152585.0,95913,5,342494
WIN$D,M15,1756827900,152580.0,152795.0,152555.0,152735.0,87203,5,310723
WIN$D,M15,1756828800,152730.0,152850.0,152725.0,152805.0,53304,5,181555
WIN$D,M15,1756829700,152805.0,153020.0,152760.0,152930.0,85114,5,301811
WIN$D,M15,1756830600,152930.0,153030.0,152845.0,152995.0,63470,5,238201
WIN$D,M15,1756831500,152990.0,153005.0,152900.0,152950.0,50866,5,171927
WIN$D,M15,1756832400,152950.0,153020.0,152855.0,153000.0,60229,5,197163
WIN$D,M15,1756833300,153000.0,153070.0,152940.0,152990.0,39389,5,134205
WIN$D,M15,1756834200,152990.0,153035.0,152915.0,152940.0,26572,5,90917
WIN$D,M15,1756835100,152945.0,152955.0,152725.0,152765.0,37613,5,109490
WIN$D,M15,1756836000,152760.0,152870.0,152735.0,152830.0,39397,5,81145
WIN$D,M15,1756836900,152830.0,152935.0,152805.0,152935.0,12848,5,35218
WIN$D,M15,1756890000,153135.0,153250.0,152750.0,152980.0,257221,5,701448
WIN$D,M15,1756890900,152980.0,153125.0,152960.0,153030.0,126907,5,360892
WIN$D,M15,1756891800,153025.0,153030.0,152845.0,152865.0,157553,5,463532
WIN$D,M15,1756892700,152865.0,153050.0,152755.0,152815.0,195601,5,578965
WIN$D,M15,1756893600,152815.0,152850.0,152550.0,152785.0,274047,5,801038
WIN$D,M15,1756894500,152780.0,152780.0,152415.0,152600.0,308944,5,995355
WIN$D,M15,1756895400,152605.0,152645.0,152255.0,152505.0,347075,5,1168233
WIN$D,M15,1756896300,152505.0,152510.0,152295.0,152330.0,145870,5,473463
WIN$D,M15,1756897200,152330.0,153065.0,152285.0,152980.0,310006,5,980524
WIN$D,M15,1756898100,152985.0,153050.0,152735.0,152850.0,166361,5,558518
WIN$D,M15,1756899000,152845.0,152910.0,152595.0,152715.0,158736,5,545547
WIN$D,M15,1756899900,152715.0,152825.0,152650.0,152735.0,140469,5,513507
WIN$D,M15,1756900800,152730.0,152730.0,152560.0,152685.0,106784,5,374142
WIN$D,M15,1756901700,152680.0,152705.0,152325.0,152470.0,142842,5,497370
WIN$D,M15,1756902600,152465.0,152595.0,152370.0,152525.0,96461,5,335629
WIN$D,M15,1756903500,152525.0,152560.0,152320.0,152380.0,85377,5,296589
WIN$D,M15,1756904400,152380.0,152510.0,152300.0,152345.0,87234,5,289852
WIN$D,M15,1756905300,152345.0,152385.0,152230.0,152365.0,93158,5,334518
WIN$D,M15,1756906200,152365.0,152445.0,152295.0,152385.0,65581,5,223771
WIN$D,M15,1756907100,152385.0,152390.0,152260.0,152330.0,75499,5,256459
WIN$D,M15,1756908000,152330.0,152405.0,152145.0,152390.0,105599,5,366625
WIN$D,M15,1756908900,152390.0,152470.0,152310.0,152320.0,77624,5,267476
WIN$D,M15,1756909800,152325.0,152385.0,152220.0,152265.0,81586,5,283400
WIN$D,M15,1756910700,152265.0,152270.0,152105.0,152200.0,102703,5,363540
WIN$D,M15,1756911600,152200.0,152305.0,152140.0,152165.0,72480,5,259388
WIN$D,M15,1756912500,152170.0,152285.0,152155.0,152185.0,60313,5,213051
WIN$D,M15,1756913400,152180.0,152240.0,152085.0,152115.0,61201,5,215145
WIN$D,M15,1756914300,152120.0,152165.0,152060.0,152120.0,52878,5,197901
WIN$D,M15,1756915200,152120.0,152215.0,152060.0,152135.0,67656,5,247631
WIN$D,M15,1756916100,152140.0,152185.0,152025.0,152065.0,56463,5,193927
WIN$D,M15,1756917000,152065.0,152190.0,152060.0,152145.0,50711,5,198449
WIN$D,M15,1756917900,152150.0,152260.0,152140.0,152235.0,59876,5,225884
WIN$D,M15,1756918800,152230.0,152380.0,152225.0,152265.0,81519,5,269619
WIN$D,M15,1756919700,152265.0,152285.0,152145.0,152230.0,43064,5,149805
WIN$D,M15,1756920600,152230.0,152335.0,152170.0,152335.0,29962,5,96535
WIN$D,M15,1756921500,152330.0,152345.0,152235.0,152265.0,28197,5,84706
WIN$D,M15,1756922400,152270.0,152355.0,152180.0,152310.0,41614,5,92115
WIN$D,M15,1756923300,152305.0,152335.0,152215.0,152215.0,13908,5,45572
WIN$D,M15,1756976400,152185.0,152495.0,152060.0,152170.0,276506,5,734037
WIN$D,M15,1756977300,152170.0,152285.0,151985.0,152160.0,219164,5,572195
WIN$D,M15,1756978200,152160.0,152525.0,152150.0,152480.0,221459,5,628560
WIN$D,M15,1756979100,152480.0,152585.0,152350.0,152495.0,166669,5,482959
WIN$D,M15,1756980000,152490.0,152545.0,152220.0,152365.0,217499,5,656056
WIN$D,M15,1756980900,152365.0,152745.0,152340.0,152660.0,233697,5,768607
WIN$D,M15,1756981800,152660.0,152730.0,152315.0,152360.0,243811,5,830127
WIN$D,M15,1756982700,152360.0,152795.0,152290.0,152655.0,231669,5,789487
WIN$D,M15,1756983600,152650.0,152695.0,152345.0,152525.0,194605,5,664252
WIN$D,M15,1756984500,152530.0,152530.0,152320.0,152365.0,116452,5,401324
WIN$D,M15,1756985400,152365.0,152655.0,152325.0,152595.0,159112,5,553939
WIN$D,M15,1756986300,152590.0,152800.0,152485.0,152760.0,138508,5,479695
WIN$D,M15,1756987200,152760.0,152790.0,152570.0,152695.0,119736,5,416833
WIN$D,M15,1756988100,152695.0,152855.0,152675.0,152725.0,101596,5,371863
WIN$D,M15,1756989000,152720.0,152905.0,152690.0,152790.0,100182,5,358258
WIN$D,M15,1756989900,152790.0,153085.0,152755.0,153060.0,109838,5,399714
WIN$D,M15,1756990800,153065.0,153205.0,153005.0,153185.0,106053,5,376595
WIN$D,M15,1756991700,153185.0,153235.0,153095.0,153175.0,61718,5,219195
WIN$D,M15,1756992600,153175.0,153235.0,153090.0,153150.0,84194,5,293897
WIN$D,M15,1756993500,153150.0,153300.0,153130.0,153225.0,70182,5,260199
WIN$D,M15,1756994400,153225.0,153470.0,153160.0,153430.0,112951,5,431907
WIN$D,M15,1756995300,153430.0,153495.0,153360.0,153435.0,70037,5,272651
WIN$D,M15,1756996200,153440.0,153665.0,153395.0,153605.0,103507,5,404157
WIN$D,M15,1756997100,153610.0,153930.0,153560.0,153845.0,137448,5,544606
WIN$D,M15,1756998000,153845.0,153915.0,153775.0,153865.0,76655,5,296732
WIN$D,M15,1756998900,153860.0,153880.0,153665.0,153675.0,84111,5,329859
WIN$D,M15,1756999800,153675.0,153725.0,153600.0,153690.0,60850,5,241335
WIN$D,M15,1757000700,153690.0,153715.0,153620.0,153655.0,45261,5,178827
WIN$D,M15,1757001600,153650.0,153725.0,153625.0,153655.0,45114,5,171354
WIN$D,M15,1757002500,153655.0,153725.0,153615.0,153710.0,40093,5,149566
WIN$D,M15,1757003400,153710.0,153745.0,153510.0,153545.0,77079,5,305337
WIN$D,M15,1757004300,153545.0,153580.0,153375.0,153500.0,82976,5,334175
WIN$D,M15,1757005200,153500.0,153545.0,153380.0,153415.0,64006,5,217416
WIN$D,M15,1757006100,153415.0,153530.0,153380.0,153500.0,35894,5,128956
WIN$D,M15,1757007000,153500.0,153505.0,153410.0,153430.0,31525,5,103817
WIN$D,M15,1757007900,153430.0,153460.0,153405.0,153445.0,18954,5,51281
WIN$D,M15,1757008800,153440.0,153520.0,153410.0,153450.0,27056,5,65196
WIN$D,M15,1757009700,153450.0,153545.0,153400.0,153400.0,15836,5,55030
WIN$D,M15,1757062800,153675.0,154015.0,153595.0,153760.0,254965,5,720895
WIN$D,M15,1757063700,153755.0,153850.0,153645.0,153760.0,123347,5,348641
WIN$D,M15,1757064600,153760.0,154865.0,153745.0,154295.0,329234,5,888068
WIN$D,M15,1757065500,154300.0,154670.0,154270.0,154625.0,188716,5,544470
WIN$D,M15,1757066400,154630.0,154835.0,154445.0,154790.0,272074,5,810315
WIN$D,M15,1757067300,154795.0,155415.0,154785.0,155345.0,271185,5,897363
WIN$D,M15,1757068200,155345.0,155835.0,155315.0,155565.0,260258,5,959814
WIN$D,M15,1757069100,155560.0,155810.0,155500.0,155745.0,164151,5,614049
WIN$D,M15,1757070000,155745.0,155900.0,155610.0,155715.0,160690,5,624658
WIN$D,M15,1757070900,155715.0,155730.0,154915.0,154955.0,231563,5,925511
WIN$D,M15,1757071800,154955.0,154985.0,154610.0,154620.0,178807,5,664205
WIN$D,M15,1757072700,154620.0,154920.0,154315.0,154625.0,229360,5,875665
WIN$D,M15,1757073600,154620.0,154705.0,154365.0,154455.0,135719,5,493102
WIN$D,M15,1757074500,154460.0,154865.0,154455.0,154740.0,129527,5,476212
WIN$D,M15,1757075400,154745.0,155260.0,154745.0,155180.0,112452,5,407073
WIN$D,M15,1757076300,155180.0,155185.0,154670.0,154690.0,111867,5,415240
WIN$D,M15,1757077200,154690.0,154805.0,154530.0,154790.0,91407,5,317672
WIN$D,M15,1757078100,154785.0,154800.0,154600.0,154720.0,66850,5,240811
WIN$D,M15,1757079000,154725.0,154890.0,154655.0,154860.0,80522,5,295261
WIN$D,M15,1757079900,154855.0,154990.0,154820.0,154975.0,82953,5,300102
WIN$D,M15,1757080800,154970.0,154990.0,154820.0,154870.0,66827,5,225874
WIN$D,M15,1757081700,154870.0,154895.0,154635.0,154775.0,87842,5,317515
WIN$D,M15,1757082600,154775.0,154905.0,154710.0,154755.0,77812,5,286125
WIN$D,M15,1757083500,154755.0,154815.0,154650.0,154815.0,64171,5,226300
WIN$D,M15,1757084400,154815.0,154890.0,154735.0,154885.0,58991,5,212322
WIN$D,M15,1757085300,154885.0,154960.0,154845.0,154855.0,55800,5,206999
WIN$D,M15,1757086200,154850.0,155075.0,154795.0,155005.0,83425,5,318006
WIN$D,M15,1757087100,155005.0,155110.0,154985.0,155060.0,55737,5,205263
WIN$D,M15,1757088000,155060.0,155135.0,154990.0,155025.0,56058,5,205128
WIN$D,M15,1757088900,155025.0,155045.0,154860.0,154935.0,62755,5,236476
WIN$D,M15,1757089800,154935.0,155035.0,154860.0,154970.0,51880,5,192604
WIN$D,M15,1757090700,154970.0,155050.0,154945.0,155030.0,44407,5,156498
WIN$D,M15,1757091600,155030.0,155135.0,155015.0,155035.0,52261,5,168934
WIN$D,M15,1757092500,155035.0,155060.0,154920.0,155010.0,39312,5,140053
WIN$D,M15,1757093400,155010.0,155075.0,154995.0,155020.0,17880,5,60853
WIN$D,M15,1757094300,155020.0,155070.0,155005.0,155050.0,12038,5,43117
WIN$D,M15,1757095200,155050.0,155105.0,155035.0,155060.0,14547,5,44653
WIN$D,M15,1757096100,155050.0,155135.0,155035.0,155085.0,10557,5,47315
WIN$D,M15,1757322000,155285.0,155460.0,155030.0,155270.0,264737,5,722050
WIN$D,M15,1757322900,155275.0,155290.0,155105.0,155185.0,106539,5,308056
WIN$D,M15,1757323800,155185.0,155205.0,155010.0,155150.0,132727,5,402550
WIN$D,M15,1757324700,155155.0,155195.0,155065.0,155130.0,70980,5,215756
WIN$D,M15,1757325600,155125.0,155385.0,155045.0,155110.0,256250,5,799328
WIN$D,M15,1757326500,155105.0,155230.0,154950.0,155100.0,272679,5,877879
WIN$D,M15,1757327400,155100.0,155135.0,154480.0,154495.0,356422,5,1216033
WIN$D,M15,1757328300,154500.0,154500.0,154180.0,154285.0,277020,5,1025021
WIN$D,M15,1757329200,154285.0,154340.0,154090.0,154115.0,161938,5,603307
WIN$D,M15,1757330100,154115.0,154195.0,153780.0,153935.0,191106,5,714007
WIN$D,M15,1757331000,153935.0,154000.0,153840.0,153945.0,110836,5,416210
WIN$D,M15,1757331900,153940.0,153995.0,153770.0,153810.0,108931,5,417729
WIN$D,M15,1757332800,153805.0,154180.0,153750.0,154170.0,155441,5,598809
WIN$D,M15,1757333700,154170.0,154235.0,154030.0,154090.0,105049,5,382698
WIN$D,M15,1757334600,154090.0,154095.0,153885.0,153940.0,92648,5,334131
WIN$D,M15,1757335500,153945.0,153970.0,153830.0,153855.0,69273,5,255160
WIN$D,M15,1757336400,153855.0,153905.0,153735.0,153820.0,70665,5,252449
WIN$D,M15,1757337300,153815.0,153820.0,153705.0,153800.0,63750,5,227967
WIN$D,M15,1757338200,153795.0,153815.0,153580.0,153720.0,98444,5,373220
WIN$D,M15,1757339100,153715.0,153835.0,153685.0,153785.0,70171,5,260163
WIN$D,M15,1757340000,153785.0,153890.0,153765.0,153835.0,73430,5,269950
WIN$D,M15,1757340900,153835.0,154015.0,153830.0,153995.0,74236,5,266893
WIN$D,M15,1757341800,153995.0,154035.0,153840.0,153865.0,86320,5,309507
WIN$D,M15,1757342700,153865.0,153880.0,153765.0,153860.0,71719,5,255270
WIN$D,M15,1757343600,153855.0,154000.0,153835.0,153980.0,70983,5,270348
WIN$D,M15,1757344500,153975.0,154125.0,153945.0,154105.0,90858,5,341580
WIN$D,M15,1757345400,154100.0,154110.0,153960.0,154090.0,70077,5,277833
WIN$D,M15,1757346300,154085.0,154175.0,154060.0,154120.0,73629,5,294197
WIN$D,M15,1757347200,154120.0,154175.0,154070.0,154165.0,49563,5,196702
WIN$D,M15,1757348100,154160.0,154185.0,154100.0,154150.0,45750,5,178861
WIN$D,M15,1757349000,154155.0,154210.0,154120.0,154205.0,41441,5,159412
WIN$D,M15,1757349900,154205.0,154225.0,154085.0,154120.0,55933,5,211533
WIN$D,M15,1757350800,154125.0,154185.0,153950.0,154145.0,98268,5,323654
WIN$D,M15,1757351700,154145.0,154200.0,154095.0,154130.0,33916,5,117812
WIN$D,M15,1757352600,154130.0,154215.0,154055.0,154185.0,42465,5,147192
WIN$D,M15,1757353500,154190.0,154205.0,154065.0,154130.0,29993,5,94236
WIN$D,M15,1757354400,154125.0,154235.0,154075.0,154205.0,39049,5,91679
WIN$D,M15,1757355300,154205.0,154270.0,154180.0,154225.0,18459,5,51294
WIN$D,M15,1757408400,154365.0,154430.0,154090.0,154270.0,236588,5,645655
WIN$D,M15,1757409300,154270.0,154600.0,154240.0,154400.0,234324,5,725197
WIN$D,M15,1757410200,154395.0,154880.0,154360.0,154870.0,220445,5,670561
WIN$D,M15,1757411100,154865.0,154910.0,154445.0,154470.0,223604,5,696264
WIN$D,M15,1757412000,154470.0,154520.0,154185.0,154345.0,284572,5,892161
WIN$D,M15,1757412900,154345.0,154455.0,154235.0,154365.0,214832,5,721444
WIN$D,M15,1757413800,154360.0,154505.0,154095.0,154175.0,317589,5,1114444
WIN$D,M15,1757414700,154170.0,154225.0,154015.0,154110.0,192622,5,692634
WIN$D,M15,1757415600,154110.0,154410.0,154045.0,154225.0,291456,5,1052657
WIN$D,M15,1757416500,154225.0,154470.0,154165.0,154310.0,167058,5,619145
WIN$D,M15,1757417400,154315.0,154470.0,154220.0,154380.0,170583,5,631461
WIN$D,M15,1757418300,154375.0,154500.0,154235.0,154260.0,127103,5,475719
WIN$D,M15,1757419200,154260.0,154295.0,153955.0,154095.0,173367,5,643624
WIN$D,M15,1757420100,154090.0,154155.0,154005.0,154145.0,91222,5,345657
WIN$D,M15,1757421000,154150.0,154210.0,154070.0,154125.0,79509,5,286125
WIN$D,M15,1757421900,154130.0,154160.0,154015.0,154050.0,56707,5,210332
WIN$D,M15,1757422800,154050.0,154180.0,154025.0,154130.0,62157,5,226414
WIN$D,M15,1757423700,154125.0,154165.0,153905.0,153970.0,102761,5,363487
WIN$D,M15,1757424600,153975.0,154195.0,153970.0,154060.0,98008,5,347261
WIN$D,M15,1757425500,154065.0,154065.0,153970.0,154015.0,60622,5,217433
WIN$D,M15,1757426400,154010.0,154100.0,153950.0,154060.0,77011,5,279273
WIN$D,M15,1757427300,154060.0,154130.0,154035.0,154110.0,46827,5,190845
WIN$D,M15,1757428200,154110.0,154265.0,154050.0,154180.0,101231,5,366620
WIN$D,M15,1757429100,154185.0,154200.0,154015.0,154040.0,67519,5,243270
WIN$D,M15,1757430000,154040.0,154130.0,153975.0,154090.0,63175,5,248318
WIN$D,M15,1757430900,154090.0,154170.0,154090.0,154145.0,39475,5,153792
WIN$D,M15,1757431800,154145.0,154195.0,154110.0,154175.0,37665,5,143032
WIN$D,M15,1757432700,154170.0,154200.0,154005.0,154015.0,64885,5,244184
WIN$D,M15,1757433600,154015.0,154080.0,153975.0,153995.0,55335,5,235578
WIN$D,M15,1757434500,153995.0,154020.0,153820.0,153860.0,84253,5,326097
WIN$D,M15,1757435400,153855.0,153935.0,153825.0,153895.0,50710,5,200804
WIN$D,M15,1757436300,153890.0,153960.0,153860.0,153930.0,59035,5,230995
WIN$D,M15,1757437200,153930.0,153935.0,153775.0,153880.0,75285,5,262578
WIN$D,M15,1757438100,153880.0,153915.0,153795.0,153875.0,33619,5,121024
WIN$D,M15,1757439000,153875.0,153935.0,153870.0,153915.0,25940,5,91711
WIN$D,M15,1757439900,153915.0,154005.0,153865.0,153920.0,32712,5,116015
WIN$D,M15,1757440800,153920.0,153995.0,153890.0,153980.0,25000,5,71944
WIN$D,M15,1757441700,153980.0,154040.0,153925.0,154040.0,12313,5,50624
WIN$D,M15,1757494800,154215.0,154320.0,153550.0,153590.0,285474,5,791689
WIN$D,M15,1757495700,153595.0,153710.0,153400.0,153685.0,208444,5,636056
WIN$D,M15,1757496600,153685.0,154235.0,153665.0,154125.0,359551,5,1018281
WIN$D,M15,1757497500,154125.0,154255.0,153960.0,154200.0,215067,5,651352
WIN$D,M15,1757498400,154200.0,154335.0,153595.0,154145.0,378392,5,1216247
WIN$D,M15,1757499300,154145.0,154565.0,154095.0,154435.0,226492,5,791088
WIN$D,M15,1757500200,154435.0,154740.0,154275.0,154660.0,309341,5,1040920
WIN$D,M15,1757501100,154660.0,155130.0,154640.0,154890.0,273144,5,968425
WIN$D,M15,1757502000,154890.0,155225.0,154890.0,155115.0,223179,5,776387
WIN$D,M15,1757502900,155110.0,155355.0,155090.0,155260.0,144982,5,507435
WIN$D,M15,1757503800,155265.0,155335.0,154805.0,154955.0,179989,5,599441
WIN$D,M15,1757504700,154950.0,155075.0,154725.0,154875.0,133951,5,468097
WIN$D,M15,1757505600,154875.0,155010.0,154800.0,154870.0,121662,5,433367
WIN$D,M15,1757506500,154865.0,154960.0,154730.0,154860.0,98657,5,349065
WIN$D,M15,1757507400,154865.0,155065.0,154845.0,154955.0,98237,5,344822
WIN$D,M15,1757508300,154950.0,154970.0,154800.0,154810.0,58773,5,199872
WIN$D,M15,1757509200,154805.0,154965.0,154785.0,154850.0,65725,5,224316
WIN$D,M15,1757510100,154845.0,154875.0,154620.0,154705.0,112399,5,393860
WIN$D,M15,1757511000,154710.0,154790.0,154670.0,154705.0,51981,5,179288
WIN$D,M15,1757511900,154710.0,154790.0,154635.0,154755.0,60225,5,202756
WIN$D,M15,1757512800,154750.0,154900.0,154705.0,154855.0,73962,5,254150
WIN$D,M15,1757513700,154860.0,154875.0,154705.0,154730.0,63326,5,226455
WIN$D,M15,1757514600,154725.0,154790.0,154440.0,154440.0,106739,5,381750
WIN$D,M15,1757515500,154440.0,154520.0,154275.0,154480.0,157684,5,549235
WIN$D,M15,1757516400,154480.0,154555.0,154375.0,154495.0,89263,5,319669
WIN$D,M15,1757517300,154500.0,154550.0,154385.0,154425.0,62814,5,212653
WIN$D,M15,1757518200,154430.0,154540.0,154405.0,154470.0,57838,5,203666
WIN$D,M15,1757519100,154465.0,154545.0,154430.0,154510.0,38937,5,139641
WIN$D,M15,1757520000,154515.0,154615.0,154455.0,154515.0,74220,5,277026
WIN$D,M15,1757520900,154515.0,154550.0,154430.0,154490.0,50316,5,192814
WIN$D,M15,1757521800,154495.0,154595.0,154490.0,154570.0,51525,5,201946
WIN$D,M15,1757522700,154575.0,154605.0,154515.0,154525.0,41926,5,156077
WIN$D,M15,1757523600,154525.0,154620.0,154520.0,154565.0,40229,5,135513
WIN$D,M15,1757524500,154570.0,154705.0,154550.0,154685.0,37719,5,126396
WIN$D,M15,1757525400,154680.0,154855.0,154610.0,154680.0,52891,5,180755
WIN$D,M15,1757526300,154680.0,154775.0,154655.0,154770.0,25920,5,79800
WIN$D,M15,1757527200,154765.0,154815.0,154670.0,154720.0,28600,5,62873
WIN$D,M15,1757528100,154725.0,154770.0,154660.0,154770.0,16131,5,46560
WIN$D,M15,1757581200,154585.0,155150.0,154315.0,154620.0,428051,5,1152627
WIN$D,M15,1757582100,154625.0,154635.0,154040.0,154110.0,238393,5,645899
WIN$D,M15,1757583000,154105.0,155165.0,153815.0,154875.0,442354,5,1131629
WIN$D,M15,1757583900,154875.0,155105.0,154740.0,155015.0,189727,5,561024
WIN$D,M15,1757584800,155015.0,155115.0,154655.0,154700.0,247698,5,767495
WIN$D,M15,1757585700,154695.0,154845.0,154515.0,154625.0,219803,5,709723
WIN$D,M15,1757586600,154620.0,155275.0,154530.0,155240.0,310824,5,1047418
WIN$D,M15,1757587500,155245.0,155370.0,155110.0,155305.0,218508,5,737217
WIN$D,M15,1757588400,155305.0,155735.0,155265.0,155655.0,214519,5,763371
WIN$D,M15,1757589300,155660.0,155730.0,155485.0,155670.0,132796,5,472347
WIN$D,M15,1757590200,155670.0,156110.0,155635.0,156035.0,196421,5,743502
WIN$D,M15,1757591100,156040.0,156130.0,155880.0,155915.0,117377,5,456675
WIN$D,M15,1757592000,155915.0,155950.0,155370.0,155485.0,166246,5,630926
WIN$D,M15,1757592900,155485.0,155715.0,155425.0,155630.0,85776,5,340372
WIN$D,M15,1757593800,155625.0,155765.0,155625.0,155735.0,58428,5,209864
WIN$D,M15,1757594700,155735.0,155750.0,155580.0,155605.0,53769,5,192295
WIN$D,M15,1757595600,155610.0,155750.0,155580.0,155705.0,53377,5,194632
WIN$D,M15,1757596500,155710.0,155750.0,155655.0,155690.0,37252,5,133454
WIN$D,M15,1757597400,155690.0,155705.0,155515.0,155580.0,64465,5,218096
WIN$D,M15,1757598300,155580.0,155715.0,155560.0,155710.0,50992,5,176271
WIN$D,M15,1757599200,155710.0,155960.0,155685.0,155940.0,103034,5,360282
WIN$D,M15,1757600100,155940.0,156025.0,155775.0,155805.0,85862,5,307786
WIN$D,M15,1757601000,155800.0,155940.0,155785.0,155845.0,60718,5,217777
WIN$D,M15,1757601900,155840.0,155900.0,155780.0,155840.0,46733,5,172309
WIN$D,M15,1757602800,155840.0,155905.0,155335.0,155390.0,142358,5,527662
WIN$D,M15,1757603700,155395.0,155420.0,155130.0,155205.0,131726,5,505027
WIN$D,M15,1757604600,155210.0,155350.0,155030.0,155295.0,112237,5,398052
WIN$D,M15,1757605500,155295.0,155370.0,155200.0,155260.0,77578,5,282048
WIN$D,M15,1757606400,155260.0,155385.0,155210.0,155310.0,55394,5,207032
WIN$D,M15,1757607300,155305.0,155350.0,155185.0,155320.0,58216,5,219962
WIN$D,M15,1757608200,155315.0,155365.0,155270.0,155295.0,36154,5,134103
WIN$D,M15,1757609100,155300.0,155450.0,155250.0,155360.0,59395,5,214612
WIN$D,M15,1757610000,155360.0,155420.0,155190.0,155285.0,65451,5,231057
WIN$D,M15,1757610900,155290.0,155350.0,155255.0,155300.0,26049,5,90374
WIN$D,M15,1757611800,155295.0,155360.0,155295.0,155335.0,19466,5,63986
WIN$D,M15,1757612700,155335.0,155360.0,155190.0,155265.0,32905,5,98568
WIN$D,M15,1757613600,155265.0,155315.0,155190.0,155235.0,27106,5,63402
WIN$D,M15,1757614500,155235.0,155305.0,155205.0,155230.0,19147,5,53281
WIN$D,M15,1757667600,154830.0,154975.0,154610.0,154650.0,271551,5,717111
WIN$D,M15,1757668500,154645.0,154835.0,154225.0,154305.0,252655,5,789426
WIN$D,M15,1757669400,154300.0,154345.0,153985.0,154055.0,206631,5,658950
WIN$D,M15,1757670300,154055.0,154425.0,153985.0,154420.0,170849,5,542023
WIN$D,M15,1757671200,154415.0,154460.0,154050.0,154325.0,277575,5,882610
WIN$D,M15,1757672100,154325.0,154420.0,154215.0,154310.0,179970,5,594831
WIN$D,M15,1757673000,154305.0,154680.0,154240.0,154650.0,235120,5,816507
WIN$D,M15,1757673900,154650.0,155295.0,154510.0,155150.0,280185,5,971660
WIN$D,M15,1757674800,155150.0,155165.0,154740.0,154820.0,215433,5,764336
WIN$D,M15,1757675700,154820.0,155305.0,154790.0,155110.0,192372,5,696667
WIN$D,M15,1757676600,155110.0,155185.0,154770.0,154820.0,135900,5,490691
WIN$D,M15,1757677500,154825.0,154840.0,154545.0,154640.0,119127,5,428325
WIN$D,M15,1757678400,154645.0,154810.0,154575.0,154760.0,87840,5,316078
WIN$D,M15,1757679300,154765.0,155025.0,154685.0,154835.0,130090,5,476280
WIN$D,M15,1757680200,154835.0,154910.0,154760.0,154885.0,62290,5,226743
WIN$D,M15,1757681100,154885.0,154930.0,154665.0,154695.0,83807,5,315012
WIN$D,M15,1757682000,154695.0,154725.0,154575.0,154600.0,59054,5,204577
WIN$D,M15,1757682900,154595.0,154810.0,154570.0,154810.0,66444,5,234962
WIN$D,M15,1757683800,154805.0,154870.0,154725.0,154760.0,53616,5,185352
WIN$D,M15,1757684700,154760.0,154835.0,154615.0,154615.0,63001,5,222171
WIN$D,M15,1757685600,154620.0,154665.0,154385.0,154505.0,104298,5,366227
WIN$D,M15,1757686500,154500.0,154525.0,154265.0,154305.0,74633,5,255849
WIN$D,M15,1757687400,154300.0,154395.0,154190.0,154320.0,98540,5,351333
WIN$D,M15,1757688300,154320.0,154485.0,154310.0,154440.0,75959,5,268592
WIN$D,M15,1757689200,154440.0,154485.0,154365.0,154480.0,46204,5,169523
WIN$D,M15,1757690100,154475.0,154535.0,154425.0,154535.0,49391,5,177257
WIN$D,M15,1757691000,154535.0,154550.0,154400.0,154460.0,54068,5,192996
WIN$D,M15,1757691900,154460.0,154510.0,154310.0,154335.0,55157,5,191038
WIN$D,M15,1757692800,154335.0,154475.0,154315.0,154355.0,53499,5,191808
WIN$D,M15,1757693700,154355.0,154425.0,154265.0,154295.0,47649,5,173114
WIN$D,M15,1757694600,154290.0,154385.0,154250.0,154365.0,47291,5,172009
WIN$D,M15,1757695500,154365.0,154390.0,154245.0,154260.0,47076,5,168818
WIN$D,M15,1757696400,154260.0,154305.0,154195.0,154285.0,42372,5,138857
WIN$D,M15,1757697300,154285.0,154335.0,154260.0,154325.0,25832,5,80526
WIN$D,M15,1757698200,154320.0,154420.0,154320.0,154365.0,26182,5,87641
WIN$D,M15,1757699100,154365.0,154505.0,154360.0,154470.0,22592,5,84946
WIN$D,M15,1757700000,154475.0,154580.0,154410.0,154530.0,33405,5,107376
WIN$D,M15,1757700900,154530.0,154635.0,154510.0,154600.0,9628,5,41835
WIN$D,M15,1757926800,154585.0,155310.0,154365.0,155135.0,273471,5,781506
WIN$D,M15,1757927700,155140.0,155390.0,154905.0,154950.0,293552,5,887974
WIN$D,M15,1757928600,154950.0,155060.0,154490.0,154875.0,304735,5,952797
WIN$D,M15,1757929500,154875.0,155080.0,154750.0,155035.0,166765,5,527069
WIN$D,M15,1757930400,155030.0,155100.0,154615.0,155060.0,301325,5,959234
WIN$D,M15,1757931300,155060.0,155060.0,154575.0,154850.0,227551,5,752093
WIN$D,M15,1757932200,154855.0,155115.0,154750.0,154910.0,283590,5,964986
WIN$D,M15,1757933100,154915.0,155180.0,154860.0,155175.0,191131,5,645701
WIN$D,M15,1757934000,155180.0,155225.0,154740.0,155040.0,245955,5,829393
WIN$D,M15,1757934900,155040.0,155610.0,154930.0,155570.0,228400,5,795745
WIN$D,M15,1757935800,155575.0,155750.0,155465.0,155550.0,207623,5,704737
WIN$D,M15,1757936700,155550.0,155640.0,155475.0,155570.0,99770,5,337593
WIN$D,M15,1757937600,155570.0,155695.0,155520.0,155555.0,107876,5,365460
WIN$D,M15,1757938500,155555.0,155695.0,155475.0,155645.0,98298,5,346290
WIN$D,M15,1757939400,155640.0,155725.0,155610.0,155700.0,76881,5,270756
WIN$D,M15,1757940300,155700.0,155775.0,155535.0,155760.0,109331,5,390544
WIN$D,M15,1757941200,155765.0,155800.0,155675.0,155705.0,85754,5,295629
WIN$D,M15,1757942100,155710.0,155770.0,155670.0,155680.0,55852,5,194847
WIN$D,M15,1757943000,155680.0,155960.0,155670.0,155885.0,131016,5,466819
WIN$D,M15,1757943900,155885.0,155915.0,155735.0,155770.0,68268,5,250765
WIN$D,M15,1757944800,155775.0,155860.0,155710.0,155770.0,72566,5,286037
WIN$D,M15,1757945700,155770.0,155990.0,155760.0,155875.0,89611,5,322665
WIN$D,M15,1757946600,155875.0,156195.0,155870.0,156105.0,139831,5,510110
WIN$D,M15,1757947500,156100.0,156240.0,156070.0,156100.0,94042,5,344576
WIN$D,M15,1757948400,156100.0,156135.0,155955.0,156040.0,92370,5,331651
WIN$D,M15,1757949300,156040.0,156155.0,156015.0,156050.0,75286,5,290637
WIN$D,M15,1757950200,156045.0,156100.0,155830.0,155885.0,88489,5,311978
WIN$D,M15,1757951100,155885.0,155935.0,155800.0,155840.0,70118,5,265742
WIN$D,M15,1757952000,155840.0,155915.0,155785.0,155795.0,62556,5,229273
WIN$D,M15,1757952900,155795.0,155820.0,155645.0,155670.0,75065,5,278862
WIN$D,M15,1757953800,155670.0,155725.0,155490.0,155530.0,87703,5,339090
WIN$D,M15,1757954700,155530.0,155575.0,155335.0,155490.0,106983,5,411129
WIN$D,M15,1757955600,155490.0,155580.0,155405.0,155450.0,73380,5,250356
WIN$D,M15,1757956500,155445.0,155500.0,155385.0,155470.0,42849,5,142199
WIN$D,M15,1757957400,155470.0,155475.0,155380.0,155425.0,28174,5,90182
WIN$D,M15,1757958300,155430.0,155470.0,155335.0,155375.0,38341,5,109671
WIN$D,M15,1757959200,155375.0,155445.0,155155.0,155195.0,68302,5,152268
WIN$D,M15,1757960100,155195.0,155230.0,155120.0,155225.0,26178,5,73522
WIN$D,M15,1758013200,156055.0,156505.0,155665.0,156210.0,396180,5,1114662
WIN$D,M15,1758014100,156215.0,156640.0,156110.0,156580.0,278064,5,838971
WIN$D,M15,1758015000,156580.0,156695.0,156035.0,156180.0,329087,5,922093
WIN$D,M15,1758015900,156185.0,156690.0,156145.0,156525.0,258460,5,769290
WIN$D,M15,1758016800,156525.0,156580.0,156040.0,156255.0,309434,5,943936
WIN$D,M15,1758017700,156260.0,156420.0,156135.0,156140.0,236756,5,722348
WIN$D,M15,1758018600,156135.0,156650.0,155960.0,156225.0,386966,5,1229359
WIN$D,M15,1758019500,156230.0,156370.0,155870.0,155955.0,287724,5,936875
WIN$D,M15,1758020400,155955.0,156055.0,155740.0,155925.0,223657,5,740899
WIN$D,M15,1758021300,155930.0,156130.0,155835.0,155845.0,158417,5,529396
WIN$D,M15,1758022200,155850.0,156125.0,155835.0,155870.0,145145,5,492581
WIN$D,M15,1758023100,155870.0,156055.0,155760.0,155940.0,149213,5,507226
WIN$D,M15,1758024000,155940.0,155970.0,155795.0,155850.0,97337,5,348150
WIN$D,M15,1758024900,155850.0,155860.0,155670.0,155795.0,104533,5,360781
WIN$D,M15,1758025800,155795.0,156000.0,155750.0,155825.0,136825,5,486591
WIN$D,M15,1758026700,155820.0,155860.0,155645.0,155655.0,101107,5,353293
WIN$D,M15,1758027600,155660.0,155875.0,155615.0,155780.0,108434,5,358632
WIN$D,M15,1758028500,155785.0,155835.0,155695.0,155695.0,75385,5,268488
WIN$D,M15,1758029400,155695.0,155800.0,155660.0,155755.0,53888,5,189352
WIN$D,M15,1758030300,155750.0,155790.0,155530.0,155575.0,79751,5,271259
WIN$D,M15,1758031200,155580.0,155615.0,155485.0,155570.0,74162,5,249169
WIN$D,M15,1758032100,155570.0,155965.0,155555.0,155890.0,165548,5,563732
WIN$D,M15,1758033000,155885.0,155925.0,155665.0,155745.0,95063,5,327556
WIN$D,M15,1758033900,155745.0,155915.0,155730.0,155845.0,100126,5,342359
WIN$D,M15,1758034800,155845.0,155860.0,155645.0,155730.0,74108,5,260616
WIN$D,M15,1758035700,155730.0,155900.0,155715.0,155855.0,68266,5,253643
WIN$D,M15,1758036600,155855.0,155910.0,155755.0,155780.0,64903,5,224884
WIN$D,M15,1758037500,155780.0,155790.0,155600.0,155655.0,81458,5,297724
WIN$D,M15,1758038400,155655.0,155745.0,155645.0,155740.0,58196,5,219266
WIN$D,M15,1758039300,155740.0,156150.0,155735.0,155940.0,152734,5,567516
WIN$D,M15,1758040200,155935.0,156080.0,155895.0,156065.0,78765,5,292889
WIN$D,M15,1758041100,156070.0,156115.0,155845.0,155890.0,89595,5,312558
WIN$D,M15,1758042000,155890.0,156010.0,155875.0,155910.0,57347,5,183420
WIN$D,M15,1758042900,155905.0,155980.0,155880.0,155960.0,36007,5,113946
WIN$D,M15,1758043800,155960.0,156010.0,155910.0,155940.0,24861,5,78498
WIN$D,M15,1758044700,155945.0,156025.0,155910.0,155930.0,25091,5,69641
WIN$D,M15,1758045600,155930.0,155990.0,155880.0,155900.0,36443,5,81350
WIN$D,M15,1758046500,155900.0,155970.0,155815.0,155910.0,16174,5,51809
WIN$D,M15,1758099600,155835.0,156095.0,155640.0,155920.0,291589,5,783503
WIN$D,M15,1758100500,155915.0,156125.0,155690.0,155745.0,233891,5,713729
WIN$D,M15,1758101400,155745.0,156005.0,155580.0,155610.0,199534,5,603357
WIN$D,M15,1758102300,155610.0,155825.0,155550.0,155740.0,170519,5,523617
WIN$D,M15,1758103200,155740.0,155920.0,155610.0,155830.0,244394,5,757955
WIN$D,M15,1758104100,155825.0,156480.0,155825.0,156390.0,385600,5,1220232
WIN$D,M15,1758105000,156395.0,157015.0,156340.0,156905.0,390163,5,1308952
WIN$D,M15,1758105900,156900.0,157255.0,156880.0,157205.0,273657,5,975009
WIN$D,M15,1758106800,157210.0,157245.0,156865.0,157090.0,244015,5,866657
WIN$D,M15,1758107700,157085.0,157145.0,156875.0,156890.0,148937,5,529400
WIN$D,M15,1758108600,156890.0,157180.0,156720.0,157180.0,182920,5,629735
WIN$D,M15,1758109500,157180.0,157205.0,156910.0,157020.0,128169,5,446612
WIN$D,M15,1758110400,157015.0,157130.0,156915.0,157085.0,96210,5,328497
WIN$D,M15,1758111300,157090.0,157175.0,156930.0,156995.0,106990,5,396021
WIN$D,M15,1758112200,157000.0,157065.0,156925.0,157025.0,72418,5,251484
WIN$D,M15,1758113100,157025.0,157135.0,156915.0,157125.0,69901,5,250760
WIN$D,M15,1758114000,157125.0,157415.0,157080.0,157225.0,152722,5,509308
WIN$D,M15,1758114900,157220.0,157290.0,157035.0,157110.0,91005,5,319405
WIN$D,M15,1758115800,157110.0,157195.0,157075.0,157160.0,71830,5,267273
WIN$D,M15,1758116700,157160.0,157305.0,157095.0,157300.0,93754,5,333902
WIN$D,M15,1758117600,157295.0,157560.0,157255.0,157535.0,152469,5,541422
WIN$D,M15,1758118500,157540.0,157665.0,157475.0,157540.0,124068,5,438549
WIN$D,M15,1758119400,157545.0,157775.0,157470.0,157480.0,128016,5,457255
WIN$D,M15,1758120300,157480.0,157695.0,157260.0,157600.0,157332,5,531934
WIN$D,M15,1758121200,157595.0,158330.0,157490.0,157755.0,386757,5,1086817
WIN$D,M15,1758122100,157760.0,158065.0,157560.0,158055.0,238530,5,765556
WIN$D,M15,1758123000,158055.0,158095.0,157245.0,157355.0,303556,5,939272
WIN$D,M15,1758123900,157360.0,157465.0,156980.0,157450.0,296254,5,932064
WIN$D,M15,1758124800,157445.0,157715.0,157275.0,157400.0,224581,5,711363
WIN$D,M15,1758125700,157400.0,157715.0,157385.0,157545.0,140347,5,457797
WIN$D,M15,1758126600,157545.0,157620.0,157395.0,157525.0,102122,5,347177
WIN$D,M15,1758127500,157525.0,157525.0,157245.0,157445.0,102967,5,358342
WIN$D,M15,1758128400,157445.0,157590.0,157385.0,157425.0,67960,5,228245
WIN$D,M15,1758129300,157420.0,157500.0,157360.0,157490.0,34513,5,128819
WIN$D,M15,1758130200,157485.0,157550.0,157370.0,157375.0,26996,5,91952
WIN$D,M15,1758131100,157375.0,157460.0,157335.0,157395.0,32895,5,94231
WIN$D,M15,1758132000,157395.0,157435.0,157320.0,157355.0,35501,5,73491
WIN$D,M15,1758132900,157350.0,157505.0,157350.0,157430.0,18773,5,55387
WIN$D,M15,1758186000,157535.0,157830.0,157145.0,157580.0,363989,5,962541
WIN$D,M15,1758186900,157580.0,157620.0,157345.0,157540.0,173885,5,494783
WIN$D,M15,1758187800,157540.0,157575.0,157240.0,157295.0,181227,5,513128
WIN$D,M15,1758188700,157295.0,157345.0,157065.0,157265.0,176505,5,541355
WIN$D,M15,1758189600,157265.0,157430.0,157140.0,157180.0,225406,5,696350
WIN$D,M15,1758190500,157185.0,157490.0,157090.0,157345.0,224694,5,687753
WIN$D,M15,1758191400,157350.0,157435.0,156810.0,156930.0,338876,5,1079704
WIN$D,M15,1758192300,156935.0,157125.0,156760.0,156940.0,240162,5,732893
WIN$D,M15,1758193200,156945.0,157155.0,156905.0,157105.0,177393,5,538305
WIN$D,M15,1758194100,157110.0,157360.0,157045.0,157190.0,206176,5,640459
WIN$D,M15,1758195000,157185.0,157235.0,156920.0,156990.0,162692,5,507378
WIN$D,M15,1758195900,156990.0,157160.0,156925.0,157065.0,113305,5,345756
WIN$D,M15,1758196800,157060.0,157085.0,156835.0,157025.0,124416,5,381722
WIN$D,M15,1758197700,157025.0,157305.0,157020.0,157185.0,135662,5,431537
WIN$D,M15,1758198600,157185.0,157400.0,157150.0,157180.0,111328,5,352143
WIN$D,M15,1758199500,157185.0,157265.0,157125.0,157210.0,80101,5,249744
WIN$D,M15,1758200400,157215.0,157330.0,157190.0,157310.0,78633,5,232437
WIN$D,M15,1758201300,157310.0,157460.0,157295.0,157340.0,94923,5,284545
WIN$D,M15,1758202200,157345.0,157365.0,157210.0,157240.0,75385,5,243871
WIN$D,M15,1758203100,157240.0,157475.0,157235.0,157460.0,86349,5,290908
WIN$D,M15,1758204000,157460.0,157550.0,157370.0,157435.0,93149,5,304934
WIN$D,M15,1758204900,157435.0,157505.0,157355.0,157455.0,65905,5,221294
WIN$D,M15,1758205800,157455.0,157525.0,157340.0,157395.0,82717,5,282053
WIN$D,M15,1758206700,157395.0,157405.0,157145.0,157325.0,112019,5,380196
WIN$D,M15,1758207600,157325.0,157385.0,157265.0,157315.0,67393,5,234931
WIN$D,M15,1758208500,157320.0,157410.0,157260.0,157310.0,61888,5,221353
WIN$D,M15,1758209400,157305.0,157390.0,157265.0,157290.0,54974,5,201941
WIN$D,M15,1758210300,157290.0,157455.0,157275.0,157415.0,54192,5,199880
WIN$D,M15,1758211200,157415.0,157440.0,157260.0,157290.0,52729,5,203160
WIN$D,M15,1758212100,157290.0,157355.0,157210.0,157220.0,59371,5,211678
WIN$D,M15,1758213000,157220.0,157260.0,157020.0,157160.0,94602,5,344504
WIN$D,M15,1758213900,157160.0,157220.0,157065.0,157100.0,54794,5,200413
WIN$D,M15,1758214800,157100.0,157305.0,157080.0,157235.0,58070,5,192458
WIN$D,M15,1758215700,157230.0,157300.0,157200.0,157250.0,32325,5,103372
WIN$D,M15,1758216600,157250.0,157310.0,157235.0,157280.0,19911,5,61787
WIN$D,M15,1758217500,157280.0,157285.0,157200.0,157215.0,19016,5,53284
WIN$D,M15,1758218400,157215.0,157430.0,157215.0,157395.0,37130,5,87467
WIN$D,M15,1758219300,157400.0,157565.0,157380.0,157540.0,20615,5,77685
WIN$D,M15,1758272400,157165.0,157375.0,156870.0,157225.0,281940,5,777732
WIN$D,M15,1758273300,157225.0,157510.0,157205.0,157450.0,178218,5,544708
WIN$D,M15,1758274200,157455.0,157575.0,157410.0,157520.0,165167,5,500481
WIN$D,M15,1758275100,157520.0,157725.0,157440.0,157600.0,162704,5,501249
WIN$D,M15,1758276000,157595.0,158125.0,157495.0,158115.0,320662,5,1022224
WIN$D,M15,1758276900,158115.0,158155.0,157640.0,157685.0,244610,5,755286
WIN$D,M15,1758277800,157685.0,157735.0,157340.0,157465.0,324871,5,1034054
WIN$D,M15,1758278700,157470.0,157625.0,157395.0,157440.0,178204,5,563418
WIN$D,M15,1758279600,157445.0,157525.0,157280.0,157480.0,177776,5,550530
WIN$D,M15,1758280500,157475.0,157620.0,157315.0,157450.0,192836,5,624595
WIN$D,M15,1758281400,157445.0,157695.0,157420.0,157485.0,148518,5,476298
WIN$D,M15,1758282300,157485.0,157575.0,157400.0,157515.0,115537,5,368540
WIN$D,M15,1758283200,157515.0,157540.0,157220.0,157355.0,132217,5,433262
WIN$D,M15,1758284100,157355.0,157515.0,157345.0,157450.0,94979,5,307775
WIN$D,M15,1758285000,157445.0,157505.0,157375.0,157435.0,57923,5,189787
WIN$D,M15,1758285900,157435.0,157540.0,157395.0,157495.0,63385,5,212894
WIN$D,M15,1758286800,157500.0,157575.0,157420.0,157560.0,53851,5,184011
WIN$D,M15,1758287700,157555.0,157645.0,157425.0,157480.0,81356,5,277181
WIN$D,M15,1758288600,157475.0,157605.0,157450.0,157490.0,57758,5,193169
WIN$D,M15,1758289500,157490.0,157735.0,157470.0,157685.0,71277,5,235076
WIN$D,M15,1758290400,157690.0,157815.0,157615.0,157770.0,94391,5,315154
WIN$D,M15,1758291300,157775.0,157810.0,157665.0,157780.0,73298,5,258756
WIN$D,M15,1758292200,157775.0,157825.0,157670.0,157740.0,77643,5,259500
WIN$D,M15,1758293100,157740.0,157905.0,157705.0,157845.0,85277,5,294789
WIN$D,M15,1758294000,157845.0,157855.0,157740.0,157780.0,58577,5,205669
WIN$D,M15,1758294900,157780.0,157790.0,157690.0,157760.0,49459,5,168173
WIN$D,M15,1758295800,157765.0,157855.0,157725.0,157795.0,51061,5,183161
WIN$D,M15,1758296700,157795.0,157815.0,157715.0,157780.0,45809,5,171447
WIN$D,M15,1758297600,157780.0,157885.0,157745.0,157865.0,52568,5,194671
WIN$D,M15,1758298500,157865.0,157885.0,157780.0,157795.0,49596,5,184337
WIN$D,M15,1758299400,157800.0,157800.0,157595.0,157635.0,100125,5,384179
WIN$D,M15,1758300300,157635.0,157635.0,157440.0,157450.0,90289,5,311230
WIN$D,M15,1758301200,157450.0,157525.0,157365.0,157380.0,88759,5,289407
WIN$D,M15,1758302100,157380.0,157510.0,157365.0,157480.0,40607,5,132980
WIN$D,M15,1758303000,157475.0,157485.0,157400.0,157445.0,30506,5,99893
WIN$D,M15,1758303900,157455.0,157465.0,157385.0,157410.0,19879,5,63603
WIN$D,M15,1758304800,157405.0,157425.0,157280.0,157320.0,41786,5,100895
WIN$D,M15,1758305700,157315.0,157360.0,157265.0,157275.0,15260,5,50432
WIN$D,M15,1758531600,157110.0,157210.0,156315.0,156385.0,326593,5,921382
WIN$D,M15,1758532500,156385.0,156715.0,156315.0,156435.0,197677,5,601446
WIN$D,M15,1758533400,156430.0,156565.0,156350.0,156550.0,157022,5,445949
WIN$D,M15,1758534300,156550.0,156835.0,156495.0,156600.0,215247,5,629962
WIN$D,M15,1758535200,156595.0,156660.0,156435.0,156440.0,222291,5,660948
WIN$D,M15,1758536100,156440.0,156445.0,155970.0,156070.0,274644,5,891622
WIN$D,M15,1758537000,156070.0,156615.0,156045.0,156465.0,321158,5,1054265
WIN$D,M15,1758537900,156460.0,156550.0,156305.0,156510.0,187655,5,618806
WIN$D,M15,1758538800,156505.0,156520.0,155815.0,155820.0,246506,5,862499
WIN$D,M15,1758539700,155825.0,156050.0,155730.0,155950.0,214008,5,773763
WIN$D,M15,1758540600,155945.0,155960.0,155675.0,155735.0,162727,5,572040
WIN$D,M15,1758541500,155735.0,155910.0,155685.0,155870.0,103248,5,363575
WIN$D,M15,1758542400,155865.0,156000.0,155850.0,155935.0,97189,5,337595
WIN$D,M15,1758543300,155935.0,156295.0,155865.0,156240.0,137253,5,473050
WIN$D,M15,1758544200,156240.0,156340.0,156200.0,156215.0,97983,5,314952
WIN$D,M15,1758545100,156215.0,156605.0,156160.0,156565.0,128026,5,466236
WIN$D,M15,1758546000,156565.0,156880.0,156490.0,156800.0,159179,5,585683
WIN$D,M15,1758546900,156795.0,156820.0,156640.0,156675.0,102656,5,352695
WIN$D,M15,1758547800,156675.0,156700.0,156560.0,156660.0,81174,5,288069
WIN$D,M15,1758548700,156655.0,156700.0,156510.0,156580.0,76810,5,260031
WIN$D,M15,1758549600,156585.0,156775.0,156555.0,156670.0,84133,5,295486
WIN$D,M15,1758550500,156665.0,156775.0,156635.0,156755.0,56675,5,185125
WIN$D,M15,1758551400,156750.0,157040.0,156715.0,156895.0,129728,5,451964
WIN$D,M15,1758552300,156900.0,156960.0,156840.0,156960.0,72636,5,241502
WIN$D,M15,1758553200,156955.0,157005.0,156835.0,156915.0,67673,5,235583
WIN$D,M15,1758554100,156915.0,157010.0,156890.0,156915.0,58992,5,203380
WIN$D,M15,1758555000,156910.0,157025.0,156890.0,156910.0,51718,5,180658
WIN$D,M15,1758555900,156910.0,156910.0,156785.0,156805.0,60877,5,206727
WIN$D,M15,1758556800,156805.0,156825.0,156575.0,156685.0,94119,5,345807
WIN$D,M15,1758557700,156685.0,156820.0,156665.0,156765.0,64524,5,244556
WIN$D,M15,1758558600,156765.0,156805.0,156710.0,156755.0,48498,5,179718
WIN$D,M15,1758559500,156750.0,156810.0,156675.0,156690.0,52531,5,190031
WIN$D,M15,1758560400,156695.0,156695.0,156555.0,156600.0,67690,5,228684
WIN$D,M15,1758561300,156600.0,156685.0,156580.0,156615.0,34918,5,114317
WIN$D,M15,1758562200,156615.0,156650.0,156575.0,156625.0,25768,5,96258
WIN$D,M15,1758563100,156630.0,156710.0,156570.0,156695.0,33300,5,99411
WIN$D,M15,1758564000,156700.0,156730.0,156640.0,156670.0,36768,5,76497
WIN$D,M15,1758564900,156675.0,156735.0,156635.0,156680.0,18992,5,51663
WIN$D,M15,1758618000,156570.0,156925.0,156475.0,156725.0,228217,5,630071
WIN$D,M15,1758618900,156725.0,156865.0,156590.0,156840.0,142326,5,437087
WIN$D,M15,1758619800,156840.0,157075.0,156725.0,156765.0,238695,5,745695
WIN$D,M15,1758620700,156765.0,156800.0,156550.0,156590.0,112565,5,361834
WIN$D,M15,1758621600,156590.0,157325.0,156585.0,157270.0,352748,5,1139288
WIN$D,M15,1758622500,157265.0,157280.0,156705.0,156775.0,230538,5,751677
WIN$D,M15,1758623400,156780.0,157235.0,156770.0,157075.0,269317,5,871783
WIN$D,M15,1758624300,157075.0,157555.0,157040.0,157480.0,269887,5,891120
WIN$D,M15,1758625200,157485.0,157850.0,157365.0,157775.0,267375,5,891951
WIN$D,M15,1758626100,157780.0,157905.0,157620.0,157845.0,189664,5,642350
WIN$D,M15,1758627000,157840.0,157925.0,157690.0,157810.0,152449,5,524935
WIN$D,M15,1758627900,157805.0,158215.0,157705.0,158065.0,190411,5,681016
WIN$D,M15,1758628800,158065.0,158580.0,157995.0,158285.0,322943,5,1083779
WIN$D,M15,1758629700,158285.0,158405.0,158045.0,158065.0,124669,5,406091
WIN$D,M15,1758630600,158070.0,158370.0,158020.0,158270.0,116144,5,406381
WIN$D,M15,1758631500,158275.0,158455.0,158220.0,158395.0,90301,5,304887
WIN$D,M15,1758632400,158395.0,158430.0,158270.0,158280.0,79475,5,268522
WIN$D,M15,1758633300,158280.0,158390.0,158225.0,158365.0,75620,5,250354
WIN$D,M15,1758634200,158365.0,158495.0,158330.0,158400.0,99394,5,349166
WIN$D,M15,1758635100,158400.0,158735.0,158395.0,158700.0,138847,5,474985
WIN$D,M15,1758636000,158695.0,158810.0,158545.0,158550.0,98950,5,334253
WIN$D,M15,1758636900,158550.0,158580.0,158395.0,158400.0,92941,5,317578
WIN$D,M15,1758637800,158400.0,158505.0,158130.0,158180.0,137091,5,463909
WIN$D,M15,1758638700,158180.0,158385.0,158115.0,158345.0,103453,5,345271
WIN$D,M15,1758639600,158350.0,158455.0,158280.0,158295.0,81929,5,264100
WIN$D,M15,1758640500,158290.0,158325.0,158135.0,158235.0,75061,5,255101
WIN$D,M15,1758641400,158240.0,158440.0,158215.0,158355.0,81530,5,277260
WIN$D,M15,1758642300,158355.0,158375.0,158135.0,158150.0,69496,5,237943
WIN$D,M15,1758643200,158150.0,158255.0,158125.0,158210.0,63840,5,223897
WIN$D,M15,1758644100,158210.0,158285.0,158150.0,158190.0,60199,5,215531
WIN$D,M15,1758645000,158190.0,158235.0,158080.0,158120.0,67581,5,251419
WIN$D,M15,1758645900,158120.0,158225.0,158000.0,158095.0,86875,5,306250
WIN$D,M15,1758646800,158095.0,158175.0,158025.0,158090.0,56224,5,187065
WIN$D,M15,1758647700,158090.0,158115.0,158035.0,158090.0,26303,5,81363
WIN$D,M15,1758648600,158090.0,158125.0,158025.0,158055.0,28825,5,90719
WIN$D,M15,1758649500,158055.0,158095.0,157945.0,157965.0,31745,5,105053
WIN$D,M15,1758650400,157960.0,158040.0,157890.0,158010.0,45569,5,108244
WIN$D,M15,1758651300,158010.0,158085.0,157995.0,158025.0,17869,5,50009
WIN$D,M15,1758704400,158025.0,158055.0,157670.0,157895.0,261797,5,693341
WIN$D,M15,1758705300,157890.0,158010.0,157690.0,157880.0,190296,5,545638
WIN$D,M15,1758706200,157885.0,158165.0,157825.0,158045.0,199860,5,605001
WIN$D,M15,1758707100,158045.0,158085.0,157915.0,157950.0,140667,5,434076
WIN$D,M15,1758708000,157950.0,158325.0,157870.0,158015.0,316626,5,967744
WIN$D,M15,1758708900,158010.0,158075.0,157870.0,157970.0,169768,5,552257
WIN$D,M15,1758709800,157970.0,158225.0,157815.0,157960.0,316786,5,1046056
WIN$D,M15,1758710700,157960.0,158125.0,157840.0,157925.0,216959,5,764071
WIN$D,M15,1758711600,157925.0,158055.0,157840.0,158010.0,160991,5,547349
WIN$D,M15,1758712500,158010.0,158300.0,157820.0,158245.0,206011,5,726921
WIN$D,M15,1758713400,158245.0,158260.0,157915.0,157990.0,181543,5,627635
WIN$D,M15,1758714300,157990.0,158065.0,157745.0,157795.0,146603,5,512757
WIN$D,M15,1758715200,157790.0,157910.0,157700.0,157840.0,132328,5,449204
WIN$D,M15,1758716100,157845.0,157930.0,157650.0,157690.0,139150,5,492860
WIN$D,M15,1758717000,157685.0,157905.0,157680.0,157825.0,106727,5,359760
WIN$D,M15,1758717900,157825.0,157910.0,157710.0,157715.0,96701,5,349288
WIN$D,M15,1758718800,157715.0,157785.0,157615.0,157670.0,119868,5,397383
WIN$D,M15,1758719700,157665.0,157900.0,157590.0,157825.0,129923,5,437610
WIN$D,M15,1758720600,157830.0,157920.0,157795.0,157900.0,75752,5,259401
WIN$D,M15,1758721500,157900.0,158035.0,157900.0,157960.0,105592,5,374856
WIN$D,M15,1758722400,157955.0,158005.0,157875.0,157940.0,67438,5,226731
WIN$D,M15,1758723300,157940.0,157955.0,157760.0,157845.0,100290,5,371003
WIN$D,M15,1758724200,157850.0,157870.0,157635.0,157800.0,89564,5,308057
WIN$D,M15,1758725100,157795.0,157945.0,157790.0,157880.0,89136,5,332642
WIN$D,M15,1758726000,157880.0,157960.0,157790.0,157920.0,71511,5,267952
WIN$D,M15,1758726900,157920.0,157985.0,157855.0,157925.0,61895,5,224332
WIN$D,M15,1758727800,157925.0,158090.0,157855.0,158030.0,105775,5,389272
WIN$D,M15,1758728700,158030.0,158065.0,157950.0,158045.0,60614,5,217558
WIN$D,M15,1758729600,158040.0,158080.0,157940.0,157955.0,53306,5,195504
WIN$D,M15,1758730500,157955.0,158030.0,157920.0,157990.0,48164,5,188615
WIN$D,M15,1758731400,157995.0,158090.0,157895.0,157920.0,68044,5,258668
WIN$D,M15,1758732300,157915.0,157970.0,157900.0,157940.0,46537,5,167301
WIN$D,M15,1758733200,157935.0,158155.0,157935.0,158110.0,82203,5,273793
WIN$D,M15,1758734100,158110.0,158135.0,158060.0,158100.0,28192,5,94244
WIN$D,M15,1758735000,158095.0,158130.0,158005.0,158060.0,29310,5,95980
WIN$D,M15,1758735900,158060.0,158095.0,158000.0,158035.0,22700,5,71842
WIN$D,M15,1758736800,158030.0,159435.0,158010.0,159025.0,122408,5,337115
WIN$D,M15,1758737700,159035.0,159435.0,159030.0,159235.0,30007,5,97179
WIN$D,M15,1758790800,158435.0,158855.0,158265.0,158805.0,270002,5,697903
WIN$D,M15,1758791700,158805.0,159135.0,158695.0,158715.0,220456,5,652163
WIN$D,M15,1758792600,158715.0,158790.0,158080.0,158300.0,272258,5,800923
WIN$D,M15,1758793500,158295.0,158350.0,157685.0,158005.0,279585,5,848487
WIN$D,M15,1758794400,158005.0,158035.0,157460.0,157475.0,267492,5,836425
WIN$D,M15,1758795300,157475.0,157600.0,157240.0,157330.0,238348,5,755355
WIN$D,M15,1758796200,157330.0,157425.0,157115.0,157190.0,242458,5,781601
WIN$D,M15,1758797100,157190.0,157390.0,157040.0,157275.0,229618,5,766903
WIN$D,M15,1758798000,157280.0,157315.0,156925.0,157010.0,206213,5,700907
WIN$D,M15,1758798900,157015.0,157600.0,156990.0,157525.0,215245,5,716850
WIN$D,M15,1758799800,157530.0,157575.0,157105.0,157265.0,169806,5,576347
WIN$D,M15,1758800700,157265.0,157450.0,157215.0,157350.0,124840,5,433069
WIN$D,M15,1758801600,157345.0,157375.0,157200.0,157340.0,105557,5,367495
WIN$D,M15,1758802500,157340.0,157505.0,157285.0,157425.0,103283,5,341631
WIN$D,M15,1758803400,157420.0,157750.0,157315.0,157675.0,136698,5,465388
WIN$D,M15,1758804300,157675.0,157910.0,157670.0,157820.0,97478,5,354328
WIN$D,M15,1758805200,157820.0,157875.0,157745.0,157800.0,65601,5,236030
WIN$D,M15,1758806100,157800.0,157930.0,157750.0,157865.0,91715,5,346232
WIN$D,M15,1758807000,157870.0,157935.0,157765.0,157770.0,63668,5,220509
WIN$D,M15,1758807900,157770.0,157815.0,157535.0,157630.0,105523,5,370576
WIN$D,M15,1758808800,157625.0,157770.0,157570.0,157710.0,64098,5,233506
WIN$D,M15,1758809700,157710.0,157720.0,157210.0,157270.0,158031,5,561877
WIN$D,M15,1758810600,157270.0,157285.0,156655.0,156920.0,202663,5,751853
WIN$D,M15,1758811500,156920.0,156940.0,156700.0,156730.0,83294,5,292343
WIN$D,M15,1758812400,156730.0,156765.0,156545.0,156640.0,118182,5,454605
WIN$D,M15,1758813300,156645.0,156760.0,156625.0,156710.0,63334,5,221498
WIN$D,M15,1758814200,156710.0,156905.0,156615.0,156840.0,79974,5,307635
WIN$D,M15,1758815100,156835.0,156910.0,156720.0,156790.0,70162,5,265028
WIN$D,M15,1758816000,156790.0,156790.0,156660.0,156675.0,52248,5,196163
WIN$D,M15,1758816900,156680.0,156765.0,156550.0,156665.0,63789,5,241923
WIN$D,M15,1758817800,156670.0,156780.0,156645.0,156675.0,63010,5,253830
WIN$D,M15,1758818700,156670.0,156800.0,156660.0,156670.0,55090,5,205491
WIN$D,M15,1758819600,156670.0,156825.0,156665.0,156815.0,42702,5,142759
WIN$D,M15,1758820500,156815.0,156875.0,156710.0,156855.0,44893,5,149708
WIN$D,M15,1758821400,156860.0,156885.0,156795.0,156855.0,26721,5,80872
WIN$D,M15,1758822300,156860.0,156870.0,156695.0,156775.0,33928,5,104071
WIN$D,M15,1758823200,156780.0,157020.0,156750.0,156915.0,37654,5,89974
WIN$D,M15,1758824100,156915.0,156965.0,156785.0,156840.0,18627,5,52991
WIN$D,M15,1758877200,156980.0,156990.0,156410.0,156730.0,322149,5,821459
WIN$D,M15,1758878100,156730.0,156805.0,156635.0,156805.0,143527,5,438817
WIN$D,M15,1758879000,156805.0,157030.0,156715.0,156945.0,191098,5,559884
WIN$D,M15,1758879900,156945.0,156945.0,156670.0,156675.0,118738,5,361670
WIN$D,M15,1758880800,156675.0,157550.0,156660.0,157545.0,355484,5,1094352
WIN$D,M15,1758881700,157545.0,157605.0,156715.0,156835.0,262582,5,880303
WIN$D,M15,1758882600,156830.0,156935.0,156535.0,156915.0,267797,5,925381
WIN$D,M15,1758883500,156915.0,156965.0,156720.0,156820.0,177885,5,614720
WIN$D,M15,1758884400,156815.0,156950.0,156650.0,156900.0,179738,5,641396
WIN$D,M15,1758885300,156905.0,157165.0,156735.0,156745.0,215628,5,733596
WIN$D,M15,1758886200,156750.0,156835.0,156560.0,156780.0,166630,5,574984
WIN$D,M15,1758887100,156780.0,156810.0,156625.0,156740.0,115974,5,386447
WIN$D,M15,1758888000,156740.0,156785.0,156585.0,156700.0,80348,5,266850
WIN$D,M15,1758888900,156700.0,156805.0,156675.0,156785.0,60680,5,205291
WIN$D,M15,1758889800,156790.0,156835.0,156665.0,156750.0,65875,5,227252
WIN$D,M15,1758890700,156745.0,156785.0,156460.0,156490.0,79539,5,266332
WIN$D,M15,1758891600,156485.0,156645.0,156485.0,156570.0,81097,5,266701
WIN$D,M15,1758892500,156575.0,156755.0,156500.0,156710.0,74884,5,248651
WIN$D,M15,1758893400,156715.0,156725.0,156595.0,156670.0,60304,5,201250
WIN$D,M15,1758894300,156670.0,156690.0,156565.0,156660.0,50750,5,169942
WIN$D,M15,1758895200,156660.0,156725.0,156565.0,156640.0,57141,5,209220
WIN$D,M15,1758896100,156645.0,156825.0,156640.0,156785.0,74465,5,284690
WIN$D,M15,1758897000,156785.0,156900.0,156765.0,156815.0,78294,5,283886
WIN$D,M15,1758897900,156815.0,156835.0,156715.0,156745.0,59034,5,216561
WIN$D,M15,1758898800,156745.0,156875.0,156740.0,156815.0,53373,5,200770
WIN$D,M15,1758899700,156815.0,156850.0,156740.0,156765.0,36544,5,134922
WIN$D,M15,1758900600,156770.0,156860.0,156675.0,156840.0,62101,5,228639
WIN$D,M15,1758901500,156840.0,156910.0,156780.0,156825.0,54573,5,203350
WIN$D,M15,1758902400,156825.0,156840.0,156730.0,156780.0,37865,5,138881
WIN$D,M15,1758903300,156775.0,156820.0,156700.0,156790.0,46532,5,179697
WIN$D,M15,1758904200,156790.0,156865.0,156760.0,156825.0,41298,5,154776
WIN$D,M15,1758905100,156830.0,156885.0,156770.0,156825.0,56343,5,209305
WIN$D,M15,1758906000,156830.0,156855.0,156780.0,156835.0,34007,5,119994
WIN$D,M15,1758906900,156840.0,156895.0,156815.0,156865.0,21152,5,76154
WIN$D,M15,1758907800,156860.0,156885.0,156800.0,156845.0,17878,5,63040
WIN$D,M15,1758908700,156845.0,156980.0,156825.0,156935.0,18494,5,67723
WIN$D,M15,1758909600,156935.0,156955.0,156805.0,156825.0,21820,5,65283
WIN$D,M15,1758910500,156830.0,156855.0,156740.0,156795.0,10456,5,38004
WIN$D,M15,1759136400,157070.0,157675.0,157055.0,157660.0,248970,5,672324
WIN$D,M15,1759137300,157660.0,157975.0,157655.0,157925.0,216195,5,686397
WIN$D,M15,1759138200,157925.0,158190.0,157910.0,158125.0,211331,5,678371
WIN$D,M15,1759139100,158120.0,158345.0,157990.0,158100.0,261002,5,825893
WIN$D,M15,1759140000,158095.0,159530.0,157950.0,158515.0,303944,5,918439
WIN$D,M15,1759140900,158515.0,158635.0,158215.0,158335.0,202463,5,606949
WIN$D,M15,1759141800,158335.0,158715.0,158230.0,158440.0,238851,5,753758
WIN$D,M15,1759142700,158440.0,158520.0,158100.0,158130.0,163335,5,538548
WIN$D,M15,1759143600,158130.0,158220.0,157805.0,157900.0,177044,5,618876
WIN$D,M15,1759144500,157895.0,158075.0,157840.0,157980.0,127865,5,450156
WIN$D,M15,1759145400,157980.0,158215.0,157965.0,158000.0,111890,5,391762
WIN$D,M15,1759146300,158000.0,158115.0,157765.0,157805.0,118975,5,428584
WIN$D,M15,1759147200,157810.0,157915.0,157640.0,157790.0,127902,5,459636
WIN$D,M15,1759148100,157795.0,158075.0,157770.0,158030.0,103446,5,381468
WIN$D,M15,1759149000,158030.0,158050.0,157855.0,157930.0,91054,5,327822
WIN$D,M15,1759149900,157925.0,157985.0,157765.0,157800.0,83428,5,294254
WIN$D,M15,1759150800,157800.0,157915.0,157775.0,157805.0,56876,5,193947
WIN$D,M15,1759151700,157800.0,157855.0,157640.0,157770.0,80157,5,283917
WIN$D,M15,1759152600,157765.0,157765.0,157580.0,157690.0,74287,5,253550
WIN$D,M15,1759153500,157690.0,157950.0,157685.0,157940.0,91900,5,322191
WIN$D,M15,1759154400,157940.0,157945.0,157750.0,157785.0,71489,5,253177
WIN$D,M15,1759155300,157785.0,157910.0,157745.0,157900.0,58615,5,208054
WIN$D,M15,1759156200,157900.0,157905.0,157660.0,157675.0,96852,5,364374
WIN$D,M15,1759157100,157680.0,157705.0,157545.0,157615.0,94982,5,342011
WIN$D,M15,1759158000,157615.0,157750.0,157600.0,157705.0,67808,5,259239
WIN$D,M15,1759158900,157710.0,157835.0,157685.0,157790.0,58396,5,222929
WIN$D,M15,1759159800,157790.0,157850.0,157715.0,157795.0,60273,5,231210
WIN$D,M15,1759160700,157800.0,157970.0,157765.0,157775.0,74995,5,285668
WIN$D,M15,1759161600,157775.0,157830.0,157685.0,157695.0,63516,5,252590
WIN$D,M15,1759162500,157695.0,157765.0,157645.0,157705.0,53308,5,204175
WIN$D,M15,1759163400,157700.0,157795.0,157680.0,157735.0,50391,5,194222
WIN$D,M15,1759164300,157735.0,157785.0,157680.0,157755.0,47316,5,172599
WIN$D,M15,1759165200,157760.0,157795.0,157685.0,157780.0,36522,5,127849
WIN$D,M15,1759166100,157780.0,157875.0,157755.0,157805.0,34702,5,122068
WIN$D,M15,1759167000,157800.0,157835.0,157790.0,157805.0,16666,5,54113
WIN$D,M15,1759167900,157805.0,157830.0,157760.0,157795.0,18624,5,55894
WIN$D,M15,1759168800,157795.0,157865.0,157700.0,157730.0,35627,5,84355
WIN$D,M15,1759169700,157730.0,157775.0,157685.0,157740.0,18534,5,43591
WIN$D,M15,1759222800,157835.0,157985.0,157410.0,157715.0,298798,5,823502
WIN$D,M15,1759223700,157710.0,157975.0,157695.0,157945.0,162986,5,494095
WIN$D,M15,1759224600,157950.0,158135.0,157915.0,158105.0,180812,5,554602
WIN$D,M15,1759225500,158110.0,158365.0,158105.0,158330.0,165521,5,535885
WIN$D,M15,1759226400,158330.0,158735.0,158325.0,158675.0,217348,5,765811
WIN$D,M15,1759227300,158675.0,158870.0,158445.0,158495.0,257369,5,913378
WIN$D,M15,1759228200,158495.0,158575.0,158295.0,158430.0,231155,5,800836
WIN$D,M15,1759229100,158425.0,158445.0,158155.0,158235.0,186206,5,631959
WIN$D,M15,1759230000,158240.0,158260.0,157815.0,157920.0,199635,5,744928
WIN$D,M15,1759230900,157915.0,157945.0,157540.0,157615.0,166764,5,617580
WIN$D,M15,1759231800,157610.0,157685.0,157375.0,157455.0,138374,5,514226
WIN$D,M15,1759232700,157460.0,157565.0,157270.0,157365.0,153439,5,583080
WIN$D,M15,1759233600,157370.0,157480.0,157190.0,157240.0,118831,5,433079
WIN$D,M15,1759234500,157235.0,157300.0,157205.0,157270.0,79859,5,298269
WIN$D,M15,1759235400,157270.0,157270.0,157115.0,157185.0,83076,5,299404
WIN$D,M15,1759236300,157180.0,157330.0,157170.0,157195.0,85840,5,307951
WIN$D,M15,1759237200,157200.0,157360.0,157175.0,157290.0,77862,5,278611
WIN$D,M15,1759238100,157290.0,157320.0,157200.0,157235.0,62255,5,218185
WIN$D,M15,1759239000,157230.0,157355.0,157200.0,157275.0,66580,5,232064
WIN$D,M15,1759239900,157280.0,157380.0,157220.0,157310.0,65399,5,235587
WIN$D,M15,1759240800,157310.0,157460.0,157260.0,157295.0,80621,5,297248
WIN$D,M15,1759241700,157300.0,157375.0,157270.0,157315.0,46653,5,164798
WIN$D,M15,1759242600,157315.0,157400.0,157260.0,157390.0,51068,5,183792
WIN$D,M15,1759243500,157385.0,157435.0,157265.0,157295.0,59293,5,221301
WIN$D,M15,1759244400,157300.0,157305.0,157045.0,157275.0,118960,5,482262
WIN$D,M15,1759245300,157280.0,157320.0,157240.0,157270.0,46071,5,178214
WIN$D,M15,1759246200,157275.0,157400.0,157240.0,157350.0,54254,5,201334
WIN$D,M15,1759247100,157350.0,157455.0,157275.0,157385.0,59736,5,235290
WIN$D,M15,1759248000,157385.0,157460.0,157365.0,157420.0,40666,5,164042
WIN$D,M15,1759248900,157425.0,157455.0,157340.0,157350.0,46851,5,195232
WIN$D,M15,1759249800,157350.0,157435.0,157325.0,157425.0,44493,5,176862
WIN$D,M15,1759250700,157420.0,157685.0,157395.0,157560.0,96563,5,363136
WIN$D,M15,1759251600,157560.0,157645.0,157475.0,157625.0,71135,5,302937
WIN$D,M15,1759252500,157630.0,157645.0,157555.0,157600.0,27544,5,107301
WIN$D,M15,1759253400,157600.0,157625.0,157535.0,157595.0,21616,5,76151
WIN$D,M15,1759254300,157595.0,157625.0,157550.0,157580.0,16910,5,50832
WIN$D,M15,1759255200,157575.0,157620.0,157555.0,157600.0,19619,5,40736
WIN$D,M15,1759256100,157605.0,157680.0,157570.0,157570.0,15347,5,40579
WIN$D,M15,1759309200,157640.0,157925.0,157010.0,157350.0,377687,5,1042718
WIN$D,M15,1759310100,157345.0,158270.0,157315.0,157870.0,406199,5,1172046
WIN$D,M15,1759311000,157865.0,158475.0,157850.0,158425.0,323520,5,993414
WIN$D,M15,1759311900,158420.0,158560.0,158120.0,158340.0,280786,5,834950
WIN$D,M15,1759312800,158340.0,158450.0,157730.0,157975.0,323998,5,984701
WIN$D,M15,1759313700,157975.0,158070.0,157570.0,157755.0,275961,5,891841
WIN$D,M15,1759314600,157755.0,158030.0,157495.0,157590.0,264380,5,855375
WIN$D,M15,1759315500,157590.0,157870.0,157440.0,157580.0,228104,5,722185
WIN$D,M15,1759316400,157575.0,157630.0,157300.0,157320.0,212498,5,678091
WIN$D,M15,1759317300,157320.0,157425.0,157160.0,157335.0,168276,5,551038
WIN$D,M15,1759318200,157335.0,157450.0,156925.0,156945.0,184425,5,597678
WIN$D,M15,1759319100,156945.0,157005.0,156770.0,156880.0,162129,5,544133
WIN$D,M15,1759320000,156875.0,157075.0,156625.0,156700.0,170095,5,584508
WIN$D,M15,1759320900,156700.0,156740.0,156585.0,156585.0,101266,5,339326
WIN$D,M15,1759321800,156590.0,156775.0,156555.0,156675.0,106211,5,374655
WIN$D,M15,1759322700,156680.0,156715.0,156500.0,156715.0,111105,5,387906
WIN$D,M15,1759323600,156715.0,156830.0,156640.0,156800.0,82451,5,283254
WIN$D,M15,1759324500,156805.0,156870.0,156745.0,156780.0,62328,5,204902
WIN$D,M15,1759325400,156780.0,156785.0,156515.0,156560.0,90910,5,295659
WIN$D,M15,1759326300,156555.0,156640.0,156390.0,156410.0,95745,5,331936
WIN$D,M15,1759327200,156410.0,156505.0,156345.0,156440.0,82734,5,279025
WIN$D,M15,1759328100,156445.0,156550.0,156440.0,156505.0,58233,5,195640
WIN$D,M15,1759329000,156505.0,156585.0,156460.0,156525.0,54690,5,179953
WIN$D,M15,1759329900,156530.0,156555.0,156475.0,156495.0,43963,5,140244
WIN$D,M15,1759330800,156495.0,156550.0,156390.0,156490.0,78422,5,258357
WIN$D,M15,1759331700,156490.0,156620.0,156400.0,156615.0,81414,5,291130
WIN$D,M15,1759332600,156615.0,156775.0,156575.0,156665.0,89976,5,309455
WIN$D,M15,1759333500,156665.0,156850.0,156630.0,156740.0,93574,5,331475
WIN$D,M15,1759334400,156740.0,156895.0,156730.0,156760.0,79825,5,279430
WIN$D,M15,1759335300,156755.0,156830.0,156715.0,156820.0,52329,5,183349
WIN$D,M15,1759336200,156825.0,156845.0,156645.0,156695.0,61818,5,224243
WIN$D,M15,1759337100,156690.0,156745.0,156565.0,156625.0,86446,5,318423
WIN$D,M15,1759338000,156625.0,156740.0,156545.0,156670.0,76282,5,264517
WIN$D,M15,1759338900,156675.0,156765.0,156635.0,156705.0,31644,5,106381
WIN$D,M15,1759339800,156700.0,156795.0,156700.0,156790.0,23493,5,74168
WIN$D,M15,1759340700,156795.0,156840.0,156740.0,156810.0,27357,5,82254
WIN$D,M15,1759341600,156805.0,156820.0,156725.0,156735.0,30424,5,72635
WIN$D,M15,1759342500,156740.0,156800.0,156685.0,156690.0,15428,5,42528
WIN$D,M15,1759395600,157185.0,157715.0,156865.0,157085.0,332154,5,943058
WIN$D,M15,1759396500,157090.0,157125.0,156450.0,156620.0,264954,5,838396
WIN$D,M15,1759397400,156620.0,156670.0,156320.0,156375.0,174172,5,559753
WIN$D,M15,1759398300,156380.0,156605.0,156355.0,156445.0,162803,5,528530
WIN$D,M15,1759399200,156450.0,156545.0,156105.0,156350.0,293300,5,939798
WIN$D,M15,1759400100,156355.0,156510.0,156215.0,156425.0,228875,5,764151
WIN$D,M15,1759401000,156420.0,156680.0,156240.0,156370.0,275686,5,938753
WIN$D,M15,1759401900,156370.0,156750.0,156310.0,156465.0,270267,5,923231
WIN$D,M15,1759402800,156465.0,156465.0,155615.0,155705.0,328566,5,1180573
WIN$D,M15,1759403700,155705.0,155755.0,155510.0,155515.0,178441,5,670130
WIN$D,M15,1759404600,155515.0,155575.0,155020.0,155120.0,260044,5,953524
WIN$D,M15,1759405500,155115.0,155190.0,155005.0,155050.0,124972,5,458472
WIN$D,M15,1759406400,155050.0,155170.0,154920.0,155000.0,149100,5,554923
WIN$D,M15,1759407300,154995.0,155125.0,154800.0,154805.0,134341,5,499740
WIN$D,M15,1759408200,154805.0,154925.0,154710.0,154845.0,128887,5,465475
WIN$D,M15,1759409100,154845.0,154950.0,154670.0,154805.0,99133,5,374343
WIN$D,M15,1759410000,154805.0,154860.0,154705.0,154840.0,74477,5,274475
WIN$D,M15,1759410900,154835.0,155015.0,154835.0,154975.0,99466,5,377039
WIN$D,M15,1759411800,154970.0,154990.0,154785.0,154890.0,75475,5,278781
WIN$D,M15,1759412700,154885.0,155150.0,154850.0,155110.0,88740,5,320315
WIN$D,M15,1759413600,155110.0,155265.0,155045.0,155070.0,100696,5,378258
WIN$D,M15,1759414500,155065.0,155160.0,154945.0,154945.0,80035,5,293021
WIN$D,M15,1759415400,154950.0,155055.0,154850.0,155045.0,84180,5,320644
WIN$D,M15,1759416300,155050.0,155175.0,155020.0,155165.0,66053,5,235911
WIN$D,M15,1759417200,155160.0,155240.0,155020.0,155205.0,80188,5,305876
WIN$D,M15,1759418100,155205.0,155300.0,155160.0,155220.0,65403,5,254884
WIN$D,M15,1759419000,155220.0,155315.0,155170.0,155290.0,65230,5,246926
WIN$D,M15,1759419900,155285.0,155325.0,155140.0,155175.0,66240,5,250330
WIN$D,M15,1759420800,155175.0,155280.0,155140.0,155195.0,58089,5,231949
WIN$D,M15,1759421700,155190.0,155250.0,155140.0,155140.0,47391,5,201654
WIN$D,M15,1759422600,155145.0,155280.0,155135.0,155175.0,57530,5,235402
WIN$D,M15,1759423500,155170.0,155200.0,155045.0,155070.0,62813,5,242778
WIN$D,M15,1759424400,155065.0,155185.0,154990.0,155065.0,68847,5,243989
WIN$D,M15,1759425300,155060.0,155095.0,155015.0,155045.0,26176,5,92400
WIN$D,M15,1759426200,155050.0,155080.0,155020.0,155070.0,16095,5,55674
WIN$D,M15,1759427100,155070.0,155235.0,155060.0,155215.0,39417,5,142276
WIN$D,M15,1759428000,155210.0,155220.0,155145.0,155185.0,24954,5,67445
WIN$D,M15,1759428900,155190.0,155195.0,155085.0,155160.0,19583,5,52639
WIN$D,M15,1759482000,155435.0,155485.0,155000.0,155175.0,318356,5,947682
WIN$D,M15,1759482900,155175.0,155250.0,155010.0,155185.0,149538,5,459936
WIN$D,M15,1759483800,155185.0,155230.0,155020.0,155165.0,154351,5,512941
WIN$D,M15,1759484700,155160.0,155450.0,155110.0,155330.0,200498,5,666886
WIN$D,M15,1759485600,155335.0,155360.0,154675.0,154885.0,333205,5,1033817
WIN$D,M15,1759486500,154880.0,155090.0,154785.0,154875.0,269160,5,885913
WIN$D,M15,1759487400,154875.0,155370.0,154860.0,155055.0,295283,5,1020045
WIN$D,M15,1759488300,155050.0,155160.0,154845.0,155065.0,164149,5,553038
WIN$D,M15,1759489200,155065.0,155260.0,154905.0,155075.0,208080,5,712710
WIN$D,M15,1759490100,155070.0,155140.0,154820.0,154960.0,157565,5,551772
WIN$D,M15,1759491000,154955.0,154980.0,154645.0,154730.0,162085,5,577711
WIN$D,M15,1759491900,154725.0,154920.0,154645.0,154885.0,128862,5,463664
WIN$D,M15,1759492800,154890.0,154995.0,154780.0,154945.0,125873,5,459169
WIN$D,M15,1759493700,154945.0,155160.0,154770.0,155105.0,126696,5,454498
WIN$D,M15,1759494600,155100.0,155115.0,154950.0,155070.0,97600,5,356240
WIN$D,M15,1759495500,155075.0,155230.0,154995.0,155175.0,77792,5,287532
WIN$D,M15,1759496400,155170.0,155415.0,155110.0,155390.0,103793,5,357692
WIN$D,M15,1759497300,155390.0,155595.0,155320.0,155380.0,138251,5,494936
WIN$D,M15,1759498200,155375.0,155485.0,155305.0,155435.0,85990,5,337600
WIN$D,M15,1759499100,155435.0,155440.0,155090.0,155180.0,103121,5,365609
WIN$D,M15,1759500000,155180.0,155260.0,155050.0,155215.0,95280,5,346607
WIN$D,M15,1759500900,155215.0,155280.0,155155.0,155250.0,66908,5,243522
WIN$D,M15,1759501800,155245.0,155405.0,155205.0,155320.0,86370,5,306537
WIN$D,M15,1759502700,155320.0,155325.0,155085.0,155110.0,88255,5,327636
WIN$D,M15,1759503600,155115.0,155215.0,154960.0,155135.0,103777,5,382014
WIN$D,M15,1759504500,155135.0,155275.0,155135.0,155260.0,68149,5,250597
WIN$D,M15,1759505400,155260.0,155395.0,155215.0,155240.0,86329,5,326597
WIN$D,M15,1759506300,155245.0,155305.0,155185.0,155275.0,58791,5,219319
WIN$D,M15,1759507200,155275.0,155350.0,155195.0,155285.0,57712,5,212752
WIN$D,M15,1759508100,155290.0,155425.0,155235.0,155360.0,56867,5,231282
WIN$D,M15,1759509000,155365.0,155385.0,155290.0,155355.0,41283,5,163752
WIN$D,M15,1759509900,155355.0,155415.0,155120.0,155155.0,74761,5,273996
WIN$D,M15,1759510800,155155.0,155195.0,155045.0,155120.0,58303,5,196588
WIN$D,M15,1759511700,155115.0,155240.0,155100.0,155170.0,34241,5,130804
WIN$D,M15,1759512600,155175.0,155195.0,155095.0,155160.0,18994,5,71270
WIN$D,M15,1759513500,155160.0,155285.0,155150.0,155250.0,20857,5,80201
WIN$D,M15,1759514400,155255.0,155285.0,155150.0,155220.0,21178,5,65412
WIN$D,M15,1759515300,155215.0,155220.0,155070.0,155105.0,8672,5,34441
WIN$D,M15,1759741200,155295.0,155475.0,154885.0,155185.0,349564,5,999865
WIN$D,M15,1759742100,155190.0,155220.0,155025.0,155145.0,165939,5,548667
WIN$D,M15,1759743000,155145.0,155365.0,155010.0,155335.0,202955,5,657213
WIN$D,M15,1759743900,155335.0,155770.0,155275.0,155645.0,201023,5,676609
WIN$D,M15,1759744800,155650.0,155680.0,154970.0,155235.0,333766,5,1083649
WIN$D,M15,1759745700,155230.0,155450.0,155120.0,155450.0,258087,5,862001
WIN$D,M15,1759746600,155450.0,155485.0,155045.0,155100.0,365423,5,1245775
WIN$D,M15,1759747500,155095.0,155335.0,154770.0,154835.0,282436,5,1003806
WIN$D,M15,1759748400,154835.0,154875.0,154485.0,154780.0,279136,5,1008024
WIN$D,M15,1759749300,154780.0,154805.0,154540.0,154650.0,143134,5,517450
WIN$D,M15,1759750200,154655.0,154970.0,154620.0,154900.0,176009,5,638914
WIN$D,M15,1759751100,154900.0,155010.0,154745.0,154820.0,139550,5,512123
WIN$D,M15,1759752000,154815.0,154865.0,154540.0,154585.0,116415,5,422798
WIN$D,M15,1759752900,154580.0,154630.0,154345.0,154410.0,124956,5,473102
WIN$D,M15,1759753800,154405.0,154525.0,154355.0,154495.0,82902,5,300345
WIN$D,M15,1759754700,154500.0,154505.0,154325.0,154415.0,80732,5,287703
WIN$D,M15,1759755600,154410.0,154415.0,154255.0,154320.0,89943,5,324953
WIN$D,M15,1759756500,154315.0,154440.0,154270.0,154420.0,67933,5,238610
WIN$D,M15,1759757400,154415.0,154615.0,154370.0,154580.0,111520,5,409569
WIN$D,M15,1759758300,154575.0,154875.0,154565.0,154860.0,109463,5,392572
WIN$D,M15,1759759200,154855.0,154880.0,154685.0,154755.0,96678,5,363067
WIN$D,M15,1759760100,154755.0,154950.0,154735.0,154880.0,88663,5,334074
WIN$D,M15,1759761000,154880.0,154915.0,154640.0,154640.0,99400,5,393885
WIN$D,M15,1759761900,154645.0,154705.0,154590.0,154680.0,66712,5,258609
WIN$D,M15,1759762800,154685.0,154695.0,154560.0,154575.0,51797,5,200413
WIN$D,M15,1759763700,154570.0,154590.0,154515.0,154535.0,53468,5,198836
WIN$D,M15,1759764600,154535.0,154610.0,154490.0,154565.0,52146,5,202249
WIN$D,M15,1759765500,154565.0,154635.0,154505.0,154595.0,64019,5,257574
WIN$D,M15,1759766400,154595.0,154605.0,154420.0,154530.0,68199,5,268501
WIN$D,M15,1759767300,154530.0,154615.0,154465.0,154590.0,55063,5,217706
WIN$D,M15,1759768200,154595.0,154695.0,154590.0,154665.0,53596,5,195534
WIN$D,M15,1759769100,154670.0,154680.0,154550.0,154585.0,52784,5,224070
WIN$D,M15,1759770000,154585.0,154660.0,154505.0,154535.0,58090,5,200640
WIN$D,M15,1759770900,154530.0,154550.0,154460.0,154515.0,28685,5,102408
WIN$D,M15,1759771800,154515.0,154620.0,154510.0,154610.0,27972,5,92790
WIN$D,M15,1759772700,154610.0,154635.0,154550.0,154580.0,27095,5,76192
WIN$D,M15,1759773600,154585.0,154655.0,154525.0,154615.0,31976,5,73358
WIN$D,M15,1759774500,154615.0,154635.0,154435.0,154495.0,20250,5,55927
WIN$D,M15,1759827600,154085.0,154150.0,153570.0,153695.0,304197,5,973108
WIN$D,M15,1759828500,153690.0,153715.0,153235.0,153300.0,245742,5,795550
WIN$D,M15,1759829400,153295.0,153615.0,153265.0,153550.0,220892,5,725205
WIN$D,M15,1759830300,153555.0,153675.0,153420.0,153545.0,208985,5,646341
WIN$D,M15,1759831200,153550.0,153735.0,153340.0,153425.0,325409,5,1009848
WIN$D,M15,1759832100,153425.0,153505.0,153170.0,153325.0,281826,5,937098
WIN$D,M15,1759833000,153320.0,153415.0,152885.0,152975.0,352071,5,1164683
WIN$D,M15,1759833900,152975.0,152990.0,152615.0,152740.0,234578,5,821434
WIN$D,M15,1759834800,152740.0,152790.0,152580.0,152630.0,139071,5,517038
WIN$D,M15,1759835700,152630.0,152665.0,152360.0,152390.0,151832,5,586899
WIN$D,M15,1759836600,152385.0,152425.0,152200.0,152360.0,151170,5,582649
WIN$D,M15,1759837500,152365.0,152555.0,152300.0,152505.0,116399,5,439415
WIN$D,M15,1759838400,152505.0,152630.0,152360.0,152480.0,156758,5,570210
WIN$D,M15,1759839300,152480.0,152695.0,152465.0,152605.0,112985,5,414668
WIN$D,M15,1759840200,152605.0,152640.0,152395.0,152505.0,109829,5,378966
WIN$D,M15,1759841100,152500.0,152505.0,152110.0,152260.0,143755,5,533523
WIN$D,M15,1759842000,152260.0,152370.0,152185.0,152205.0,95083,5,322673
WIN$D,M15,1759842900,152210.0,152240.0,152090.0,152190.0,105467,5,369665
WIN$D,M15,1759843800,152185.0,152210.0,151990.0,152020.0,104273,5,381500
WIN$D,M15,1759844700,152020.0,152095.0,151855.0,152065.0,131720,5,501672
WIN$D,M15,1759845600,152065.0,152155.0,152015.0,152090.0,88037,5,326407
WIN$D,M15,1759846500,152095.0,152165.0,152040.0,152070.0,68782,5,252149
WIN$D,M15,1759847400,152070.0,152145.0,152000.0,152115.0,78107,5,289930
WIN$D,M15,1759848300,152115.0,152145.0,152045.0,152085.0,54500,5,208808
WIN$D,M15,1759849200,152085.0,152150.0,152025.0,152125.0,56701,5,211521
WIN$D,M15,1759850100,152125.0,152235.0,152115.0,152220.0,68884,5,259515
WIN$D,M15,1759851000,152220.0,152410.0,152165.0,152395.0,89879,5,342959
WIN$D,M15,1759851900,152395.0,152465.0,152305.0,152310.0,88548,5,346080
WIN$D,M15,1759852800,152305.0,152355.0,152260.0,152330.0,61739,5,242676
WIN$D,M15,1759853700,152330.0,152380.0,152280.0,152290.0,61046,5,244078
WIN$D,M15,1759854600,152295.0,152360.0,152265.0,152275.0,41555,5,164117
WIN$D,M15,1759855500,152275.0,152285.0,152170.0,152215.0,76209,5,302299
WIN$D,M15,1759856400,152215.0,152275.0,152155.0,152165.0,53436,5,201983
WIN$D,M15,1759857300,152160.0,152215.0,152140.0,152170.0,27231,5,105128
WIN$D,M15,1759858200,152165.0,152200.0,152150.0,152190.0,20347,5,74577
WIN$D,M15,1759859100,152190.0,152240.0,152170.0,152230.0,22452,5,75108
WIN$D,M15,1759860000,152225.0,152255.0,152085.0,152115.0,31510,5,89605
WIN$D,M15,1759860900,152115.0,152155.0,152035.0,152050.0,19302,5,63483
WIN$D,M15,1759914000,152135.0,152360.0,152075.0,152210.0,185186,5,566203
WIN$D,M15,1759914900,152205.0,152900.0,152170.0,152735.0,320244,5,997883
WIN$D,M15,1759915800,152735.0,152840.0,152395.0,152595.0,262482,5,832250
WIN$D,M15,1759916700,152595.0,152800.0,152535.0,152740.0,188006,5,591704
WIN$D,M15,1759917600,152740.0,152830.0,152420.0,152645.0,333857,5,1027944
WIN$D,M15,1759918500,152650.0,152915.0,152565.0,152845.0,237916,5,755538
WIN$D,M15,1759919400,152850.0,152895.0,152505.0,152810.0,310892,5,1065791
WIN$D,M15,1759920300,152810.0,152870.0,152585.0,152670.0,190222,5,642086
WIN$D,M15,1759921200,152670.0,152975.0,152590.0,152850.0,223864,5,788584
WIN$D,M15,1759922100,152845.0,153125.0,152755.0,153040.0,191252,5,687579
WIN$D,M15,1759923000,153040.0,153135.0,152885.0,152925.0,158724,5,560645
WIN$D,M15,1759923900,152925.0,153150.0,152850.0,153020.0,134611,5,472671
WIN$D,M15,1759924800,153025.0,153085.0,152825.0,152925.0,104841,5,375729
WIN$D,M15,1759925700,152925.0,152985.0,152810.0,152880.0,102711,5,364890
WIN$D,M15,1759926600,152875.0,152920.0,152790.0,152850.0,76240,5,278146
WIN$D,M15,1759927500,152850.0,152880.0,152455.0,152605.0,148137,5,528086
WIN$D,M15,1759928400,152600.0,152690.0,152500.0,152540.0,90321,5,315006
WIN$D,M15,1759929300,152540.0,152640.0,152505.0,152635.0,50699,5,175082
WIN$D,M15,1759930200,152635.0,152675.0,152495.0,152660.0,68719,5,248031
WIN$D,M15,1759931100,152660.0,152710.0,152600.0,152655.0,60006,5,221846
WIN$D,M15,1759932000,152660.0,152665.0,152575.0,152625.0,56524,5,214915
WIN$D,M15,1759932900,152630.0,152695.0,152555.0,152650.0,49742,5,195060
WIN$D,M15,1759933800,152650.0,152740.0,152540.0,152685.0,68675,5,251875
WIN$D,M15,1759934700,152685.0,152710.0,152570.0,152640.0,57529,5,208664
WIN$D,M15,1759935600,152640.0,152650.0,152520.0,152570.0,54161,5,210822
WIN$D,M15,1759936500,152575.0,152675.0,152545.0,152660.0,52399,5,197732
WIN$D,M15,1759937400,152660.0,152860.0,152660.0,152780.0,86882,5,327005
WIN$D,M15,1759938300,152780.0,152800.0,152615.0,152685.0,73183,5,280886
WIN$D,M15,1759939200,152685.0,152845.0,152675.0,152720.0,67538,5,257674
WIN$D,M15,1759940100,152715.0,152870.0,152670.0,152805.0,66207,5,259141
WIN$D,M15,1759941000,152805.0,152820.0,152680.0,152755.0,56349,5,224107
WIN$D,M15,1759941900,152755.0,152840.0,152750.0,152765.0,56426,5,221493
WIN$D,M15,1759942800,152765.0,153005.0,152765.0,152965.0,95808,5,351709
WIN$D,M15,1759943700,152965.0,153005.0,152910.0,152980.0,29524,5,99455
WIN$D,M15,1759944600,152975.0,153025.0,152915.0,152925.0,27846,5,91424
WIN$D,M15,1759945500,152920.0,152985.0,152875.0,152975.0,25064,5,82082
WIN$D,M15,1759946400,152975.0,153215.0,152935.0,153065.0,58804,5,137976
WIN$D,M15,1759947300,153065.0,153090.0,152925.0,152925.0,18298,5,46551
WIN$D,M15,1760000400,153335.0,153975.0,153290.0,153925.0,337040,5,923804
WIN$D,M15,1760001300,153925.0,154235.0,153860.0,153990.0,267622,5,830712
WIN$D,M15,1760002200,153985.0,153990.0,153500.0,153630.0,261193,5,834217
WIN$D,M15,1760003100,153630.0,153785.0,153410.0,153715.0,252547,5,777887
WIN$D,M15,1760004000,153715.0,153785.0,153360.0,153445.0,313637,5,947950
WIN$D,M15,1760004900,153445.0,153635.0,153255.0,153540.0,249226,5,793264
WIN$D,M15,1760005800,153545.0,153950.0,153250.0,153270.0,375072,5,1217662
WIN$D,M15,1760006700,153275.0,153280.0,152885.0,152945.0,262737,5,894544
WIN$D,M15,1760007600,152945.0,153095.0,152720.0,152815.0,238613,5,809078
WIN$D,M15,1760008500,152810.0,153025.0,152780.0,152870.0,139968,5,467821
WIN$D,M15,1760009400,152870.0,152900.0,152565.0,152630.0,203932,5,715423
WIN$D,M15,1760010300,152630.0,152975.0,152545.0,152790.0,151719,5,530751
WIN$D,M15,1760011200,152790.0,153170.0,152775.0,153125.0,136072,5,484791
WIN$D,M15,1760012100,153125.0,153245.0,152950.0,152965.0,118867,5,408151
WIN$D,M15,1760013000,152960.0,153030.0,152790.0,152795.0,106763,5,370543
WIN$D,M15,1760013900,152795.0,153110.0,152790.0,153030.0,98345,5,333947
WIN$D,M15,1760014800,153035.0,153100.0,152905.0,152985.0,85194,5,291639
WIN$D,M15,1760015700,152985.0,152985.0,152845.0,152930.0,66703,5,228251
WIN$D,M15,1760016600,152925.0,152990.0,152730.0,152835.0,78238,5,263446
WIN$D,M15,1760017500,152840.0,152930.0,152685.0,152700.0,86836,5,299021
WIN$D,M15,1760018400,152705.0,152710.0,152485.0,152560.0,129491,5,429939
WIN$D,M15,1760019300,152555.0,152565.0,152415.0,152430.0,86476,5,289012
WIN$D,M15,1760020200,152430.0,152540.0,152350.0,152375.0,94801,5,324204
WIN$D,M15,1760021100,152375.0,152430.0,152325.0,152390.0,64626,5,233508
WIN$D,M15,1760022000,152390.0,152395.0,152260.0,152320.0,80274,5,299500
WIN$D,M15,1760022900,152320.0,152485.0,152290.0,152355.0,82112,5,297611
WIN$D,M15,1760023800,152360.0,152395.0,152265.0,152320.0,57180,5,210593
WIN$D,M15,1760024700,152320.0,152370.0,152245.0,152355.0,46502,5,166702
WIN$D,M15,1760025600,152355.0,152420.0,152315.0,152360.0,51639,5,184442
WIN$D,M15,1760026500,152360.0,152430.0,152320.0,152390.0,41712,5,150514
WIN$D,M15,1760027400,152395.0,152465.0,152375.0,152435.0,44427,5,160158
WIN$D,M15,1760028300,152435.0,152540.0,152425.0,152440.0,61934,5,218723
WIN$D,M15,1760029200,152440.0,152580.0,152310.0,152325.0,80872,5,263918
WIN$D,M15,1760030100,152330.0,152380.0,152290.0,152360.0,35041,5,115013
WIN$D,M15,1760031000,152360.0,152435.0,152355.0,152415.0,28189,5,91116
WIN$D,M15,1760031900,152410.0,152450.0,152360.0,152375.0,23210,5,71447
WIN$D,M15,1760032800,152380.0,152430.0,152325.0,152380.0,29147,5,72229
WIN$D,M15,1760033700,152375.0,152415.0,152325.0,152325.0,14971,5,41346
WIN$D,M15,1760086800,152580.0,152695.0,152320.0,152450.0,243350,5,724748
WIN$D,M15,1760087700,152455.0,152795.0,152440.0,152755.0,195278,5,612757
WIN$D,M15,1760088600,152755.0,153020.0,152715.0,152720.0,222694,5,725978
WIN$D,M15,1760089500,152725.0,153100.0,152700.0,153080.0,178332,5,588482
WIN$D,M15,1760090400,153085.0,153120.0,152550.0,152625.0,344606,5,1134171
WIN$D,M15,1760091300,152625.0,153005.0,152625.0,152705.0,265579,5,880190
WIN$D,M15,1760092200,152710.0,152775.0,152300.0,152765.0,331270,5,1157573
WIN$D,M15,1760093100,152765.0,152865.0,151790.0,152220.0,398915,5,1334203
WIN$D,M15,1760094000,152220.0,152695.0,151875.0,152335.0,323849,5,1030742
WIN$D,M15,1760094900,152340.0,152665.0,152050.0,152115.0,236324,5,779533
WIN$D,M15,1760095800,152115.0,152395.0,151945.0,152325.0,178052,5,563771
WIN$D,M15,1760096700,152320.0,152450.0,151925.0,151995.0,184886,5,610839
WIN$D,M15,1760097600,151995.0,152040.0,151520.0,151830.0,307344,5,952451
WIN$D,M15,1760098500,151830.0,151870.0,151470.0,151500.0,219358,5,687566
WIN$D,M15,1760099400,151495.0,151620.0,151260.0,151610.0,218398,5,713696
WIN$D,M15,1760100300,151605.0,151715.0,151355.0,151415.0,146058,5,473052
WIN$D,M15,1760101200,151420.0,151485.0,151255.0,151335.0,146899,5,466795
WIN$D,M15,1760102100,151340.0,151370.0,151165.0,151210.0,139043,5,447890
WIN$D,M15,1760103000,151210.0,151430.0,151020.0,151090.0,133915,5,449915
WIN$D,M15,1760103900,151085.0,151130.0,150860.0,150920.0,111584,5,381985
WIN$D,M15,1760104800,150925.0,151125.0,150800.0,150960.0,127698,5,423740
WIN$D,M15,1760105700,150960.0,151230.0,150945.0,151190.0,103399,5,326228
WIN$D,M15,1760106600,151190.0,151535.0,151170.0,151270.0,135648,5,453550
WIN$D,M15,1760107500,151265.0,151480.0,151155.0,151395.0,106323,5,363014
WIN$D,M15,1760108400,151400.0,151520.0,151290.0,151480.0,93303,5,300781
WIN$D,M15,1760109300,151480.0,151535.0,151300.0,151335.0,85588,5,276614
WIN$D,M15,1760110200,151340.0,151400.0,151290.0,151305.0,63413,5,200121
WIN$D,M15,1760111100,151300.0,151480.0,151295.0,151400.0,77665,5,274667
WIN$D,M15,1760112000,151400.0,151555.0,151360.0,151405.0,75877,5,259683
WIN$D,M15,1760112900,151405.0,151505.0,151385.0,151415.0,48366,5,170333
WIN$D,M15,1760113800,151415.0,151485.0,151250.0,151475.0,76347,5,270701
WIN$D,M15,1760114700,151475.0,151490.0,151225.0,151270.0,85019,5,296647
WIN$D,M15,1760115600,151270.0,151350.0,151125.0,151285.0,60314,5,202512
WIN$D,M15,1760116500,151285.0,151385.0,151150.0,151365.0,40947,5,137614
WIN$D,M15,1760117400,151365.0,151405.0,151310.0,151340.0,18214,5,66843
WIN$D,M15,1760118300,151340.0,151355.0,150600.0,150765.0,63984,5,225181
WIN$D,M15,1760119200,150765.0,150910.0,150625.0,150645.0,38141,5,104343
WIN$D,M15,1760120100,150645.0,150785.0,150490.0,150785.0,14063,5,47755
WIN$D,M15,1760346000,151985.0,152410.0,151985.0,152105.0,301758,5,865904
WIN$D,M15,1760346900,152105.0,152280.0,152020.0,152200.0,205628,5,617090
WIN$D,M15,1760347800,152200.0,152465.0,152150.0,152425.0,230270,5,708212
WIN$D,M15,1760348700,152425.0,152665.0,152295.0,152455.0,255298,5,799496
WIN$D,M15,1760349600,152455.0,152540.0,152190.0,152275.0,299934,5,911238
WIN$D,M15,1760350500,152275.0,152730.0,152270.0,152620.0,316984,5,958766
WIN$D,M15,1760351400,152625.0,152665.0,152145.0,152230.0,353531,5,1034839
WIN$D,M15,1760352300,152230.0,152635.0,152185.0,152560.0,245587,5,731521
WIN$D,M15,1760353200,152555.0,152665.0,152345.0,152650.0,236103,5,744852
WIN$D,M15,1760354100,152645.0,152690.0,152185.0,152345.0,232648,5,751581
WIN$D,M15,1760355000,152350.0,152750.0,152320.0,152685.0,208929,5,664395
WIN$D,M15,1760355900,152685.0,152730.0,152475.0,152500.0,169454,5,532684
WIN$D,M15,1760356800,152495.0,152600.0,152350.0,152595.0,152072,5,505704
WIN$D,M15,1760357700,152590.0,152775.0,152545.0,152660.0,146263,5,492647
WIN$D,M15,1760358600,152660.0,152685.0,152535.0,152660.0,91256,5,295364
WIN$D,M15,1760359500,152665.0,152735.0,152560.0,152580.0,90688,5,301136
WIN$D,M15,1760360400,152575.0,152780.0,152565.0,152680.0,81939,5,263764
WIN$D,M15,1760361300,152680.0,152745.0,152615.0,152720.0,76619,5,238628
WIN$D,M15,1760362200,152715.0,152885.0,152710.0,152760.0,106343,5,355984
WIN$D,M15,1760363100,152760.0,152885.0,152730.0,152800.0,79596,5,263484
WIN$D,M15,1760364000,152800.0,152830.0,152615.0,152630.0,86111,5,283238
WIN$D,M15,1760364900,152630.0,152680.0,152475.0,152530.0,97772,5,329323
WIN$D,M15,1760365800,152530.0,152630.0,152425.0,152590.0,110839,5,377127
WIN$D,M15,1760366700,152585.0,152660.0,152495.0,152525.0,80986,5,266058
WIN$D,M15,1760367600,152525.0,152650.0,152510.0,152560.0,60176,5,216210
WIN$D,M15,1760368500,152565.0,152675.0,152480.0,152490.0,70916,5,265964
WIN$D,M15,1760369400,152485.0,152580.0,152445.0,152525.0,76386,5,293365
WIN$D,M15,1760370300,152525.0,152565.0,152380.0,152445.0,67034,5,243254
WIN$D,M15,1760371200,152445.0,152505.0,152325.0,152410.0,76320,5,268386
WIN$D,M15,1760372100,152410.0,152500.0,152385.0,152435.0,60643,5,229466
WIN$D,M15,1760373000,152430.0,152445.0,152360.0,152410.0,46560,5,181265
WIN$D,M15,1760373900,152410.0,152425.0,152290.0,152305.0,53432,5,194417
WIN$D,M15,1760374800,152305.0,152360.0,152125.0,152130.0,73053,5,261155
WIN$D,M15,1760375700,152130.0,152165.0,152015.0,152075.0,45499,5,167505
WIN$D,M15,1760376600,152075.0,152085.0,151980.0,152035.0,33032,5,114365
WIN$D,M15,1760377500,152030.0,152115.0,151915.0,152080.0,50415,5,160720
WIN$D,M15,1760378400,152075.0,152120.0,151985.0,152050.0,40767,5,103167
WIN$D,M15,1760379300,152050.0,152100.0,151960.0,152050.0,19022,5,49269
WIN$D,M15,1760432400,151025.0,151300.0,150935.0,151205.0,233824,5,709998
WIN$D,M15,1760433300,151200.0,151815.0,151140.0,151665.0,318173,5,1002925
WIN$D,M15,1760434200,151660.0,151985.0,151645.0,151955.0,239891,5,751278
WIN$D,M15,1760435100,151955.0,152030.0,151575.0,151775.0,244684,5,743684
WIN$D,M15,1760436000,151775.0,152440.0,151630.0,151915.0,372123,5,1141578
WIN$D,M15,1760436900,151920.0,152130.0,151750.0,151975.0,229330,5,694871
WIN$D,M15,1760437800,151980.0,152470.0,151890.0,152055.0,389750,5,1231159
WIN$D,M15,1760438700,152055.0,152500.0,151995.0,152415.0,268650,5,859063
WIN$D,M15,1760439600,152415.0,152625.0,152270.0,152570.0,249209,5,802548
WIN$D,M15,1760440500,152570.0,153125.0,152560.0,153030.0,265390,5,882821
WIN$D,M15,1760441400,153030.0,153110.0,152540.0,152540.0,204209,5,676232
WIN$D,M15,1760442300,152545.0,152775.0,152535.0,152565.0,139227,5,471205
WIN$D,M15,1760443200,152570.0,152645.0,152400.0,152535.0,145506,5,501237
WIN$D,M15,1760444100,152535.0,152755.0,152500.0,152705.0,118651,5,411053
WIN$D,M15,1760445000,152700.0,152910.0,152630.0,152685.0,139208,5,475426
WIN$D,M15,1760445900,152690.0,152930.0,152685.0,152840.0,92289,5,298323
WIN$D,M15,1760446800,152840.0,152860.0,152405.0,152465.0,139076,5,437305
WIN$D,M15,1760447700,152470.0,152705.0,152425.0,152690.0,119306,5,380581
WIN$D,M15,1760448600,152690.0,152815.0,152605.0,152795.0,95342,5,304048
WIN$D,M15,1760449500,152795.0,152975.0,152745.0,152755.0,133366,5,426916
WIN$D,M15,1760450400,152760.0,152800.0,152655.0,152750.0,91526,5,312218
WIN$D,M15,1760451300,152750.0,152805.0,152645.0,152760.0,77332,5,264695
WIN$D,M15,1760452200,152765.0,152795.0,152570.0,152675.0,83645,5,287354
WIN$D,M15,1760453100,152680.0,152690.0,152565.0,152645.0,55767,5,196747
WIN$D,M15,1760454000,152645.0,152660.0,152470.0,152590.0,86890,5,307524
WIN$D,M15,1760454900,152585.0,152615.0,152415.0,152485.0,85513,5,313232
WIN$D,M15,1760455800,152480.0,152515.0,152125.0,152165.0,136132,5,472031
WIN$D,M15,1760456700,152160.0,152370.0,152125.0,152295.0,96238,5,338798
WIN$D,M15,1760457600,152290.0,152370.0,152260.0,152315.0,47185,5,164399
WIN$D,M15,1760458500,152310.0,152355.0,152255.0,152270.0,38289,5,129377
WIN$D,M15,1760459400,152275.0,152275.0,151755.0,152080.0,193773,5,649434
WIN$D,M15,1760460300,152085.0,152185.0,152040.0,152130.0,83616,5,253491
WIN$D,M15,1760461200,152130.0,152200.0,152065.0,152100.0,46511,5,140787
WIN$D,M15,1760462100,152105.0,152130.0,152050.0,152090.0,17641,5,55987
WIN$D,M15,1760463000,152095.0,152170.0,152065.0,152115.0,24556,5,75845
WIN$D,M15,1760463900,152110.0,152160.0,152085.0,152110.0,19723,5,49510
WIN$D,M15,1760464800,152115.0,152910.0,152105.0,152375.0,70363,5,193315
WIN$D,M15,1760465700,152380.0,152420.0,152130.0,152225.0,20077,5,53004
WIN$D,M15,1760518800,152455.0,152715.0,152150.0,152225.0,317371,5,837339
WIN$D,M15,1760519700,152220.0,152245.0,151900.0,151930.0,236122,5,710542
WIN$D,M15,1760520600,151925.0,152000.0,151630.0,151765.0,213308,5,663020
WIN$D,M15,1760521500,151765.0,151910.0,151655.0,151735.0,182230,5,565831
WIN$D,M15,1760522400,151730.0,151790.0,151315.0,151660.0,317729,5,1021286
WIN$D,M15,1760523300,151660.0,151910.0,151560.0,151755.0,267051,5,873744
WIN$D,M15,1760524200,151755.0,152440.0,151735.0,152015.0,364618,5,1169785
WIN$D,M15,1760525100,152015.0,152955.0,152010.0,152890.0,313761,5,1004835
WIN$D,M15,1760526000,152895.0,153410.0,152890.0,153260.0,287431,5,956396
WIN$D,M15,1760526900,153260.0,153290.0,152860.0,152955.0,209541,5,679677
WIN$D,M15,1760527800,152955.0,153095.0,152775.0,152805.0,125339,5,408601
WIN$D,M15,1760528700,152805.0,153320.0,152795.0,153275.0,181674,5,606157
WIN$D,M15,1760529600,153275.0,153280.0,152920.0,152955.0,135689,5,448124
WIN$D,M15,1760530500,152955.0,153135.0,152915.0,152995.0,99610,5,326833
WIN$D,M15,1760531400,152990.0,153150.0,152820.0,152975.0,123986,5,399952
WIN$D,M15,1760532300,152975.0,152985.0,152500.0,152655.0,140850,5,461643
WIN$D,M15,1760533200,152660.0,152785.0,152565.0,152745.0,104697,5,326975
WIN$D,M15,1760534100,152745.0,152850.0,152670.0,152745.0,71839,5,217917
WIN$D,M15,1760535000,152745.0,152850.0,152665.0,152785.0,71656,5,217774
WIN$D,M15,1760535900,152790.0,152905.0,152670.0,152900.0,71810,5,225995
WIN$D,M15,1760536800,152895.0,152930.0,152265.0,152310.0,169548,5,569618
WIN$D,M15,1760537700,152310.0,152805.0,152255.0,152620.0,165549,5,528040
WIN$D,M15,1760538600,152625.0,152845.0,152540.0,152825.0,92853,5,305271
WIN$D,M15,1760539500,152825.0,153150.0,152800.0,153015.0,140634,5,465081
WIN$D,M15,1760540400,153015.0,153320.0,152995.0,153290.0,113723,5,384487
WIN$D,M15,1760541300,153290.0,153355.0,153050.0,153085.0,100529,5,368871
WIN$D,M15,1760542200,153085.0,153160.0,152910.0,153110.0,93721,5,340511
WIN$D,M15,1760543100,153115.0,153280.0,153025.0,153170.0,82091,5,289822
WIN$D,M15,1760544000,153165.0,153270.0,153130.0,153185.0,64472,5,232708
WIN$D,M15,1760544900,153180.0,153235.0,153015.0,153070.0,63591,5,216374
WIN$D,M15,1760545800,153065.0,153120.0,152990.0,153075.0,55113,5,188826
WIN$D,M15,1760546700,153070.0,153155.0,152915.0,152960.0,85004,5,295144
WIN$D,M15,1760547600,152960.0,153055.0,152925.0,153035.0,49335,5,154532
WIN$D,M15,1760548500,153030.0,153080.0,152975.0,153005.0,32241,5,101570
WIN$D,M15,1760549400,153005.0,153040.0,152940.0,152960.0,19023,5,60173
WIN$D,M15,1760550300,152955.0,153200.0,152930.0,153050.0,35709,5,104962
WIN$D,M15,1760551200,153050.0,153165.0,152990.0,153035.0,34540,5,74396
WIN$D,M15,1760552100,153040.0,153125.0,152990.0,153025.0,12183,5,31624
WIN$D,M15,1760605200,153045.0,153240.0,152730.0,152890.0,285506,5,794635
WIN$D,M15,1760606100,152890.0,153005.0,152445.0,152555.0,220342,5,682560
WIN$D,M15,1760607000,152550.0,152565.0,152190.0,152215.0,235120,5,762184
WIN$D,M15,1760607900,152215.0,152300.0,151995.0,152105.0,195463,5,639288
WIN$D,M15,1760608800,152105.0,152290.0,151940.0,152080.0,223266,5,734888
WIN$D,M15,1760609700,152075.0,152080.0,151670.0,151815.0,283437,5,965089
WIN$D,M15,1760610600,151810.0,152265.0,151640.0,151985.0,320156,5,1088829
WIN$D,M15,1760611500,151985.0,152510.0,151970.0,152470.0,235483,5,810018
WIN$D,M15,1760612400,152465.0,152625.0,152215.0,152480.0,212339,5,732202
WIN$D,M15,1760613300,152485.0,152600.0,152250.0,152465.0,191884,5,658214
WIN$D,M15,1760614200,152470.0,152945.0,152430.0,152800.0,217219,5,773817
WIN$D,M15,1760615100,152800.0,153210.0,152700.0,153075.0,175006,5,621345
WIN$D,M15,1760616000,153070.0,153390.0,153010.0,153280.0,168826,5,562940
WIN$D,M15,1760616900,153280.0,153505.0,153100.0,153145.0,158433,5,556116
WIN$D,M15,1760617800,153140.0,153230.0,152810.0,152840.0,141760,5,492581
WIN$D,M15,1760618700,152840.0,153060.0,152770.0,153040.0,105708,5,367688
WIN$D,M15,1760619600,153040.0,153130.0,152865.0,153035.0,103296,5,350442
WIN$D,M15,1760620500,153035.0,153105.0,152730.0,152750.0,118608,5,409405
WIN$D,M15,1760621400,152745.0,152755.0,152350.0,152625.0,193442,5,664079
WIN$D,M15,1760622300,152625.0,153150.0,152405.0,153120.0,175278,5,595326
WIN$D,M15,1760623200,153120.0,153125.0,152850.0,152915.0,129129,5,404011
WIN$D,M15,1760624100,152910.0,152990.0,152775.0,152900.0,103443,5,332425
WIN$D,M15,1760625000,152895.0,152940.0,152600.0,152670.0,91396,5,297147
WIN$D,M15,1760625900,152670.0,152670.0,152480.0,152620.0,98258,5,337806
WIN$D,M15,1760626800,152620.0,152630.0,152455.0,152485.0,98954,5,328387
WIN$D,M15,1760627700,152480.0,152575.0,152355.0,152455.0,106100,5,344366
WIN$D,M15,1760628600,152455.0,152735.0,152330.0,152720.0,126529,5,412948
WIN$D,M15,1760629500,152725.0,152740.0,152580.0,152635.0,73904,5,239579
WIN$D,M15,1760630400,152640.0,152685.0,152530.0,152540.0,66737,5,223149
WIN$D,M15,1760631300,152540.0,152570.0,152375.0,152465.0,70655,5,242362
WIN$D,M15,1760632200,152460.0,152535.0,152390.0,152515.0,57583,5,192124
WIN$D,M15,1760633100,152510.0,152605.0,152440.0,152450.0,67201,5,233710
WIN$D,M15,1760634000,152445.0,152470.0,152340.0,152390.0,48723,5,171810
WIN$D,M15,1760634900,152390.0,152520.0,152385.0,152490.0,30278,5,100938
WIN$D,M15,1760635800,152485.0,152510.0,152435.0,152495.0,17270,5,59429
WIN$D,M15,1760636700,152495.0,152515.0,152400.0,152410.0,19459,5,65813
WIN$D,M15,1760637600,152410.0,152480.0,152380.0,152425.0,22550,5,53452
WIN$D,M15,1760638500,152425.0,152505.0,152320.0,152320.0,14103,5,43865
WIN$D,M15,1760691600,152195.0,152765.0,152060.0,152455.0,365241,5,1012446
WIN$D,M15,1760692500,152450.0,152760.0,152225.0,152385.0,266373,5,790266
WIN$D,M15,1760693400,152385.0,152440.0,152015.0,152050.0,208061,5,646065
WIN$D,M15,1760694300,152050.0,152050.0,151535.0,151645.0,220911,5,706628
WIN$D,M15,1760695200,151640.0,151860.0,151490.0,151550.0,228018,5,730950
WIN$D,M15,1760696100,151555.0,151925.0,151390.0,151850.0,260791,5,864819
WIN$D,M15,1760697000,151850.0,152890.0,151745.0,152820.0,429744,5,1469766
WIN$D,M15,1760697900,152820.0,153180.0,152675.0,153100.0,260491,5,924437
WIN$D,M15,1760698800,153100.0,153340.0,152840.0,153180.0,252295,5,847483
WIN$D,M15,1760699700,153185.0,153455.0,152980.0,153215.0,205765,5,719635
WIN$D,M15,1760700600,153215.0,153435.0,153020.0,153340.0,163079,5,565335
WIN$D,M15,1760701500,153340.0,153545.0,153230.0,153255.0,147239,5,502070
WIN$D,M15,1760702400,153255.0,153605.0,153155.0,153170.0,151422,5,511127
WIN$D,M15,1760703300,153170.0,153250.0,152960.0,153195.0,120325,5,399814
WIN$D,M15,1760704200,153195.0,153380.0,153115.0,153295.0,105663,5,348014
WIN$D,M15,1760705100,153295.0,153740.0,153250.0,153615.0,134939,5,463265
WIN$D,M15,1760706000,153615.0,153700.0,153510.0,153610.0,76511,5,239641
WIN$D,M15,1760706900,153610.0,153675.0,153355.0,153465.0,93869,5,316467
WIN$D,M15,1760707800,153460.0,153550.0,153310.0,153340.0,76279,5,236719
WIN$D,M15,1760708700,153345.0,153510.0,153305.0,153370.0,81241,5,261401
WIN$D,M15,1760709600,153370.0,153400.0,153205.0,153325.0,89220,5,291301
WIN$D,M15,1760710500,153325.0,153335.0,153195.0,153270.0,61268,5,196409
WIN$D,M15,1760711400,153265.0,153320.0,153130.0,153205.0,74841,5,250447
WIN$D,M15,1760712300,153205.0,153400.0,153170.0,153330.0,86748,5,294778
WIN$D,M15,1760713200,153325.0,153485.0,153320.0,153405.0,70883,5,252347
WIN$D,M15,1760714100,153410.0,153660.0,153380.0,153540.0,88018,5,319834
WIN$D,M15,1760715000,153540.0,153625.0,153505.0,153615.0,52654,5,193083
WIN$D,M15,1760715900,153615.0,153710.0,153560.0,153565.0,62994,5,213041
WIN$D,M15,1760716800,153570.0,153665.0,153530.0,153565.0,51742,5,180749
WIN$D,M15,1760717700,153560.0,153580.0,153450.0,153545.0,51534,5,178607
WIN$D,M15,1760718600,153545.0,153550.0,153455.0,153520.0,43580,5,159047
WIN$D,M15,1760719500,153520.0,153575.0,153370.0,153390.0,70430,5,263554
WIN$D,M15,1760720400,153390.0,153560.0,153375.0,153495.0,59206,5,206065
WIN$D,M15,1760721300,153495.0,153525.0,153360.0,153405.0,34408,5,118558
WIN$D,M15,1760722200,153410.0,153490.0,153330.0,153475.0,31038,5,111456
WIN$D,M15,1760723100,153465.0,153555.0,153420.0,153455.0,26520,5,99325
WIN$D,M15,1760724000,153450.0,153555.0,153380.0,153515.0,27861,5,77402
WIN$D,M15,1760724900,153510.0,153855.0,153490.0,153760.0,21544,5,85111
WIN$D,M15,1760950800,153630.0,154120.0,153560.0,153820.0,332254,5,861181
WIN$D,M15,1760951700,153815.0,154180.0,153770.0,154070.0,243058,5,690610
WIN$D,M15,1760952600,154070.0,154235.0,153860.0,153970.0,275263,5,796353
WIN$D,M15,1760953500,153970.0,154130.0,153725.0,153815.0,209256,5,615033
WIN$D,M15,1760954400,153815.0,154255.0,153805.0,154030.0,342805,5,1022603
WIN$D,M15,1760955300,154025.0,154200.0,153615.0,154035.0,346201,5,1053801
WIN$D,M15,1760956200,154035.0,154480.0,153830.0,154200.0,369846,5,1144512
WIN$D,M15,1760957100,154195.0,154575.0,154000.0,154460.0,290377,5,902066
WIN$D,M15,1760958000,154465.0,154860.0,154460.0,154705.0,250984,5,814756
WIN$D,M15,1760958900,154705.0,154945.0,154695.0,154850.0,184788,5,612545
WIN$D,M15,1760959800,154850.0,154975.0,154680.0,154905.0,170117,5,556154
WIN$D,M15,1760960700,154905.0,154970.0,154830.0,154865.0,93814,5,317147
WIN$D,M15,1760961600,154860.0,155010.0,154815.0,154965.0,135988,5,461629
WIN$D,M15,1760962500,154960.0,155285.0,154930.0,155185.0,182924,5,646156
WIN$D,M15,1760963400,155190.0,155310.0,155135.0,155255.0,101277,5,352916
WIN$D,M15,1760964300,155255.0,155375.0,155225.0,155325.0,116436,5,386584
WIN$D,M15,1760965200,155325.0,155355.0,155100.0,155155.0,118930,5,387681
WIN$D,M15,1760966100,155155.0,155280.0,155050.0,155270.0,82461,5,288944
WIN$D,M15,1760967000,155265.0,155525.0,155240.0,155425.0,130687,5,464567
WIN$D,M15,1760967900,155425.0,155430.0,155155.0,155180.0,91952,5,321733
WIN$D,M15,1760968800,155180.0,155305.0,155070.0,155230.0,96955,5,347097
WIN$D,M15,1760969700,155230.0,155285.0,155160.0,155170.0,58619,5,205373
WIN$D,M15,1760970600,155170.0,155230.0,155085.0,155100.0,54076,5,181722
WIN$D,M15,1760971500,155100.0,155195.0,155050.0,155085.0,70699,5,241295
WIN$D,M15,1760972400,155085.0,155105.0,154960.0,155080.0,79542,5,264918
WIN$D,M15,1760973300,155080.0,155100.0,154985.0,155020.0,49941,5,167079
WIN$D,M15,1760974200,155015.0,155075.0,154930.0,154955.0,65588,5,239673
WIN$D,M15,1760975100,154960.0,155060.0,154915.0,154965.0,62590,5,232302
WIN$D,M15,1760976000,154965.0,155025.0,154810.0,154875.0,77112,5,286900
WIN$D,M15,1760976900,154875.0,154895.0,154790.0,154840.0,51477,5,189175
WIN$D,M15,1760977800,154840.0,154865.0,154740.0,154825.0,60954,5,221908
WIN$D,M15,1760978700,154830.0,154860.0,154765.0,154810.0,53235,5,187595
WIN$D,M15,1760979600,154810.0,154810.0,154655.0,154745.0,62315,5,216335
WIN$D,M15,1760980500,154750.0,154760.0,154685.0,154720.0,22158,5,73082
WIN$D,M15,1760981400,154715.0,154760.0,154680.0,154750.0,20817,5,65440
WIN$D,M15,1760982300,154745.0,154830.0,154715.0,154755.0,33154,5,110301
WIN$D,M15,1760983200,154760.0,154770.0,154670.0,154675.0,22364,5,51833
WIN$D,M15,1760984100,154680.0,154690.0,154580.0,154610.0,22842,5,68613
WIN$D,M15,1761037200,154410.0,154705.0,154140.0,154700.0,318269,5,861421
WIN$D,M15,1761038100,154700.0,154960.0,154670.0,154860.0,214858,5,637643
WIN$D,M15,1761039000,154865.0,154900.0,154395.0,154465.0,285992,5,859904
WIN$D,M15,1761039900,154465.0,154530.0,154280.0,154295.0,172011,5,532190
WIN$D,M15,1761040800,154295.0,154475.0,154165.0,154375.0,310792,5,971630
WIN$D,M15,1761041700,154380.0,154435.0,154110.0,154190.0,254764,5,823793
WIN$D,M15,1761042600,154185.0,154335.0,153955.0,154295.0,330757,5,1093915
WIN$D,M15,1761043500,154295.0,155030.0,154205.0,154465.0,362472,5,1093586
WIN$D,M15,1761044400,154465.0,154690.0,154125.0,154685.0,241250,5,728265
WIN$D,M15,1761045300,154685.0,155050.0,154650.0,154840.0,236154,5,768144
WIN$D,M15,1761046200,154835.0,154875.0,154460.0,154595.0,178469,5,564479
WIN$D,M15,1761047100,154600.0,154730.0,154435.0,154685.0,154287,5,516178
WIN$D,M15,1761048000,154680.0,154860.0,154535.0,154640.0,145407,5,488775
WIN$D,M15,1761048900,154645.0,154655.0,154400.0,154555.0,124992,5,423221
WIN$D,M15,1761049800,154550.0,154700.0,154360.0,154560.0,118169,5,400687
WIN$D,M15,1761050700,154560.0,154645.0,154465.0,154630.0,65729,5,220314
WIN$D,M15,1761051600,154630.0,154680.0,154275.0,154380.0,146040,5,481859
WIN$D,M15,1761052500,154380.0,154535.0,154325.0,154450.0,70102,5,241447
WIN$D,M15,1761053400,154455.0,154580.0,154440.0,154460.0,65796,5,228016
WIN$D,M15,1761054300,154460.0,154470.0,154005.0,154070.0,138859,5,484290
WIN$D,M15,1761055200,154070.0,154400.0,154005.0,154365.0,115590,5,395069
WIN$D,M15,1761056100,154365.0,154420.0,154220.0,154330.0,90982,5,316560
WIN$D,M15,1761057000,154330.0,154445.0,154245.0,154375.0,74769,5,265140
WIN$D,M15,1761057900,154375.0,154545.0,154290.0,154400.0,115504,5,413884
WIN$D,M15,1761058800,154395.0,154425.0,154270.0,154340.0,58950,5,204726
WIN$D,M15,1761059700,154340.0,154415.0,154290.0,154350.0,48940,5,174031
WIN$D,M15,1761060600,154350.0,154405.0,154230.0,154295.0,56100,5,198144
WIN$D,M15,1761061500,154295.0,154360.0,154250.0,154255.0,41349,5,148916
WIN$D,M15,1761062400,154250.0,154310.0,154205.0,154290.0,49821,5,174166
WIN$D,M15,1761063300,154290.0,154315.0,154190.0,154210.0,40433,5,143687
WIN$D,M15,1761064200,154210.0,154305.0,154175.0,154300.0,39892,5,144777
WIN$D,M15,1761065100,154305.0,154310.0,154175.0,154210.0,44833,5,152282
WIN$D,M15,1761066000,154205.0,154345.0,154175.0,154330.0,42133,5,152033
WIN$D,M15,1761066900,154330.0,154400.0,154300.0,154390.0,23735,5,84004
WIN$D,M15,1761067800,154385.0,154445.0,154365.0,154425.0,22611,5,72422
WIN$D,M15,1761068700,154420.0,154435.0,154345.0,154385.0,18582,5,53397
WIN$D,M15,1761069600,154385.0,154540.0,154340.0,154495.0,29062,5,67793
WIN$D,M15,1761070500,154495.0,154550.0,154440.0,154545.0,18925,5,58200
WIN$D,M15,1761123600,154305.0,154380.0,153875.0,154150.0,358350,5,949090
WIN$D,M15,1761124500,154145.0,154485.0,154115.0,154275.0,265818,5,764084
WIN$D,M15,1761125400,154275.0,154725.0,154265.0,154625.0,242485,5,696507
WIN$D,M15,1761126300,154630.0,155105.0,154610.0,154945.0,241295,5,750870
WIN$D,M15,1761127200,154950.0,155060.0,154510.0,154515.0,322730,5,999005
WIN$D,M15,1761128100,154515.0,154545.0,154065.0,154110.0,325135,5,1050644
WIN$D,M15,1761129000,154105.0,154595.0,154090.0,154310.0,338186,5,1107702
WIN$D,M15,1761129900,154310.0,154820.0,154290.0,154485.0,262533,5,889866
WIN$D,M15,1761130800,154480.0,154700.0,154375.0,154635.0,196257,5,662217
WIN$D,M15,1761131700,154635.0,154935.0,154555.0,154565.0,233263,5,790568
WIN$D,M15,1761132600,154570.0,154790.0,154460.0,154565.0,202677,5,669363
WIN$D,M15,1761133500,154570.0,154810.0,154460.0,154790.0,149970,5,503542
WIN$D,M15,1761134400,154795.0,155070.0,154675.0,155020.0,175323,5,618367
WIN$D,M15,1761135300,155020.0,155065.0,154705.0,154910.0,151176,5,515118
WIN$D,M15,1761136200,154905.0,155255.0,154880.0,155065.0,153595,5,505709
WIN$D,M15,1761137100,155065.0,155090.0,154835.0,154925.0,116018,5,407670
WIN$D,M15,1761138000,154930.0,155090.0,154795.0,155020.0,99385,5,346981
WIN$D,M15,1761138900,155015.0,155080.0,154895.0,155000.0,76035,5,269603
WIN$D,M15,1761139800,155000.0,155220.0,154530.0,155070.0,290985,5,912978
WIN$D,M15,1761140700,155070.0,155190.0,154795.0,154820.0,125656,5,376205
WIN$D,M15,1761141600,154815.0,154955.0,154755.0,154825.0,101187,5,314279
WIN$D,M15,1761142500,154830.0,154930.0,154750.0,154900.0,91848,5,296256
WIN$D,M15,1761143400,154900.0,155015.0,154595.0,154635.0,111275,5,363542
WIN$D,M15,1761144300,154630.0,154810.0,154625.0,154685.0,87807,5,280816
WIN$D,M15,1761145200,154690.0,154795.0,154540.0,154550.0,95099,5,328657
WIN$D,M15,1761146100,154550.0,154755.0,154400.0,154710.0,112356,5,389852
WIN$D,M15,1761147000,154705.0,154785.0,154605.0,154710.0,83446,5,274917
WIN$D,M15,1761147900,154710.0,154800.0,154670.0,154795.0,47834,5,147976
WIN$D,M15,1761148800,154800.0,154960.0,154665.0,154825.0,98766,5,335392
WIN$D,M15,1761149700,154825.0,154945.0,154815.0,154930.0,43927,5,143317
WIN$D,M15,1761150600,154925.0,155025.0,154860.0,154940.0,62872,5,218871
WIN$D,M15,1761151500,154935.0,155010.0,154910.0,154980.0,49152,5,165825
WIN$D,M15,1761152400,154980.0,155075.0,154930.0,155025.0,48370,5,150091
WIN$D,M15,1761153300,155025.0,155035.0,154960.0,154990.0,20319,5,63075
WIN$D,M15,1761154200,154985.0,155060.0,154940.0,155055.0,20673,5,62859
WIN$D,M15,1761155100,155060.0,155105.0,155035.0,155060.0,19825,5,61475
WIN$D,M15,1761156000,155055.0,155200.0,155050.0,155170.0,24873,5,61955
WIN$D,M15,1761156900,155170.0,155225.0,155130.0,155225.0,18523,5,46720
WIN$D,M15,1761210000,155270.0,156295.0,155220.0,155950.0,437180,5,1178196
WIN$D,M15,1761210900,155950.0,156235.0,155835.0,156155.0,278021,5,799532
WIN$D,M15,1761211800,156160.0,156320.0,156070.0,156195.0,168264,5,520154
WIN$D,M15,1761212700,156195.0,156355.0,155855.0,155970.0,226458,5,707346
WIN$D,M15,1761213600,155970.0,156435.0,155970.0,156280.0,300712,5,925508
WIN$D,M15,1761214500,156280.0,156425.0,156195.0,156230.0,189082,5,612786
WIN$D,M15,1761215400,156235.0,156310.0,155610.0,155880.0,341852,5,1168391
WIN$D,M15,1761216300,155880.0,155935.0,155650.0,155705.0,187415,5,645796
WIN$D,M15,1761217200,155700.0,155815.0,155575.0,155800.0,174243,5,583219
WIN$D,M15,1761218100,155795.0,155885.0,155575.0,155615.0,185113,5,628035
WIN$D,M15,1761219000,155615.0,155745.0,155500.0,155580.0,153427,5,542950
WIN$D,M15,1761219900,155575.0,155870.0,155565.0,155640.0,148279,5,528997
WIN$D,M15,1761220800,155640.0,155735.0,155360.0,155370.0,132813,5,456151
WIN$D,M15,1761221700,155375.0,155445.0,155080.0,155375.0,175981,5,606671
WIN$D,M15,1761222600,155375.0,155470.0,155260.0,155420.0,103224,5,361236
WIN$D,M15,1761223500,155420.0,155645.0,155420.0,155535.0,103209,5,356660
WIN$D,M15,1761224400,155535.0,155740.0,155500.0,155685.0,89467,5,313711
WIN$D,M15,1761225300,155685.0,155710.0,155575.0,155665.0,63761,5,222624
WIN$D,M15,1761226200,155660.0,155705.0,155580.0,155660.0,56447,5,202471
WIN$D,M15,1761227100,155655.0,155665.0,155555.0,155605.0,57637,5,204232
WIN$D,M15,1761228000,155605.0,155695.0,155445.0,155675.0,98152,5,331845
WIN$D,M15,1761228900,155680.0,155760.0,155605.0,155620.0,70690,5,243524
WIN$D,M15,1761229800,155615.0,155805.0,155590.0,155620.0,93701,5,331589
WIN$D,M15,1761230700,155620.0,155825.0,155495.0,155800.0,101481,5,373263
WIN$D,M15,1761231600,155800.0,155940.0,155710.0,155840.0,91245,5,318887
WIN$D,M15,1761232500,155840.0,155910.0,155790.0,155815.0,60169,5,201584
WIN$D,M15,1761233400,155810.0,155850.0,155755.0,155795.0,50148,5,179773
WIN$D,M15,1761234300,155795.0,155815.0,155730.0,155790.0,40597,5,146045
WIN$D,M15,1761235200,155790.0,155870.0,155730.0,155810.0,55311,5,197719
WIN$D,M15,1761236100,155805.0,155920.0,155800.0,155860.0,51236,5,179079
WIN$D,M15,1761237000,155855.0,155935.0,155820.0,155910.0,46329,5,172576
WIN$D,M15,1761237900,155905.0,155955.0,155840.0,155935.0,60270,5,210719
WIN$D,M15,1761238800,155930.0,156035.0,155890.0,155955.0,52254,5,171421
WIN$D,M15,1761239700,155955.0,155965.0,155880.0,155940.0,26183,5,95084
WIN$D,M15,1761240600,155940.0,155990.0,155900.0,155980.0,20219,5,59446
WIN$D,M15,1761241500,155980.0,156010.0,155930.0,156005.0,16968,5,51908
WIN$D,M15,1761242400,156005.0,156040.0,155965.0,156015.0,25651,5,59355
WIN$D,M15,1761243300,156015.0,156110.0,155935.0,156095.0,22036,5,71535
WIN$D,M15,1761296400,155855.0,156280.0,155760.0,156055.0,310878,5,883750
WIN$D,M15,1761297300,156060.0,156360.0,156025.0,156245.0,219458,5,606586
WIN$D,M15,1761298200,156255.0,157080.0,156245.0,156880.0,323833,5,990697
WIN$D,M15,1761299100,156875.0,157155.0,156750.0,156840.0,212943,5,683438
WIN$D,M15,1761300000,156835.0,157230.0,156665.0,157210.0,278338,5,861698
WIN$D,M15,1761300900,157215.0,157290.0,156875.0,157205.0,236746,5,760642
WIN$D,M15,1761301800,157210.0,157405.0,156920.0,156950.0,294669,5,990768
WIN$D,M15,1761302700,156950.0,157015.0,156630.0,156705.0,225723,5,752855
WIN$D,M15,1761303600,156710.0,156730.0,156255.0,156350.0,211838,5,770056
WIN$D,M15,1761304500,156345.0,156580.0,156220.0,156320.0,200191,5,715774
WIN$D,M15,1761305400,156325.0,156515.0,156290.0,156380.0,122454,5,427985
WIN$D,M15,1761306300,156385.0,156455.0,156185.0,156250.0,116543,5,416871
WIN$D,M15,1761307200,156255.0,156650.0,156240.0,156470.0,136869,5,477785
WIN$D,M15,1761308100,156470.0,156565.0,156315.0,156320.0,85660,5,315382
WIN$D,M15,1761309000,156320.0,156380.0,156270.0,156345.0,66585,5,242904
WIN$D,M15,1761309900,156350.0,156375.0,156280.0,156330.0,45785,5,157004
WIN$D,M15,1761310800,156330.0,156510.0,156285.0,156330.0,79066,5,276467
WIN$D,M15,1761311700,156330.0,156440.0,156295.0,156415.0,42981,5,150848
WIN$D,M15,1761312600,156415.0,156420.0,156250.0,156305.0,60715,5,213006
WIN$D,M15,1761313500,156305.0,156340.0,156135.0,156255.0,73852,5,264588
WIN$D,M15,1761314400,156250.0,156385.0,156240.0,156300.0,67081,5,239925
WIN$D,M15,1761315300,156305.0,156395.0,156270.0,156355.0,51700,5,196113
WIN$D,M15,1761316200,156355.0,156355.0,156220.0,156245.0,57748,5,212005
WIN$D,M15,1761317100,156240.0,156355.0,156210.0,156315.0,44174,5,160371
WIN$D,M15,1761318000,156315.0,156360.0,156240.0,156250.0,42673,5,163468
WIN$D,M15,1761318900,156250.0,156340.0,156235.0,156260.0,36103,5,138215
WIN$D,M15,1761319800,156260.0,156285.0,156185.0,156235.0,38561,5,146452
WIN$D,M15,1761320700,156235.0,156265.0,156160.0,156250.0,37846,5,146503
WIN$D,M15,1761321600,156250.0,156300.0,156200.0,156205.0,35704,5,139286
WIN$D,M15,1761322500,156205.0,156215.0,156145.0,156180.0,36075,5,135703
WIN$D,M15,1761323400,156180.0,156240.0,156150.0,156210.0,28073,5,106405
WIN$D,M15,1761324300,156210.0,156245.0,156145.0,156215.0,37586,5,145378
WIN$D,M15,1761325200,156215.0,156290.0,156195.0,156235.0,33986,5,101644
WIN$D,M15,1761326100,156235.0,156250.0,156135.0,156155.0,33020,5,97686
WIN$D,M15,1761327000,156150.0,156215.0,156150.0,156205.0,13513,5,41224
WIN$D,M15,1761327900,156200.0,156255.0,156190.0,156220.0,13346,5,46700
WIN$D,M15,1761328800,156220.0,156235.0,156155.0,156225.0,13209,5,44839
WIN$D,M15,1761329700,156220.0,156260.0,156120.0,156125.0,9754,5,54460
WIN$D,M15,1761555600,157385.0,157730.0,157310.0,157535.0,283759,5,810123
WIN$D,M15,1761556500,157530.0,157635.0,157470.0,157495.0,109394,5,307906
WIN$D,M15,1761557400,157495.0,157680.0,157315.0,157610.0,200548,5,599162
WIN$D,M15,1761558300,157615.0,157905.0,157530.0,157900.0,239621,5,727440
WIN$D,M15,1761559200,157895.0,158025.0,157560.0,157885.0,326040,5,982409
WIN$D,M15,1761560100,157885.0,158060.0,157370.0,157380.0,279427,5,953743
WIN$D,M15,1761561000,157385.0,157485.0,157055.0,157410.0,320177,5,1137266
WIN$D,M15,1761561900,157410.0,157435.0,157125.0,157165.0,177658,5,625076
WIN$D,M15,1761562800,157170.0,157230.0,156910.0,156970.0,196954,5,700955
WIN$D,M15,1761563700,156970.0,157195.0,156850.0,157150.0,155445,5,544708
WIN$D,M15,1761564600,157150.0,157250.0,156920.0,157150.0,148937,5,507423
WIN$D,M15,1761565500,157150.0,157400.0,157140.0,157320.0,131867,5,465447
WIN$D,M15,1761566400,157320.0,157370.0,157110.0,157270.0,121446,5,430407
WIN$D,M15,1761567300,157270.0,157290.0,157065.0,157215.0,86968,5,306957
WIN$D,M15,1761568200,157215.0,157370.0,157155.0,157185.0,87522,5,310654
WIN$D,M15,1761569100,157185.0,157205.0,157045.0,157080.0,64965,5,228496
WIN$D,M15,1761570000,157085.0,157125.0,156985.0,157030.0,67655,5,229752
WIN$D,M15,1761570900,157030.0,157095.0,156990.0,157015.0,52730,5,181750
WIN$D,M15,1761571800,157010.0,157115.0,157010.0,157080.0,46836,5,162041
WIN$D,M15,1761572700,157085.0,157130.0,156940.0,156945.0,66429,5,231460
WIN$D,M15,1761573600,156940.0,157060.0,156865.0,157035.0,71830,5,253491
WIN$D,M15,1761574500,157040.0,157060.0,156870.0,156910.0,64581,5,237953
WIN$D,M15,1761575400,156915.0,156960.0,156855.0,156950.0,52624,5,197018
WIN$D,M15,1761576300,156945.0,156980.0,156880.0,156935.0,45745,5,169311
WIN$D,M15,1761577200,156930.0,156945.0,156845.0,156885.0,36328,5,128053
WIN$D,M15,1761578100,156880.0,156925.0,156785.0,156810.0,57193,5,217893
WIN$D,M15,1761579000,156810.0,156865.0,156785.0,156840.0,36286,5,133635
WIN$D,M15,1761579900,156840.0,156935.0,156840.0,156905.0,48221,5,174598
WIN$D,M15,1761580800,156910.0,156935.0,156825.0,156910.0,41305,5,158097
WIN$D,M15,1761581700,156910.0,156915.0,156835.0,156860.0,31182,5,118411
WIN$D,M15,1761582600,156860.0,157040.0,156845.0,157025.0,64283,5,236049
WIN$D,M15,1761583500,157025.0,157085.0,157005.0,157065.0,52236,5,199477
WIN$D,M15,1761584400,157065.0,157130.0,156990.0,157010.0,51957,5,186958
WIN$D,M15,1761585300,157010.0,157050.0,156975.0,157040.0,29288,5,106913
WIN$D,M15,1761586200,157040.0,157100.0,157040.0,157070.0,22032,5,72988
WIN$D,M15,1761587100,157070.0,157080.0,157045.0,157050.0,13714,5,41104
WIN$D,M15,1761588000,157050.0,157130.0,157020.0,157065.0,26843,5,65699
WIN$D,M15,1761588900,157070.0,157210.0,157060.0,157100.0,22264,5,71870
WIN$D,M15,1761642000,156830.0,156960.0,156375.0,156580.0,302926,5,900771
WIN$D,M15,1761642900,156580.0,156870.0,156550.0,156640.0,197371,5,616936
WIN$D,M15,1761643800,156640.0,156835.0,156490.0,156690.0,238385,5,724880
WIN$D,M15,1761644700,156690.0,156925.0,156680.0,156890.0,177270,5,542710
WIN$D,M15,1761645600,156895.0,156945.0,156470.0,156475.0,245880,5,783794
WIN$D,M15,1761646500,156475.0,157050.0,156430.0,157025.0,311509,5,1064824
WIN$D,M15,1761647400,157020.0,157310.0,156870.0,157195.0,341311,5,1159204
WIN$D,M15,1761648300,157195.0,157340.0,157095.0,157180.0,187100,5,618896
WIN$D,M15,1761649200,157180.0,157435.0,157155.0,157305.0,175467,5,625329
WIN$D,M15,1761650100,157305.0,157455.0,157230.0,157340.0,137550,5,490965
WIN$D,M15,1761651000,157335.0,157545.0,157265.0,157410.0,138940,5,506705
WIN$D,M15,1761651900,157415.0,157495.0,157235.0,157365.0,119822,5,429715
WIN$D,M15,1761652800,157360.0,157475.0,157280.0,157450.0,100769,5,352573
WIN$D,M15,1761653700,157455.0,157540.0,157335.0,157360.0,83522,5,316304
WIN$D,M15,1761654600,157360.0,157480.0,157340.0,157445.0,67864,5,263100
WIN$D,M15,1761655500,157445.0,157500.0,157390.0,157445.0,49789,5,172364
WIN$D,M15,1761656400,157445.0,157650.0,157430.0,157580.0,121784,5,425737
WIN$D,M15,1761657300,157575.0,157610.0,157410.0,157550.0,78484,5,278405
WIN$D,M15,1761658200,157550.0,157805.0,157535.0,157605.0,147699,5,487674
WIN$D,M15,1761659100,157610.0,157770.0,157600.0,157720.0,74329,5,258430
WIN$D,M15,1761660000,157720.0,157780.0,157540.0,157545.0,80613,5,288718
WIN$D,M15,1761660900,157545.0,157715.0,157510.0,157695.0,78628,5,284250
WIN$D,M15,1761661800,157700.0,157835.0,157685.0,157745.0,89399,5,304679
WIN$D,M15,1761662700,157740.0,157780.0,157680.0,157735.0,54495,5,185439
WIN$D,M15,1761663600,157740.0,157770.0,157685.0,157715.0,39068,5,134510
WIN$D,M15,1761664500,157720.0,157725.0,157585.0,157615.0,73990,5,268740
WIN$D,M15,1761665400,157610.0,157630.0,157550.0,157585.0,44204,5,158541
WIN$D,M15,1761666300,157585.0,157595.0,157510.0,157535.0,42375,5,149536
WIN$D,M15,1761667200,157535.0,157540.0,157235.0,157260.0,120357,5,412531
WIN$D,M15,1761668100,157255.0,157420.0,157245.0,157400.0,69072,5,258540
WIN$D,M15,1761669000,157395.0,157490.0,157355.0,157420.0,68970,5,259473
WIN$D,M15,1761669900,157420.0,157475.0,157275.0,157410.0,72881,5,260062
WIN$D,M15,1761670800,157410.0,157415.0,157300.0,157380.0,41952,5,141776
WIN$D,M15,1761671700,157380.0,157445.0,157370.0,157390.0,28514,5,96145
WIN$D,M15,1761672600,157390.0,157440.0,157375.0,157405.0,17702,5,54312
WIN$D,M15,1761673500,157405.0,157570.0,157395.0,157535.0,33606,5,112733
WIN$D,M15,1761674400,157540.0,157550.0,157465.0,157520.0,27055,5,64009
WIN$D,M15,1761675300,157520.0,157685.0,157470.0,157685.0,20645,5,62050
WIN$D,M15,1761728400,157775.0,158095.0,157310.0,157360.0,321604,5,937649
WIN$D,M15,1761729300,157365.0,157460.0,157125.0,157295.0,254607,5,775518
WIN$D,M15,1761730200,157290.0,157725.0,157255.0,157660.0,207365,5,647281
WIN$D,M15,1761731100,157660.0,157935.0,157560.0,157875.0,232015,5,712568
WIN$D,M15,1761732000,157875.0,158450.0,157865.0,158440.0,333777,5,1122596
WIN$D,M15,1761732900,158440.0,158540.0,158285.0,158470.0,244673,5,862719
WIN$D,M15,1761733800,158470.0,158525.0,158190.0,158275.0,226602,5,795299
WIN$D,M15,1761734700,158270.0,158440.0,158150.0,158355.0,178951,5,592211
WIN$D,M15,1761735600,158355.0,158505.0,158260.0,158480.0,168085,5,578991
WIN$D,M15,1761736500,158485.0,158740.0,158360.0,158375.0,210524,5,753346
WIN$D,M15,1761737400,158370.0,158525.0,158310.0,158405.0,124708,5,454088
WIN$D,M15,1761738300,158400.0,158620.0,158350.0,158600.0,106538,5,382834
WIN$D,M15,1761739200,158600.0,158735.0,158580.0,158645.0,104912,5,364622
WIN$D,M15,1761740100,158645.0,158865.0,158635.0,158645.0,111741,5,392268
WIN$D,M15,1761741000,158645.0,158765.0,158580.0,158740.0,84143,5,320718
WIN$D,M15,1761741900,158740.0,158765.0,158650.0,158670.0,47267,5,175066
WIN$D,M15,1761742800,158675.0,158785.0,158650.0,158745.0,71273,5,274590
WIN$D,M15,1761743700,158750.0,158805.0,158710.0,158780.0,42696,5,165910
WIN$D,M15,1761744600,158775.0,158855.0,158775.0,158830.0,47756,5,184417
WIN$D,M15,1761745500,158830.0,159005.0,158815.0,158965.0,78478,5,305666
WIN$D,M15,1761746400,158960.0,159050.0,158875.0,159020.0,77633,5,315244
WIN$D,M15,1761747300,159025.0,159040.0,158895.0,158915.0,55656,5,233339
WIN$D,M15,1761748200,158910.0,158915.0,158690.0,158770.0,105999,5,417622
WIN$D,M15,1761749100,158775.0,159010.0,158720.0,158915.0,75413,5,311137
WIN$D,M15,1761750000,158910.0,158920.0,158715.0,158765.0,107462,5,377432
WIN$D,M15,1761750900,158765.0,158855.0,158725.0,158795.0,57112,5,195774
WIN$D,M15,1761751800,158790.0,158945.0,158220.0,158400.0,351867,5,1202694
WIN$D,M15,1761752700,158400.0,158695.0,158340.0,158590.0,214831,5,697088
WIN$D,M15,1761753600,158590.0,158690.0,158420.0,158550.0,161050,5,520101
WIN$D,M15,1761754500,158550.0,158630.0,158430.0,158440.0,110937,5,358600
WIN$D,M15,1761755400,158435.0,158455.0,158280.0,158345.0,103587,5,388480
WIN$D,M15,1761756300,158340.0,158545.0,158335.0,158545.0,87035,5,314024
WIN$D,M15,1761757200,158540.0,158620.0,158435.0,158465.0,68631,5,234192
WIN$D,M15,1761758100,158460.0,158505.0,158430.0,158490.0,21258,5,66620
WIN$D,M15,1761759000,158490.0,158550.0,158475.0,158540.0,14856,5,54417
WIN$D,M15,1761759900,158535.0,158545.0,158435.0,158490.0,21271,5,89273
WIN$D,M15,1761760800,158490.0,158645.0,158470.0,158605.0,23069,5,60048
WIN$D,M15,1761761700,158605.0,158655.0,158545.0,158605.0,16996,5,63697
WIN$D,M15,1761814800,158310.0,158310.0,157805.0,157995.0,284348,5,836755
WIN$D,M15,1761815700,158000.0,158050.0,157680.0,157745.0,200352,5,620688
WIN$D,M15,1761816600,157745.0,157970.0,157605.0,157690.0,230784,5,712190
WIN$D,M15,1761817500,157690.0,157740.0,157330.0,157335.0,179689,5,597885
WIN$D,M15,1761818400,157335.0,157440.0,157210.0,157355.0,258849,5,862949
WIN$D,M15,1761819300,157355.0,157820.0,157275.0,157700.0,307130,5,1051153
WIN$D,M15,1761820200,157695.0,158380.0,157625.0,158345.0,402353,5,1457812
WIN$D,M15,1761821100,158345.0,158710.0,158320.0,158540.0,268781,5,978901
WIN$D,M15,1761822000,158545.0,158790.0,158460.0,158775.0,216302,5,736095
WIN$D,M15,1761822900,158775.0,158800.0,158375.0,158500.0,192889,5,680172
WIN$D,M15,1761823800,158505.0,158920.0,158500.0,158870.0,171482,5,610187
WIN$D,M15,1761824700,158870.0,159025.0,158800.0,158985.0,127902,5,457591
WIN$D,M15,1761825600,158985.0,159100.0,158910.0,158950.0,126882,5,454081
WIN$D,M15,1761826500,158950.0,159040.0,158895.0,158970.0,75979,5,272971
WIN$D,M15,1761827400,158965.0,159010.0,158850.0,158895.0,65276,5,237262
WIN$D,M15,1761828300,158895.0,159005.0,158850.0,158920.0,60051,5,218479
WIN$D,M15,1761829200,158915.0,159065.0,158915.0,159020.0,59874,5,214588
WIN$D,M15,1761830100,159015.0,159065.0,158870.0,158905.0,65736,5,254278
WIN$D,M15,1761831000,158905.0,158960.0,158855.0,158930.0,48108,5,187613
WIN$D,M15,1761831900,158935.0,159055.0,158930.0,158975.0,53300,5,211885
WIN$D,M15,1761832800,158975.0,159030.0,158920.0,158955.0,41824,5,148717
WIN$D,M15,1761833700,158950.0,158990.0,158895.0,158920.0,44096,5,160087
WIN$D,M15,1761834600,158915.0,158940.0,158855.0,158890.0,49719,5,197580
WIN$D,M15,1761835500,158895.0,158960.0,158870.0,158920.0,40561,5,154352
WIN$D,M15,1761836400,158925.0,158935.0,158690.0,158750.0,88565,5,331007
WIN$D,M15,1761837300,158755.0,158825.0,158680.0,158730.0,71899,5,273638
WIN$D,M15,1761838200,158735.0,158810.0,158710.0,158750.0,46342,5,172597
WIN$D,M15,1761839100,158750.0,158800.0,158730.0,158750.0,30795,5,116676
WIN$D,M15,1761840000,158745.0,158780.0,158710.0,158720.0,31823,5,125404
WIN$D,M15,1761840900,158715.0,158730.0,158595.0,158695.0,79064,5,316591
WIN$D,M15,1761841800,158695.0,158750.0,158640.0,158660.0,46249,5,165865
WIN$D,M15,1761842700,158660.0,158700.0,158585.0,158620.0,64158,5,261223
WIN$D,M15,1761843600,158620.0,158760.0,158575.0,158725.0,61676,5,224495
WIN$D,M15,1761844500,158725.0,158910.0,158710.0,158855.0,42455,5,157854
WIN$D,M15,1761845400,158850.0,158940.0,158820.0,158910.0,33725,5,121286
WIN$D,M15,1761846300,158910.0,158935.0,158860.0,158905.0,26537,5,93488
WIN$D,M15,1761847200,158905.0,159040.0,158895.0,159000.0,53894,5,123072
WIN$D,M15,1761848100,159000.0,159105.0,158980.0,159070.0,27124,5,84922
WIN$D,M15,1761901200,158795.0,159275.0,158755.0,159150.0,311445,5,869044
WIN$D,M15,1761902100,159155.0,159290.0,158945.0,159250.0,236944,5,675919
WIN$D,M15,1761903000,159250.0,159375.0,158990.0,159095.0,242394,5,703606
WIN$D,M15,1761903900,159090.0,159400.0,159020.0,159335.0,199307,5,574814
WIN$D,M15,1761904800,159330.0,159525.0,159080.0,159095.0,304183,5,916400
WIN$D,M15,1761905700,159090.0,159260.0,158915.0,158925.0,268266,5,827960
WIN$D,M15,1761906600,158925.0,159035.0,158670.0,158865.0,303409,5,976549
WIN$D,M15,1761907500,158865.0,158870.0,158665.0,158760.0,154660,5,495220
WIN$D,M15,1761908400,158755.0,158965.0,158675.0,158860.0,198107,5,650482
WIN$D,M15,1761909300,158860.0,159055.0,158675.0,159030.0,171594,5,586820
WIN$D,M15,1761910200,159025.0,159230.0,158950.0,159150.0,185846,5,631682
WIN$D,M15,1761911100,159150.0,159180.0,158995.0,159020.0,113980,5,381932
WIN$D,M15,1761912000,159020.0,159045.0,158735.0,158865.0,146212,5,490672
WIN$D,M15,1761912900,158870.0,159095.0,158860.0,158980.0,129119,5,454528
WIN$D,M15,1761913800,158985.0,159045.0,158880.0,158985.0,78903,5,262106
WIN$D,M15,1761914700,158985.0,159065.0,158865.0,158880.0,96500,5,319431
WIN$D,M15,1761915600,158880.0,158990.0,158815.0,158825.0,78450,5,251579
WIN$D,M15,1761916500,158825.0,159015.0,158725.0,158960.0,98513,5,352780
WIN$D,M15,1761917400,158960.0,159150.0,158950.0,158995.0,102487,5,344575
WIN$D,M15,1761918300,159000.0,159115.0,158935.0,158975.0,75087,5,250143
WIN$D,M15,1761919200,158975.0,159080.0,158945.0,158965.0,65065,5,200805
WIN$D,M15,1761920100,158960.0,159040.0,158880.0,159025.0,68345,5,233719
WIN$D,M15,1761921000,159025.0,159185.0,159015.0,159170.0,82748,5,275339
WIN$D,M15,1761921900,159165.0,159215.0,159070.0,159110.0,67461,5,229272
WIN$D,M15,1761922800,159110.0,159160.0,159050.0,159115.0,51109,5,174928
WIN$D,M15,1761923700,159110.0,159250.0,159085.0,159225.0,62627,5,228999
WIN$D,M15,1761924600,159220.0,159370.0,159190.0,159345.0,78683,5,280316
WIN$D,M15,1761925500,159345.0,159365.0,159285.0,159310.0,49969,5,168627
WIN$D,M15,1761926400,159310.0,159450.0,159310.0,159355.0,68529,5,239150
WIN$D,M15,1761927300,159355.0,159365.0,159260.0,159280.0,47452,5,170255
WIN$D,M15,1761928200,159275.0,159295.0,159190.0,159265.0,58531,5,221014
WIN$D,M15,1761929100,159265.0,159400.0,159240.0,159380.0,62296,5,230791
WIN$D,M15,1761930000,159380.0,159445.0,159320.0,159385.0,62804,5,207083
WIN$D,M15,1761930900,159385.0,159410.0,159335.0,159365.0,28282,5,95021
WIN$D,M15,1761931800,159360.0,159410.0,159345.0,159385.0,15476,5,51835
WIN$D,M15,1761932700,159385.0,159500.0,159365.0,159475.0,26125,5,102978
WIN$D,M15,1761933600,159475.0,159555.0,159450.0,159500.0,22221,5,67786
WIN$D,M15,1761934500,159495.0,159550.0,159465.0,159535.0,15801,5,59940
WIN$D,M15,1762160400,159535.0,159770.0,159275.0,159605.0,327255,5,873827
WIN$D,M15,1762161300,159600.0,159990.0,159570.0,159985.0,214218,5,637035
WIN$D,M15,1762162200,159980.0,160110.0,159875.0,160085.0,164572,5,508913
WIN$D,M15,1762163100,160085.0,160225.0,160020.0,160055.0,162674,5,499116
WIN$D,M15,1762164000,160050.0,160270.0,159920.0,160060.0,280783,5,879092
WIN$D,M15,1762164900,160060.0,160065.0,159340.0,159385.0,307990,5,1000431
WIN$D,M15,1762165800,159385.0,159635.0,159280.0,159590.0,206280,5,682127
WIN$D,M15,1762166700,159590.0,159945.0,159580.0,159905.0,209229,5,692911
WIN$D,M15,1762167600,159905.0,159960.0,159735.0,159785.0,162743,5,537057
WIN$D,M15,1762168500,159780.0,160075.0,159715.0,159870.0,181954,5,609361
WIN$D,M15,1762169400,159870.0,160285.0,159630.0,160140.0,279232,5,941636
WIN$D,M15,1762170300,160145.0,160300.0,160100.0,160220.0,111770,5,341871
WIN$D,M15,1762171200,160215.0,160535.0,160215.0,160310.0,198656,5,618987
WIN$D,M15,1762172100,160310.0,160395.0,159840.0,159895.0,181293,5,611406
WIN$D,M15,1762173000,159895.0,160135.0,159820.0,160110.0,143350,5,493074
WIN$D,M15,1762173900,160110.0,160145.0,159930.0,159975.0,72582,5,239670
WIN$D,M15,1762174800,159975.0,160210.0,159965.0,160090.0,94284,5,302326
WIN$D,M15,1762175700,160085.0,160165.0,160000.0,160010.0,64613,5,211963
WIN$D,M15,1762176600,160015.0,160110.0,159980.0,160050.0,54186,5,176403
WIN$D,M15,1762177500,160045.0,160075.0,159965.0,160030.0,44387,5,143643
WIN$D,M15,1762178400,160025.0,160055.0,159925.0,160000.0,57860,5,184745
WIN$D,M15,1762179300,160000.0,160075.0,159975.0,160045.0,47404,5,151343
WIN$D,M15,1762180200,160045.0,160120.0,159870.0,159885.0,78051,5,261031
WIN$D,M15,1762181100,159885.0,160055.0,159875.0,160020.0,64043,5,217340
WIN$D,M15,1762182000,160020.0,160055.0,159900.0,159945.0,50709,5,180210
WIN$D,M15,1762182900,159945.0,159970.0,159790.0,159860.0,66287,5,233931
WIN$D,M15,1762183800,159860.0,159900.0,159790.0,159840.0,59678,5,217458
WIN$D,M15,1762184700,159835.0,159890.0,159795.0,159840.0,40979,5,146366
WIN$D,M15,1762185600,159835.0,160000.0,159830.0,159970.0,75458,5,272154
WIN$D,M15,1762186500,159975.0,160020.0,159935.0,159955.0,41296,5,153334
WIN$D,M15,1762187400,159955.0,160005.0,159895.0,159950.0,43061,5,163344
WIN$D,M15,1762188300,159945.0,159960.0,159900.0,159925.0,31017,5,109936
WIN$D,M15,1762189200,159925.0,159985.0,159880.0,159970.0,40486,5,138625
WIN$D,M15,1762190100,159970.0,159990.0,159945.0,159975.0,24321,5,89047
WIN$D,M15,1762191000,159975.0,160140.0,159975.0,160100.0,65078,5,192577
WIN$D,M15,1762191900,160095.0,160210.0,160080.0,160195.0,54002,5,141781
WIN$D,M15,1762192800,160200.0,160305.0,160135.0,160290.0,52443,5,130277
WIN$D,M15,1762193700,160285.0,160330.0,160245.0,160310.0,27100,5,90681
WIN$D,M15,1762246800,159260.0,159435.0,159060.0,159315.0,258076,5,763132
WIN$D,M15,1762247700,159320.0,159600.0,159250.0,159270.0,224943,5,686613
WIN$D,M15,1762248600,159270.0,159610.0,159265.0,159465.0,227013,5,712508
WIN$D,M15,1762249500,159465.0,159610.0,159355.0,159520.0,162791,5,499512
WIN$D,M15,1762250400,159515.0,159840.0,159430.0,159640.0,300780,5,960246
WIN$D,M15,1762251300,159640.0,159990.0,159630.0,159785.0,286991,5,929745
WIN$D,M15,1762252200,159785.0,160010.0,159675.0,159815.0,261738,5,878418
WIN$D,M15,1762253100,159825.0,159975.0,159730.0,159955.0,135289,5,463821
WIN$D,M15,1762254000,159955.0,160025.0,159750.0,159800.0,162342,5,554812
WIN$D,M15,1762254900,159805.0,160170.0,159780.0,159975.0,195829,5,692672
WIN$D,M15,1762255800,159975.0,160190.0,159830.0,160140.0,250528,5,840119
WIN$D,M15,1762256700,160140.0,160490.0,160035.0,160355.0,235523,5,810543
WIN$D,M15,1762257600,160355.0,160560.0,160335.0,160420.0,159107,5,542028
WIN$D,M15,1762258500,160425.0,160455.0,160160.0,160250.0,116499,5,400542
WIN$D,M15,1762259400,160255.0,160420.0,160250.0,160345.0,89962,5,310419
WIN$D,M15,1762260300,160340.0,160370.0,160110.0,160215.0,87116,5,303049
WIN$D,M15,1762261200,160210.0,160300.0,160085.0,160120.0,94592,5,327955
WIN$D,M15,1762262100,160125.0,160270.0,160070.0,160250.0,77185,5,254766
WIN$D,M15,1762263000,160245.0,160285.0,160145.0,160205.0,61296,5,201362
WIN$D,M15,1762263900,160205.0,160215.0,160100.0,160150.0,52464,5,182516
WIN$D,M15,1762264800,160155.0,160170.0,160050.0,160125.0,54507,5,189584
WIN$D,M15,1762265700,160130.0,160145.0,159945.0,160085.0,99340,5,340857
WIN$D,M15,1762266600,160085.0,160125.0,159965.0,160060.0,64141,5,216164
WIN$D,M15,1762267500,160060.0,160115.0,159995.0,160030.0,54340,5,184605
WIN$D,M15,1762268400,160025.0,160040.0,159965.0,160005.0,40259,5,141213
WIN$D,M15,1762269300,160005.0,160020.0,159860.0,159905.0,74474,5,260920
WIN$D,M15,1762270200,159900.0,159950.0,159830.0,159875.0,59067,5,208187
WIN$D,M15,1762271100,159875.0,159925.0,159815.0,159860.0,56203,5,198363
WIN$D,M15,1762272000,159855.0,159980.0,159845.0,159940.0,62221,5,217867
WIN$D,M15,1762272900,159945.0,160100.0,159940.0,160050.0,61351,5,215563
WIN$D,M15,1762273800,160045.0,160055.0,159855.0,159910.0,71407,5,262397
WIN$D,M15,1762274700,159910.0,160055.0,159890.0,160025.0,57754,5,196431
WIN$D,M15,1762275600,160025.0,160065.0,159970.0,160055.0,47054,5,152626
WIN$D,M15,1762276500,160060.0,160085.0,160010.0,160030.0,38582,5,130923
WIN$D,M15,1762277400,160025.0,160190.0,160015.0,160170.0,56300,5,175809
WIN$D,M15,1762278300,160170.0,160280.0,160120.0,160270.0,62805,5,172014
WIN$D,M15,1762279200,160270.0,160310.0,160210.0,160290.0,52993,5,145025
WIN$D,M15,1762280100,160280.0,160375.0,160260.0,160360.0,29902,5,101849
WIN$D,M15,1762333200,160160.0,160560.0,160140.0,160225.0,295256,5,919384
WIN$D,M15,1762334100,160230.0,160355.0,159925.0,160005.0,291424,5,889650
WIN$D,M15,1762335000,160000.0,160090.0,159865.0,159965.0,141404,5,434195
WIN$D,M15,1762335900,159960.0,160175.0,159870.0,160145.0,183448,5,583686
WIN$D,M15,1762336800,160150.0,160300.0,159890.0,160090.0,275398,5,853350
WIN$D,M15,1762337700,160085.0,160290.0,159825.0,160245.0,277853,5,849890
WIN$D,M15,1762338600,160245.0,160850.0,160150.0,160805.0,369047,5,1271155
WIN$D,M15,1762339500,160805.0,160925.0,160715.0,160735.0,205697,5,715339
WIN$D,M15,1762340400,160735.0,160835.0,160585.0,160695.0,203260,5,728328
WIN$D,M15,1762341300,160695.0,161095.0,160690.0,161035.0,205304,5,740115
WIN$D,M15,1762342200,161040.0,161355.0,161000.0,161220.0,251492,5,891716
WIN$D,M15,1762343100,161225.0,161695.0,161115.0,161530.0,233113,5,799664
WIN$D,M15,1762344000,161540.0,161895.0,161430.0,161665.0,220598,5,728461
WIN$D,M15,1762344900,161665.0,162285.0,161650.0,162105.0,229557,5,793169
WIN$D,M15,1762345800,162105.0,162275.0,161990.0,162045.0,141047,5,529975
WIN$D,M15,1762346700,162045.0,162120.0,161990.0,162070.0,69407,5,262533
WIN$D,M15,1762347600,162070.0,162305.0,162010.0,162260.0,124684,5,461264
WIN$D,M15,1762348500,162260.0,162665.0,162260.0,162595.0,173465,5,658633
WIN$D,M15,1762349400,162595.0,162595.0,162360.0,162405.0,82299,5,315539
WIN$D,M15,1762350300,162405.0,162785.0,162380.0,162595.0,135230,5,529510
WIN$D,M15,1762351200,162590.0,162735.0,162525.0,162630.0,93578,5,342376
WIN$D,M15,1762352100,162630.0,162745.0,162595.0,162630.0,68519,5,255125
WIN$D,M15,1762353000,162635.0,162745.0,162555.0,162580.0,74750,5,292297
WIN$D,M15,1762353900,162580.0,162590.0,162515.0,162545.0,53509,5,213494
WIN$D,M15,1762354800,162545.0,162545.0,162255.0,162350.0,116254,5,470158
WIN$D,M15,1762355700,162350.0,162545.0,162335.0,162490.0,82392,5,333553
WIN$D,M15,1762356600,162490.0,162495.0,162340.0,162345.0,60667,5,255318
WIN$D,M15,1762357500,162345.0,162470.0,162335.0,162435.0,45980,5,190488
WIN$D,M15,1762358400,162435.0,162585.0,162405.0,162550.0,69111,5,275667
WIN$D,M15,1762359300,162550.0,162645.0,162520.0,162525.0,63455,5,263272
WIN$D,M15,1762360200,162525.0,162730.0,162510.0,162715.0,74858,5,314926
WIN$D,M15,1762361100,162715.0,162955.0,162700.0,162830.0,108259,5,476588
WIN$D,M15,1762362000,162825.0,162900.0,162745.0,162860.0,56685,5,250299
WIN$D,M15,1762362900,162865.0,163090.0,162845.0,163025.0,72954,5,322064
WIN$D,M15,1762363800,163020.0,163285.0,163015.0,163140.0,99704,5,387423
WIN$D,M15,1762364700,163140.0,163240.0,163030.0,163140.0,70348,5,225441
WIN$D,M15,1762365600,163140.0,163220.0,162985.0,163185.0,65438,5,214189
WIN$D,M15,1762366500,163190.0,163300.0,163175.0,163225.0,40870,5,150324
WIN$D,M15,1762419600,162765.0,163280.0,162765.0,163115.0,281470,5,864865
WIN$D,M15,1762420500,163115.0,163260.0,162975.0,163145.0,233625,5,707811
WIN$D,M15,1762421400,163145.0,163240.0,162990.0,163200.0,158922,5,482076
WIN$D,M15,1762422300,163205.0,163255.0,163000.0,163190.0,158088,5,493678
WIN$D,M15,1762423200,163185.0,163450.0,163135.0,163425.0,337591,5,1054958
WIN$D,M15,1762424100,163420.0,163545.0,163240.0,163395.0,243888,5,807996
WIN$D,M15,1762425000,163395.0,163590.0,163345.0,163570.0,174160,5,584690
WIN$D,M15,1762425900,163575.0,163880.0,163525.0,163740.0,202572,5,722159
WIN$D,M15,1762426800,163740.0,163765.0,163245.0,163465.0,256229,5,908070
WIN$D,M15,1762427700,163465.0,163510.0,163145.0,163250.0,184922,5,675340
WIN$D,M15,1762428600,163255.0,163655.0,163215.0,163320.0,275473,5,956780
WIN$D,M15,1762429500,163325.0,163545.0,163150.0,163195.0,210461,5,713312
WIN$D,M15,1762430400,163195.0,163370.0,163120.0,163205.0,193635,5,633688
WIN$D,M15,1762431300,163210.0,163435.0,163175.0,163285.0,134186,5,458095
WIN$D,M15,1762432200,163290.0,163300.0,163060.0,163080.0,147447,5,487555
WIN$D,M15,1762433100,163080.0,163210.0,163035.0,163155.0,120137,5,380278
WIN$D,M15,1762434000,163155.0,163305.0,163130.0,163205.0,121644,5,380867
WIN$D,M15,1762434900,163210.0,163275.0,163075.0,163195.0,101947,5,328531
WIN$D,M15,1762435800,163195.0,163220.0,162985.0,163050.0,113628,5,364467
WIN$D,M15,1762436700,163050.0,163190.0,162995.0,163090.0,90897,5,288902
WIN$D,M15,1762437600,163090.0,163370.0,163065.0,163160.0,134525,5,449165
WIN$D,M15,1762438500,163155.0,163190.0,162965.0,163065.0,98253,5,316814
WIN$D,M15,1762439400,163060.0,163120.0,162970.0,163025.0,79364,5,267528
WIN$D,M15,1762440300,163030.0,163100.0,162975.0,163005.0,54044,5,180661
WIN$D,M15,1762441200,163000.0,163010.0,162800.0,162845.0,100608,5,351435
WIN$D,M15,1762442100,162845.0,162985.0,162835.0,162955.0,66559,5,241950
WIN$D,M15,1762443000,162955.0,163120.0,162950.0,163085.0,78812,5,284850
WIN$D,M15,1762443900,163090.0,163160.0,163040.0,163070.0,64274,5,239288
WIN$D,M15,1762444800,163070.0,163115.0,163020.0,163105.0,51111,5,185719
WIN$D,M15,1762445700,163105.0,163150.0,163055.0,163125.0,37590,5,132811
WIN$D,M15,1762446600,163125.0,163140.0,163065.0,163090.0,33345,5,120910
WIN$D,M15,1762447500,163090.0,163110.0,162950.0,163010.0,59539,5,227895
WIN$D,M15,1762448400,163005.0,163075.0,162930.0,163065.0,47515,5,174445
WIN$D,M15,1762449300,163065.0,163145.0,163040.0,163130.0,42415,5,157355
WIN$D,M15,1762450200,163130.0,163215.0,163120.0,163140.0,49251,5,162434
WIN$D,M15,1762451100,163140.0,163170.0,163025.0,163075.0,61400,5,190964
WIN$D,M15,1762452000,163070.0,163110.0,162940.0,163085.0,41307,5,141282
WIN$D,M15,1762452900,163095.0,163160.0,163005.0,163060.0,20591,5,92054
WIN$D,M15,1762506000,162945.0,163005.0,162745.0,162955.0,186493,5,603321
WIN$D,M15,1762506900,162960.0,163060.0,162875.0,162900.0,155588,5,478367
WIN$D,M15,1762507800,162900.0,162920.0,162470.0,162545.0,279356,5,881891
WIN$D,M15,1762508700,162550.0,162620.0,162370.0,162385.0,143667,5,459595
WIN$D,M15,1762509600,162385.0,162600.0,162330.0,162440.0,253776,5,796591
WIN$D,M15,1762510500,162435.0,162740.0,162435.0,162530.0,220747,5,713093
WIN$D,M15,1762511400,162535.0,162600.0,162365.0,162565.0,167185,5,579275
WIN$D,M15,1762512300,162570.0,162635.0,162100.0,162215.0,236620,5,799367
WIN$D,M15,1762513200,162215.0,162250.0,162035.0,162080.0,167934,5,575157
WIN$D,M15,1762514100,162080.0,162110.0,161905.0,161970.0,166735,5,586186
WIN$D,M15,1762515000,161970.0,162165.0,161810.0,161960.0,263468,5,877292
WIN$D,M15,1762515900,161965.0,162290.0,161950.0,161985.0,226511,5,728170
WIN$D,M15,1762516800,161985.0,162145.0,161860.0,162075.0,179474,5,565214
WIN$D,M15,1762517700,162075.0,162510.0,162055.0,162460.0,181070,5,592442
WIN$D,M15,1762518600,162460.0,162725.0,162390.0,162410.0,200398,5,673064
WIN$D,M15,1762519500,162415.0,162430.0,162235.0,162285.0,114932,5,383604
WIN$D,M15,1762520400,162285.0,162450.0,162280.0,162325.0,94940,5,313091
WIN$D,M15,1762521300,162330.0,162505.0,162260.0,162340.0,99762,5,328066
WIN$D,M15,1762522200,162340.0,162505.0,162315.0,162485.0,78511,5,250316
WIN$D,M15,1762523100,162485.0,162520.0,162285.0,162330.0,94985,5,325601
WIN$D,M15,1762524000,162330.0,162415.0,162215.0,162405.0,95592,5,330344
WIN$D,M15,1762524900,162400.0,162645.0,162385.0,162600.0,107576,5,385000
WIN$D,M15,1762525800,162600.0,162635.0,162500.0,162575.0,84184,5,283875
WIN$D,M15,1762526700,162570.0,162720.0,162495.0,162675.0,95784,5,325973
WIN$D,M15,1762527600,162675.0,162790.0,162595.0,162730.0,99583,5,361871
WIN$D,M15,1762528500,162735.0,163060.0,162705.0,162875.0,156908,5,564139
WIN$D,M15,1762529400,162870.0,162965.0,162840.0,162875.0,82605,5,297274
WIN$D,M15,1762530300,162870.0,163000.0,162855.0,162945.0,54792,5,184061
WIN$D,M15,1762531200,162945.0,163090.0,162890.0,163005.0,84105,5,299548
WIN$D,M15,1762532100,163005.0,163100.0,162875.0,162910.0,74348,5,272413
WIN$D,M15,1762533000,162910.0,163160.0,162905.0,163145.0,79503,5,280566
WIN$D,M15,1762533900,163150.0,163185.0,163065.0,163145.0,65706,5,220994
WIN$D,M15,1762534800,163145.0,163185.0,163075.0,163165.0,50095,5,172341
WIN$D,M15,1762535700,163160.0,163195.0,163085.0,163170.0,42414,5,137373
WIN$D,M15,1762536600,163170.0,163360.0,163155.0,163335.0,62779,5,229636
WIN$D,M15,1762537500,163340.0,163585.0,163290.0,163515.0,75782,5,282175
WIN$D,M15,1762538400,163515.0,163660.0,163370.0,163430.0,68341,5,242680
WIN$D,M15,1762539300,163435.0,163550.0,163375.0,163550.0,13682,5,66842
WIN$D,M15,1762765200,164410.0,164530.0,164015.0,164035.0,265748,5,822322
WIN$D,M15,1762766100,164030.0,164260.0,163980.0,164160.0,216381,5,646563
WIN$D,M15,1762767000,164160.0,164420.0,164050.0,164175.0,238582,5,739319
WIN$D,M15,1762767900,164170.0,164400.0,164125.0,164360.0,148776,5,466320
WIN$D,M15,1762768800,164360.0,164580.0,164155.0,164270.0,292628,5,894765
WIN$D,M15,1762769700,164270.0,164275.0,164065.0,164155.0,188305,5,580727
WIN$D,M15,1762770600,164150.0,164310.0,164005.0,164250.0,191047,5,611346
WIN$D,M15,1762771500,164245.0,165045.0,164225.0,164945.0,301125,5,1079657
WIN$D,M15,1762772400,164945.0,165040.0,164725.0,164735.0,198374,5,718511
WIN$D,M15,1762773300,164730.0,164825.0,164625.0,164695.0,173653,5,627282
WIN$D,M15,1762774200,164695.0,164860.0,164305.0,164330.0,228285,5,821219
WIN$D,M15,1762775100,164330.0,164445.0,164145.0,164195.0,161409,5,569451
WIN$D,M15,1762776000,164195.0,164380.0,164125.0,164315.0,127108,5,458967
WIN$D,M15,1762776900,164320.0,164425.0,164205.0,164385.0,100214,5,391979
WIN$D,M15,1762777800,164380.0,164495.0,164310.0,164450.0,81375,5,289294
WIN$D,M15,1762778700,164445.0,164505.0,164270.0,164350.0,95039,5,352896
WIN$D,M15,1762779600,164350.0,164545.0,164285.0,164490.0,97972,5,358887
WIN$D,M15,1762780500,164490.0,164535.0,164390.0,164405.0,63919,5,230920
WIN$D,M15,1762781400,164405.0,164485.0,164360.0,164410.0,66757,5,259131
WIN$D,M15,1762782300,164410.0,164420.0,164240.0,164295.0,72120,5,267711
WIN$D,M15,1762783200,164295.0,164455.0,164240.0,164380.0,76891,5,282457
WIN$D,M15,1762784100,164385.0,164465.0,164310.0,164450.0,63096,5,228601
WIN$D,M15,1762785000,164445.0,164655.0,164425.0,164610.0,109158,5,412910
WIN$D,M15,1762785900,164605.0,164725.0,164590.0,164635.0,77037,5,288869
WIN$D,M15,1762786800,164640.0,164705.0,164590.0,164670.0,53323,5,212611
WIN$D,M15,1762787700,164665.0,164700.0,164600.0,164680.0,52013,5,210660
WIN$D,M15,1762788600,164685.0,164765.0,164600.0,164625.0,80630,5,325972
WIN$D,M15,1762789500,164625.0,164645.0,164560.0,164630.0,56886,5,232213
WIN$D,M15,1762790400,164635.0,164660.0,164560.0,164585.0,47143,5,197275
WIN$D,M15,1762791300,164590.0,164695.0,164585.0,164675.0,39505,5,160474
WIN$D,M15,1762792200,164675.0,164705.0,164565.0,164585.0,48995,5,200898
WIN$D,M15,1762793100,164585.0,164595.0,164475.0,164490.0,55029,5,227489
WIN$D,M15,1762794000,164490.0,164550.0,164455.0,164520.0,52739,5,218981
WIN$D,M15,1762794900,164525.0,164535.0,164370.0,164380.0,52918,5,224126
WIN$D,M15,1762795800,164385.0,164655.0,164325.0,164615.0,84917,5,320473
WIN$D,M15,1762796700,164615.0,164665.0,164590.0,164645.0,44325,5,152090
WIN$D,M15,1762797600,164645.0,164960.0,164630.0,164930.0,72825,5,249625
WIN$D,M15,1762798500,164930.0,165250.0,164860.0,165130.0,40394,5,170488
WIN$D,M15,1762851600,165250.0,165985.0,165250.0,165775.0,327817,5,983834
WIN$D,M15,1762852500,165770.0,166010.0,165655.0,165710.0,291451,5,900296
WIN$D,M15,1762853400,165710.0,165820.0,165475.0,165660.0,258433,5,792124
WIN$D,M15,1762854300,165665.0,165710.0,165435.0,165615.0,191077,5,574439
WIN$D,M15,1762855200,165615.0,165815.0,165405.0,165730.0,299695,5,918348
WIN$D,M15,1762856100,165725.0,166325.0,165645.0,166200.0,335546,5,1099614
WIN$D,M15,1762857000,166200.0,166675.0,166150.0,166485.0,290949,5,1028398
WIN$D,M15,1762857900,166480.0,167305.0,166480.0,166955.0,331072,5,1227538
WIN$D,M15,1762858800,166960.0,167405.0,166930.0,167185.0,229445,5,846936
WIN$D,M15,1762859700,167185.0,167605.0,167115.0,167520.0,219001,5,793992
WIN$D,M15,1762860600,167515.0,167835.0,167320.0,167655.0,294352,5,1077263
WIN$D,M15,1762861500,167655.0,167875.0,167375.0,167820.0,237874,5,833231
WIN$D,M15,1762862400,167815.0,167915.0,167550.0,167565.0,175309,5,595852
WIN$D,M15,1762863300,167560.0,167600.0,167130.0,167315.0,190527,5,675251
WIN$D,M15,1762864200,167320.0,167320.0,166860.0,166950.0,180975,5,658849
WIN$D,M15,1762865100,166950.0,167040.0,166820.0,166955.0,113531,5,384933
WIN$D,M15,1762866000,166950.0,166980.0,166820.0,166955.0,102230,5,377210
WIN$D,M15,1762866900,166960.0,167035.0,166775.0,166855.0,96485,5,350830
WIN$D,M15,1762867800,166860.0,167010.0,166820.0,166990.0,82353,5,296160
WIN$D,M15,1762868700,166995.0,167110.0,166920.0,166990.0,87416,5,310053
WIN$D,M15,1762869600,166990.0,167075.0,166945.0,166965.0,72402,5,264040
WIN$D,M15,1762870500,166970.0,167000.0,166795.0,166900.0,81283,5,306086
WIN$D,M15,1762871400,166900.0,166955.0,166820.0,166875.0,66271,5,253443
WIN$D,M15,1762872300,166875.0,167015.0,166865.0,166980.0,64711,5,253133
WIN$D,M15,1762873200,166980.0,167185.0,166970.0,167005.0,100812,5,402891
WIN$D,M15,1762874100,167010.0,167105.0,166990.0,167090.0,50052,5,197260
WIN$D,M15,1762875000,167085.0,167130.0,166945.0,166965.0,73624,5,296160
WIN$D,M15,1762875900,166965.0,166990.0,166905.0,166915.0,48972,5,190665
WIN$D,M15,1762876800,166910.0,167005.0,166895.0,166970.0,45677,5,182796
WIN$D,M15,1762877700,166970.0,167165.0,166960.0,167155.0,67116,5,275834
WIN$D,M15,1762878600,167155.0,167205.0,167120.0,167130.0,47143,5,206530
WIN$D,M15,1762879500,167130.0,167295.0,167090.0,167270.0,62192,5,279162
WIN$D,M15,1762880400,167270.0,167680.0,167265.0,167625.0,104431,5,495627
WIN$D,M15,1762881300,167620.0,167660.0,167275.0,167315.0,70240,5,300989
WIN$D,M15,1762882200,167310.0,167460.0,167230.0,167450.0,64030,5,244410
WIN$D,M15,1762883100,167450.0,167505.0,167245.0,167275.0,77674,5,261592
WIN$D,M15,1762884000,167270.0,167345.0,167135.0,167210.0,74908,5,228616
WIN$D,M15,1762884900,167215.0,167405.0,167145.0,167145.0,36528,5,136596
WIN$D,M15,1762938000,167310.0,167480.0,167080.0,167450.0,223399,5,713386
WIN$D,M15,1762938900,167450.0,167450.0,167090.0,167210.0,202550,5,622844
WIN$D,M15,1762939800,167215.0,167345.0,167140.0,167220.0,143928,5,454871
WIN$D,M15,1762940700,167215.0,167340.0,167035.0,167315.0,178144,5,571917
WIN$D,M15,1762941600,167315.0,167375.0,167035.0,167265.0,256834,5,829565
WIN$D,M15,1762942500,167265.0,167325.0,167055.0,167310.0,202343,5,663357
WIN$D,M15,1762943400,167305.0,167405.0,167165.0,167165.0,167229,5,559037
WIN$D,M15,1762944300,167165.0,167235.0,166835.0,166860.0,240273,5,817613
WIN$D,M15,1762945200,166860.0,167145.0,166750.0,167105.0,232724,5,805394
WIN$D,M15,1762946100,167100.0,167105.0,166925.0,166945.0,132794,5,466277
WIN$D,M15,1762947000,166940.0,167055.0,166615.0,166630.0,268566,5,965946
WIN$D,M15,1762947900,166625.0,166685.0,166220.0,166265.0,245193,5,885860
WIN$D,M15,1762948800,166265.0,166385.0,166155.0,166345.0,162853,5,590974
WIN$D,M15,1762949700,166345.0,166450.0,166245.0,166400.0,119773,5,433311
WIN$D,M15,1762950600,166405.0,166475.0,166175.0,166315.0,131340,5,466299
WIN$D,M15,1762951500,166310.0,166325.0,166180.0,166235.0,76870,5,284919
WIN$D,M15,1762952400,166230.0,166280.0,166120.0,166220.0,94006,5,331921
WIN$D,M15,1762953300,166215.0,166260.0,166135.0,166145.0,57665,5,202591
WIN$D,M15,1762954200,166150.0,166255.0,166080.0,166200.0,78019,5,281495
WIN$D,M15,1762955100,166195.0,166255.0,166040.0,166135.0,102664,5,373224
WIN$D,M15,1762956000,166140.0,166155.0,166050.0,166085.0,53258,5,189897
WIN$D,M15,1762956900,166080.0,166105.0,165920.0,165980.0,97179,5,343061
WIN$D,M15,1762957800,165980.0,166085.0,165935.0,166015.0,61323,5,213782
WIN$D,M15,1762958700,166015.0,166220.0,165975.0,166185.0,75580,5,278133
WIN$D,M15,1762959600,166185.0,166630.0,166180.0,166585.0,155370,5,585174
WIN$D,M15,1762960500,166585.0,166690.0,166405.0,166435.0,111416,5,462968
WIN$D,M15,1762961400,166435.0,166685.0,166345.0,166620.0,92568,5,370415
WIN$D,M15,1762962300,166615.0,166645.0,166545.0,166570.0,52631,5,214249
WIN$D,M15,1762963200,166575.0,166580.0,166410.0,166500.0,66620,5,264122
WIN$D,M15,1762964100,166495.0,166600.0,166465.0,166520.0,60746,5,256744
WIN$D,M15,1762965000,166525.0,166630.0,166495.0,166580.0,52345,5,210777
WIN$D,M15,1762965900,166575.0,166705.0,166525.0,166595.0,61000,5,251422
WIN$D,M15,1762966800,166595.0,166860.0,166590.0,166840.0,75940,5,298111
WIN$D,M15,1762967700,166840.0,166860.0,166715.0,166735.0,49807,5,212651
WIN$D,M15,1762968600,166735.0,166960.0,166725.0,166955.0,53001,5,189840
WIN$D,M15,1762969500,166950.0,167195.0,166915.0,167085.0,103919,5,347754
WIN$D,M15,1762970400,167080.0,167135.0,166875.0,167000.0,64474,5,199069
WIN$D,M15,1762971300,167005.0,167055.0,166925.0,166925.0,18092,5,64090
WIN$D,M15,1763024400,167260.0,167260.0,166745.0,166935.0,221780,5,691430
WIN$D,M15,1763025300,166930.0,167090.0,166810.0,166905.0,173401,5,540998
WIN$D,M15,1763026200,166905.0,167010.0,166795.0,166865.0,166292,5,532280
WIN$D,M15,1763027100,166860.0,166965.0,166770.0,166835.0,142122,5,447572
WIN$D,M15,1763028000,166835.0,166835.0,166490.0,166780.0,321268,5,992169
WIN$D,M15,1763028900,166780.0,167605.0,166780.0,167300.0,438647,5,1463083
WIN$D,M15,1763029800,167295.0,167350.0,166750.0,166950.0,268314,5,895582
WIN$D,M15,1763030700,166950.0,167035.0,166710.0,166795.0,162307,5,566726
WIN$D,M15,1763031600,166795.0,167020.0,166650.0,166835.0,191502,5,669864
WIN$D,M15,1763032500,166840.0,166885.0,166570.0,166850.0,179485,5,632601
WIN$D,M15,1763033400,166845.0,167055.0,166570.0,166595.0,261699,5,875751
WIN$D,M15,1763034300,166590.0,167225.0,166535.0,166845.0,254402,5,854614
WIN$D,M15,1763035200,166845.0,167260.0,166840.0,167170.0,196230,5,684866
WIN$D,M15,1763036100,167170.0,167285.0,166965.0,167070.0,144969,5,498239
WIN$D,M15,1763037000,167070.0,167135.0,166830.0,166965.0,130685,5,438060
WIN$D,M15,1763037900,166965.0,167020.0,166785.0,166845.0,108361,5,378560
WIN$D,M15,1763038800,166845.0,167025.0,166765.0,166900.0,92267,5,310302
WIN$D,M15,1763039700,166900.0,166925.0,166685.0,166725.0,107862,5,379534
WIN$D,M15,1763040600,166730.0,166780.0,166280.0,166330.0,144886,5,503526
WIN$D,M15,1763041500,166335.0,166480.0,166310.0,166430.0,91583,5,326354
WIN$D,M15,1763042400,166435.0,166565.0,166320.0,166330.0,107043,5,384259
WIN$D,M15,1763043300,166330.0,166485.0,166320.0,166445.0,80698,5,283717
WIN$D,M15,1763044200,166450.0,166505.0,166215.0,166235.0,107085,5,367950
WIN$D,M15,1763045100,166230.0,166330.0,166180.0,166220.0,78102,5,267509
WIN$D,M15,1763046000,166220.0,166445.0,166200.0,166375.0,88840,5,321286
WIN$D,M15,1763046900,166380.0,166390.0,166020.0,166075.0,132281,5,493796
WIN$D,M15,1763047800,166075.0,166130.0,165990.0,166030.0,88907,5,323745
WIN$D,M15,1763048700,166030.0,166120.0,165920.0,165920.0,96349,5,337942
WIN$D,M15,1763049600,165925.0,165985.0,165785.0,165880.0,113789,5,414172
WIN$D,M15,1763050500,165875.0,166190.0,165860.0,166175.0,108883,5,408501
WIN$D,M15,1763051400,166175.0,166220.0,166085.0,166165.0,81672,5,298884
WIN$D,M15,1763052300,166170.0,166325.0,166165.0,166305.0,79835,5,310024
WIN$D,M15,1763053200,166300.0,166485.0,166295.0,166335.0,100250,5,394250
WIN$D,M15,1763054100,166335.0,166355.0,166010.0,166225.0,98672,5,376045
WIN$D,M15,1763055000,166220.0,166415.0,166220.0,166240.0,77618,5,267260
WIN$D,M15,1763055900,166240.0,166365.0,166215.0,166250.0,64191,5,191171
WIN$D,M15,1763056800,166250.0,166465.0,166190.0,166420.0,56327,5,164993
WIN$D,M15,1763057700,166425.0,166445.0,166340.0,166350.0,20649,5,83701
WIN$D,M15,1763110800,165605.0,165725.0,165375.0,165670.0,213712,5,650745
WIN$D,M15,1763111700,165665.0,165920.0,165500.0,165845.0,249875,5,771417
WIN$D,M15,1763112600,165850.0,166100.0,165725.0,165890.0,237671,5,754535
WIN$D,M15,1763113500,165885.0,166125.0,165730.0,165800.0,222842,5,705466
WIN$D,M15,1763114400,165795.0,166155.0,165770.0,166115.0,247785,5,794405
WIN$D,M15,1763115300,166110.0,166345.0,166055.0,166180.0,279524,5,925250
WIN$D,M15,1763116200,166180.0,166375.0,165950.0,166230.0,261876,5,918915
WIN$D,M15,1763117100,166230.0,166275.0,165840.0,166240.0,210330,5,731050
WIN$D,M15,1763118000,166245.0,166395.0,165925.0,166315.0,194992,5,673366
WIN$D,M15,1763118900,166320.0,166815.0,166300.0,166740.0,233206,5,821169
WIN$D,M15,1763119800,166735.0,166950.0,166390.0,166920.0,293998,5,1010366
WIN$D,M15,1763120700,166920.0,167325.0,166900.0,167265.0,232493,5,826540
WIN$D,M15,1763121600,167265.0,167350.0,166915.0,167145.0,197042,5,667471
WIN$D,M15,1763122500,167145.0,167305.0,167085.0,167265.0,147340,5,480095
WIN$D,M15,1763123400,167260.0,167340.0,167160.0,167285.0,101321,5,330323
WIN$D,M15,1763124300,167280.0,167560.0,167110.0,167225.0,156254,5,581995
WIN$D,M15,1763125200,167220.0,167245.0,167015.0,167145.0,101400,5,359993
WIN$D,M15,1763126100,167145.0,167200.0,167095.0,167135.0,64556,5,227493
WIN$D,M15,1763127000,167135.0,167160.0,167025.0,167045.0,60209,5,201193
WIN$D,M15,1763127900,167045.0,167260.0,166970.0,167155.0,90972,5,308490
WIN$D,M15,1763128800,167155.0,167485.0,167045.0,167215.0,129529,5,456534
WIN$D,M15,1763129700,167220.0,167325.0,167165.0,167320.0,72184,5,252635
WIN$D,M15,1763130600,167315.0,167585.0,167250.0,167535.0,106668,5,387272
WIN$D,M15,1763131500,167535.0,167585.0,167235.0,167355.0,96454,5,333709
WIN$D,M15,1763132400,167355.0,167420.0,167070.0,167390.0,127388,5,458571
WIN$D,M15,1763133300,167390.0,167405.0,167165.0,167375.0,91968,5,320818
WIN$D,M15,1763134200,167380.0,167520.0,167280.0,167330.0,99540,5,359296
WIN$D,M15,1763135100,167325.0,167415.0,167240.0,167355.0,82767,5,290338
WIN$D,M15,1763136000,167355.0,167445.0,167275.0,167345.0,77272,5,297033
WIN$D,M15,1763136900,167345.0,167405.0,167280.0,167305.0,51885,5,197391
WIN$D,M15,1763137800,167305.0,167325.0,167180.0,167240.0,57330,5,216101
WIN$D,M15,1763138700,167235.0,167330.0,167210.0,167275.0,57696,5,222111
WIN$D,M15,1763139600,167280.0,167330.0,167190.0,167210.0,50550,5,209341
WIN$D,M15,1763140500,167215.0,167220.0,166810.0,166885.0,106362,5,412010
WIN$D,M15,1763141400,166880.0,166960.0,166815.0,166895.0,48622,5,173720
WIN$D,M15,1763142300,166895.0,167100.0,166875.0,167075.0,70346,5,240540
WIN$D,M15,1763143200,167075.0,167085.0,166705.0,166800.0,61687,5,193030
WIN$D,M15,1763144100,166800.0,166880.0,166620.0,166620.0,23898,5,113543
WIN$D,M15,1763370000,166895.0,166980.0,166430.0,166475.0,198264,5,581398
WIN$D,M15,1763370900,166475.0,166555.0,166250.0,166470.0,196187,5,632665
WIN$D,M15,1763371800,166475.0,166620.0,166310.0,166470.0,225309,5,707555
WIN$D,M15,1763372700,166470.0,166685.0,166355.0,166675.0,140347,5,428621
WIN$D,M15,1763373600,166675.0,166935.0,166580.0,166705.0,271337,5,861459
WIN$D,M15,1763374500,166705.0,166860.0,166435.0,166720.0,273728,5,885488
WIN$D,M15,1763375400,166720.0,166720.0,166055.0,166075.0,293255,5,976758
WIN$D,M15,1763376300,166070.0,166235.0,165980.0,166210.0,198554,5,672284
WIN$D,M15,1763377200,166215.0,166485.0,166075.0,166420.0,201996,5,685992
WIN$D,M15,1763378100,166420.0,166780.0,166410.0,166705.0,203346,5,701348
WIN$D,M15,1763379000,166705.0,166740.0,166230.0,166405.0,293083,5,1003288
WIN$D,M15,1763379900,166400.0,166735.0,166375.0,166715.0,182247,5,584771
WIN$D,M15,1763380800,166715.0,166905.0,166590.0,166605.0,214738,5,692556
WIN$D,M15,1763381700,166605.0,166930.0,166550.0,166820.0,174094,5,564128
WIN$D,M15,1763382600,166820.0,166865.0,166615.0,166845.0,147724,5,471327
WIN$D,M15,1763383500,166850.0,166880.0,166635.0,166665.0,103061,5,315644
WIN$D,M15,1763384400,166660.0,166780.0,166535.0,166725.0,112029,5,350309
WIN$D,M15,1763385300,166720.0,166860.0,166650.0,166835.0,82017,5,257856
WIN$D,M15,1763386200,166835.0,166970.0,166660.0,166685.0,108240,5,357794
WIN$D,M15,1763387100,166685.0,166900.0,166660.0,166845.0,87224,5,299126
WIN$D,M15,1763388000,166845.0,166955.0,166650.0,166750.0,97517,5,328816
WIN$D,M15,1763388900,166755.0,166885.0,166720.0,166855.0,73934,5,239807
WIN$D,M15,1763389800,166860.0,166905.0,166675.0,166785.0,89829,5,294303
WIN$D,M15,1763390700,166785.0,166795.0,166625.0,166655.0,84053,5,284430
WIN$D,M15,1763391600,166650.0,166680.0,166530.0,166570.0,111765,5,387102
WIN$D,M15,1763392500,166570.0,166585.0,166365.0,166400.0,99568,5,342353
WIN$D,M15,1763393400,166400.0,166470.0,166315.0,166450.0,79704,5,274470
WIN$D,M15,1763394300,166445.0,166515.0,166335.0,166340.0,80433,5,285086
WIN$D,M15,1763395200,166340.0,166365.0,166190.0,166255.0,98438,5,342394
WIN$D,M15,1763396100,166260.0,166360.0,166115.0,166240.0,91310,5,328000
WIN$D,M15,1763397000,166235.0,166280.0,165910.0,166000.0,112905,5,403948
WIN$D,M15,1763397900,166000.0,166060.0,165835.0,165875.0,90191,5,335230
WIN$D,M15,1763398800,165870.0,165900.0,165645.0,165735.0,107716,5,406885
WIN$D,M15,1763399700,165735.0,165850.0,165695.0,165760.0,73220,5,246918
WIN$D,M15,1763400600,165765.0,165825.0,165690.0,165805.0,62853,5,188707
WIN$D,M15,1763401500,165805.0,166060.0,165795.0,165920.0,114450,5,330858
WIN$D,M15,1763402400,165920.0,166150.0,165845.0,166115.0,79151,5,208647
WIN$D,M15,1763403300,166115.0,166185.0,165985.0,166150.0,29386,5,106838
WIN$D,M15,1763456400,165410.0,165530.0,164875.0,164925.0,299082,5,812296
WIN$D,M15,1763457300,164930.0,165045.0,164605.0,164755.0,210851,5,617898
WIN$D,M15,1763458200,164750.0,164930.0,164505.0,164620.0,275800,5,883973
WIN$D,M15,1763459100,164615.0,164685.0,164440.0,164510.0,188829,5,622613
WIN$D,M15,1763460000,164505.0,164855.0,164430.0,164820.0,266106,5,877906
WIN$D,M15,1763460900,164820.0,165800.0,164810.0,165640.0,372693,5,1314829
WIN$D,M15,1763461800,165640.0,165760.0,165230.0,165360.0,280573,5,1011297
WIN$D,M15,1763462700,165360.0,165915.0,165270.0,165575.0,237883,5,840194
WIN$D,M15,1763463600,165570.0,165645.0,165360.0,165390.0,176613,5,636304
WIN$D,M15,1763464500,165390.0,165560.0,165385.0,165410.0,134908,5,495596
WIN$D,M15,1763465400,165415.0,165765.0,165330.0,165435.0,287600,5,957716
WIN$D,M15,1763466300,165435.0,165620.0,165130.0,165340.0,241295,5,804036
WIN$D,M15,1763467200,165340.0,165445.0,165090.0,165325.0,220074,5,727433
WIN$D,M15,1763468100,165325.0,165765.0,165220.0,165600.0,227524,5,686052
WIN$D,M15,1763469000,165605.0,165745.0,165305.0,165520.0,191479,5,584848
WIN$D,M15,1763469900,165515.0,165570.0,165290.0,165405.0,146488,5,452183
WIN$D,M15,1763470800,165405.0,165650.0,165295.0,165570.0,150493,5,471593
WIN$D,M15,1763471700,165570.0,165755.0,165475.0,165740.0,124283,5,379790
WIN$D,M15,1763472600,165745.0,165850.0,165660.0,165745.0,124995,5,380182
WIN$D,M15,1763473500,165745.0,165880.0,165635.0,165705.0,112539,5,372968
WIN$D,M15,1763474400,165700.0,165780.0,165665.0,165735.0,78668,5,236892
WIN$D,M15,1763475300,165735.0,165875.0,165615.0,165635.0,107260,5,356408
WIN$D,M15,1763476200,165640.0,165905.0,165595.0,165790.0,111149,5,363856
WIN$D,M15,1763477100,165795.0,165885.0,165720.0,165770.0,89115,5,291021
WIN$D,M15,1763478000,165775.0,165865.0,165710.0,165770.0,73172,5,247272
WIN$D,M15,1763478900,165765.0,165870.0,165735.0,165820.0,67985,5,235552
WIN$D,M15,1763479800,165820.0,165925.0,165715.0,165855.0,85372,5,313970
WIN$D,M15,1763480700,165855.0,165910.0,165770.0,165830.0,58195,5,204383
WIN$D,M15,1763481600,165825.0,166040.0,165805.0,166000.0,101667,5,383186
WIN$D,M15,1763482500,165995.0,166060.0,165865.0,165895.0,82839,5,306342
WIN$D,M15,1763483400,165890.0,166000.0,165835.0,165890.0,71817,5,267304
WIN$D,M15,1763484300,165895.0,165970.0,165855.0,165895.0,52489,5,181746
WIN$D,M15,1763485200,165895.0,165905.0,165775.0,165800.0,55511,5,193849
WIN$D,M15,1763486100,165800.0,165815.0,165625.0,165660.0,72518,5,264331
WIN$D,M15,1763487000,165655.0,165760.0,165610.0,165615.0,56878,5,184008
WIN$D,M15,1763487900,165615.0,165755.0,165565.0,165655.0,72468,5,228822
WIN$D,M15,1763488800,165660.0,165670.0,165460.0,165505.0,57116,5,164793
WIN$D,M15,1763489700,165510.0,165570.0,165405.0,165405.0,19224,5,81064
WIN$D,M15,1763542800,165670.0,165750.0,165440.0,165460.0,188335,5,559438
WIN$D,M15,1763543700,165460.0,165485.0,164855.0,164890.0,285631,5,899257
WIN$D,M15,1763544600,164890.0,165290.0,164820.0,165130.0,240248,5,751173
WIN$D,M15,1763545500,165125.0,165230.0,164670.0,164715.0,245059,5,748958
WIN$D,M15,1763546400,164710.0,165005.0,164695.0,164845.0,268332,5,823798
WIN$D,M15,1763547300,164845.0,164905.0,164640.0,164695.0,213959,5,679931
WIN$D,M15,1763548200,164690.0,164945.0,164620.0,164835.0,209845,5,698468
WIN$D,M15,1763549100,164830.0,164860.0,164670.0,164735.0,131471,5,464037
WIN$D,M15,1763550000,164735.0,164905.0,164710.0,164850.0,102449,5,362739
WIN$D,M15,1763550900,164850.0,164995.0,164555.0,164965.0,203423,5,734263
WIN$D,M15,1763551800,164965.0,165155.0,164725.0,164985.0,274764,5,933014
WIN$D,M15,1763552700,164985.0,165210.0,164835.0,165170.0,182479,5,617817
WIN$D,M15,1763553600,165170.0,165180.0,164900.0,164950.0,143013,5,479804
WIN$D,M15,1763554500,164950.0,165025.0,164650.0,164695.0,151596,5,517920
WIN$D,M15,1763555400,164690.0,164800.0,164635.0,164695.0,94153,5,333393
WIN$D,M15,1763556300,164690.0,164740.0,164495.0,164575.0,110162,5,399387
WIN$D,M15,1763557200,164570.0,164650.0,164440.0,164520.0,109099,5,391288
WIN$D,M15,1763558100,164520.0,164595.0,164385.0,164420.0,93069,5,332571
WIN$D,M15,1763559000,164415.0,164555.0,164400.0,164525.0,77376,5,281285
WIN$D,M15,1763559900,164525.0,164570.0,164390.0,164435.0,78989,5,275718
WIN$D,M15,1763560800,164430.0,164540.0,164365.0,164425.0,95539,5,325795
WIN$D,M15,1763561700,164425.0,164515.0,164365.0,164490.0,65549,5,229891
WIN$D,M15,1763562600,164490.0,164605.0,164335.0,164575.0,121595,5,428770
WIN$D,M15,1763563500,164575.0,164615.0,164475.0,164525.0,96617,5,325080
WIN$D,M15,1763564400,164530.0,164690.0,164510.0,164560.0,97154,5,343483
WIN$D,M15,1763565300,164555.0,164575.0,164430.0,164440.0,62655,5,217379
WIN$D,M15,1763566200,164440.0,164625.0,164430.0,164515.0,84458,5,307479
WIN$D,M15,1763567100,164515.0,164540.0,164430.0,164495.0,54224,5,181964
WIN$D,M15,1763568000,164495.0,164510.0,164260.0,164320.0,89094,5,306353
WIN$D,M15,1763568900,164320.0,164330.0,164130.0,164170.0,87006,5,320502
WIN$D,M15,1763569800,164175.0,164320.0,164160.0,164255.0,70147,5,249991
WIN$D,M15,1763570700,164255.0,164325.0,164190.0,164305.0,58889,5,197188
WIN$D,M15,1763571600,164310.0,164410.0,164295.0,164365.0,60531,5,212075
WIN$D,M15,1763572500,164365.0,164490.0,164345.0,164405.0,68985,5,236741
WIN$D,M15,1763573400,164405.0,164570.0,164395.0,164475.0,62641,5,196600
WIN$D,M15,1763574300,164470.0,164475.0,164340.0,164410.0,61831,5,191865
WIN$D,M15,1763575200,164410.0,164455.0,164040.0,164080.0,79130,5,224981
WIN$D,M15,1763576100,164080.0,164205.0,163570.0,164190.0,66598,5,188412
WIN$D,M15,1763715600,162510.0,163135.0,162510.0,163070.0,226495,5,649312
WIN$D,M15,1763716500,163065.0,163395.0,163025.0,163115.0,195982,5,608482
WIN$D,M15,1763717400,163115.0,163880.0,163090.0,163775.0,288699,5,862659
WIN$D,M15,1763718300,163780.0,164000.0,163715.0,163810.0,166216,5,545948
WIN$D,M15,1763719200,163805.0,163985.0,163545.0,163705.0,246929,5,814270
WIN$D,M15,1763720100,163705.0,163785.0,163375.0,163455.0,184904,5,613736
WIN$D,M15,1763721000,163455.0,163840.0,163340.0,163780.0,195786,5,672860
WIN$D,M15,1763721900,163780.0,163825.0,163355.0,163645.0,195427,5,667684
WIN$D,M15,1763722800,163650.0,163745.0,162815.0,162870.0,262041,5,903513
WIN$D,M15,1763723700,162865.0,163205.0,162685.0,163110.0,190177,5,663408
WIN$D,M15,1763724600,163115.0,163490.0,163050.0,163185.0,249367,5,806350
WIN$D,M15,1763725500,163190.0,163300.0,162680.0,162880.0,241728,5,755652
WIN$D,M15,1763726400,162870.0,163225.0,162870.0,163000.0,196632,5,594522
WIN$D,M15,1763727300,163000.0,163050.0,162560.0,162725.0,230814,5,697432
WIN$D,M15,1763728200,162730.0,162940.0,162335.0,162705.0,225449,5,696532
WIN$D,M15,1763729100,162700.0,162955.0,162665.0,162720.0,159858,5,469032
WIN$D,M15,1763730000,162720.0,162815.0,162545.0,162685.0,135737,5,401900
WIN$D,M15,1763730900,162685.0,163025.0,162450.0,163005.0,143585,5,442214
WIN$D,M15,1763731800,163010.0,163280.0,162975.0,163275.0,136565,5,436601
WIN$D,M15,1763732700,163275.0,163505.0,163210.0,163480.0,121218,5,400180
WIN$D,M15,1763733600,163480.0,163660.0,163405.0,163525.0,136035,5,450546
WIN$D,M15,1763734500,163520.0,163605.0,163385.0,163475.0,100256,5,315743
WIN$D,M15,1763735400,163475.0,163585.0,163450.0,163510.0,73510,5,233255
WIN$D,M15,1763736300,163510.0,163580.0,163430.0,163500.0,81879,5,255170
WIN$D,M15,1763737200,163505.0,163565.0,163175.0,163255.0,119236,5,397083
WIN$D,M15,1763738100,163260.0,163365.0,163165.0,163325.0,88954,5,280488
WIN$D,M15,1763739000,163325.0,163465.0,163280.0,163425.0,80071,5,252208
WIN$D,M15,1763739900,163430.0,163775.0,163370.0,163505.0,164983,5,520685
WIN$D,M15,1763740800,163505.0,163605.0,163475.0,163515.0,66318,5,211813
WIN$D,M15,1763741700,163515.0,163685.0,163505.0,163650.0,68117,5,244308
WIN$D,M15,1763742600,163645.0,163675.0,163500.0,163565.0,75475,5,259555
WIN$D,M15,1763743500,163565.0,163610.0,163485.0,163575.0,62778,5,210003
WIN$D,M15,1763744400,163570.0,163620.0,163535.0,163615.0,42887,5,140680
WIN$D,M15,1763745300,163610.0,163710.0,163555.0,163560.0,54983,5,186601
WIN$D,M15,1763746200,163560.0,163690.0,163535.0,163650.0,53378,5,150338
WIN$D,M15,1763747100,163650.0,163735.0,163575.0,163595.0,55246,5,154339
WIN$D,M15,1763748000,163595.0,163725.0,163585.0,163685.0,41340,5,126533
WIN$D,M15,1763748900,163685.0,163760.0,163640.0,163750.0,20862,5,77217
WIN$D,M15,1763974800,164060.0,164170.0,163370.0,163480.0,243019,5,743407
WIN$D,M15,1763975700,163480.0,163685.0,163370.0,163510.0,212941,5,659347
WIN$D,M15,1763976600,163505.0,163850.0,163500.0,163795.0,188344,5,567652
WIN$D,M15,1763977500,163800.0,163830.0,163425.0,163450.0,222720,5,679217
WIN$D,M15,1763978400,163450.0,163495.0,163240.0,163380.0,259868,5,811772
WIN$D,M15,1763979300,163380.0,163660.0,163315.0,163605.0,247195,5,767629
WIN$D,M15,1763980200,163605.0,164115.0,163560.0,163715.0,331058,5,1066795
WIN$D,M15,1763981100,163715.0,163780.0,163455.0,163510.0,184539,5,632596
WIN$D,M15,1763982000,163510.0,163780.0,163440.0,163705.0,206129,5,703360
WIN$D,M15,1763982900,163705.0,164440.0,163685.0,164375.0,244840,5,886046
WIN$D,M15,1763983800,164375.0,164645.0,164045.0,164065.0,317386,5,1118954
WIN$D,M15,1763984700,164060.0,164245.0,163875.0,164045.0,232833,5,759301
WIN$D,M15,1763985600,164040.0,164295.0,164025.0,164225.0,165236,5,541470
WIN$D,M15,1763986500,164225.0,164250.0,164065.0,164085.0,96811,5,310218
WIN$D,M15,1763987400,164080.0,164140.0,164000.0,164110.0,77454,5,254653
WIN$D,M15,1763988300,164110.0,164180.0,163980.0,163995.0,73692,5,258113
WIN$D,M15,1763989200,163995.0,164065.0,163925.0,163980.0,76590,5,255386
WIN$D,M15,1763990100,163985.0,164235.0,163980.0,164045.0,97333,5,344477
WIN$D,M15,1763991000,164040.0,164120.0,163970.0,164085.0,73911,5,264173
WIN$D,M15,1763991900,164085.0,164100.0,163885.0,163915.0,73812,5,262244
WIN$D,M15,1763992800,163920.0,163965.0,163875.0,163935.0,53010,5,180485
WIN$D,M15,1763993700,163940.0,164020.0,163875.0,164015.0,61717,5,220456
WIN$D,M15,1763994600,164010.0,164175.0,164000.0,164110.0,85831,5,321054
WIN$D,M15,1763995500,164110.0,164135.0,163985.0,163985.0,61249,5,224640
WIN$D,M15,1763996400,163985.0,164035.0,163955.0,164015.0,48592,5,185668
WIN$D,M15,1763997300,164015.0,164050.0,163945.0,163995.0,43285,5,159597
WIN$D,M15,1763998200,163995.0,164075.0,163915.0,163995.0,68952,5,266013
WIN$D,M15,1763999100,163995.0,164030.0,163925.0,163995.0,41783,5,159630
WIN$D,M15,1764000000,164000.0,164070.0,163990.0,164025.0,41575,5,164606
WIN$D,M15,1764000900,164025.0,164030.0,163925.0,163945.0,40494,5,163981
WIN$D,M15,1764001800,163945.0,163990.0,163925.0,163935.0,28576,5,114971
WIN$D,M15,1764002700,163935.0,163955.0,163795.0,163825.0,63355,5,245516
WIN$D,M15,1764003600,163830.0,163970.0,163820.0,163950.0,57833,5,229066
WIN$D,M15,1764004500,163955.0,164025.0,163930.0,163940.0,48048,5,177569
WIN$D,M15,1764005400,163945.0,163970.0,163855.0,163885.0,43008,5,143393
WIN$D,M15,1764006300,163885.0,163905.0,163700.0,163735.0,66936,5,218235
WIN$D,M15,1764007200,163740.0,164130.0,163690.0,164115.0,77755,5,249060
WIN$D,M15,1764008100,164120.0,164285.0,164065.0,164285.0,28709,5,113777
WIN$D,M15,1764061200,164195.0,164465.0,164065.0,164255.0,264396,5,738009
WIN$D,M15,1764062100,164255.0,164320.0,163765.0,163830.0,303760,5,902033
WIN$D,M15,1764063000,163825.0,164425.0,163810.0,164370.0,282142,5,842295
WIN$D,M15,1764063900,164370.0,164390.0,163745.0,163965.0,317832,5,969489
WIN$D,M15,1764064800,163965.0,164560.0,163895.0,164475.0,368361,5,1145408
WIN$D,M15,1764065700,164475.0,164960.0,164310.0,164865.0,338074,5,1037548
WIN$D,M15,1764066600,164860.0,165070.0,164210.0,164225.0,334388,5,1081938
WIN$D,M15,1764067500,164225.0,164265.0,163720.0,163930.0,269303,5,1032941
WIN$D,M15,1764068400,163925.0,164030.0,163775.0,163855.0,173718,5,643946
WIN$D,M15,1764069300,163860.0,163880.0,163375.0,163515.0,205847,5,752598
WIN$D,M15,1764070200,163510.0,164060.0,163430.0,163685.0,271684,5,955743
WIN$D,M15,1764071100,163680.0,163805.0,163345.0,163760.0,227277,5,770808
WIN$D,M15,1764072000,163755.0,164135.0,163615.0,164060.0,216737,5,704680
WIN$D,M15,1764072900,164060.0,164260.0,163995.0,164185.0,171885,5,538127
WIN$D,M15,1764073800,164185.0,164505.0,164165.0,164340.0,164846,5,558010
WIN$D,M15,1764074700,164340.0,164410.0,163880.0,163905.0,141884,5,485369
WIN$D,M15,1764075600,163910.0,163930.0,163770.0,163870.0,93818,5,323023
WIN$D,M15,1764076500,163870.0,164035.0,163850.0,164010.0,80536,5,280714
WIN$D,M15,1764077400,164010.0,164110.0,163920.0,164050.0,72881,5,259452
WIN$D,M15,1764078300,164055.0,164095.0,163975.0,164010.0,58900,5,210263
WIN$D,M15,1764079200,164005.0,164140.0,163990.0,164090.0,76167,5,265158
WIN$D,M15,1764080100,164095.0,164230.0,164035.0,164140.0,68080,5,238347
WIN$D,M15,1764081000,164135.0,164235.0,164130.0,164175.0,51856,5,181724
WIN$D,M15,1764081900,164170.0,164245.0,164115.0,164200.0,53439,5,190506
WIN$D,M15,1764082800,164205.0,164355.0,164200.0,164280.0,82885,5,307517
WIN$D,M15,1764083700,164280.0,164395.0,164215.0,164250.0,66571,5,245288
WIN$D,M15,1764084600,164255.0,164335.0,164210.0,164220.0,54994,5,214334
WIN$D,M15,1764085500,164225.0,164445.0,164185.0,164435.0,73943,5,296995
WIN$D,M15,1764086400,164430.0,164535.0,164390.0,164410.0,71926,5,281783
WIN$D,M15,1764087300,164410.0,164505.0,164385.0,164485.0,48793,5,191551
WIN$D,M15,1764088200,164485.0,164590.0,164440.0,164570.0,55260,5,206932
WIN$D,M15,1764089100,164570.0,164575.0,164450.0,164520.0,48882,5,188903
WIN$D,M15,1764090000,164525.0,164605.0,164450.0,164535.0,54496,5,217649
WIN$D,M15,1764090900,164535.0,164565.0,164465.0,164465.0,29658,5,109698
WIN$D,M15,1764091800,164465.0,164470.0,164340.0,164390.0,46245,5,148869
WIN$D,M15,1764092700,164385.0,164580.0,164340.0,164530.0,63373,5,191889
WIN$D,M15,1764093600,164530.0,164695.0,164525.0,164625.0,52315,5,171454
WIN$D,M15,1764094500,164625.0,164770.0,164605.0,164610.0,27148,5,93430
WIN$D,M15,1764147600,164810.0,165050.0,164725.0,164960.0,220500,5,652643
WIN$D,M15,1764148500,164960.0,165245.0,164850.0,165190.0,207608,5,620495
WIN$D,M15,1764149400,165185.0,165225.0,164790.0,164900.0,217023,5,653917
WIN$D,M15,1764150300,164895.0,165260.0,164870.0,165230.0,196500,5,599868
WIN$D,M15,1764151200,165235.0,165300.0,164825.0,164965.0,309268,5,961236
WIN$D,M15,1764152100,164965.0,165785.0,164910.0,165735.0,343718,5,1134270
WIN$D,M15,1764153000,165735.0,166190.0,165675.0,166040.0,275468,5,941100
WIN$D,M15,1764153900,166040.0,166280.0,165890.0,166225.0,224846,5,776860
WIN$D,M15,1764154800,166230.0,166425.0,166175.0,166225.0,184246,5,641537
WIN$D,M15,1764155700,166230.0,166360.0,166180.0,166300.0,99526,5,335894
WIN$D,M15,1764156600,166295.0,166480.0,166160.0,166290.0,241564,5,836019
WIN$D,M15,1764157500,166295.0,166350.0,166095.0,166180.0,148298,5,509523
WIN$D,M15,1764158400,166180.0,166185.0,165990.0,166120.0,139936,5,511327
WIN$D,M15,1764159300,166120.0,166150.0,165915.0,165925.0,120910,5,436392
WIN$D,M15,1764160200,165920.0,166075.0,165785.0,166070.0,148574,5,531669
WIN$D,M15,1764161100,166070.0,166350.0,165990.0,166245.0,129533,5,473605
WIN$D,M15,1764162000,166245.0,166640.0,166205.0,166625.0,148981,5,543366
WIN$D,M15,1764162900,166620.0,166685.0,166425.0,166445.0,101140,5,368212
WIN$D,M15,1764163800,166445.0,166630.0,166440.0,166595.0,79812,5,302406
WIN$D,M15,1764164700,166595.0,166645.0,166485.0,166525.0,67720,5,257908
WIN$D,M15,1764165600,166525.0,166760.0,166520.0,166735.0,97952,5,369299
WIN$D,M15,1764166500,166735.0,166875.0,166670.0,166820.0,93117,5,350208
WIN$D,M15,1764167400,166815.0,166825.0,166645.0,166705.0,67550,5,243971
WIN$D,M15,1764168300,166705.0,166815.0,166660.0,166750.0,59198,5,223473
WIN$D,M15,1764169200,166755.0,166890.0,166680.0,166820.0,109214,5,411273
WIN$D,M15,1764170100,166815.0,167030.0,166780.0,167000.0,86375,5,338753
WIN$D,M15,1764171000,167000.0,167005.0,166830.0,166860.0,67844,5,274871
WIN$D,M15,1764171900,166865.0,167050.0,166830.0,166985.0,70505,5,272258
WIN$D,M15,1764172800,166985.0,167080.0,166965.0,167035.0,62045,5,248004
WIN$D,M15,1764173700,167030.0,167105.0,167015.0,167090.0,44488,5,191429
WIN$D,M15,1764174600,167090.0,167225.0,167070.0,167110.0,83999,5,354551
WIN$D,M15,1764175500,167115.0,167210.0,167105.0,167155.0,47149,5,189390
WIN$D,M15,1764176400,167155.0,167285.0,167145.0,167255.0,65777,5,274312
WIN$D,M15,1764177300,167255.0,167265.0,167175.0,167180.0,40071,5,157223
WIN$D,M15,1764178200,167180.0,167185.0,167035.0,167160.0,69023,5,248671
WIN$D,M15,1764179100,167155.0,167210.0,167120.0,167175.0,47624,5,149993
WIN$D,M15,1764180000,167180.0,167280.0,167100.0,167200.0,68146,5,205271
WIN$D,M15,1764180900,167195.0,167455.0,167165.0,167455.0,37983,5,149312
WIN$D,M15,1764234000,167125.0,167250.0,166985.0,167125.0,201131,5,551754
WIN$D,M15,1764234900,167130.0,167215.0,167015.0,167160.0,131582,5,384148
WIN$D,M15,1764235800,167155.0,167240.0,167000.0,167110.0,154969,5,460591
WIN$D,M15,1764236700,167110.0,167175.0,167020.0,167030.0,108646,5,323668
WIN$D,M15,1764237600,167030.0,167150.0,166930.0,167135.0,226669,5,665817
WIN$D,M15,1764238500,167130.0,167290.0,167020.0,167195.0,194537,5,590669
WIN$D,M15,1764239400,167195.0,167210.0,166945.0,167005.0,180727,5,565184
WIN$D,M15,1764240300,167005.0,167055.0,166835.0,166855.0,132252,5,426396
WIN$D,M15,1764241200,166850.0,166945.0,166745.0,166800.0,165763,5,529371
WIN$D,M15,1764242100,166800.0,166865.0,166765.0,166810.0,76766,5,238168
WIN$D,M15,1764243000,166810.0,166840.0,166750.0,166815.0,68117,5,215919
WIN$D,M15,1764243900,166815.0,166870.0,166695.0,166720.0,93681,5,322517
WIN$D,M15,1764244800,166725.0,166815.0,166670.0,166765.0,86765,5,298227
WIN$D,M15,1764245700,166765.0,166865.0,166740.0,166790.0,72442,5,265852
WIN$D,M15,1764246600,166790.0,166870.0,166745.0,166830.0,42690,5,156484
WIN$D,M15,1764247500,166830.0,166870.0,166780.0,166825.0,32441,5,118839
WIN$D,M15,1764248400,166830.0,166970.0,166795.0,166930.0,55519,5,193824
WIN$D,M15,1764249300,166925.0,167095.0,166915.0,167080.0,79589,5,268814
WIN$D,M15,1764250200,167085.0,167105.0,166990.0,167025.0,70700,5,242998
WIN$D,M15,1764251100,167025.0,167025.0,166780.0,166790.0,97487,5,327398
WIN$D,M15,1764252000,166785.0,166905.0,166780.0,166865.0,63054,5,213121
WIN$D,M15,1764252900,166870.0,166950.0,166790.0,166925.0,71787,5,253132
WIN$D,M15,1764253800,166930.0,166960.0,166825.0,166855.0,62609,5,205193
WIN$D,M15,1764254700,166855.0,166950.0,166845.0,166900.0,37095,5,127349
WIN$D,M15,1764255600,166895.0,166970.0,166895.0,166935.0,38678,5,132116
WIN$D,M15,1764256500,166930.0,167045.0,166920.0,166975.0,48065,5,167445
WIN$D,M15,1764257400,166970.0,166980.0,166725.0,166770.0,96158,5,320723
WIN$D,M15,1764258300,166765.0,166785.0,166595.0,166660.0,77707,5,255571
WIN$D,M15,1764259200,166655.0,166810.0,166625.0,166780.0,61647,5,210952
WIN$D,M15,1764260100,166785.0,166815.0,166710.0,166745.0,38475,5,135596
WIN$D,M15,1764261000,166745.0,166860.0,166735.0,166810.0,46615,5,157305
WIN$D,M15,1764261900,166810.0,166885.0,166765.0,166860.0,36502,5,128171
WIN$D,M15,1764262800,166865.0,166935.0,166815.0,166890.0,46980,5,157344
WIN$D,M15,1764263700,166890.0,166915.0,166770.0,166850.0,39387,5,128526
WIN$D,M15,1764264600,166850.0,166910.0,166830.0,166880.0,32908,5,105414
WIN$D,M15,1764265500,166880.0,166890.0,166780.0,166825.0,30616,5,90800
WIN$D,M15,1764266400,166825.0,166985.0,166775.0,166960.0,47929,5,128408
WIN$D,M15,1764267300,166960.0,167015.0,166920.0,166920.0,24522,5,69665
WIN$D,M15,1764320400,166795.0,167400.0,166775.0,167310.0,241341,5,597849
WIN$D,M15,1764321300,167305.0,167375.0,167175.0,167305.0,124346,5,350054
WIN$D,M15,1764322200,167310.0,167370.0,167230.0,167295.0,96309,5,270192
WIN$D,M15,1764323100,167295.0,167580.0,167285.0,167545.0,148006,5,446590
WIN$D,M15,1764324000,167545.0,167550.0,167045.0,167220.0,271754,5,872375
WIN$D,M15,1764324900,167225.0,167525.0,167110.0,167125.0,257495,5,733221
WIN$D,M15,1764325800,167125.0,167260.0,166885.0,167015.0,239299,5,668403
WIN$D,M15,1764326700,167020.0,167145.0,166935.0,167120.0,152807,5,457301
WIN$D,M15,1764327600,167120.0,167410.0,167075.0,167360.0,247846,5,758463
WIN$D,M15,1764328500,167360.0,167650.0,167355.0,167560.0,209096,5,650891
WIN$D,M15,1764329400,167560.0,167620.0,166815.0,166980.0,287847,5,916822
WIN$D,M15,1764330300,166980.0,167310.0,166935.0,167305.0,154844,5,487694
WIN$D,M15,1764331200,167300.0,167320.0,166925.0,167045.0,150207,5,462609
WIN$D,M15,1764332100,167050.0,167125.0,166940.0,167095.0,102380,5,316250
WIN$D,M15,1764333000,167095.0,167360.0,167080.0,167230.0,121907,5,376252
WIN$D,M15,1764333900,167230.0,167300.0,167110.0,167290.0,81783,5,254837
WIN$D,M15,1764334800,167285.0,167500.0,167255.0,167330.0,141809,5,425682
WIN$D,M15,1764335700,167330.0,167365.0,167160.0,167195.0,67374,5,195423
WIN$D,M15,1764336600,167190.0,167405.0,167140.0,167350.0,92453,5,286024
WIN$D,M15,1764337500,167350.0,167585.0,167315.0,167575.0,81837,5,246159
WIN$D,M15,1764338400,167580.0,167890.0,167560.0,167825.0,126198,5,418408
WIN$D,M15,1764339300,167820.0,167850.0,167630.0,167660.0,77997,5,249026
WIN$D,M15,1764340200,167660.0,167780.0,167625.0,167705.0,73311,5,236809
WIN$D,M15,1764341100,167710.0,167725.0,167570.0,167665.0,70372,5,221380
WIN$D,M15,1764342000,167665.0,167910.0,167625.0,167855.0,113513,5,422502
WIN$D,M15,1764342900,167855.0,167935.0,167825.0,167860.0,55070,5,171037
WIN$D,M15,1764343800,167860.0,168040.0,167845.0,167990.0,73002,5,226945
WIN$D,M15,1764344700,167995.0,168130.0,167970.0,168080.0,56208,5,188934
WIN$D,M15,1764345600,168085.0,168150.0,168010.0,168040.0,44704,5,152806
WIN$D,M15,1764346500,168040.0,168055.0,167925.0,167965.0,54655,5,172263
WIN$D,M15,1764347400,167965.0,167965.0,167780.0,167820.0,65295,5,200335
WIN$D,M15,1764348300,167815.0,167835.0,167660.0,167685.0,55556,5,172003
WIN$D,M15,1764349200,167685.0,167720.0,167580.0,167645.0,62417,5,191479
WIN$D,M15,1764350100,167640.0,167745.0,167620.0,167675.0,44434,5,128454
WIN$D,M15,1764351000,167675.0,167735.0,167585.0,167685.0,42524,5,115746
WIN$D,M15,1764351900,167685.0,167730.0,167600.0,167630.0,41905,5,104442
WIN$D,M15,1764352800,167625.0,167645.0,167460.0,167490.0,59835,5,154419
WIN$D,M15,1764353700,167490.0,167630.0,167410.0,167410.0,28351,5,90738
WIN$D,M15,1764579600,167310.0,167650.0,167155.0,167415.0,253570,5,732688
WIN$D,M15,1764580500,167410.0,167645.0,167365.0,167425.0,143044,5,410711
WIN$D,M15,1764581400,167425.0,167605.0,167390.0,167545.0,135171,5,398914
WIN$D,M15,1764582300,167550.0,167670.0,167440.0,167465.0,154933,5,490459
WIN$D,M15,1764583200,167465.0,167555.0,167115.0,167125.0,258990,5,790290
WIN$D,M15,1764584100,167130.0,167135.0,166355.0,166480.0,314084,5,1053213
WIN$D,M15,1764585000,166480.0,166710.0,166255.0,166415.0,235296,5,819444
WIN$D,M15,1764585900,166410.0,166800.0,166390.0,166745.0,200880,5,694478
WIN$D,M15,1764586800,166745.0,166830.0,166365.0,166520.0,199544,5,699390
WIN$D,M15,1764587700,166520.0,166710.0,166470.0,166575.0,149136,5,510989
WIN$D,M15,1764588600,166575.0,167310.0,166565.0,167130.0,298826,5,1045746
WIN$D,M15,1764589500,167135.0,167535.0,167115.0,167390.0,181708,5,633232
WIN$D,M15,1764590400,167395.0,167520.0,167315.0,167425.0,121862,5,402188
WIN$D,M15,1764591300,167420.0,167465.0,167085.0,167140.0,140511,5,457299
WIN$D,M15,1764592200,167135.0,167175.0,166735.0,166930.0,163519,5,556299
WIN$D,M15,1764593100,166935.0,167025.0,166910.0,166955.0,70049,5,222602
WIN$D,M15,1764594000,166955.0,166995.0,166860.0,166915.0,75893,5,243808
WIN$D,M15,1764594900,166915.0,166940.0,166795.0,166850.0,60852,5,197997
WIN$D,M15,1764595800,166850.0,166880.0,166660.0,166730.0,78560,5,254736
WIN$D,M15,1764596700,166735.0,166820.0,166670.0,166725.0,73128,5,245601
WIN$D,M15,1764597600,166725.0,166895.0,166715.0,166870.0,79221,5,275902
WIN$D,M15,1764598500,166870.0,167045.0,166820.0,166935.0,90096,5,304733
WIN$D,M15,1764599400,166940.0,166970.0,166885.0,166915.0,46122,5,161861
WIN$D,M15,1764600300,166920.0,166945.0,166700.0,166865.0,96472,5,345898
WIN$D,M15,1764601200,166865.0,166955.0,166775.0,166940.0,60744,5,219977
WIN$D,M15,1764602100,166940.0,166970.0,166845.0,166960.0,60244,5,214790
WIN$D,M15,1764603000,166955.0,166985.0,166820.0,166935.0,65904,5,245545
WIN$D,M15,1764603900,166940.0,166945.0,166875.0,166885.0,35934,5,126367
WIN$D,M15,1764604800,166890.0,166905.0,166830.0,166860.0,42107,5,162648
WIN$D,M15,1764605700,166860.0,166905.0,166820.0,166855.0,36732,5,136912
WIN$D,M15,1764606600,166855.0,166855.0,166680.0,166785.0,72466,5,286722
WIN$D,M15,1764607500,166790.0,166815.0,166740.0,166765.0,32555,5,120723
WIN$D,M15,1764608400,166765.0,166870.0,166735.0,166865.0,59017,5,228000
WIN$D,M15,1764609300,166860.0,166895.0,166790.0,166825.0,39838,5,145068
WIN$D,M15,1764610200,166830.0,166965.0,166825.0,166885.0,46395,5,157424
WIN$D,M15,1764611100,166880.0,166895.0,166750.0,166785.0,43880,5,135734
WIN$D,M15,1764612000,166780.0,166905.0,166750.0,166835.0,40191,5,128320
WIN$D,M15,1764612900,166830.0,167000.0,166830.0,167000.0,15089,5,86012
WIN$D,M15,1764666000,167335.0,167710.0,167300.0,167420.0,222972,5,726094
WIN$D,M15,1764666900,167425.0,167710.0,167395.0,167650.0,159947,5,496772
WIN$D,M15,1764667800,167650.0,167790.0,167410.0,167460.0,211379,5,642326
WIN$D,M15,1764668700,167465.0,167575.0,167290.0,167550.0,223764,5,695816
WIN$D,M15,1764669600,167550.0,167625.0,167120.0,167385.0,388943,5,1174087
WIN$D,M15,1764670500,167385.0,167770.0,167055.0,167745.0,323264,5,1059659
WIN$D,M15,1764671400,167740.0,168110.0,167440.0,167935.0,405421,5,1346792
WIN$D,M15,1764672300,167940.0,168330.0,167675.0,168250.0,262432,5,921286
WIN$D,M15,1764673200,168250.0,168770.0,168185.0,168730.0,268354,5,955904
WIN$D,M15,1764674100,168730.0,168765.0,168415.0,168540.0,160748,5,517114
WIN$D,M15,1764675000,168540.0,168555.0,167960.0,168095.0,232060,5,783748
WIN$D,M15,1764675900,168095.0,168380.0,168050.0,168285.0,163032,5,526742
WIN$D,M15,1764676800,168280.0,168355.0,168070.0,168210.0,128788,5,413366
WIN$D,M15,1764677700,168215.0,168395.0,168070.0,168100.0,119945,5,397591
WIN$D,M15,1764678600,168105.0,168210.0,168035.0,168095.0,87655,5,287058
WIN$D,M15,1764679500,168100.0,168225.0,167990.0,168075.0,88871,5,302801
WIN$D,M15,1764680400,168080.0,168135.0,167990.0,168055.0,78559,5,254905
WIN$D,M15,1764681300,168055.0,168225.0,167960.0,167980.0,111098,5,367078
WIN$D,M15,1764682200,167975.0,168365.0,167950.0,168330.0,133272,5,448527
WIN$D,M15,1764683100,168335.0,168350.0,168120.0,168170.0,110310,5,363969
WIN$D,M15,1764684000,168170.0,168430.0,168155.0,168225.0,117694,5,378676
WIN$D,M15,1764684900,168230.0,168420.0,168220.0,168305.0,97801,5,316646
WIN$D,M15,1764685800,168310.0,168430.0,168285.0,168355.0,62602,5,208137
WIN$D,M15,1764686700,168360.0,168465.0,168235.0,168265.0,98992,5,343064
WIN$D,M15,1764687600,168270.0,168740.0,168250.0,168685.0,132117,5,458291
WIN$D,M15,1764688500,168690.0,168795.0,168565.0,168670.0,106986,5,368960
WIN$D,M15,1764689400,168665.0,168775.0,168640.0,168645.0,71977,5,245182
WIN$D,M15,1764690300,168640.0,168910.0,168610.0,168825.0,118508,5,434911
WIN$D,M15,1764691200,168825.0,169035.0,168825.0,169015.0,92439,5,351410
WIN$D,M15,1764692100,169015.0,169070.0,168785.0,168825.0,85941,5,328491
WIN$D,M15,1764693000,168820.0,168905.0,168780.0,168795.0,55516,5,204144
WIN$D,M15,1764693900,168800.0,168930.0,168775.0,168825.0,59473,5,222478
WIN$D,M15,1764694800,168820.0,169005.0,168810.0,168975.0,59560,5,213139
WIN$D,M15,1764695700,168970.0,169195.0,168945.0,169140.0,69059,5,255148
WIN$D,M15,1764696600,169140.0,169270.0,169125.0,169220.0,65466,5,224986
WIN$D,M15,1764697500,169215.0,169385.0,169175.0,169325.0,72297,5,233838
WIN$D,M15,1764698400,169330.0,169525.0,169310.0,169495.0,70150,5,201042
WIN$D,M15,1764699300,169495.0,169735.0,169475.0,169580.0,41903,5,174050
WIN$D,M15,1764752400,169690.0,169880.0,169410.0,169595.0,279596,5,843860
WIN$D,M15,1764753300,169595.0,169895.0,169460.0,169595.0,266382,5,811188
WIN$D,M15,1764754200,169590.0,169830.0,169420.0,169680.0,235470,5,723585
WIN$D,M15,1764755100,169675.0,169890.0,169670.0,169810.0,145450,5,446494
WIN$D,M15,1764756000,169810.0,170070.0,169755.0,169995.0,362017,5,1086677
WIN$D,M15,1764756900,169995.0,170105.0,169695.0,169875.0,277948,5,818592
WIN$D,M15,1764757800,169870.0,170210.0,169775.0,169880.0,285335,5,923441
WIN$D,M15,1764758700,169880.0,170010.0,169600.0,169740.0,207289,5,669875
WIN$D,M15,1764759600,169735.0,169835.0,169475.0,169690.0,273965,5,904213
WIN$D,M15,1764760500,169685.0,169750.0,169425.0,169480.0,166109,5,550040
WIN$D,M15,1764761400,169485.0,169930.0,169385.0,169815.0,310321,5,1069388
WIN$D,M15,1764762300,169815.0,170005.0,169420.0,169635.0,256684,5,825796
WIN$D,M15,1764763200,169630.0,169890.0,169450.0,169620.0,230132,5,738271
WIN$D,M15,1764764100,169625.0,169800.0,169520.0,169530.0,150614,5,494031
WIN$D,M15,1764765000,169530.0,169665.0,169440.0,169465.0,107684,5,355395
WIN$D,M15,1764765900,169470.0,169595.0,169375.0,169595.0,116354,5,424156
WIN$D,M15,1764766800,169595.0,169650.0,169480.0,169620.0,97873,5,341487
WIN$D,M15,1764767700,169620.0,169700.0,169575.0,169635.0,79938,5,268138
WIN$D,M15,1764768600,169640.0,169755.0,169535.0,169640.0,95163,5,337235
WIN$D,M15,1764769500,169640.0,169640.0,169350.0,169380.0,101453,5,360528
WIN$D,M15,1764770400,169385.0,169520.0,169280.0,169505.0,109796,5,397910
WIN$D,M15,1764771300,169505.0,169630.0,169460.0,169540.0,85538,5,305127
WIN$D,M15,1764772200,169545.0,169600.0,169465.0,169585.0,59008,5,205067
WIN$D,M15,1764773100,169585.0,169595.0,169460.0,169535.0,60989,5,235021
WIN$D,M15,1764774000,169530.0,169565.0,169440.0,169525.0,46822,5,177908
WIN$D,M15,1764774900,169530.0,169665.0,169510.0,169600.0,78273,5,308503
WIN$D,M15,1764775800,169605.0,169780.0,169600.0,169755.0,88956,5,334870
WIN$D,M15,1764776700,169755.0,169885.0,169725.0,169880.0,74982,5,278768
WIN$D,M15,1764777600,169880.0,169975.0,169855.0,169965.0,68237,5,258953
WIN$D,M15,1764778500,169970.0,169985.0,169785.0,169820.0,60930,5,243288
WIN$D,M15,1764779400,169820.0,169830.0,169730.0,169800.0,53311,5,211423
WIN$D,M15,1764780300,169805.0,169895.0,169695.0,169790.0,75403,5,293180
WIN$D,M15,1764781200,169790.0,169970.0,169785.0,169965.0,54178,5,201290
WIN$D,M15,1764782100,169965.0,170085.0,169940.0,169995.0,71486,5,267196
WIN$D,M15,1764783000,169990.0,170130.0,169970.0,170040.0,68235,5,230730
WIN$D,M15,1764783900,170045.0,170065.0,169870.0,169990.0,65991,5,189739
WIN$D,M15,1764784800,169995.0,170100.0,169890.0,170080.0,53850,5,163229
WIN$D,M15,1764785700,170080.0,170195.0,169960.0,169960.0,28634,5,102352
WIN$D,M15,1764838800,169965.0,170670.0,169960.0,170650.0,276627,5,928899
WIN$D,M15,1764839700,170655.0,170770.0,170520.0,170645.0,234175,5,740099
WIN$D,M15,1764840600,170650.0,170895.0,170640.0,170710.0,229355,5,736641
WIN$D,M15,1764841500,170710.0,170880.0,170680.0,170855.0,149522,5,491098
WIN$D,M15,1764842400,170850.0,170935.0,170585.0,170770.0,274580,5,869147
WIN$D,M15,1764843300,170775.0,171505.0,170770.0,171415.0,396722,5,1316996
WIN$D,M15,1764844200,171410.0,171825.0,171325.0,171795.0,284147,5,948874
WIN$D,M15,1764845100,171800.0,171940.0,171710.0,171730.0,189717,5,682176
WIN$D,M15,1764846000,171730.0,172075.0,171730.0,171890.0,175150,5,642800
WIN$D,M15,1764846900,171895.0,172190.0,171865.0,172035.0,160020,5,583923
WIN$D,M15,1764847800,172030.0,172100.0,171705.0,172000.0,246935,5,875797
WIN$D,M15,1764848700,172000.0,172025.0,171685.0,171850.0,189525,5,681580
WIN$D,M15,1764849600,171845.0,172080.0,171795.0,172075.0,127837,5,433132
WIN$D,M15,1764850500,172075.0,172595.0,172050.0,172525.0,222072,5,820871
WIN$D,M15,1764851400,172525.0,172550.0,172180.0,172235.0,128499,5,494015
WIN$D,M15,1764852300,172235.0,172370.0,172170.0,172185.0,105966,5,398689
WIN$D,M15,1764853200,172185.0,172295.0,172130.0,172265.0,91313,5,331860
WIN$D,M15,1764854100,172265.0,172335.0,172120.0,172215.0,83630,5,312508
WIN$D,M15,1764855000,172215.0,172285.0,172055.0,172155.0,99556,5,374224
WIN$D,M15,1764855900,172150.0,172160.0,171970.0,171975.0,84715,5,324303
WIN$D,M15,1764856800,171980.0,172010.0,171830.0,171870.0,108828,5,418534
WIN$D,M15,1764857700,171865.0,171990.0,171815.0,171940.0,84661,5,330780
WIN$D,M15,1764858600,171940.0,171945.0,171660.0,171735.0,127477,5,502149
WIN$D,M15,1764859500,171740.0,171840.0,171700.0,171795.0,66162,5,268576
WIN$D,M15,1764860400,171800.0,172135.0,171760.0,171970.0,130704,5,520308
WIN$D,M15,1764861300,171970.0,172090.0,171910.0,172060.0,79650,5,315409
WIN$D,M15,1764862200,172060.0,172155.0,171985.0,172105.0,101646,5,414436
WIN$D,M15,1764863100,172110.0,172220.0,172090.0,172190.0,61771,5,246092
WIN$D,M15,1764864000,172195.0,172385.0,172185.0,172275.0,94488,5,417687
WIN$D,M15,1764864900,172270.0,172275.0,171940.0,172140.0,140625,5,576294
WIN$D,M15,1764865800,172145.0,172390.0,172120.0,172265.0,99916,5,411784
WIN$D,M15,1764866700,172270.0,172485.0,172230.0,172435.0,86177,5,346016
WIN$D,M15,1764867600,172435.0,172510.0,172275.0,172420.0,88550,5,357061
WIN$D,M15,1764868500,172425.0,172705.0,172380.0,172540.0,87867,5,356034
WIN$D,M15,1764869400,172535.0,172685.0,172535.0,172595.0,62605,5,225589
WIN$D,M15,1764870300,172595.0,172650.0,172475.0,172600.0,69723,5,227393
WIN$D,M15,1764871200,172600.0,172760.0,172530.0,172725.0,73593,5,250969
WIN$D,M15,1764872100,172725.0,172815.0,172580.0,172580.0,35880,5,152619
WIN$D,M15,1764925200,172560.0,172655.0,172270.0,172490.0,189609,5,660622
WIN$D,M15,1764926100,172495.0,172575.0,172325.0,172525.0,171287,5,568770
WIN$D,M15,1764927000,172525.0,172560.0,172385.0,172490.0,121038,5,409310
WIN$D,M15,1764927900,172490.0,172525.0,172380.0,172425.0,92795,5,310482
WIN$D,M15,1764928800,172425.0,172760.0,172355.0,172635.0,279655,5,936290
WIN$D,M15,1764929700,172640.0,172720.0,172280.0,172345.0,291380,5,1017368
WIN$D,M15,1764930600,172350.0,172550.0,172300.0,172520.0,222694,5,806624
WIN$D,M15,1764931500,172520.0,172575.0,172335.0,172460.0,153431,5,567638
WIN$D,M15,1764932400,172455.0,172555.0,172425.0,172435.0,91726,5,338619
WIN$D,M15,1764933300,172435.0,172560.0,172190.0,172290.0,156219,5,579372
WIN$D,M15,1764934200,172290.0,172490.0,172100.0,172425.0,263281,5,921966
WIN$D,M15,1764935100,172425.0,172870.0,172315.0,172735.0,229582,5,831735
WIN$D,M15,1764936000,172735.0,172910.0,172675.0,172805.0,168571,5,617501
WIN$D,M15,1764936900,172810.0,172970.0,172770.0,172890.0,114051,5,426177
WIN$D,M15,1764937800,172885.0,173095.0,172860.0,173080.0,104644,5,401969
WIN$D,M15,1764938700,173075.0,173095.0,170755.0,170915.0,462381,5,1589020
WIN$D,M15,1764939600,170910.0,171505.0,170675.0,171120.0,335397,5,946102
WIN$D,M15,1764940500,171115.0,171595.0,168225.0,168660.0,447355,5,1280783
WIN$D,M15,1764941400,168665.0,170035.0,168210.0,168995.0,355255,5,908305
WIN$D,M15,1764942300,169000.0,169570.0,168810.0,169525.0,205438,5,547842
WIN$D,M15,1764943200,169520.0,169760.0,169170.0,169545.0,177030,5,474902
WIN$D,M15,1764944100,169545.0,170210.0,169265.0,169855.0,253651,5,712668
WIN$D,M15,1764945000,169855.0,170175.0,169295.0,169390.0,180919,5,511624
WIN$D,M15,1764945900,169390.0,169405.0,167785.0,168165.0,382402,5,997249
WIN$D,M15,1764946800,168170.0,168225.0,167475.0,167820.0,235199,5,608844
WIN$D,M15,1764947700,167820.0,167955.0,167485.0,167590.0,155013,5,408399
WIN$D,M15,1764948600,167585.0,167810.0,166555.0,167045.0,290163,5,779495
WIN$D,M15,1764949500,167040.0,167105.0,165365.0,165615.0,267411,5,712810
WIN$D,M15,1764950400,165610.0,166335.0,165425.0,165695.0,225142,5,593132
WIN$D,M15,1764951300,165695.0,166195.0,165450.0,165745.0,215957,5,575639
WIN$D,M15,1764952200,165750.0,166450.0,165530.0,166385.0,158513,5,443094
WIN$D,M15,1764953100,166385.0,166500.0,166015.0,166375.0,152985,5,430318
WIN$D,M15,1764954000,166370.0,166405.0,165905.0,166060.0,116563,5,340031
WIN$D,M15,1764954900,166055.0,166085.0,165245.0,165330.0,122749,5,390672
WIN$D,M15,1764955800,165330.0,165710.0,164775.0,165510.0,179208,5,450015
WIN$D,M15,1764956700,165515.0,165580.0,165195.0,165420.0,111099,5,244527
WIN$D,M15,1764957600,165415.0,165675.0,165060.0,165500.0,106919,5,250854
WIN$D,M15,1764958500,165500.0,165790.0,165335.0,165635.0,35695,5,121476
WIN$D,M15,1765184400,167400.0,167415.0,166775.0,167205.0,306605,5,843643
WIN$D,M15,1765185300,167210.0,167230.0,166660.0,166715.0,242232,5,696496
WIN$D,M15,1765186200,166720.0,167330.0,166615.0,167140.0,315489,5,909126
WIN$D,M15,1765187100,167140.0,167260.0,166675.0,166730.0,221806,5,661309
WIN$D,M15,1765188000,166730.0,166925.0,166500.0,166660.0,283978,5,858560
WIN$D,M15,1765188900,166660.0,167100.0,166425.0,166465.0,337513,5,1061931
WIN$D,M15,1765189800,166465.0,166680.0,166245.0,166495.0,235540,5,800245
WIN$D,M15,1765190700,166495.0,166875.0,166460.0,166815.0,218966,5,761129
WIN$D,M15,1765191600,166810.0,167040.0,166655.0,166855.0,193326,5,673491
WIN$D,M15,1765192500,166860.0,167020.0,166600.0,166625.0,178555,5,628369
WIN$D,M15,1765193400,166625.0,166720.0,166165.0,166225.0,251627,5,867573
WIN$D,M15,1765194300,166230.0,166340.0,165830.0,165935.0,231937,5,794678
WIN$D,M15,1765195200,165940.0,166000.0,165665.0,165695.0,165835,5,570224
WIN$D,M15,1765196100,165700.0,165825.0,165560.0,165615.0,175834,5,645818
WIN$D,M15,1765197000,165615.0,165690.0,165420.0,165625.0,159943,5,598039
WIN$D,M15,1765197900,165620.0,165820.0,165525.0,165740.0,140292,5,501180
WIN$D,M15,1765198800,165735.0,166010.0,165665.0,165915.0,129892,5,451964
WIN$D,M15,1765199700,165920.0,166285.0,165900.0,166245.0,143386,5,508236
WIN$D,M15,1765200600,166245.0,166405.0,166170.0,166230.0,125712,5,440112
WIN$D,M15,1765201500,166235.0,166280.0,166070.0,166240.0,116895,5,428012
WIN$D,M15,1765202400,166240.0,166370.0,166130.0,166345.0,108113,5,390771
WIN$D,M15,1765203300,166350.0,166440.0,166120.0,166420.0,115296,5,421425
WIN$D,M15,1765204200,166420.0,167230.0,166265.0,166805.0,254157,5,921137
WIN$D,M15,1765205100,166805.0,166980.0,166650.0,166815.0,129140,5,461035
WIN$D,M15,1765206000,166820.0,166960.0,166585.0,166635.0,104102,5,384875
WIN$D,M15,1765206900,166630.0,166660.0,166480.0,166525.0,80535,5,299373
WIN$D,M15,1765207800,166525.0,166740.0,166330.0,166675.0,154749,5,582098
WIN$D,M15,1765208700,166680.0,166860.0,166560.0,166660.0,102061,5,383485
WIN$D,M15,1765209600,166660.0,166690.0,166435.0,166460.0,92380,5,338646
WIN$D,M15,1765210500,166455.0,166615.0,166435.0,166490.0,73347,5,279186
WIN$D,M15,1765211400,166490.0,166570.0,166405.0,166540.0,62469,5,236712
WIN$D,M15,1765212300,166540.0,166590.0,166430.0,166580.0,59115,5,220971
WIN$D,M15,1765213200,166580.0,166720.0,166395.0,166505.0,92885,5,353879
WIN$D,M15,1765214100,166500.0,166505.0,166135.0,166175.0,95179,5,350498
WIN$D,M15,1765215000,166175.0,166275.0,166150.0,166205.0,56838,5,191834
WIN$D,M15,1765215900,166205.0,166220.0,165445.0,165875.0,194573,5,528296
WIN$D,M15,1765216800,165875.0,166205.0,165830.0,166065.0,91256,5,218177
WIN$D,M15,1765217700,166065.0,166280.0,166035.0,166170.0,28122,5,87639
WIN$D,M15,1765270800,165775.0,165975.0,165350.0,165385.0,325891,5,917100
WIN$D,M15,1765271700,165390.0,165825.0,165320.0,165810.0,243642,5,757723
WIN$D,M15,1765272600,165810.0,165820.0,164915.0,164925.0,336162,5,1050314
WIN$D,M15,1765273500,164925.0,165125.0,164575.0,164705.0,342938,5,1153154
WIN$D,M15,1765274400,164705.0,164975.0,164135.0,164190.0,371710,5,1203185
WIN$D,M15,1765275300,164190.0,164660.0,164070.0,164265.0,332555,5,1122589
WIN$D,M15,1765276200,164270.0,164290.0,162940.0,163555.0,390720,5,1463686
WIN$D,M15,1765277100,163555.0,164190.0,163405.0,163960.0,293827,5,1089553
WIN$D,M15,1765278000,163955.0,164115.0,163730.0,163975.0,207160,5,738298
WIN$D,M15,1765278900,163980.0,164095.0,163720.0,163925.0,172839,5,598276
WIN$D,M15,1765279800,163925.0,164290.0,163710.0,164160.0,284884,5,1030594
WIN$D,M15,1765280700,164160.0,164900.0,164125.0,164550.0,259858,5,939723
WIN$D,M15,1765281600,164550.0,164845.0,164400.0,164675.0,238494,5,791211
WIN$D,M15,1765282500,164675.0,165455.0,164640.0,165355.0,234106,5,867074
WIN$D,M15,1765283400,165360.0,165990.0,165345.0,165925.0,318628,5,1105256
WIN$D,M15,1765284300,165930.0,165935.0,165440.0,165530.0,168802,5,547745
WIN$D,M15,1765285200,165525.0,165815.0,165465.0,165500.0,152749,5,507051
WIN$D,M15,1765286100,165495.0,165825.0,165465.0,165695.0,127706,5,443954
WIN$D,M15,1765287000,165695.0,165955.0,165270.0,165295.0,161117,5,567680
WIN$D,M15,1765287900,165295.0,165395.0,165105.0,165230.0,127334,5,459259
WIN$D,M15,1765288800,165230.0,165705.0,165230.0,165495.0,142521,5,498920
WIN$D,M15,1765289700,165500.0,165620.0,165420.0,165510.0,97851,5,343524
WIN$D,M15,1765290600,165510.0,165605.0,165410.0,165600.0,87147,5,305292
WIN$D,M15,1765291500,165600.0,165680.0,165350.0,165525.0,116470,5,417052
WIN$D,M15,1765292400,165525.0,165720.0,165470.0,165555.0,92038,5,331789
WIN$D,M15,1765293300,165555.0,165585.0,165405.0,165550.0,81845,5,304106
WIN$D,M15,1765294200,165545.0,165745.0,165540.0,165615.0,88729,5,322165
WIN$D,M15,1765295100,165610.0,165850.0,165580.0,165760.0,97510,5,344684
WIN$D,M15,1765296000,165760.0,165880.0,165720.0,165830.0,78952,5,282542
WIN$D,M15,1765296900,165830.0,165845.0,165615.0,165650.0,89632,5,333547
WIN$D,M15,1765297800,165650.0,165800.0,165595.0,165755.0,76748,5,275253
WIN$D,M15,1765298700,165755.0,166625.0,165750.0,166450.0,217629,5,814657
WIN$D,M15,1765299600,166455.0,166725.0,166410.0,166415.0,121203,5,456057
WIN$D,M15,1765300500,166415.0,166425.0,165970.0,166190.0,121710,5,436338
WIN$D,M15,1765301400,166190.0,166385.0,165690.0,165875.0,124153,5,386278
WIN$D,M15,1765302300,165880.0,166050.0,165640.0,165740.0,99827,5,263676
WIN$D,M15,1765303200,165740.0,165835.0,165460.0,165520.0,90889,5,233646
WIN$D,M15,1765304100,165520.0,165570.0,165330.0,165520.0,29999,5,112456
WIN$D,M15,1765357200,166610.0,167590.0,166610.0,166975.0,329150,5,989471
WIN$D,M15,1765358100,166975.0,167200.0,166570.0,166695.0,301163,5,927664
WIN$D,M15,1765359000,166700.0,166710.0,166155.0,166370.0,308367,5,983988
WIN$D,M15,1765359900,166365.0,166410.0,166015.0,166200.0,265449,5,845230
WIN$D,M15,1765360800,166200.0,166385.0,165770.0,166040.0,353415,5,1102750
WIN$D,M15,1765361700,166045.0,166180.0,165550.0,165695.0,327250,5,1051406
WIN$D,M15,1765362600,165695.0,165780.0,165275.0,165745.0,309362,5,1041664
WIN$D,M15,1765363500,165750.0,166235.0,165650.0,166140.0,303770,5,1073835
WIN$D,M15,1765364400,166140.0,166290.0,165805.0,165925.0,232517,5,798247
WIN$D,M15,1765365300,165925.0,166220.0,165880.0,166105.0,170642,5,593292
WIN$D,M15,1765366200,166105.0,166345.0,165960.0,166130.0,253965,5,882430
WIN$D,M15,1765367100,166130.0,166365.0,165985.0,166005.0,197692,5,707912
WIN$D,M15,1765368000,166005.0,166305.0,165985.0,166275.0,153954,5,560751
WIN$D,M15,1765368900,166275.0,166285.0,165645.0,165750.0,211125,5,753283
WIN$D,M15,1765369800,165750.0,165940.0,165630.0,165910.0,151438,5,535515
WIN$D,M15,1765370700,165910.0,166195.0,165905.0,166155.0,136096,5,489704
WIN$D,M15,1765371600,166155.0,166190.0,165895.0,166000.0,118189,5,436205
WIN$D,M15,1765372500,165995.0,166165.0,165875.0,165990.0,100906,5,382759
WIN$D,M15,1765373400,165990.0,166240.0,165855.0,166205.0,100580,5,378164
WIN$D,M15,1765374300,166205.0,166310.0,166045.0,166235.0,107997,5,409577
WIN$D,M15,1765375200,166230.0,166240.0,165975.0,165975.0,94898,5,347345
WIN$D,M15,1765376100,165980.0,166105.0,165945.0,166095.0,79716,5,297494
WIN$D,M15,1765377000,166095.0,166180.0,165990.0,166030.0,72499,5,268079
WIN$D,M15,1765377900,166025.0,166160.0,165960.0,166105.0,70364,5,262091
WIN$D,M15,1765378800,166105.0,166160.0,165990.0,166070.0,67939,5,268217
WIN$D,M15,1765379700,166070.0,166200.0,165990.0,166115.0,67989,5,274376
WIN$D,M15,1765380600,166115.0,166305.0,166110.0,166160.0,88643,5,358979
WIN$D,M15,1765381500,166165.0,166275.0,166125.0,166190.0,49153,5,192721
WIN$D,M15,1765382400,166185.0,166615.0,165970.0,166215.0,235772,5,747166
WIN$D,M15,1765383300,166220.0,166360.0,165610.0,165910.0,146957,5,485487
WIN$D,M15,1765384200,165910.0,166380.0,165715.0,165960.0,296189,5,898314
WIN$D,M15,1765385100,165965.0,166435.0,165900.0,166355.0,172404,5,556341
WIN$D,M15,1765386000,166350.0,167410.0,166350.0,167365.0,252607,5,870485
WIN$D,M15,1765386900,167365.0,167500.0,166770.0,166930.0,199918,5,642640
WIN$D,M15,1765387800,166930.0,167210.0,166720.0,166895.0,126541,5,383765
WIN$D,M15,1765388700,166890.0,167215.0,166450.0,166860.0,156179,5,462021
WIN$D,M15,1765389600,166855.0,167060.0,166760.0,167040.0,77157,5,185120
WIN$D,M15,1765390500,167040.0,167190.0,166870.0,166870.0,25125,5,87784
WIN$D,M15,1765443600,165945.0,166350.0,165480.0,165650.0,287962,5,864650
WIN$D,M15,1765444500,165655.0,165730.0,165360.0,165455.0,228488,5,721404
WIN$D,M15,1765445400,165450.0,166215.0,165380.0,166110.0,252173,5,804428
WIN$D,M15,1765446300,166105.0,166300.0,165990.0,166210.0,219497,5,704648
WIN$D,M15,1765447200,166210.0,166375.0,166000.0,166265.0,241501,5,752979
WIN$D,M15,1765448100,166270.0,166280.0,165770.0,165955.0,289768,5,866422
WIN$D,M15,1765449000,165945.0,166180.0,165645.0,166090.0,276518,5,871002
WIN$D,M15,1765449900,166090.0,166370.0,165985.0,166120.0,209940,5,700222
WIN$D,M15,1765450800,166120.0,166725.0,166020.0,166535.0,217867,5,751252
WIN$D,M15,1765451700,166535.0,166840.0,166175.0,166385.0,227463,5,780439
WIN$D,M15,1765452600,166385.0,166715.0,166345.0,166690.0,241030,5,805913
WIN$D,M15,1765453500,166695.0,166920.0,166375.0,166845.0,223658,5,775499
WIN$D,M15,1765454400,166845.0,167110.0,166720.0,167060.0,214040,5,750007
WIN$D,M15,1765455300,167060.0,167555.0,166995.0,167500.0,190098,5,675665
WIN$D,M15,1765456200,167495.0,167570.0,167180.0,167205.0,157794,5,544011
WIN$D,M15,1765457100,167205.0,167345.0,167095.0,167165.0,119331,5,422456
WIN$D,M15,1765458000,167165.0,167405.0,167145.0,167305.0,90978,5,348417
WIN$D,M15,1765458900,167310.0,167340.0,167130.0,167250.0,90732,5,351771
WIN$D,M15,1765459800,167255.0,167560.0,167240.0,167415.0,95128,5,366392
WIN$D,M15,1765460700,167415.0,167580.0,167275.0,167340.0,92933,5,359754
WIN$D,M15,1765461600,167340.0,167490.0,167325.0,167440.0,78891,5,299306
WIN$D,M15,1765462500,167445.0,167555.0,167355.0,167365.0,82549,5,311029
WIN$D,M15,1765463400,167365.0,167385.0,167175.0,167240.0,109504,5,422323
WIN$D,M15,1765464300,167240.0,167315.0,167095.0,167155.0,83537,5,305120
WIN$D,M15,1765465200,167150.0,167435.0,167145.0,167395.0,99609,5,356277
WIN$D,M15,1765466100,167400.0,167485.0,167145.0,167265.0,103897,5,391061
WIN$D,M15,1765467000,167265.0,167500.0,167230.0,167360.0,85824,5,336419
WIN$D,M15,1765467900,167355.0,167440.0,167245.0,167385.0,72538,5,278694
WIN$D,M15,1765468800,167390.0,167530.0,167385.0,167410.0,63725,5,252813
WIN$D,M15,1765469700,167410.0,167415.0,167210.0,167250.0,65000,5,249597
WIN$D,M15,1765470600,167245.0,167290.0,167150.0,167190.0,58982,5,242523
WIN$D,M15,1765471500,167195.0,167425.0,167155.0,167370.0,57874,5,221532
WIN$D,M15,1765472400,167365.0,167470.0,167170.0,167345.0,79091,5,295810
WIN$D,M15,1765473300,167345.0,167415.0,167210.0,167285.0,60672,5,227675
WIN$D,M15,1765474200,167280.0,167355.0,167150.0,167165.0,60723,5,206635
WIN$D,M15,1765475100,167170.0,167170.0,166820.0,166930.0,103241,5,311603
WIN$D,M15,1765476000,166925.0,166965.0,166765.0,166900.0,72114,5,185318
WIN$D,M15,1765476900,166900.0,166995.0,166775.0,166775.0,27110,5,95183
WIN$D,M15,1765530000,167025.0,167625.0,166900.0,167115.0,270285,5,793723
WIN$D,M15,1765530900,167115.0,167505.0,167060.0,167360.0,252228,5,733876
WIN$D,M15,1765531800,167360.0,167360.0,166985.0,167025.0,211819,5,654722
WIN$D,M15,1765532700,167030.0,167180.0,166895.0,167150.0,182234,5,554471
WIN$D,M15,1765533600,167150.0,167565.0,166960.0,167540.0,284192,5,847793
WIN$D,M15,1765534500,167545.0,167950.0,167330.0,167540.0,360353,5,1081351
WIN$D,M15,1765535400,167535.0,168340.0,167500.0,168305.0,326792,5,1042553
WIN$D,M15,1765536300,168305.0,168920.0,168300.0,168835.0,285846,5,1011943
WIN$D,M15,1765537200,168840.0,168860.0,168395.0,168500.0,210969,5,745125
WIN$D,M15,1765538100,168500.0,168745.0,168475.0,168640.0,147408,5,491401
WIN$D,M15,1765539000,168640.0,168685.0,168325.0,168410.0,200500,5,679043
WIN$D,M15,1765539900,168415.0,168610.0,168240.0,168390.0,185031,5,615068
WIN$D,M15,1765540800,168390.0,168395.0,167635.0,167740.0,225860,5,770400
WIN$D,M15,1765541700,167740.0,167750.0,167075.0,167205.0,222818,5,757913
WIN$D,M15,1765542600,167205.0,167405.0,167100.0,167395.0,170763,5,563779
WIN$D,M15,1765543500,167395.0,167445.0,166920.0,167020.0,146618,5,494236
WIN$D,M15,1765544400,167020.0,167185.0,166850.0,166920.0,147544,5,495060
WIN$D,M15,1765545300,166920.0,167140.0,166895.0,167055.0,112052,5,386657
WIN$D,M15,1765546200,167055.0,167105.0,166910.0,167030.0,93900,5,321882
WIN$D,M15,1765547100,167025.0,167450.0,166990.0,167440.0,117552,5,390971
WIN$D,M15,1765548000,167445.0,167655.0,167400.0,167485.0,127149,5,441555
WIN$D,M15,1765548900,167485.0,167720.0,167480.0,167535.0,88497,5,303912
WIN$D,M15,1765549800,167535.0,168190.0,167515.0,168100.0,188275,5,660308
WIN$D,M15,1765550700,168105.0,168380.0,168055.0,168165.0,146731,5,513125
WIN$D,M15,1765551600,168160.0,168180.0,167940.0,168100.0,113308,5,404674
WIN$D,M15,1765552500,168100.0,168175.0,168045.0,168125.0,65740,5,227011
WIN$D,M15,1765553400,168125.0,168210.0,168065.0,168075.0,52605,5,181384
WIN$D,M15,1765554300,168075.0,168145.0,167955.0,167995.0,55359,5,197305
WIN$D,M15,1765555200,167990.0,168020.0,167830.0,167955.0,92238,5,334163
WIN$D,M15,1765556100,167955.0,168145.0,167950.0,168095.0,70948,5,253583
WIN$D,M15,1765557000,168090.0,168200.0,168000.0,168180.0,64210,5,227673
WIN$D,M15,1765557900,168185.0,168360.0,168170.0,168195.0,75489,5,266196
WIN$D,M15,1765558800,168190.0,168295.0,168130.0,168175.0,54104,5,192145
WIN$D,M15,1765559700,168170.0,168275.0,168080.0,168125.0,53251,5,182188
WIN$D,M15,1765560600,168130.0,168140.0,167855.0,168015.0,72500,5,234048
WIN$D,M15,1765561500,168010.0,168245.0,167955.0,168225.0,79153,5,218474
WIN$D,M15,1765562400,168230.0,168350.0,168190.0,168300.0,52424,5,153286
WIN$D,M15,1765563300,168305.0,168405.0,168275.0,168340.0,17793,5,85573
WIN$D,M15,1765789200,168885.0,169500.0,168655.0,169365.0,331966,5,964338
WIN$D,M15,1765790100,169370.0,169710.0,169355.0,169640.0,179451,5,551049
WIN$D,M15,1765791000,169640.0,170080.0,169500.0,170055.0,208679,5,656969
WIN$D,M15,1765791900,170055.0,170265.0,169990.0,170220.0,211784,5,668397
WIN$D,M15,1765792800,170220.0,170235.0,169300.0,169335.0,367787,5,1165020
WIN$D,M15,1765793700,169340.0,169465.0,169095.0,169405.0,245570,5,823825
WIN$D,M15,1765794600,169405.0,169495.0,169245.0,169385.0,177554,5,600519
WIN$D,M15,1765795500,169390.0,169620.0,169310.0,169545.0,195606,5,662458
WIN$D,M15,1765796400,169545.0,169970.0,169455.0,169930.0,268994,5,956975
WIN$D,M15,1765797300,169925.0,170095.0,169705.0,169855.0,211542,5,734809
WIN$D,M15,1765798200,169855.0,169990.0,169545.0,169610.0,260897,5,896369
WIN$D,M15,1765799100,169610.0,169895.0,169550.0,169720.0,191165,5,642466
WIN$D,M15,1765800000,169725.0,170010.0,169615.0,169895.0,185378,5,622340
WIN$D,M15,1765800900,169900.0,169900.0,169470.0,169560.0,171209,5,580440
WIN$D,M15,1765801800,169560.0,169985.0,169545.0,169965.0,172413,5,573782
WIN$D,M15,1765802700,169965.0,170025.0,169825.0,169915.0,116179,5,393912
WIN$D,M15,1765803600,169915.0,170395.0,169910.0,170210.0,191104,5,689188
WIN$D,M15,1765804500,170210.0,170610.0,170190.0,170535.0,158370,5,583387
WIN$D,M15,1765805400,170535.0,170560.0,170245.0,170350.0,136587,5,483111
WIN$D,M15,1765806300,170345.0,170530.0,170285.0,170385.0,110760,5,381921
WIN$D,M15,1765807200,170385.0,170415.0,170205.0,170205.0,87828,5,319507
WIN$D,M15,1765808100,170210.0,170235.0,170035.0,170135.0,114618,5,406736
WIN$D,M15,1765809000,170140.0,170195.0,170045.0,170090.0,66514,5,237192
WIN$D,M15,1765809900,170090.0,170120.0,169710.0,169900.0,138003,5,503247
WIN$D,M15,1765810800,169900.0,169985.0,169825.0,169905.0,81738,5,285524
WIN$D,M15,1765811700,169910.0,169995.0,169670.0,169715.0,88180,5,311948
WIN$D,M15,1765812600,169715.0,169740.0,169480.0,169605.0,123434,5,453603
WIN$D,M15,1765813500,169610.0,169905.0,169575.0,169820.0,94489,5,347481
WIN$D,M15,1765814400,169825.0,169920.0,169700.0,169765.0,85863,5,305064
WIN$D,M15,1765815300,169765.0,169955.0,169725.0,169940.0,85534,5,308966
WIN$D,M15,1765816200,169940.0,169950.0,169810.0,169830.0,55041,5,190039
WIN$D,M15,1765817100,169825.0,169970.0,169735.0,169915.0,77049,5,276546
WIN$D,M15,1765818000,169910.0,170180.0,169850.0,170160.0,88710,5,311674
WIN$D,M15,1765818900,170165.0,170190.0,170000.0,170025.0,53210,5,199281
WIN$D,M15,1765819800,170020.0,170340.0,170015.0,170240.0,72247,5,239592
WIN$D,M15,1765820700,170240.0,170425.0,169960.0,169990.0,101327,5,293218
WIN$D,M15,1765821600,169990.0,170220.0,169985.0,170160.0,76187,5,195501
WIN$D,M15,1765822500,170165.0,170245.0,170065.0,170065.0,24426,5,76044
WIN$D,M15,1765875600,168560.0,168660.0,167210.0,167660.0,399582,5,980833
WIN$D,M15,1765876500,167660.0,168160.0,167400.0,167530.0,322228,5,924508
WIN$D,M15,1765877400,167530.0,167840.0,167420.0,167800.0,213912,5,626048
WIN$D,M15,1765878300,167795.0,168065.0,167630.0,167865.0,210306,5,607902
WIN$D,M15,1765879200,167865.0,168475.0,167310.0,167790.0,360847,5,1018027
WIN$D,M15,1765880100,167790.0,168360.0,167725.0,168155.0,225516,5,578036
WIN$D,M15,1765881000,168160.0,168320.0,167510.0,167610.0,288283,5,724503
WIN$D,M15,1765881900,167610.0,168105.0,167460.0,168020.0,229337,5,653605
WIN$D,M15,1765882800,168015.0,168115.0,167640.0,167760.0,208379,5,618155
WIN$D,M15,1765883700,167755.0,168150.0,167695.0,168135.0,167211,5,513948
WIN$D,M15,1765884600,168135.0,168160.0,167430.0,167570.0,234115,5,701480
WIN$D,M15,1765885500,167580.0,167825.0,167405.0,167520.0,191676,5,578978
WIN$D,M15,1765886400,167520.0,167610.0,167110.0,167175.0,191846,5,589245
WIN$D,M15,1765887300,167170.0,167220.0,166910.0,167060.0,165685,5,550083
WIN$D,M15,1765888200,167055.0,167170.0,166675.0,166820.0,176836,5,565571
WIN$D,M15,1765889100,166815.0,167085.0,166815.0,166965.0,123080,5,398053
WIN$D,M15,1765890000,166960.0,167135.0,166830.0,167050.0,99944,5,318008
WIN$D,M15,1765890900,167050.0,167300.0,166965.0,167280.0,96360,5,314092
WIN$D,M15,1765891800,167275.0,167300.0,167050.0,167120.0,98664,5,323302
WIN$D,M15,1765892700,167125.0,167325.0,166995.0,167245.0,102813,5,337715
WIN$D,M15,1765893600,167240.0,167765.0,167235.0,167590.0,186628,5,622783
WIN$D,M15,1765894500,167595.0,167685.0,167280.0,167330.0,129765,5,445134
WIN$D,M15,1765895400,167325.0,167410.0,167150.0,167410.0,114154,5,401446
WIN$D,M15,1765896300,167410.0,167540.0,167170.0,167240.0,114715,5,383898
WIN$D,M15,1765897200,167240.0,167560.0,167105.0,167520.0,134888,5,449833
WIN$D,M15,1765898100,167525.0,167525.0,167280.0,167340.0,82286,5,289487
WIN$D,M15,1765899000,167345.0,167550.0,167325.0,167430.0,84316,5,290491
WIN$D,M15,1765899900,167425.0,167475.0,167380.0,167390.0,47555,5,154040
WIN$D,M15,1765900800,167390.0,167405.0,167160.0,167200.0,86229,5,293461
WIN$D,M15,1765901700,167200.0,167205.0,166700.0,166800.0,138456,5,491776
WIN$D,M15,1765902600,166800.0,166955.0,166790.0,166920.0,83184,5,283549
WIN$D,M15,1765903500,166920.0,167090.0,166835.0,166890.0,80221,5,281095
WIN$D,M15,1765904400,166890.0,167085.0,166865.0,166875.0,75887,5,257809
WIN$D,M15,1765905300,166875.0,166900.0,166215.0,166300.0,155487,5,523291
WIN$D,M15,1765906200,166300.0,166590.0,166240.0,166490.0,104970,5,302834
WIN$D,M15,1765907100,166490.0,166560.0,166145.0,166280.0,102153,5,267831
WIN$D,M15,1765908000,166280.0,166305.0,164880.0,164900.0,181060,5,472409
WIN$D,M15,1765908900,164900.0,165150.0,164635.0,164895.0,71515,5,212922
WIN$D,M15,1765962000,165230.0,165420.0,164320.0,165375.0,416322,5,1001722
WIN$D,M15,1765962900,165370.0,165400.0,164785.0,165125.0,293334,5,806354
WIN$D,M15,1765963800,165130.0,165230.0,164570.0,164620.0,228950,5,674975
WIN$D,M15,1765964700,164625.0,164930.0,164520.0,164895.0,190109,5,557830
WIN$D,M15,1765965600,164895.0,164950.0,164415.0,164525.0,295430,5,882532
WIN$D,M15,1765966500,164525.0,164755.0,163760.0,163795.0,316967,5,977192
WIN$D,M15,1765967400,163800.0,163935.0,163340.0,163805.0,313368,5,980632
WIN$D,M15,1765968300,163805.0,163820.0,163435.0,163560.0,213699,5,682901
WIN$D,M15,1765969200,163555.0,163900.0,163500.0,163620.0,202532,5,635500
WIN$D,M15,1765970100,163625.0,164460.0,163555.0,164255.0,251197,5,832486
WIN$D,M15,1765971000,164255.0,164785.0,164195.0,164310.0,286059,5,908758
WIN$D,M15,1765971900,164310.0,164700.0,164250.0,164600.0,194686,5,608710
WIN$D,M15,1765972800,164600.0,164620.0,164260.0,164335.0,138435,5,427644
WIN$D,M15,1765973700,164330.0,164480.0,164130.0,164405.0,157285,5,479290
WIN$D,M15,1765974600,164400.0,164415.0,163945.0,164230.0,160411,5,483140
WIN$D,M15,1765975500,164230.0,164275.0,163945.0,163980.0,116549,5,355763
WIN$D,M15,1765976400,163975.0,164120.0,163800.0,163845.0,131393,5,412923
WIN$D,M15,1765977300,163850.0,164050.0,163815.0,163935.0,91619,5,276507
WIN$D,M15,1765978200,163935.0,163935.0,163660.0,163660.0,113919,5,366796
WIN$D,M15,1765979100,163660.0,164080.0,163450.0,164055.0,151420,5,490087
WIN$D,M15,1765980000,164060.0,164230.0,163960.0,164090.0,136499,5,420201
WIN$D,M15,1765980900,164090.0,164275.0,163995.0,164210.0,94835,5,319242
WIN$D,M15,1765981800,164210.0,164435.0,164160.0,164170.0,112698,5,372538
WIN$D,M15,1765982700,164170.0,164195.0,163865.0,164155.0,119064,5,402238
WIN$D,M15,1765983600,164155.0,164255.0,163980.0,164145.0,111651,5,356652
WIN$D,M15,1765984500,164145.0,164395.0,164085.0,164325.0,80191,5,266406
WIN$D,M15,1765985400,164320.0,164390.0,164160.0,164215.0,88184,5,296554
WIN$D,M15,1765986300,164215.0,164295.0,164070.0,164205.0,68969,5,238951
WIN$D,M15,1765987200,164205.0,164320.0,164150.0,164235.0,54592,5,184238
WIN$D,M15,1765988100,164230.0,164275.0,164095.0,164175.0,56718,5,198210
WIN$D,M15,1765989000,164170.0,164190.0,163985.0,164145.0,67644,5,226010
WIN$D,M15,1765989900,164145.0,164215.0,164075.0,164090.0,52898,5,182407
WIN$D,M15,1765990800,164085.0,164155.0,163990.0,164085.0,52156,5,174846
WIN$D,M15,1765991700,164085.0,164520.0,164060.0,164495.0,79863,5,278649
WIN$D,M15,1765992600,164495.0,164625.0,164345.0,164395.0,85285,5,272107
WIN$D,M15,1765993500,164395.0,164615.0,164030.0,164210.0,113799,5,301186
WIN$D,M15,1765994400,164215.0,164535.0,164195.0,164355.0,59547,5,164262
WIN$D,M15,1765995300,164350.0,164395.0,164045.0,164070.0,18474,5,87140
WIN$D,M15,1766048400,164390.0,164810.0,163840.0,164110.0,310395,5,843687
WIN$D,M15,1766049300,164105.0,164250.0,163950.0,164220.0,201144,5,601758
WIN$D,M15,1766050200,164220.0,164310.0,163975.0,164025.0,147082,5,458017
WIN$D,M15,1766051100,164025.0,164140.0,163575.0,164000.0,345468,5,1068937
WIN$D,M15,1766052000,163995.0,164305.0,163750.0,164205.0,249828,5,742093
WIN$D,M15,1766052900,164210.0,164485.0,164120.0,164265.0,208858,5,615210
WIN$D,M15,1766053800,164260.0,164730.0,164230.0,164515.0,287843,5,855777
WIN$D,M15,1766054700,164520.0,164800.0,164235.0,164245.0,215153,5,695389
WIN$D,M15,1766055600,164240.0,164765.0,164145.0,164445.0,234237,5,783590
WIN$D,M15,1766056500,164450.0,164535.0,164205.0,164430.0,172976,5,574782
WIN$D,M15,1766057400,164435.0,164610.0,164190.0,164255.0,215605,5,701086
WIN$D,M15,1766058300,164255.0,164530.0,163965.0,164525.0,222744,5,729326
WIN$D,M15,1766059200,164525.0,164975.0,164495.0,164915.0,193064,5,633486
WIN$D,M15,1766060100,164920.0,165060.0,164550.0,165015.0,180192,5,614194
WIN$D,M15,1766061000,165015.0,165065.0,164775.0,164900.0,134001,5,459941
WIN$D,M15,1766061900,164900.0,165565.0,164870.0,165280.0,154321,5,551689
WIN$D,M15,1766062800,165285.0,165525.0,165135.0,165165.0,138140,5,471076
WIN$D,M15,1766063700,165165.0,165520.0,165145.0,165240.0,108614,5,379756
WIN$D,M15,1766064600,165235.0,165450.0,165180.0,165305.0,83024,5,289253
WIN$D,M15,1766065500,165305.0,165460.0,165265.0,165280.0,64220,5,220633
WIN$D,M15,1766066400,165280.0,165440.0,164720.0,164755.0,157066,5,534880
WIN$D,M15,1766067300,164750.0,164755.0,164430.0,164635.0,156013,5,514386
WIN$D,M15,1766068200,164630.0,165250.0,164595.0,165180.0,150557,5,494857
WIN$D,M15,1766069100,165180.0,165350.0,165090.0,165205.0,119866,5,388381
WIN$D,M15,1766070000,165205.0,165410.0,165130.0,165390.0,88089,5,296808
WIN$D,M15,1766070900,165385.0,165440.0,165280.0,165400.0,63933,5,214352
WIN$D,M15,1766071800,165395.0,165425.0,165235.0,165270.0,47193,5,171251
WIN$D,M15,1766072700,165275.0,165315.0,165140.0,165220.0,66469,5,252568
WIN$D,M15,1766073600,165220.0,165240.0,165085.0,165190.0,63845,5,236884
WIN$D,M15,1766074500,165190.0,165195.0,164930.0,165010.0,67809,5,258456
WIN$D,M15,1766075400,165015.0,165025.0,164745.0,164765.0,62468,5,230630
WIN$D,M15,1766076300,164770.0,164845.0,164565.0,164655.0,88253,5,304776
WIN$D,M15,1766077200,164650.0,164955.0,164650.0,164835.0,86436,5,304174
WIN$D,M15,1766078100,164835.0,165025.0,164800.0,164980.0,53739,5,176325
WIN$D,M15,1766079000,164980.0,165155.0,164885.0,165120.0,56892,5,173946
WIN$D,M15,1766079900,165125.0,165195.0,164930.0,164940.0,70454,5,197130
WIN$D,M15,1766080800,164935.0,165080.0,164935.0,165040.0,40039,5,103863
WIN$D,M15,1766081700,165035.0,165160.0,165035.0,165045.0,15181,5,77252
WIN$D,M15,1766134800,164930.0,165710.0,164815.0,165260.0,338144,5,903662
WIN$D,M15,1766135700,165260.0,165340.0,164925.0,165015.0,207938,5,625477
WIN$D,M15,1766136600,165015.0,165130.0,164880.0,164905.0,151406,5,461311
WIN$D,M15,1766137500,164905.0,165210.0,164880.0,164955.0,166767,5,515933
WIN$D,M15,1766138400,164955.0,165160.0,164720.0,164975.0,258542,5,792869
WIN$D,M15,1766139300,164975.0,165185.0,164795.0,165130.0,201508,5,626843
WIN$D,M15,1766140200,165130.0,165350.0,164975.0,165235.0,256065,5,816978
WIN$D,M15,1766141100,165240.0,165815.0,165080.0,165775.0,248724,5,815046
WIN$D,M15,1766142000,165770.0,166090.0,165615.0,165675.0,230499,5,791069
WIN$D,M15,1766142900,165670.0,165790.0,165370.0,165705.0,180023,5,593881
WIN$D,M15,1766143800,165705.0,166245.0,165560.0,166180.0,248750,5,815025
WIN$D,M15,1766144700,166175.0,166340.0,166000.0,166245.0,165075,5,544349
WIN$D,M15,1766145600,166245.0,166455.0,165940.0,166030.0,165762,5,531448
WIN$D,M15,1766146500,166025.0,166255.0,165985.0,166225.0,101448,5,348031
WIN$D,M15,1766147400,166220.0,166290.0,165905.0,165920.0,96888,5,330290
WIN$D,M15,1766148300,165925.0,166120.0,165800.0,165905.0,107355,5,356849
WIN$D,M15,1766149200,165905.0,166110.0,165905.0,166085.0,74694,5,249282
WIN$D,M15,1766150100,166080.0,166110.0,165930.0,166060.0,66461,5,238387
WIN$D,M15,1766151000,166060.0,166065.0,165835.0,165885.0,67861,5,238737
WIN$D,M15,1766151900,165885.0,166025.0,165835.0,165970.0,60248,5,202391
WIN$D,M15,1766152800,165965.0,166000.0,165880.0,165950.0,41864,5,142277
WIN$D,M15,1766153700,165950.0,166030.0,165645.0,165695.0,80077,5,292206
WIN$D,M15,1766154600,165695.0,165765.0,165600.0,165615.0,66005,5,237368
WIN$D,M15,1766155500,165615.0,165685.0,165540.0,165615.0,70253,5,273349
WIN$D,M15,1766156400,165615.0,165695.0,165520.0,165625.0,56193,5,216855
WIN$D,M15,1766157300,165630.0,165650.0,165495.0,165560.0,54812,5,202771
WIN$D,M15,1766158200,165560.0,165620.0,165450.0,165490.0,55505,5,195377
WIN$D,M15,1766159100,165495.0,165630.0,165440.0,165480.0,58702,5,205921
WIN$D,M15,1766160000,165485.0,165520.0,165405.0,165510.0,50256,5,183974
WIN$D,M15,1766160900,165505.0,165595.0,165430.0,165455.0,57181,5,211223
WIN$D,M15,1766161800,165460.0,165570.0,165440.0,165565.0,43236,5,150374
WIN$D,M15,1766162700,165565.0,165565.0,165410.0,165525.0,48902,5,170431
WIN$D,M15,1766163600,165525.0,165580.0,165435.0,165470.0,43772,5,154012
WIN$D,M15,1766164500,165475.0,165545.0,165435.0,165490.0,33080,5,111817
WIN$D,M15,1766165400,165495.0,165515.0,165090.0,165150.0,73980,5,223184
WIN$D,M15,1766166300,165150.0,165250.0,165055.0,165180.0,81660,5,249102
WIN$D,M15,1766167200,165185.0,165440.0,165135.0,165385.0,52295,5,156985
WIN$D,M15,1766168100,165380.0,165440.0,165270.0,165330.0,19712,5,90822
WIN$D,M15,1766394000,165785.0,166145.0,165460.0,165495.0,238116,5,676004
WIN$D,M15,1766394900,165500.0,165675.0,165125.0,165440.0,226467,5,719399
WIN$D,M15,1766395800,165440.0,165625.0,165210.0,165355.0,168318,5,518823
WIN$D,M15,1766396700,165355.0,165365.0,165095.0,165220.0,148973,5,459502
WIN$D,M15,1766397600,165220.0,165305.0,164615.0,164810.0,287771,5,893093
WIN$D,M15,1766398500,164815.0,165090.0,164660.0,164840.0,225829,5,703554
WIN$D,M15,1766399400,164840.0,164880.0,164635.0,164750.0,148624,5,464530
WIN$D,M15,1766400300,164745.0,164875.0,164440.0,164725.0,200705,5,634371
WIN$D,M15,1766401200,164725.0,165060.0,164665.0,164750.0,217454,5,710612
WIN$D,M15,1766402100,164750.0,164765.0,163935.0,164035.0,243977,5,820461
WIN$D,M15,1766403000,164035.0,164265.0,163880.0,164245.0,232280,5,785294
WIN$D,M15,1766403900,164245.0,164380.0,164105.0,164240.0,158308,5,528248
WIN$D,M15,1766404800,164245.0,164510.0,164185.0,164280.0,128549,5,427322
WIN$D,M15,1766405700,164285.0,164505.0,164185.0,164465.0,108936,5,358255
WIN$D,M15,1766406600,164465.0,164615.0,164260.0,164310.0,120479,5,408530
WIN$D,M15,1766407500,164310.0,164770.0,164210.0,164600.0,145209,5,495300
WIN$D,M15,1766408400,164600.0,164755.0,164565.0,164620.0,92607,5,313211
WIN$D,M15,1766409300,164620.0,164890.0,164615.0,164790.0,111885,5,368526
WIN$D,M15,1766410200,164785.0,164890.0,164505.0,164850.0,134282,5,463223
WIN$D,M15,1766411100,164850.0,165080.0,164840.0,164945.0,109190,5,371331
WIN$D,M15,1766412000,164945.0,165080.0,164890.0,164905.0,79384,5,278119
WIN$D,M15,1766412900,164910.0,164980.0,164705.0,164865.0,108530,5,385502
WIN$D,M15,1766413800,164865.0,164990.0,164775.0,164870.0,87870,5,306702
WIN$D,M15,1766414700,164865.0,164940.0,164765.0,164870.0,65624,5,230246
WIN$D,M15,1766415600,164870.0,164915.0,164555.0,164680.0,105355,5,372459
WIN$D,M15,1766416500,164685.0,164730.0,164445.0,164485.0,105190,5,360562
WIN$D,M15,1766417400,164485.0,164870.0,164485.0,164835.0,91287,5,306041
WIN$D,M15,1766418300,164835.0,165030.0,164775.0,164875.0,90980,5,312611
WIN$D,M15,1766419200,164870.0,164920.0,164780.0,164865.0,62575,5,224767
WIN$D,M15,1766420100,164865.0,164890.0,164710.0,164775.0,69891,5,252149
WIN$D,M15,1766421000,164780.0,164845.0,164625.0,164700.0,81813,5,297014
WIN$D,M15,1766421900,164700.0,164920.0,164690.0,164895.0,72274,5,249410
WIN$D,M15,1766422800,164900.0,164945.0,164800.0,164900.0,50478,5,175207
WIN$D,M15,1766423700,164905.0,164965.0,164850.0,164890.0,36868,5,120969
WIN$D,M15,1766424600,164890.0,164910.0,164700.0,164815.0,59675,5,193537
WIN$D,M15,1766425500,164815.0,165015.0,164755.0,164805.0,78738,5,238243
WIN$D,M15,1766426400,164810.0,164905.0,164740.0,164770.0,44245,5,127816
WIN$D,M15,1766427300,164770.0,164780.0,164635.0,164775.0,20753,5,90369
WIN$D,M15,1766480400,164975.0,165305.0,164630.0,165300.0,289346,5,795967
WIN$D,M15,1766481300,165295.0,165715.0,165240.0,165445.0,221426,5,717492
WIN$D,M15,1766482200,165450.0,165915.0,165330.0,165895.0,188034,5,608556
WIN$D,M15,1766483100,165900.0,165905.0,165485.0,165500.0,156691,5,507998
WIN$D,M15,1766484000,165500.0,166065.0,165395.0,165975.0,265264,5,829962
WIN$D,M15,1766484900,165980.0,166260.0,165790.0,165880.0,207185,5,668736
WIN$D,M15,1766485800,165875.0,165965.0,165545.0,165845.0,217452,5,679953
WIN$D,M15,1766486700,165845.0,166265.0,165845.0,166120.0,194157,5,631639
WIN$D,M15,1766487600,166120.0,166495.0,166120.0,166195.0,201644,5,622796
WIN$D,M15,1766488500,166195.0,166250.0,165700.0,165945.0,170235,5,562522
WIN$D,M15,1766489400,165950.0,166420.0,165785.0,166295.0,216776,5,707054
WIN$D,M15,1766490300,166295.0,166630.0,166230.0,166575.0,170537,5,576290
WIN$D,M15,1766491200,166580.0,167015.0,166575.0,166940.0,183621,5,630581
WIN$D,M15,1766492100,166935.0,167010.0,166700.0,166985.0,119901,5,431504
WIN$D,M15,1766493000,166990.0,167195.0,166865.0,166865.0,112115,5,402178
WIN$D,M15,1766493900,166870.0,166900.0,166735.0,166855.0,86026,5,302924
WIN$D,M15,1766494800,166850.0,166980.0,166765.0,166895.0,62731,5,215990
WIN$D,M15,1766495700,166900.0,166990.0,166785.0,166805.0,56990,5,198261
WIN$D,M15,1766496600,166805.0,167075.0,166805.0,167005.0,81688,5,293539
WIN$D,M15,1766497500,167005.0,167055.0,166890.0,166975.0,53931,5,201672
WIN$D,M15,1766498400,166980.0,167020.0,166840.0,167000.0,56618,5,219558
WIN$D,M15,1766499300,167000.0,167065.0,166910.0,166930.0,54063,5,222862
WIN$D,M15,1766500200,166935.0,167105.0,166900.0,167060.0,62406,5,233634
WIN$D,M15,1766501100,167055.0,167170.0,167020.0,167145.0,61391,5,234965
WIN$D,M15,1766502000,167150.0,167150.0,166650.0,166720.0,116815,5,422136
WIN$D,M15,1766502900,166720.0,166910.0,166670.0,166770.0,81787,5,307841
WIN$D,M15,1766503800,166770.0,166905.0,166770.0,166900.0,43310,5,165671
WIN$D,M15,1766504700,166900.0,166965.0,166855.0,166920.0,55719,5,216395
WIN$D,M15,1766505600,166920.0,167055.0,166880.0,167040.0,51781,5,196674
WIN$D,M15,1766506500,167040.0,167070.0,166970.0,167010.0,45002,5,170208
WIN$D,M15,1766507400,167010.0,167025.0,166880.0,166940.0,51781,5,191501
WIN$D,M15,1766508300,166945.0,166980.0,166830.0,166860.0,41775,5,148832
WIN$D,M15,1766509200,166860.0,166915.0,166780.0,166875.0,55112,5,198377
WIN$D,M15,1766510100,166875.0,166960.0,166810.0,166905.0,44366,5,165466
WIN$D,M15,1766511000,166905.0,166945.0,166850.0,166910.0,28583,5,97229
WIN$D,M15,1766511900,166910.0,167135.0,166845.0,167060.0,55462,5,172866
WIN$D,M15,1766512800,167055.0,167250.0,167025.0,167130.0,61025,5,183148
WIN$D,M15,1766513700,167130.0,167170.0,166930.0,167130.0,22676,5,90068
WIN$D,M15,1766739600,166665.0,166705.0,165895.0,166415.0,246834,5,691598
WIN$D,M15,1766740500,166415.0,166540.0,166085.0,166245.0,174266,5,541898
WIN$D,M15,1766741400,166245.0,166360.0,166000.0,166355.0,135448,5,410425
WIN$D,M15,1766742300,166355.0,166505.0,166120.0,166180.0,144270,5,448672
WIN$D,M15,1766743200,166180.0,166550.0,166150.0,166475.0,190284,5,610625
WIN$D,M15,1766744100,166470.0,166540.0,165835.0,166175.0,227718,5,742085
WIN$D,M15,1766745000,166170.0,166400.0,165910.0,165985.0,190500,5,599593
WIN$D,M15,1766745900,165985.0,166115.0,165830.0,165925.0,152385,5,460738
WIN$D,M15,1766746800,165925.0,166225.0,165855.0,166215.0,147926,5,464260
WIN$D,M15,1766747700,166215.0,166385.0,166030.0,166370.0,131326,5,416489
WIN$D,M15,1766748600,166365.0,166815.0,166300.0,166475.0,238908,5,784218
WIN$D,M15,1766749500,166480.0,166690.0,166365.0,166505.0,141963,5,439357
WIN$D,M15,1766750400,166505.0,167170.0,166430.0,167075.0,184000,5,574313
WIN$D,M15,1766751300,167075.0,167105.0,166775.0,166960.0,117548,5,381565
WIN$D,M15,1766752200,166960.0,167005.0,166830.0,166935.0,73491,5,236954
WIN$D,M15,1766753100,166930.0,166935.0,166755.0,166870.0,81158,5,275829
WIN$D,M15,1766754000,166875.0,166990.0,166770.0,166775.0,88313,5,306915
WIN$D,M15,1766754900,166770.0,166790.0,166620.0,166700.0,81003,5,271429
WIN$D,M15,1766755800,166700.0,166750.0,166490.0,166540.0,70094,5,243808
WIN$D,M15,1766756700,166540.0,166585.0,166440.0,166585.0,55671,5,195087
WIN$D,M15,1766757600,166580.0,167020.0,166565.0,166985.0,104822,5,381847
WIN$D,M15,1766758500,166990.0,167045.0,166810.0,166895.0,72756,5,254971
WIN$D,M15,1766759400,166895.0,167065.0,166775.0,166995.0,72471,5,252751
WIN$D,M15,1766760300,166995.0,167115.0,166900.0,167060.0,71536,5,240653
WIN$D,M15,1766761200,167065.0,167215.0,166985.0,166990.0,78442,5,273867
WIN$D,M15,1766762100,166990.0,167070.0,166940.0,166995.0,53249,5,181757
WIN$D,M15,1766763000,167000.0,167065.0,166895.0,167030.0,49654,5,171129
WIN$D,M15,1766763900,167030.0,167120.0,166935.0,167045.0,51087,5,176321
WIN$D,M15,1766764800,167045.0,167230.0,167005.0,167170.0,57823,5,197825
WIN$D,M15,1766765700,167170.0,167260.0,167150.0,167200.0,46070,5,162529
WIN$D,M15,1766766600,167195.0,167245.0,167065.0,167220.0,62420,5,222417
WIN$D,M15,1766767500,167225.0,167250.0,167110.0,167175.0,37261,5,141073
WIN$D,M15,1766768400,167175.0,167225.0,167110.0,167215.0,30939,5,112139
WIN$D,M15,1766769300,167215.0,167470.0,167200.0,167445.0,60246,5,207620
WIN$D,M15,1766770200,167440.0,167550.0,167415.0,167510.0,46927,5,163226
WIN$D,M15,1766771100,167510.0,167605.0,167495.0,167595.0,40801,5,123643
WIN$D,M15,1766772000,167595.0,167725.0,167550.0,167700.0,46514,5,136356
WIN$D,M15,1766772900,167695.0,167850.0,167655.0,167780.0,26036,5,80305
WIN$D,M15,1766998800,167580.0,168065.0,167390.0,167740.0,236555,5,666755
WIN$D,M15,1766999700,167745.0,167920.0,167340.0,167475.0,250193,5,760479
WIN$D,M15,1767000600,167470.0,167640.0,167380.0,167385.0,154210,5,471099
WIN$D,M15,1767001500,167385.0,167620.0,167310.0,167330.0,151989,5,466753
WIN$D,M15,1767002400,167330.0,167620.0,167170.0,167275.0,244828,5,744109
WIN$D,M15,1767003300,167270.0,167280.0,166795.0,167160.0,294678,5,929687
WIN$D,M15,1767004200,167160.0,167215.0,166870.0,166910.0,210839,5,659854
WIN$D,M15,1767005100,166910.0,166995.0,166845.0,166940.0,99443,5,334129
WIN$D,M15,1767006000,166945.0,167130.0,166755.0,166815.0,189894,5,605479
WIN$D,M15,1767006900,166810.0,166940.0,166735.0,166930.0,122753,5,396775
WIN$D,M15,1767007800,166935.0,167110.0,166750.0,167090.0,182557,5,580378
WIN$D,M15,1767008700,167085.0,167245.0,166795.0,166950.0,153514,5,495658
WIN$D,M15,1767009600,166945.0,167005.0,166500.0,166690.0,169801,5,542334
WIN$D,M15,1767010500,166695.0,166750.0,166390.0,166700.0,148321,5,479183
WIN$D,M15,1767011400,166700.0,166705.0,166405.0,166495.0,124196,5,416484
WIN$D,M15,1767012300,166490.0,166705.0,166445.0,166695.0,78520,5,251070
WIN$D,M15,1767013200,166695.0,166765.0,166410.0,166595.0,123535,5,415521
WIN$D,M15,1767014100,166595.0,166640.0,166465.0,166590.0,71152,5,236057
WIN$D,M15,1767015000,166590.0,166685.0,166480.0,166505.0,73589,5,246096
WIN$D,M15,1767015900,166510.0,166615.0,166425.0,166590.0,60149,5,201609
WIN$D,M15,1767016800,166595.0,166615.0,166420.0,166455.0,56402,5,185512
WIN$D,M15,1767017700,166455.0,166655.0,166445.0,166650.0,60206,5,197703
WIN$D,M15,1767018600,166655.0,166895.0,166625.0,166820.0,97807,5,317073
WIN$D,M15,1767019500,166820.0,166890.0,166550.0,166635.0,88052,5,306514
WIN$D,M15,1767020400,166630.0,166780.0,166605.0,166760.0,66178,5,224132
WIN$D,M15,1767021300,166760.0,166830.0,166380.0,166455.0,104789,5,363792
WIN$D,M15,1767022200,166455.0,166665.0,166360.0,166410.0,100596,5,346181
WIN$D,M15,1767023100,166405.0,166420.0,166085.0,166265.0,115389,5,392553
WIN$D,M15,1767024000,166260.0,166435.0,166160.0,166435.0,73276,5,260544
WIN$D,M15,1767024900,166435.0,166435.0,166265.0,166385.0,62389,5,221598
WIN$D,M15,1767025800,166390.0,166525.0,166350.0,166415.0,59885,5,213644
WIN$D,M15,1767026700,166415.0,166710.0,166410.0,166620.0,77444,5,277220
WIN$D,M15,1767027600,166620.0,166860.0,166615.0,166770.0,79663,5,270233
WIN$D,M15,1767028500,166775.0,166835.0,166715.0,166755.0,42599,5,136743
WIN$D,M15,1767029400,166755.0,166845.0,166305.0,166540.0,97069,5,309673
WIN$D,M15,1767030300,166535.0,166755.0,166485.0,166630.0,59273,5,170597
WIN$D,M15,1767031200,166630.0,166790.0,166560.0,166695.0,46562,5,132142
WIN$D,M15,1767032100,166700.0,166855.0,166625.0,166720.0,17094,5,60994
WIN$D,M15,1767085200,167160.0,167890.0,166800.0,167785.0,273736,5,729734
WIN$D,M15,1767086100,167780.0,168135.0,167760.0,167960.0,177274,5,542708
WIN$D,M15,1767087000,167960.0,168460.0,167870.0,168130.0,261510,5,799737
WIN$D,M15,1767087900,168130.0,168235.0,168005.0,168100.0,143940,5,426716
WIN$D,M15,1767088800,168100.0,168190.0,167875.0,168170.0,238735,5,713235
WIN$D,M15,1767089700,168170.0,168525.0,168165.0,168335.0,233914,5,720619
WIN$D,M15,1767090600,168335.0,168480.0,168005.0,168060.0,194249,5,607468
WIN$D,M15,1767091500,168055.0,168130.0,167640.0,167645.0,188722,5,593437
WIN$D,M15,1767092400,167640.0,168165.0,167585.0,168020.0,219755,5,734633
WIN$D,M15,1767093300,168025.0,168115.0,167780.0,167865.0,150347,5,480261
WIN$D,M15,1767094200,167870.0,167985.0,167550.0,167880.0,175169,5,581543
WIN$D,M15,1767095100,167875.0,167955.0,167405.0,167470.0,180370,5,580418
WIN$D,M15,1767096000,167465.0,167695.0,167405.0,167625.0,116694,5,384314
WIN$D,M15,1767096900,167625.0,167825.0,167590.0,167645.0,125045,5,427877
WIN$D,M15,1767097800,167645.0,167920.0,167590.0,167875.0,96260,5,337605
WIN$D,M15,1767098700,167870.0,168030.0,167825.0,167965.0,92243,5,316909
WIN$D,M15,1767099600,167965.0,168140.0,167950.0,168105.0,75917,5,250291
WIN$D,M15,1767100500,168110.0,168210.0,168055.0,168080.0,72606,5,247391
WIN$D,M15,1767101400,168080.0,168270.0,168075.0,168195.0,77973,5,279490
WIN$D,M15,1767102300,168200.0,168215.0,167980.0,168065.0,85039,5,293688
WIN$D,M15,1767103200,168060.0,168165.0,167890.0,168030.0,102089,5,352122
WIN$D,M15,1767104100,168030.0,168300.0,168025.0,168225.0,66300,5,221934
WIN$D,M15,1767105000,168225.0,168315.0,168155.0,168180.0,66344,5,235700
WIN$D,M15,1767105900,168180.0,168335.0,168165.0,168285.0,55398,5,195316
WIN$D,M15,1767106800,168290.0,168335.0,168195.0,168220.0,56502,5,208012
WIN$D,M15,1767107700,168225.0,168260.0,168135.0,168225.0,47775,5,173987
WIN$D,M15,1767108600,168225.0,168270.0,168090.0,168125.0,53634,5,194652
WIN$D,M15,1767109500,168125.0,168140.0,167975.0,168075.0,65576,5,236941
WIN$D,M15,1767110400,168075.0,168245.0,168030.0,168170.0,60348,5,213797
WIN$D,M15,1767111300,168175.0,168235.0,168035.0,168055.0,53077,5,190563
WIN$D,M15,1767112200,168050.0,168170.0,167990.0,168135.0,48981,5,181437
WIN$D,M15,1767113100,168130.0,168160.0,168055.0,168090.0,33840,5,120425
WIN$D,M15,1767114000,168090.0,168100.0,167935.0,168070.0,48895,5,172192
WIN$D,M15,1767114900,168070.0,168160.0,168035.0,168075.0,37974,5,133424
WIN$D,M15,1767115800,168070.0,168100.0,167965.0,168005.0,32987,5,102362
WIN$D,M15,1767116700,168000.0,168050.0,167715.0,167835.0,78157,5,229416
WIN$D,M15,1767117600,167840.0,167890.0,167470.0,167510.0,63311,5,193667
WIN$D,M15,1767118500,167510.0,167685.0,167495.0,167500.0,17583,5,78561
WIN$D,M15,1767344400,167700.0,168480.0,167690.0,168040.0,219518,5,629916
WIN$D,M15,1767345300,168040.0,168320.0,167980.0,168065.0,137474,5,405964
WIN$D,M15,1767346200,168065.0,168280.0,167870.0,168240.0,141278,5,434919
WIN$D,M15,1767347100,168245.0,168540.0,168240.0,168495.0,140254,5,444938
WIN$D,M15,1767348000,168490.0,168770.0,168150.0,168170.0,221753,5,708497
WIN$D,M15,1767348900,168170.0,168295.0,167935.0,167990.0,177462,5,560469
WIN$D,M15,1767349800,167990.0,168040.0,167730.0,167915.0,176701,5,574865
WIN$D,M15,1767350700,167915.0,167965.0,167070.0,167185.0,234440,5,789044
WIN$D,M15,1767351600,167185.0,167595.0,167045.0,167535.0,200470,5,689304
WIN$D,M15,1767352500,167535.0,167710.0,167315.0,167340.0,148818,5,497688
WIN$D,M15,1767353400,167335.0,167385.0,166905.0,167050.0,228152,5,733237
WIN$D,M15,1767354300,167050.0,167365.0,166925.0,167230.0,152052,5,484363
WIN$D,M15,1767355200,167230.0,167390.0,166965.0,167100.0,144508,5,449296
WIN$D,M15,1767356100,167095.0,167165.0,166610.0,166860.0,179986,5,554848
WIN$D,M15,1767357000,166860.0,167120.0,166830.0,166935.0,105334,5,331105
WIN$D,M15,1767357900,166930.0,167010.0,166770.0,166830.0,121163,5,381631
WIN$D,M15,1767358800,166830.0,166880.0,166705.0,166780.0,84722,5,262468
WIN$D,M15,1767359700,166780.0,166865.0,166615.0,166660.0,86177,5,270585
WIN$D,M15,1767360600,166660.0,166730.0,166530.0,166625.0,99353,5,318688
WIN$D,M15,1767361500,166630.0,166675.0,166440.0,166620.0,86006,5,285462
WIN$D,M15,1767362400,166615.0,166690.0,166410.0,166535.0,95709,5,325097
WIN$D,M15,1767363300,166530.0,166580.0,166460.0,166500.0,48503,5,159954
WIN$D,M15,1767364200,166505.0,166585.0,166410.0,166525.0,61572,5,212241
WIN$D,M15,1767365100,166525.0,166560.0,166355.0,166410.0,71828,5,255002
WIN$D,M15,1767366000,166405.0,166475.0,166260.0,166390.0,74140,5,262710
WIN$D,M15,1767366900,166390.0,166630.0,166350.0,166515.0,96106,5,338842
WIN$D,M15,1767367800,166515.0,166565.0,166455.0,166500.0,47132,5,165118
WIN$D,M15,1767368700,166495.0,166545.0,166300.0,166400.0,83159,5,301790
WIN$D,M15,1767369600,166395.0,166705.0,166365.0,166700.0,74412,5,273444
WIN$D,M15,1767370500,166695.0,166820.0,166620.0,166755.0,83777,5,298206
WIN$D,M15,1767371400,166755.0,166790.0,166660.0,166690.0,50250,5,182678
WIN$D,M15,1767372300,166685.0,166775.0,166630.0,166710.0,51026,5,185218
WIN$D,M15,1767373200,166705.0,166785.0,166630.0,166635.0,51433,5,189511
WIN$D,M15,1767374100,166635.0,166700.0,166475.0,166505.0,58041,5,208894
WIN$D,M15,1767375000,166500.0,166655.0,166500.0,166600.0,49051,5,165423
WIN$D,M15,1767375900,166600.0,166680.0,166430.0,166535.0,64231,5,188378
WIN$D,M15,1767376800,166525.0,166695.0,166480.0,166520.0,58432,5,181676
WIN$D,M15,1767377700,166520.0,166545.0,166330.0,166430.0,27696,5,110373
WIN$D,M15,1767603600,166890.0,167260.0,166645.0,166675.0,232447,5,705174
WIN$D,M15,1767604500,166675.0,167140.0,166525.0,167050.0,258458,5,796700
WIN$D,M15,1767605400,167045.0,167420.0,166955.0,167010.0,233394,5,733370
WIN$D,M15,1767606300,167005.0,167110.0,166810.0,166905.0,157753,5,494022
WIN$D,M15,1767607200,166905.0,167035.0,166465.0,166710.0,265780,5,837142
WIN$D,M15,1767608100,166715.0,166765.0,166295.0,166445.0,209322,5,677740
WIN$D,M15,1767609000,166440.0,166805.0,166315.0,166690.0,237970,5,776712
WIN$D,M15,1767609900,166690.0,167100.0,166535.0,167025.0,229991,5,753717
WIN$D,M15,1767610800,167025.0,167210.0,166775.0,166880.0,232391,5,768298
WIN$D,M15,1767611700,166875.0,167340.0,166875.0,167180.0,208667,5,710965
WIN$D,M15,1767612600,167175.0,167330.0,166830.0,166930.0,251189,5,804059
WIN$D,M15,1767613500,166935.0,167005.0,166495.0,166635.0,196440,5,650874
WIN$D,M15,1767614400,166630.0,166975.0,166520.0,166965.0,191245,5,594707
WIN$D,M15,1767615300,166965.0,167565.0,166935.0,167430.0,213698,5,718877
WIN$D,M15,1767616200,167435.0,167435.0,167200.0,167335.0,114320,5,376238
WIN$D,M15,1767617100,167335.0,167745.0,167335.0,167705.0,138248,5,468915
WIN$D,M15,1767618000,167705.0,167790.0,167375.0,167495.0,131833,5,440650
WIN$D,M15,1767618900,167495.0,167630.0,167475.0,167600.0,81178,5,265650
WIN$D,M15,1767619800,167600.0,167880.0,167570.0,167735.0,95800,5,316622
WIN$D,M15,1767620700,167735.0,167910.0,167670.0,167870.0,92109,5,312527
WIN$D,M15,1767621600,167870.0,167975.0,167800.0,167905.0,84336,5,293023
WIN$D,M15,1767622500,167905.0,167975.0,167770.0,167830.0,87383,5,299157
WIN$D,M15,1767623400,167825.0,168060.0,167795.0,167915.0,93552,5,324159
WIN$D,M15,1767624300,167920.0,168185.0,167905.0,168165.0,102165,5,359476
WIN$D,M15,1767625200,168160.0,168220.0,168040.0,168170.0,99152,5,356899
WIN$D,M15,1767626100,168170.0,168280.0,168135.0,168230.0,76555,5,270444
WIN$D,M15,1767627000,168230.0,168240.0,168085.0,168115.0,82180,5,294670
WIN$D,M15,1767627900,168115.0,168265.0,168080.0,168230.0,57438,5,202035
WIN$D,M15,1767628800,168230.0,168315.0,168145.0,168230.0,81547,5,302556
WIN$D,M15,1767629700,168235.0,168325.0,168120.0,168170.0,66148,5,239225
WIN$D,M15,1767630600,168170.0,168230.0,168140.0,168220.0,45425,5,167925
WIN$D,M15,1767631500,168215.0,168240.0,168035.0,168050.0,55473,5,202137
WIN$D,M15,1767632400,168055.0,168070.0,167930.0,168000.0,69363,5,255403
WIN$D,M15,1767633300,167995.0,168035.0,167915.0,167995.0,54006,5,191530
WIN$D,M15,1767634200,167995.0,168155.0,167985.0,168065.0,58833,5,197580
WIN$D,M15,1767635100,168070.0,168190.0,168050.0,168130.0,47346,5,142440
WIN$D,M15,1767636000,168130.0,168160.0,168010.0,168050.0,46599,5,141288
WIN$D,M15,1767636900,168045.0,168150.0,167985.0,168150.0,23902,5,105380
WIN$D,M15,1767690000,168305.0,168845.0,168255.0,168825.0,298041,5,924660
WIN$D,M15,1767690900,168825.0,169215.0,168815.0,168975.0,246571,5,824216
WIN$D,M15,1767691800,168975.0,169230.0,168885.0,169190.0,170470,5,569120
WIN$D,M15,1767692700,169195.0,169420.0,169165.0,169205.0,184714,5,620653
WIN$D,M15,1767693600,169205.0,169990.0,169130.0,169840.0,339490,5,1090113
WIN$D,M15,1767694500,169835.0,170030.0,169675.0,169925.0,251417,5,833707
WIN$D,M15,1767695400,169920.0,170190.0,169790.0,170150.0,227657,5,788804
WIN$D,M15,1767696300,170155.0,170190.0,169800.0,169800.0,190864,5,651611
WIN$D,M15,1767697200,169800.0,170385.0,169730.0,170200.0,291223,5,1041461
WIN$D,M15,1767698100,170200.0,170230.0,169610.0,169700.0,207920,5,729678
WIN$D,M15,1767699000,169700.0,169975.0,169340.0,169855.0,307056,5,1035580
WIN$D,M15,1767699900,169860.0,170110.0,169730.0,169825.0,221043,5,713961
WIN$D,M15,1767700800,169825.0,170210.0,169760.0,170125.0,164856,5,567552
WIN$D,M15,1767701700,170125.0,170210.0,169825.0,169890.0,124541,5,427633
WIN$D,M15,1767702600,169885.0,169910.0,169660.0,169865.0,138379,5,556293
WIN$D,M15,1767703500,169865.0,169995.0,169815.0,169900.0,96516,5,336941
WIN$D,M15,1767704400,169895.0,169985.0,169720.0,169735.0,97681,5,354656
WIN$D,M15,1767705300,169735.0,169980.0,169595.0,169910.0,119171,5,427966
WIN$D,M15,1767706200,169910.0,169995.0,169790.0,169905.0,93443,5,341205
WIN$D,M15,1767707100,169910.0,170000.0,169865.0,169915.0,60454,5,223528
WIN$D,M15,1767708000,169910.0,170040.0,169835.0,169840.0,71783,5,262327
WIN$D,M15,1767708900,169840.0,169920.0,169745.0,169880.0,81643,5,310255
WIN$D,M15,1767709800,169880.0,169975.0,169865.0,169970.0,52200,5,199781
WIN$D,M15,1767710700,169970.0,170075.0,169855.0,169870.0,66856,5,245930
WIN$D,M15,1767711600,169870.0,170060.0,169820.0,169935.0,89505,5,341266
WIN$D,M15,1767712500,169930.0,169950.0,169720.0,169750.0,81846,5,299754
WIN$D,M15,1767713400,169750.0,169895.0,169675.0,169835.0,82816,5,313739
WIN$D,M15,1767714300,169840.0,170000.0,169820.0,169935.0,64351,5,246512
WIN$D,M15,1767715200,169935.0,170025.0,169815.0,169850.0,71501,5,276801
WIN$D,M15,1767716100,169850.0,169920.0,169640.0,169660.0,86540,5,327050
WIN$D,M15,1767717000,169660.0,169715.0,169450.0,169520.0,98111,5,379018
WIN$D,M15,1767717900,169520.0,169655.0,169485.0,169575.0,65860,5,249799
WIN$D,M15,1767718800,169575.0,169675.0,169505.0,169650.0,55868,5,192384
WIN$D,M15,1767719700,169645.0,169705.0,169590.0,169670.0,34985,5,113688
WIN$D,M15,1767720600,169670.0,169800.0,169600.0,169775.0,51228,5,174475
WIN$D,M15,1767721500,169775.0,169820.0,169565.0,169705.0,61548,5,182937
WIN$D,M15,1767722400,169710.0,169870.0,169655.0,169830.0,57682,5,160037
WIN$D,M15,1767723300,169830.0,169930.0,169810.0,169930.0,23534,5,96665
WIN$D,M15,1767776400,169980.0,169990.0,169395.0,169635.0,270405,5,825682
WIN$D,M15,1767777300,169635.0,169835.0,169555.0,169700.0,188474,5,608709
WIN$D,M15,1767778200,169700.0,169755.0,169350.0,169550.0,218104,5,676996
WIN$D,M15,1767779100,169550.0,169620.0,169295.0,169330.0,231705,5,737535
WIN$D,M15,1767780000,169335.0,169440.0,169210.0,169285.0,219140,5,699652
WIN$D,M15,1767780900,169280.0,169335.0,168840.0,168845.0,264701,5,829350
WIN$D,M15,1767781800,168845.0,169305.0,168795.0,169105.0,283493,5,970676
WIN$D,M15,1767782700,169110.0,169110.0,168645.0,168750.0,200697,5,673126
WIN$D,M15,1767783600,168755.0,168795.0,168460.0,168550.0,181528,5,600557
WIN$D,M15,1767784500,168550.0,168615.0,168370.0,168475.0,156560,5,549310
WIN$D,M15,1767785400,168475.0,168530.0,167990.0,168120.0,237342,5,859077
WIN$D,M15,1767786300,168120.0,168335.0,168070.0,168195.0,150029,5,533080
WIN$D,M15,1767787200,168190.0,168195.0,167740.0,168010.0,187848,5,671014
WIN$D,M15,1767788100,168005.0,168015.0,167785.0,167910.0,103002,5,361498
WIN$D,M15,1767789000,167910.0,168080.0,167870.0,167955.0,116678,5,386193
WIN$D,M15,1767789900,167960.0,168230.0,167930.0,168130.0,97782,5,344850
WIN$D,M15,1767790800,168130.0,168170.0,168015.0,168105.0,77867,5,273888
WIN$D,M15,1767791700,168105.0,168285.0,168060.0,168255.0,84535,5,305756
WIN$D,M15,1767792600,168255.0,168310.0,168080.0,168170.0,90237,5,333012
WIN$D,M15,1767793500,168175.0,168215.0,168060.0,168155.0,62515,5,220721
WIN$D,M15,1767794400,168160.0,168220.0,167955.0,168005.0,74051,5,278466
WIN$D,M15,1767795300,168005.0,168160.0,167985.0,168140.0,75693,5,283098
WIN$D,M15,1767796200,168140.0,168180.0,168050.0,168175.0,57220,5,207246
WIN$D,M15,1767797100,168170.0,168195.0,167970.0,168055.0,76298,5,288733
WIN$D,M15,1767798000,168055.0,168120.0,167980.0,168040.0,60356,5,227145
WIN$D,M15,1767798900,168040.0,168050.0,167935.0,167995.0,54959,5,204533
WIN$D,M15,1767799800,168000.0,168180.0,167950.0,168120.0,74165,5,294828
WIN$D,M15,1767800700,168120.0,168255.0,168080.0,168190.0,64403,5,250123
WIN$D,M15,1767801600,168185.0,168205.0,168050.0,168165.0,68161,5,242058
WIN$D,M15,1767802500,168165.0,168175.0,168075.0,168100.0,55529,5,205807
WIN$D,M15,1767803400,168100.0,168125.0,168055.0,168105.0,32885,5,115412
WIN$D,M15,1767804300,168105.0,168170.0,168050.0,168115.0,38894,5,144434
WIN$D,M15,1767805200,168110.0,168210.0,168085.0,168090.0,51754,5,181881
WIN$D,M15,1767806100,168090.0,168120.0,168060.0,168080.0,33057,5,107456
WIN$D,M15,1767807000,168080.0,168150.0,168060.0,168110.0,38941,5,112828
WIN$D,M15,1767807900,168110.0,168120.0,167830.0,167940.0,98320,5,258799
WIN$D,M15,1767808800,167940.0,168025.0,167880.0,167910.0,60008,5,154429
WIN$D,M15,1767809700,167900.0,167950.0,167830.0,167830.0,25884,5,94143
WIN$D,M15,1767862800,167630.0,167920.0,167475.0,167765.0,258421,5,732265
WIN$D,M15,1767863700,167770.0,168085.0,167755.0,167905.0,238933,5,706358
WIN$D,M15,1767864600,167905.0,168100.0,167690.0,168095.0,220636,5,674572
WIN$D,M15,1767865500,168090.0,168260.0,167985.0,168075.0,200468,5,610703
WIN$D,M15,1767866400,168080.0,168185.0,167780.0,168105.0,292516,5,853297
WIN$D,M15,1767867300,168105.0,168390.0,167825.0,168360.0,297297,5,890004
WIN$D,M15,1767868200,168365.0,168610.0,168260.0,168295.0,249826,5,782814
WIN$D,M15,1767869100,168295.0,168480.0,167875.0,168095.0,271255,5,866379
WIN$D,M15,1767870000,168095.0,168270.0,167910.0,168035.0,213228,5,695269
WIN$D,M15,1767870900,168035.0,168345.0,167925.0,168310.0,172473,5,578036
WIN$D,M15,1767871800,168310.0,168810.0,168200.0,168580.0,301607,5,1070417
WIN$D,M15,1767872700,168575.0,168580.0,168180.0,168185.0,208142,5,725317
WIN$D,M15,1767873600,168190.0,168540.0,168185.0,168495.0,150304,5,500081
WIN$D,M15,1767874500,168500.0,168690.0,168315.0,168315.0,137819,5,474019
WIN$D,M15,1767875400,168315.0,168505.0,168250.0,168310.0,125916,5,424721
WIN$D,M15,1767876300,168315.0,168500.0,168250.0,168460.0,89321,5,310633
WIN$D,M15,1767877200,168460.0,168470.0,168310.0,168395.0,64376,5,224249
WIN$D,M15,1767878100,168395.0,168540.0,168215.0,168475.0,93879,5,328246
WIN$D,M15,1767879000,168470.0,168565.0,168360.0,168405.0,78903,5,272980
WIN$D,M15,1767879900,168410.0,168580.0,168380.0,168540.0,74607,5,274599
WIN$D,M15,1767880800,168540.0,168615.0,168445.0,168525.0,70673,5,258322
WIN$D,M15,1767881700,168520.0,168570.0,168290.0,168380.0,76692,5,278884
WIN$D,M15,1767882600,168380.0,168465.0,168345.0,168380.0,51568,5,184426
WIN$D,M15,1767883500,168385.0,168390.0,168275.0,168380.0,54561,5,192775
WIN$D,M15,1767884400,168380.0,168410.0,168195.0,168240.0,72284,5,251152
WIN$D,M15,1767885300,168235.0,168355.0,168160.0,168335.0,72948,5,242592
WIN$D,M15,1767886200,168335.0,168410.0,168285.0,168365.0,62748,5,212829
WIN$D,M15,1767887100,168365.0,168620.0,168300.0,168350.0,113236,5,406202
WIN$D,M15,1767888000,168355.0,168535.0,168335.0,168445.0,60116,5,211463
WIN$D,M15,1767888900,168445.0,168615.0,168420.0,168520.0,66262,5,232553
WIN$D,M15,1767889800,168525.0,168680.0,168495.0,168625.0,64577,5,219100
WIN$D,M15,1767890700,168625.0,168640.0,168450.0,168515.0,65604,5,227625
WIN$D,M15,1767891600,168510.0,168520.0,168340.0,168385.0,60901,5,219239
WIN$D,M15,1767892500,168385.0,168515.0,168385.0,168485.0,43950,5,147346
WIN$D,M15,1767893400,168490.0,168630.0,168485.0,168605.0,44179,5,140340
WIN$D,M15,1767894300,168605.0,168730.0,168595.0,168660.0,53267,5,144219
WIN$D,M15,1767895200,168655.0,168720.0,168595.0,168680.0,43035,5,113127
WIN$D,M15,1767896100,168680.0,168705.0,168595.0,168655.0,20278,5,80256
WIN$D,M15,1767949200,168880.0,169420.0,168480.0,168565.0,312413,5,888020
WIN$D,M15,1767950100,168570.0,168605.0,168285.0,168475.0,207717,5,720409
WIN$D,M15,1767951000,168475.0,168520.0,168240.0,168280.0,170966,5,580921
WIN$D,M15,1767951900,168285.0,168700.0,168260.0,168690.0,199843,5,672888
WIN$D,M15,1767952800,168685.0,168825.0,168510.0,168575.0,260293,5,858955
WIN$D,M15,1767953700,168575.0,169090.0,168475.0,169045.0,223910,5,720135
WIN$D,M15,1767954600,169050.0,169825.0,168485.0,169740.0,372720,5,1156914
WIN$D,M15,1767955500,169735.0,169915.0,169550.0,169590.0,214932,5,713703
WIN$D,M15,1767956400,169590.0,169620.0,169335.0,169355.0,206325,5,698369
WIN$D,M15,1767957300,169360.0,169510.0,169155.0,169360.0,182877,5,627583
WIN$D,M15,1767958200,169365.0,169915.0,169345.0,169695.0,245987,5,846067
WIN$D,M15,1767959100,169690.0,169965.0,169655.0,169825.0,168626,5,595825
WIN$D,M15,1767960000,169820.0,170080.0,169710.0,169815.0,188035,5,621617
WIN$D,M15,1767960900,169815.0,169910.0,169615.0,169760.0,139900,5,474728
WIN$D,M15,1767961800,169765.0,169920.0,169720.0,169740.0,96173,5,314021
WIN$D,M15,1767962700,169740.0,169775.0,169470.0,169655.0,126914,5,429254
WIN$D,M15,1767963600,169655.0,169725.0,169595.0,169715.0,70733,5,243142
WIN$D,M15,1767964500,169715.0,169735.0,169590.0,169635.0,68483,5,239912
WIN$D,M15,1767965400,169630.0,169880.0,169630.0,169875.0,87421,5,296477
WIN$D,M15,1767966300,169880.0,170045.0,169830.0,170010.0,79280,5,279432
WIN$D,M15,1767967200,170010.0,170165.0,169965.0,169995.0,90702,5,331233
WIN$D,M15,1767968100,169995.0,170130.0,169970.0,170115.0,58493,5,212127
WIN$D,M15,1767969000,170115.0,170140.0,169965.0,170000.0,53417,5,189650
WIN$D,M15,1767969900,169995.0,170015.0,169840.0,169890.0,67403,5,234362
WIN$D,M15,1767970800,169890.0,169910.0,169760.0,169775.0,65374,5,226266
WIN$D,M15,1767971700,169770.0,169840.0,169600.0,169680.0,80288,5,280127
WIN$D,M15,1767972600,169680.0,169850.0,169670.0,169805.0,62046,5,239415
WIN$D,M15,1767973500,169800.0,169840.0,169745.0,169770.0,32210,5,115319
WIN$D,M15,1767974400,169765.0,169770.0,169475.0,169505.0,86066,5,313567
WIN$D,M15,1767975300,169505.0,169520.0,169375.0,169510.0,67297,5,266971
WIN$D,M15,1767976200,169505.0,169530.0,169405.0,169470.0,48125,5,179891
WIN$D,M15,1767977100,169470.0,169545.0,169430.0,169455.0,44691,5,155096
WIN$D,M15,1767978000,169450.0,169520.0,169420.0,169495.0,39654,5,145880
WIN$D,M15,1767978900,169500.0,169520.0,169455.0,169480.0,28206,5,102100
WIN$D,M15,1767979800,169480.0,169485.0,169275.0,169300.0,57555,5,189813
WIN$D,M15,1767980700,169300.0,169335.0,169100.0,169165.0,68454,5,219283
WIN$D,M15,1767981600,169160.0,169185.0,169005.0,169030.0,48548,5,161179
WIN$D,M15,1767982500,169030.0,169045.0,168925.0,168950.0,16634,5,68483
WIN$D,M15,1768208400,169230.0,169465.0,168865.0,169420.0,257098,5,789803
WIN$D,M15,1768209300,169420.0,169530.0,169220.0,169240.0,194589,5,627487
WIN$D,M15,1768210200,169240.0,169360.0,169020.0,169055.0,210480,5,661598
WIN$D,M15,1768211100,169055.0,169080.0,168655.0,168660.0,252807,5,805770
WIN$D,M15,1768212000,168660.0,168820.0,168535.0,168790.0,269019,5,837588
WIN$D,M15,1768212900,168790.0,168975.0,168480.0,168690.0,306344,5,966600
WIN$D,M15,1768213800,168695.0,168845.0,168410.0,168460.0,208897,5,666229
WIN$D,M15,1768214700,168460.0,168550.0,168345.0,168445.0,163376,5,527849
WIN$D,M15,1768215600,168440.0,168475.0,168015.0,168305.0,234272,5,778069
WIN$D,M15,1768216500,168310.0,168580.0,168275.0,168505.0,179449,5,598159
WIN$D,M15,1768217400,168500.0,169210.0,168495.0,168955.0,329500,5,1110802
WIN$D,M15,1768218300,168960.0,169025.0,168730.0,168965.0,179800,5,606497
WIN$D,M15,1768219200,168960.0,169070.0,168800.0,169065.0,162180,5,538655
WIN$D,M15,1768220100,169070.0,169310.0,169025.0,169115.0,155401,5,523503
WIN$D,M15,1768221000,169120.0,169345.0,169075.0,169220.0,119948,5,427825
WIN$D,M15,1768221900,169220.0,169265.0,169105.0,169215.0,86763,5,299623
WIN$D,M15,1768222800,169215.0,169300.0,169090.0,169170.0,102530,5,366639
WIN$D,M15,1768223700,169170.0,169215.0,169080.0,169090.0,68428,5,244682
WIN$D,M15,1768224600,169085.0,169270.0,169055.0,169130.0,87555,5,309733
WIN$D,M15,1768225500,169135.0,169140.0,168915.0,168955.0,96405,5,352575
WIN$D,M15,1768226400,168950.0,169115.0,168905.0,168995.0,89843,5,320940
WIN$D,M15,1768227300,168995.0,169070.0,168910.0,169030.0,67977,5,242101
WIN$D,M15,1768228200,169025.0,169165.0,169015.0,169075.0,68779,5,243578
WIN$D,M15,1768229100,169075.0,169140.0,169050.0,169115.0,49133,5,183773
WIN$D,M15,1768230000,169115.0,169185.0,169050.0,169185.0,77605,5,293657
WIN$D,M15,1768230900,169185.0,169245.0,169055.0,169115.0,72317,5,275098
WIN$D,M15,1768231800,169120.0,169190.0,168995.0,169000.0,62055,5,230389
WIN$D,M15,1768232700,169000.0,169095.0,169000.0,169065.0,38051,5,146619
WIN$D,M15,1768233600,169060.0,169120.0,169010.0,169085.0,47657,5,188707
WIN$D,M15,1768234500,169090.0,169115.0,168995.0,169040.0,40842,5,160218
WIN$D,M15,1768235400,169035.0,169140.0,169005.0,169060.0,60272,5,232056
WIN$D,M15,1768236300,169060.0,169120.0,169030.0,169095.0,30099,5,111567
WIN$D,M15,1768237200,169100.0,169120.0,169030.0,169045.0,36037,5,126294
WIN$D,M15,1768238100,169045.0,169060.0,168885.0,168890.0,57168,5,214612
WIN$D,M15,1768239000,168890.0,168960.0,168785.0,168825.0,62847,5,224403
WIN$D,M15,1768239900,168820.0,168980.0,168790.0,168880.0,56274,5,188090
WIN$D,M15,1768240800,168880.0,168985.0,168845.0,168970.0,34568,5,115031
WIN$D,M15,1768241700,168970.0,169085.0,168905.0,169085.0,14674,5,80476
WIN$D,M15,1768294800,169215.0,169420.0,168755.0,168775.0,240820,5,752938
WIN$D,M15,1768295700,168780.0,168810.0,168305.0,168340.0,223701,5,752029
WIN$D,M15,1768296600,168340.0,168405.0,168175.0,168335.0,191179,5,629138
WIN$D,M15,1768297500,168335.0,168340.0,168100.0,168165.0,156681,5,526733
WIN$D,M15,1768298400,168165.0,168185.0,167815.0,167965.0,280524,5,920999
WIN$D,M15,1768299300,167960.0,168150.0,167470.0,167820.0,318639,5,903078
WIN$D,M15,1768300200,167840.0,168470.0,167530.0,168355.0,347836,5,1073628
WIN$D,M15,1768301100,168355.0,168365.0,167850.0,168040.0,232964,5,773341
WIN$D,M15,1768302000,168035.0,168725.0,168005.0,168375.0,251341,5,891399
WIN$D,M15,1768302900,168370.0,168510.0,168130.0,168445.0,192543,5,698223
WIN$D,M15,1768303800,168445.0,168465.0,168015.0,168080.0,235732,5,812205
WIN$D,M15,1768304700,168085.0,168180.0,167925.0,167980.0,149794,5,528319
WIN$D,M15,1768305600,167980.0,168005.0,167655.0,167705.0,176072,5,616249
WIN$D,M15,1768306500,167705.0,167795.0,167415.0,167495.0,148923,5,543742
WIN$D,M15,1768307400,167495.0,167675.0,167455.0,167595.0,104403,5,373054
WIN$D,M15,1768308300,167590.0,167735.0,167550.0,167575.0,87540,5,292664
WIN$D,M15,1768309200,167575.0,167625.0,167435.0,167470.0,80312,5,290849
WIN$D,M15,1768310100,167465.0,167545.0,167365.0,167525.0,90075,5,332247
WIN$D,M15,1768311000,167525.0,167725.0,167490.0,167700.0,80603,5,302938
WIN$D,M15,1768311900,167695.0,167820.0,167635.0,167635.0,82829,5,312114
WIN$D,M15,1768312800,167640.0,167855.0,167565.0,167815.0,94782,5,374593
WIN$D,M15,1768313700,167810.0,167845.0,167745.0,167795.0,53435,5,214093
WIN$D,M15,1768314600,167790.0,167825.0,167690.0,167805.0,74315,5,280000
WIN$D,M15,1768315500,167805.0,167880.0,167745.0,167760.0,67243,5,258290
WIN$D,M15,1768316400,167755.0,167790.0,167600.0,167785.0,105855,5,413619
WIN$D,M15,1768317300,167785.0,167880.0,167665.0,167740.0,77550,5,302348
WIN$D,M15,1768318200,167740.0,167820.0,167640.0,167795.0,63148,5,256738
WIN$D,M15,1768319100,167795.0,167805.0,167645.0,167670.0,59868,5,241340
WIN$D,M15,1768320000,167675.0,167700.0,167500.0,167565.0,75390,5,298862
WIN$D,M15,1768320900,167565.0,167620.0,167505.0,167520.0,60961,5,250935
WIN$D,M15,1768321800,167525.0,167755.0,167500.0,167680.0,72046,5,303316
WIN$D,M15,1768322700,167675.0,167805.0,167600.0,167730.0,64212,5,268205
WIN$D,M15,1768323600,167730.0,167810.0,167720.0,167780.0,42709,5,178928
WIN$D,M15,1768324500,167785.0,167785.0,167580.0,167610.0,60454,5,234106
WIN$D,M15,1768325400,167610.0,167660.0,167530.0,167590.0,49712,5,176837
WIN$D,M15,1768326300,167595.0,167650.0,167555.0,167570.0,41975,5,127577
WIN$D,M15,1768327200,167565.0,167595.0,167455.0,167480.0,44664,5,151760
WIN$D,M15,1768328100,167480.0,167575.0,167435.0,167575.0,21988,5,103728
WIN$D,M15,1768381200,167780.0,168280.0,167685.0,168220.0,260414,5,819478
WIN$D,M15,1768382100,168220.0,168495.0,168145.0,168395.0,234111,5,780080
WIN$D,M15,1768383000,168390.0,168635.0,168370.0,168435.0,211821,5,736609
WIN$D,M15,1768383900,168430.0,168740.0,168300.0,168685.0,207881,5,688943
WIN$D,M15,1768384800,168680.0,168905.0,168510.0,168865.0,343683,5,1124383
WIN$D,M15,1768385700,168865.0,169080.0,168645.0,168915.0,271153,5,884781
WIN$D,M15,1768386600,168915.0,169180.0,168850.0,169150.0,252876,5,828689
WIN$D,M15,1768387500,169145.0,169175.0,168685.0,168750.0,219798,5,753737
WIN$D,M15,1768388400,168745.0,168750.0,167555.0,168185.0,461963,5,1605155
WIN$D,M15,1768389300,168190.0,168705.0,168070.0,168575.0,268485,5,937122
WIN$D,M15,1768390200,168580.0,169200.0,168570.0,169075.0,308139,5,1095141
WIN$D,M15,1768391100,169075.0,169320.0,168925.0,169110.0,205348,5,724043
WIN$D,M15,1768392000,169105.0,169505.0,169060.0,169355.0,184580,5,638332
WIN$D,M15,1768392900,169355.0,169540.0,169290.0,169360.0,128891,5,455683
WIN$D,M15,1768393800,169360.0,169425.0,169120.0,169125.0,129602,5,441935
WIN$D,M15,1768394700,169130.0,169220.0,168860.0,169100.0,140497,5,513024
WIN$D,M15,1768395600,169100.0,169215.0,169010.0,169145.0,86651,5,310413
WIN$D,M15,1768396500,169145.0,169325.0,169110.0,169220.0,79781,5,283726
WIN$D,M15,1768397400,169220.0,169330.0,169200.0,169300.0,65686,5,235346
WIN$D,M15,1768398300,169300.0,169355.0,169185.0,169205.0,73185,5,263872
WIN$D,M15,1768399200,169205.0,169480.0,169195.0,169390.0,81099,5,284410
WIN$D,M15,1768400100,169395.0,169510.0,169330.0,169445.0,74337,5,271465
WIN$D,M15,1768401000,169450.0,169465.0,169320.0,169335.0,66673,5,245215
WIN$D,M15,1768401900,169340.0,169420.0,169280.0,169365.0,60726,5,219423
WIN$D,M15,1768402800,169370.0,169535.0,169320.0,169520.0,82262,5,313503
WIN$D,M15,1768403700,169520.0,169720.0,169510.0,169710.0,89282,5,344702
WIN$D,M15,1768404600,169710.0,169920.0,169685.0,169865.0,113332,5,459105
WIN$D,M15,1768405500,169860.0,170115.0,169835.0,170045.0,110349,5,452214
WIN$D,M15,1768406400,170050.0,170185.0,170030.0,170125.0,77237,5,316250
WIN$D,M15,1768407300,170125.0,170230.0,170105.0,170225.0,70545,5,301547
WIN$D,M15,1768408200,170225.0,170375.0,170210.0,170340.0,88082,5,376692
WIN$D,M15,1768409100,170340.0,170470.0,170305.0,170385.0,81536,5,351853
WIN$D,M15,1768410000,170385.0,170385.0,170080.0,170210.0,137498,5,543284
WIN$D,M15,1768410900,170205.0,170505.0,170175.0,170480.0,95558,5,363031
WIN$D,M15,1768411800,170480.0,170805.0,170470.0,170745.0,116915,5,431147
WIN$D,M15,1768412700,170740.0,170925.0,170645.0,170860.0,80069,5,265107
WIN$D,M15,1768413600,170865.0,171045.0,170800.0,170970.0,59081,5,187941
WIN$D,M15,1768414500,170965.0,171045.0,170900.0,170990.0,26642,5,114268
WIN$D,M15,1768467600,170730.0,171165.0,170535.0,171130.0,304691,5,871842
WIN$D,M15,1768468500,171130.0,171155.0,170775.0,170825.0,200489,5,624052
WIN$D,M15,1768469400,170825.0,171050.0,170795.0,171025.0,164894,5,497343
WIN$D,M15,1768470300,171030.0,171275.0,170900.0,171045.0,266486,5,832407
WIN$D,M15,1768471200,171050.0,171535.0,171005.0,171050.0,358962,5,1119439
WIN$D,M15,1768472100,171050.0,171290.0,170890.0,170985.0,276536,5,844337
WIN$D,M15,1768473000,170995.0,171075.0,170610.0,170750.0,303922,5,940159
WIN$D,M15,1768473900,170750.0,170965.0,170620.0,170850.0,220192,5,771674
WIN$D,M15,1768474800,170850.0,170910.0,170590.0,170720.0,155137,5,537189
WIN$D,M15,1768475700,170720.0,170810.0,170505.0,170755.0,187609,5,651134
WIN$D,M15,1768476600,170755.0,170800.0,170355.0,170465.0,238662,5,825429
WIN$D,M15,1768477500,170465.0,170685.0,170385.0,170595.0,158308,5,559349
WIN$D,M15,1768478400,170590.0,170920.0,170575.0,170815.0,178113,5,638916
WIN$D,M15,1768479300,170815.0,170870.0,170645.0,170750.0,113015,5,390787
WIN$D,M15,1768480200,170750.0,171105.0,170750.0,170970.0,159908,5,567244
WIN$D,M15,1768481100,170970.0,171070.0,170890.0,170920.0,91283,5,330675
WIN$D,M15,1768482000,170920.0,170985.0,170770.0,170980.0,117912,5,417515
WIN$D,M15,1768482900,170980.0,171115.0,170915.0,171055.0,86932,5,331423
WIN$D,M15,1768483800,171055.0,171125.0,170980.0,171115.0,64330,5,242269
WIN$D,M15,1768484700,171120.0,171210.0,171040.0,171125.0,85230,5,311359
WIN$D,M15,1768485600,171130.0,171290.0,171115.0,171255.0,67484,5,256220
WIN$D,M15,1768486500,171260.0,171275.0,171150.0,171225.0,56195,5,206589
WIN$D,M15,1768487400,171230.0,171300.0,171160.0,171295.0,48862,5,181611
WIN$D,M15,1768488300,171295.0,171340.0,171170.0,171320.0,68021,5,255615
WIN$D,M15,1768489200,171320.0,171755.0,171305.0,171650.0,163028,5,625187
WIN$D,M15,1768490100,171650.0,171730.0,171530.0,171705.0,80392,5,308055
WIN$D,M15,1768491000,171705.0,171740.0,171560.0,171690.0,69849,5,250361
WIN$D,M15,1768491900,171695.0,171705.0,171580.0,171690.0,44911,5,160346
WIN$D,M15,1768492800,171685.0,171695.0,171450.0,171475.0,76001,5,278660
WIN$D,M15,1768493700,171470.0,171565.0,171390.0,171440.0,84526,5,303474
WIN$D,M15,1768494600,171445.0,171480.0,171340.0,171375.0,67025,5,245778
WIN$D,M15,1768495500,171380.0,171395.0,171170.0,171185.0,68320,5,265526
WIN$D,M15,1768496400,171185.0,171190.0,171035.0,171105.0,69511,5,271216
WIN$D,M15,1768497300,171105.0,171175.0,171055.0,171065.0,42403,5,153379
WIN$D,M15,1768498200,171060.0,171110.0,170955.0,171030.0,62858,5,207186
WIN$D,M15,1768499100,171030.0,171110.0,170905.0,171095.0,62740,5,185577
WIN$D,M15,1768500000,171095.0,171315.0,171045.0,171260.0,58257,5,171091
WIN$D,M15,1768500900,171260.0,171400.0,171250.0,171310.0,19560,5,91664
WIN$D,M15,1768554000,171150.0,171690.0,171145.0,171675.0,248308,5,787442
WIN$D,M15,1768554900,171675.0,171720.0,171345.0,171420.0,174939,5,564631
WIN$D,M15,1768555800,171420.0,171480.0,171325.0,171405.0,120127,5,396172
WIN$D,M15,1768556700,171400.0,171445.0,171250.0,171305.0,118282,5,404380
WIN$D,M15,1768557600,171305.0,171360.0,171095.0,171155.0,174059,5,507171
WIN$D,M15,1768558500,171155.0,171225.0,170950.0,171040.0,147145,5,449059
WIN$D,M15,1768559400,171030.0,171075.0,170755.0,170800.0,108962,5,367269
WIN$D,M15,1768560300,170795.0,170840.0,170415.0,170440.0,142469,5,504773
WIN$D,M15,1768561200,170440.0,170550.0,170260.0,170445.0,128490,5,427931
WIN$D,M15,1768562100,170445.0,170480.0,169915.0,170030.0,183856,5,628505
WIN$D,M15,1768563000,170035.0,170150.0,169785.0,170065.0,167864,5,578380
WIN$D,M15,1768563900,170065.0,170415.0,170055.0,170265.0,133422,5,484885
WIN$D,M15,1768564800,170265.0,170395.0,170190.0,170275.0,93436,5,341397
WIN$D,M15,1768565700,170275.0,170295.0,169885.0,169980.0,150346,5,545750
WIN$D,M15,1768566600,169985.0,169995.0,169535.0,169750.0,198990,5,713182
WIN$D,M15,1768567500,169755.0,169965.0,169680.0,169715.0,114752,5,406771
WIN$D,M15,1768568400,169715.0,169960.0,169650.0,169880.0,95045,5,341962
WIN$D,M15,1768569300,169880.0,170060.0,169860.0,170025.0,69737,5,249728
WIN$D,M15,1768570200,170020.0,170195.0,169995.0,170100.0,86621,5,310697
WIN$D,M15,1768571100,170105.0,170125.0,169905.0,169960.0,75065,5,266132
WIN$D,M15,1768572000,169965.0,170080.0,169915.0,170030.0,71744,5,268707
WIN$D,M15,1768572900,170035.0,170045.0,169810.0,169970.0,82861,5,308929
WIN$D,M15,1768573800,169975.0,170030.0,169915.0,169970.0,53541,5,199322
WIN$D,M15,1768574700,169970.0,170035.0,169890.0,169945.0,54120,5,195249
WIN$D,M15,1768575600,169950.0,170060.0,169920.0,170045.0,45284,5,162483
WIN$D,M15,1768576500,170050.0,170130.0,169990.0,170105.0,53559,5,186877
WIN$D,M15,1768577400,170110.0,170160.0,169965.0,170025.0,86096,5,321674
WIN$D,M15,1768578300,170020.0,170140.0,169980.0,170090.0,50270,5,189766
WIN$D,M15,1768579200,170085.0,170125.0,169995.0,170075.0,51637,5,186505
WIN$D,M15,1768580100,170080.0,170135.0,170030.0,170090.0,43200,5,162155
WIN$D,M15,1768581000,170090.0,170135.0,170035.0,170050.0,36299,5,140807
WIN$D,M15,1768581900,170045.0,170160.0,170010.0,170085.0,47702,5,190527
WIN$D,M15,1768582800,170090.0,170250.0,170085.0,170095.0,60065,5,226081
WIN$D,M15,1768583700,170095.0,170140.0,170070.0,170120.0,25346,5,91218
WIN$D,M15,1768584600,170120.0,170155.0,169890.0,169970.0,47465,5,159243
WIN$D,M15,1768585500,169970.0,170005.0,169870.0,169950.0,51909,5,172535
WIN$D,M15,1768586400,169950.0,170155.0,169935.0,170115.0,45899,5,155416
WIN$D,M15,1768587300,170120.0,170280.0,170085.0,170250.0,17991,5,86370
WIN$D,M15,1768813200,169510.0,169975.0,169330.0,169755.0,298216,5,695967
WIN$D,M15,1768814100,169750.0,170025.0,169690.0,169935.0,176173,5,456178
WIN$D,M15,1768815000,169940.0,170190.0,169755.0,170040.0,117852,5,336622
WIN$D,M15,1768815900,170040.0,170280.0,169810.0,170130.0,148716,5,380508
WIN$D,M15,1768816800,170125.0,170475.0,169870.0,170360.0,239700,5,665276
WIN$D,M15,1768817700,170360.0,170400.0,169635.0,169805.0,239905,5,662584
WIN$D,M15,1768818600,169805.0,170195.0,169725.0,169935.0,208330,5,653442
WIN$D,M15,1768819500,169935.0,170060.0,169740.0,169990.0,115887,5,360589
WIN$D,M15,1768820400,169990.0,170180.0,169805.0,169905.0,156785,5,508617
WIN$D,M15,1768821300,169905.0,169935.0,169655.0,169795.0,125824,5,421894
WIN$D,M15,1768822200,169795.0,170120.0,169760.0,170000.0,139494,5,513938
WIN$D,M15,1768823100,169995.0,170250.0,169935.0,170185.0,113943,5,402476
WIN$D,M15,1768824000,170180.0,170280.0,170000.0,170190.0,112907,5,385245
WIN$D,M15,1768824900,170190.0,170195.0,169870.0,170010.0,96564,5,320313
WIN$D,M15,1768825800,170010.0,170145.0,169965.0,170125.0,78044,5,265052
WIN$D,M15,1768826700,170125.0,170210.0,170080.0,170140.0,69580,5,228353
WIN$D,M15,1768827600,170145.0,170585.0,170135.0,170515.0,140865,5,462251
WIN$D,M15,1768828500,170515.0,170540.0,170285.0,170345.0,86153,5,295854
WIN$D,M15,1768829400,170350.0,170430.0,170270.0,170305.0,62607,5,219992
WIN$D,M15,1768830300,170305.0,170340.0,170145.0,170290.0,77065,5,278702
WIN$D,M15,1768831200,170290.0,170365.0,170240.0,170285.0,56614,5,201976
WIN$D,M15,1768832100,170285.0,170325.0,170150.0,170180.0,44934,5,158598
WIN$D,M15,1768833000,170175.0,170200.0,169895.0,170105.0,99875,5,339811
WIN$D,M15,1768833900,170100.0,170195.0,170080.0,170175.0,49326,5,169835
WIN$D,M15,1768834800,170175.0,170230.0,170100.0,170170.0,55850,5,187780
WIN$D,M15,1768835700,170165.0,170180.0,170050.0,170085.0,31679,5,104469
WIN$D,M15,1768836600,170090.0,170135.0,170045.0,170090.0,33509,5,107378
WIN$D,M15,1768837500,170085.0,170170.0,170075.0,170130.0,35123,5,111652
WIN$D,M15,1768838400,170130.0,170150.0,170070.0,170115.0,22314,5,74102
WIN$D,M15,1768839300,170110.0,170180.0,170070.0,170140.0,29263,5,104307
WIN$D,M15,1768840200,170140.0,170155.0,170075.0,170090.0,19416,5,69113
WIN$D,M15,1768841100,170090.0,170115.0,169950.0,169990.0,35430,5,116814
WIN$D,M15,1768842000,169990.0,170140.0,169970.0,170130.0,45399,5,150329
WIN$D,M15,1768842900,170125.0,170240.0,170080.0,170200.0,31653,5,99284
WIN$D,M15,1768843800,170205.0,170240.0,170145.0,170185.0,31357,5,101537
WIN$D,M15,1768844700,170185.0,170290.0,170155.0,170225.0,39798,5,116405
WIN$D,M15,1768845600,170220.0,170320.0,170185.0,170275.0,29360,5,87934
WIN$D,M15,1768846500,170275.0,170305.0,170170.0,170255.0,13944,5,70143
WIN$D,M15,1768899600,169530.0,169840.0,168860.0,168965.0,427792,5,1241891
WIN$D,M15,1768900500,168970.0,168970.0,168640.0,168700.0,213276,5,698857
WIN$D,M15,1768901400,168700.0,168970.0,168625.0,168965.0,242935,5,786389
WIN$D,M15,1768902300,168965.0,169575.0,168935.0,169475.0,275026,5,917558
WIN$D,M15,1768903200,169475.0,169485.0,169140.0,169250.0,248562,5,770872
WIN$D,M15,1768904100,169245.0,169915.0,169100.0,169355.0,364279,5,1196498
WIN$D,M15,1768905000,169355.0,169420.0,168740.0,169285.0,308054,5,1066828
WIN$D,M15,1768905900,169285.0,169745.0,169245.0,169555.0,203586,5,724929
WIN$D,M15,1768906800,169560.0,169835.0,169415.0,169725.0,211281,5,733813
WIN$D,M15,1768907700,169730.0,170080.0,169635.0,169785.0,187643,5,677598
WIN$D,M15,1768908600,169785.0,171360.0,169775.0,171275.0,384614,5,1431399
WIN$D,M15,1768909500,171275.0,171420.0,170885.0,170950.0,246654,5,839857
WIN$D,M15,1768910400,170945.0,171020.0,170495.0,170760.0,202968,5,675898
WIN$D,M15,1768911300,170765.0,171280.0,170700.0,171240.0,172516,5,612273
WIN$D,M15,1768912200,171240.0,171550.0,171150.0,171510.0,155864,5,556497
WIN$D,M15,1768913100,171510.0,171570.0,171340.0,171515.0,110413,5,394271
WIN$D,M15,1768914000,171520.0,171750.0,171455.0,171710.0,117799,5,433915
WIN$D,M15,1768914900,171710.0,171785.0,171620.0,171660.0,91276,5,323810
WIN$D,M15,1768915800,171665.0,171810.0,171545.0,171560.0,82861,5,294799
WIN$D,M15,1768916700,171560.0,171710.0,171440.0,171645.0,89476,5,320715
WIN$D,M15,1768917600,171645.0,171765.0,171565.0,171695.0,80066,5,291362
WIN$D,M15,1768918500,171690.0,171790.0,171505.0,171520.0,87130,5,309247
WIN$D,M15,1768919400,171525.0,171530.0,171330.0,171385.0,84711,5,294636
WIN$D,M15,1768920300,171385.0,171430.0,171235.0,171400.0,87667,5,312523
WIN$D,M15,1768921200,171400.0,171450.0,171160.0,171305.0,94420,5,342275
WIN$D,M15,1768922100,171305.0,171395.0,171275.0,171295.0,48618,5,176753
WIN$D,M15,1768923000,171295.0,171440.0,171255.0,171330.0,65929,5,253232
WIN$D,M15,1768923900,171330.0,171365.0,170940.0,171050.0,105148,5,399216
WIN$D,M15,1768924800,171055.0,171120.0,170995.0,171065.0,67044,5,250648
WIN$D,M15,1768925700,171065.0,171195.0,171010.0,171175.0,59167,5,229204
WIN$D,M15,1768926600,171170.0,171300.0,171070.0,171265.0,67611,5,257296
WIN$D,M15,1768927500,171265.0,171365.0,171210.0,171295.0,62490,5,230742
WIN$D,M15,1768928400,171295.0,171345.0,171145.0,171180.0,64396,5,241935
WIN$D,M15,1768929300,171185.0,171325.0,171170.0,171270.0,45969,5,164378
WIN$D,M15,1768930200,171265.0,171465.0,171240.0,171420.0,51615,5,175398
WIN$D,M15,1768931100,171420.0,171610.0,171370.0,171545.0,65000,5,202079
WIN$D,M15,1768932000,171545.0,171605.0,171450.0,171460.0,42718,5,140005
WIN$D,M15,1768932900,171460.0,171520.0,171400.0,171425.0,14984,5,70813
WIN$D,M15,1768986000,171525.0,173095.0,171525.0,173010.0,391681,5,1194042
WIN$D,M15,1768986900,173010.0,173135.0,172785.0,173065.0,239607,5,749717
WIN$D,M15,1768987800,173060.0,173210.0,172850.0,173100.0,194712,5,636230
WIN$D,M15,1768988700,173105.0,173560.0,173095.0,173450.0,179086,5,599208
WIN$D,M15,1768989600,173445.0,173970.0,173445.0,173825.0,293903,5,992715
WIN$D,M15,1768990500,173830.0,174155.0,173795.0,174065.0,216423,5,770090
WIN$D,M15,1768991400,174060.0,174115.0,173630.0,173920.0,275757,5,910171
WIN$D,M15,1768992300,173915.0,174280.0,173755.0,174190.0,201048,5,713148
WIN$D,M15,1768993200,174190.0,174625.0,174095.0,174295.0,273898,5,988445
WIN$D,M15,1768994100,174290.0,174410.0,174140.0,174290.0,165897,5,592545
WIN$D,M15,1768995000,174290.0,175080.0,174255.0,174985.0,292683,5,1066617
WIN$D,M15,1768995900,174985.0,175220.0,174830.0,174935.0,211374,5,766924
WIN$D,M15,1768996800,174935.0,175080.0,174880.0,174985.0,145434,5,532480
WIN$D,M15,1768997700,174985.0,175140.0,174695.0,174815.0,163912,5,604012
WIN$D,M15,1768998600,174815.0,174850.0,174670.0,174735.0,107499,5,412076
WIN$D,M15,1768999500,174740.0,175165.0,174700.0,175110.0,134565,5,494969
WIN$D,M15,1769000400,175110.0,175425.0,175090.0,175285.0,139855,5,553021
WIN$D,M15,1769001300,175290.0,175480.0,175145.0,175430.0,126816,5,482858
WIN$D,M15,1769002200,175430.0,175545.0,175275.0,175315.0,129134,5,489507
WIN$D,M15,1769003100,175315.0,175455.0,175285.0,175375.0,101307,5,378220
WIN$D,M15,1769004000,175375.0,175490.0,175300.0,175340.0,79133,5,290598
WIN$D,M15,1769004900,175345.0,175370.0,175180.0,175210.0,76078,5,278230
WIN$D,M15,1769005800,175210.0,175300.0,175005.0,175240.0,118466,5,444748
WIN$D,M15,1769006700,175240.0,175450.0,175215.0,175335.0,92378,5,352727
WIN$D,M15,1769007600,175330.0,175535.0,175240.0,175505.0,109479,5,418082
WIN$D,M15,1769008500,175505.0,175810.0,175490.0,175720.0,127673,5,517285
WIN$D,M15,1769009400,175715.0,176145.0,175705.0,176070.0,138181,5,558332
WIN$D,M15,1769010300,176075.0,176260.0,175980.0,176175.0,122597,5,490890
WIN$D,M15,1769011200,176180.0,176205.0,176010.0,176060.0,84144,5,328814
WIN$D,M15,1769012100,176060.0,176530.0,175975.0,176430.0,150546,5,599602
WIN$D,M15,1769013000,176430.0,176675.0,176210.0,176370.0,161058,5,595431
WIN$D,M15,1769013900,176375.0,176980.0,176330.0,176930.0,147361,5,564372
WIN$D,M15,1769014800,176930.0,177210.0,176910.0,177165.0,119334,5,458167
WIN$D,M15,1769015700,177165.0,177170.0,176810.0,177025.0,106446,5,395693
WIN$D,M15,1769016600,177025.0,177260.0,176925.0,177220.0,97438,5,306905
WIN$D,M15,1769017500,177215.0,177690.0,177195.0,177555.0,119404,5,357465
WIN$D,M15,1769018400,177555.0,177575.0,177140.0,177230.0,74430,5,212870
WIN$D,M15,1769019300,177230.0,177405.0,177190.0,177335.0,27679,5,116711
WIN$D,M15,1769072400,177510.0,178045.0,177080.0,177925.0,409445,5,1147222
WIN$D,M15,1769073300,177925.0,178140.0,177750.0,177830.0,264886,5,839010
WIN$D,M15,1769074200,177830.0,178250.0,177750.0,178195.0,247101,5,802641
WIN$D,M15,1769075100,178200.0,178380.0,178095.0,178215.0,179531,5,599186
WIN$D,M15,1769076000,178215.0,178445.0,177800.0,178025.0,288041,5,952489
WIN$D,M15,1769076900,178020.0,178570.0,177985.0,178335.0,256143,5,836458
WIN$D,M15,1769077800,178340.0,178460.0,177985.0,178410.0,213486,5,688631
WIN$D,M15,1769078700,178415.0,178470.0,178165.0,178310.0,188097,5,660133
WIN$D,M15,1769079600,178310.0,179190.0,178275.0,179140.0,256474,5,945193
WIN$D,M15,1769080500,179140.0,180550.0,179130.0,180110.0,338953,5,1283390
WIN$D,M15,1769081400,180105.0,180395.0,179715.0,179820.0,269483,5,915715
WIN$D,M15,1769082300,179815.0,180470.0,179790.0,180220.0,230881,5,809483
WIN$D,M15,1769083200,180220.0,180405.0,180000.0,180090.0,149971,5,538257
WIN$D,M15,1769084100,180085.0,181920.0,180075.0,181695.0,275514,5,991823
WIN$D,M15,1769085000,181690.0,183440.0,181530.0,182455.0,407403,5,1164523
WIN$D,M15,1769085900,182460.0,182790.0,181840.0,182230.0,207403,5,499825
WIN$D,M15,1769086800,182235.0,182390.0,181845.0,181975.0,175912,5,459541
WIN$D,M15,1769087700,181970.0,182620.0,181950.0,182270.0,180526,5,513223
WIN$D,M15,1769088600,182270.0,182295.0,181700.0,181730.0,125434,5,395517
WIN$D,M15,1769089500,181735.0,182450.0,181730.0,182075.0,166431,5,512155
WIN$D,M15,1769090400,182080.0,182305.0,181855.0,181975.0,119944,5,382968
WIN$D,M15,1769091300,181975.0,182005.0,181080.0,181685.0,228950,5,699898
WIN$D,M15,1769092200,181685.0,182210.0,181675.0,181805.0,180103,5,500597
WIN$D,M15,1769093100,181805.0,182115.0,181480.0,181615.0,152866,5,446459
WIN$D,M15,1769094000,181610.0,182430.0,181575.0,181920.0,168487,5,489696
WIN$D,M15,1769094900,181925.0,182110.0,181565.0,181620.0,106795,5,324900
WIN$D,M15,1769095800,181620.0,181650.0,181240.0,181415.0,124574,5,379917
WIN$D,M15,1769096700,181420.0,181460.0,181180.0,181350.0,101754,5,305555
WIN$D,M15,1769097600,181345.0,181520.0,180930.0,180965.0,105067,5,328735
WIN$D,M15,1769098500,180965.0,181420.0,180740.0,181350.0,116728,5,367795
WIN$D,M15,1769099400,181350.0,181610.0,181085.0,181120.0,108485,5,334484
WIN$D,M15,1769100300,181120.0,181255.0,180890.0,181000.0,110236,5,346303
WIN$D,M15,1769101200,181000.0,181000.0,180585.0,180730.0,118713,5,363169
WIN$D,M15,1769102100,180730.0,180935.0,180545.0,180850.0,86605,5,278720
WIN$D,M15,1769103000,180845.0,181410.0,180765.0,181105.0,108206,5,292305
WIN$D,M15,1769103900,181105.0,181270.0,180920.0,180995.0,76144,5,196675
WIN$D,M15,1769104800,181000.0,181255.0,180780.0,181175.0,62049,5,160808
WIN$D,M15,1769105700,181175.0,181310.0,181090.0,181090.0,20833,5,64704
WIN$D,M15,1769158800,182240.0,182720.0,181310.0,182185.0,425236,5,1052059
WIN$D,M15,1769159700,182185.0,182245.0,181280.0,181675.0,284769,5,800796
WIN$D,M15,1769160600,181675.0,181925.0,181590.0,181730.0,179583,5,539008
WIN$D,M15,1769161500,181725.0,181795.0,181495.0,181725.0,156309,5,471003
WIN$D,M15,1769162400,181730.0,182105.0,181375.0,181780.0,318053,5,939181
WIN$D,M15,1769163300,181780.0,182085.0,181610.0,181905.0,236619,5,717075
WIN$D,M15,1769164200,181905.0,181950.0,181565.0,181810.0,171455,5,566598
WIN$D,M15,1769165100,181810.0,181975.0,181385.0,181510.0,194802,5,668487
WIN$D,M15,1769166000,181510.0,181790.0,181425.0,181760.0,140458,5,480785
WIN$D,M15,1769166900,181765.0,181770.0,180910.0,181500.0,278793,5,969492
WIN$D,M15,1769167800,181495.0,181550.0,180945.0,181160.0,252988,5,863158
WIN$D,M15,1769168700,181160.0,181465.0,181065.0,181445.0,161046,5,536853
WIN$D,M15,1769169600,181440.0,181900.0,181340.0,181815.0,199670,5,714976
WIN$D,M15,1769170500,181815.0,182730.0,181795.0,182655.0,227941,5,797712
WIN$D,M15,1769171400,182650.0,183100.0,182280.0,182290.0,203560,5,709925
WIN$D,M15,1769172300,182295.0,182760.0,182090.0,182690.0,182515,5,628477
WIN$D,M15,1769173200,182685.0,182920.0,182420.0,182590.0,141908,5,514937
WIN$D,M15,1769174100,182590.0,182685.0,182505.0,182555.0,75936,5,280588
WIN$D,M15,1769175000,182555.0,182730.0,182440.0,182575.0,91420,5,331316
WIN$D,M15,1769175900,182570.0,182625.0,182440.0,182490.0,68527,5,264400
WIN$D,M15,1769176800,182495.0,182510.0,182130.0,182235.0,122268,5,433304
WIN$D,M15,1769177700,182235.0,182585.0,182195.0,182480.0,119126,5,410587
WIN$D,M15,1769178600,182485.0,182635.0,182245.0,182265.0,109225,5,392183
WIN$D,M15,1769179500,182270.0,182365.0,182040.0,182145.0,112252,5,406724
WIN$D,M15,1769180400,182145.0,182165.0,181905.0,182040.0,118936,5,434995
WIN$D,M15,1769181300,182045.0,182650.0,181980.0,182535.0,123311,5,445745
WIN$D,M15,1769182200,182540.0,182840.0,182500.0,182740.0,116207,5,432034
WIN$D,M15,1769183100,182735.0,182940.0,182705.0,182845.0,75300,5,284259
WIN$D,M15,1769184000,182840.0,183120.0,182770.0,183085.0,95131,5,366197
WIN$D,M15,1769184900,183085.0,183425.0,183075.0,183255.0,101363,5,380547
WIN$D,M15,1769185800,183250.0,183665.0,183235.0,183640.0,109249,5,409387
WIN$D,M15,1769186700,183645.0,183650.0,183345.0,183390.0,74098,5,274875
WIN$D,M15,1769187600,183390.0,184500.0,183285.0,184485.0,157296,5,589003
WIN$D,M15,1769188500,184485.0,185980.0,184370.0,185545.0,290957,5,837874
WIN$D,M15,1769189400,185540.0,185565.0,184455.0,185205.0,215708,5,544889
WIN$D,M15,1769190300,185210.0,185250.0,183870.0,184245.0,153823,5,377680
WIN$D,M15,1769191200,184245.0,184435.0,183830.0,184305.0,97481,5,229937
WIN$D,M15,1769192100,184305.0,184495.0,184160.0,184350.0,23783,5,82621
WIN$D,M15,1769418000,184830.0,187115.0,184830.0,185965.0,484555,5,1014597
WIN$D,M15,1769418900,185965.0,186170.0,185250.0,185540.0,331111,5,843919
WIN$D,M15,1769419800,185545.0,185565.0,184460.0,185185.0,405414,5,1102469
WIN$D,M15,1769420700,185185.0,185230.0,184605.0,185020.0,242326,5,681688
WIN$D,M15,1769421600,185020.0,185050.0,184290.0,184390.0,307934,5,893412
WIN$D,M15,1769422500,184390.0,184405.0,183795.0,184085.0,350888,5,1013991
WIN$D,M15,1769423400,184075.0,184215.0,183660.0,183840.0,288247,5,866556
WIN$D,M15,1769424300,183840.0,183945.0,182970.0,183180.0,304937,5,989797
WIN$D,M15,1769425200,183175.0,183385.0,182995.0,183050.0,203502,5,670348
WIN$D,M15,1769426100,183055.0,183275.0,182865.0,183260.0,188016,5,650648
WIN$D,M15,1769427000,183260.0,185320.0,183215.0,184255.0,318261,5,841694
WIN$D,M15,1769427900,184250.0,184260.0,183040.0,183785.0,281478,5,695613
WIN$D,M15,1769428800,183790.0,184235.0,183475.0,183555.0,209221,5,493877
WIN$D,M15,1769429700,183560.0,183950.0,183260.0,183645.0,179458,5,480279
WIN$D,M15,1769430600,183650.0,183910.0,183335.0,183535.0,133377,5,381003
WIN$D,M15,1769431500,183535.0,184065.0,183470.0,183785.0,149520,5,431250
WIN$D,M15,1769432400,183785.0,183920.0,183325.0,183365.0,115798,5,339895
WIN$D,M15,1769433300,183365.0,183630.0,183230.0,183355.0,103432,5,301567
WIN$D,M15,1769434200,183360.0,183415.0,183100.0,183210.0,109275,5,318394
WIN$D,M15,1769435100,183210.0,183770.0,183175.0,183505.0,113786,5,330960
WIN$D,M15,1769436000,183505.0,183825.0,183455.0,183690.0,125709,5,370095
WIN$D,M15,1769436900,183685.0,183845.0,183575.0,183810.0,74111,5,208728
WIN$D,M15,1769437800,183815.0,184505.0,183710.0,184300.0,195369,5,566207
WIN$D,M15,1769438700,184300.0,184480.0,183465.0,183585.0,157622,5,460117
WIN$D,M15,1769439600,183580.0,183665.0,183290.0,183500.0,109662,5,311217
WIN$D,M15,1769440500,183500.0,183575.0,183360.0,183500.0,69064,5,209517
WIN$D,M15,1769441400,183495.0,183965.0,183430.0,183600.0,128334,5,387088
WIN$D,M15,1769442300,183600.0,183945.0,183570.0,183680.0,83126,5,257257
WIN$D,M15,1769443200,183680.0,183695.0,183020.0,183140.0,169857,5,509992
WIN$D,M15,1769444100,183140.0,183590.0,182990.0,183555.0,132004,5,396695
WIN$D,M15,1769445000,183550.0,183615.0,183285.0,183400.0,103614,5,321997
WIN$D,M15,1769445900,183395.0,183515.0,183265.0,183480.0,72347,5,219959
WIN$D,M15,1769446800,183480.0,184010.0,183455.0,183825.0,129856,5,382175
WIN$D,M15,1769447700,183825.0,183930.0,183610.0,183835.0,82676,5,242764
WIN$D,M15,1769448600,183835.0,184250.0,183820.0,184160.0,111589,5,286361
WIN$D,M15,1769449500,184155.0,184225.0,183915.0,184065.0,90101,5,223877
WIN$D,M15,1769450400,184055.0,184070.0,183540.0,183740.0,91665,5,226242
WIN$D,M15,1769451300,183745.0,183750.0,183475.0,183480.0,26699,5,92187
WIN$D,M15,1769504400,185090.0,185950.0,185000.0,185350.0,391293,5,962684
WIN$D,M15,1769505300,185355.0,185890.0,185020.0,185660.0,292808,5,787319
WIN$D,M15,1769506200,185655.0,186620.0,185635.0,186510.0,364895,5,1005351
WIN$D,M15,1769507100,186505.0,186580.0,186015.0,186045.0,178123,5,501899
WIN$D,M15,1769508000,186050.0,186520.0,185745.0,186405.0,358487,5,1006328
WIN$D,M15,1769508900,186405.0,186420.0,185605.0,186040.0,315076,5,872649
WIN$D,M15,1769509800,186040.0,186875.0,185970.0,186550.0,265430,5,797222
WIN$D,M15,1769510700,186555.0,187065.0,186345.0,187000.0,307896,5,933633
WIN$D,M15,1769511600,187000.0,187675.0,186925.0,187590.0,254902,5,820071
WIN$D,M15,1769512500,187590.0,187990.0,187395.0,187545.0,229279,5,744408
WIN$D,M15,1769513400,187540.0,187895.0,187180.0,187530.0,281730,5,899568
WIN$D,M15,1769514300,187530.0,187920.0,187485.0,187660.0,192490,5,610115
WIN$D,M15,1769515200,187665.0,188005.0,187515.0,187940.0,164043,5,520488
WIN$D,M15,1769516100,187935.0,188225.0,187550.0,187765.0,223657,5,726320
WIN$D,M15,1769517000,187765.0,187940.0,187485.0,187895.0,143566,5,470857
WIN$D,M15,1769517900,187900.0,187935.0,187575.0,187670.0,105990,5,353649
WIN$D,M15,1769518800,187670.0,187925.0,187580.0,187655.0,130837,5,447907
WIN$D,M15,1769519700,187660.0,188080.0,187605.0,188015.0,137274,5,471088
WIN$D,M15,1769520600,188020.0,188515.0,188005.0,188395.0,153743,5,539542
WIN$D,M15,1769521500,188395.0,188475.0,188270.0,188370.0,97790,5,371166
WIN$D,M15,1769522400,188370.0,188480.0,187880.0,187880.0,131830,5,460981
WIN$D,M15,1769523300,187880.0,187995.0,187785.0,187820.0,102166,5,361734
WIN$D,M15,1769524200,187820.0,187910.0,187695.0,187835.0,89667,5,315060
WIN$D,M15,1769525100,187835.0,187920.0,187230.0,187250.0,135349,5,448744
WIN$D,M15,1769526000,187245.0,187360.0,186770.0,187190.0,164958,5,520473
WIN$D,M15,1769526900,187185.0,187550.0,187130.0,187420.0,117889,5,394439
WIN$D,M15,1769527800,187420.0,187480.0,187140.0,187195.0,89749,5,300591
WIN$D,M15,1769528700,187200.0,187265.0,186965.0,187090.0,84113,5,281380
WIN$D,M15,1769529600,187095.0,187360.0,187045.0,187305.0,92305,5,312553
WIN$D,M15,1769530500,187305.0,187380.0,187155.0,187215.0,71987,5,246924
WIN$D,M15,1769531400,187215.0,187280.0,187010.0,187070.0,67158,5,225168
WIN$D,M15,1769532300,187070.0,187235.0,186970.0,187145.0,69132,5,238228
WIN$D,M15,1769533200,187145.0,187820.0,187140.0,187790.0,114765,5,405331
WIN$D,M15,1769534100,187790.0,187950.0,187155.0,187170.0,105931,5,365271
WIN$D,M15,1769535000,187175.0,187570.0,187085.0,187310.0,127534,5,375368
WIN$D,M15,1769535900,187310.0,187470.0,187165.0,187230.0,104889,5,250265
WIN$D,M15,1769536800,187230.0,187300.0,186495.0,186640.0,95270,5,247870
WIN$D,M15,1769537700,186635.0,186825.0,186465.0,186825.0,23059,5,96335
WIN$D,M15,1769590800,188115.0,188290.0,187205.0,187735.0,339972,5,828144
WIN$D,M15,1769591700,187730.0,187845.0,187390.0,187680.0,224889,5,605725
WIN$D,M15,1769592600,187675.0,187905.0,187300.0,187630.0,229821,5,628502
WIN$D,M15,1769593500,187630.0,188110.0,187550.0,188005.0,255694,5,700417
WIN$D,M15,1769594400,188000.0,188205.0,187665.0,187935.0,300700,5,807955
WIN$D,M15,1769595300,187935.0,189160.0,187840.0,189140.0,391177,5,1103823
WIN$D,M15,1769596200,189145.0,189625.0,188995.0,189225.0,342976,5,941336
WIN$D,M15,1769597100,189225.0,189490.0,189065.0,189265.0,191190,5,562846
WIN$D,M15,1769598000,189265.0,189565.0,188715.0,189155.0,254192,5,795188
WIN$D,M15,1769598900,189155.0,189520.0,188930.0,189220.0,231052,5,695812
WIN$D,M15,1769599800,189225.0,189665.0,188660.0,189580.0,305376,5,893755
WIN$D,M15,1769600700,189585.0,190190.0,189315.0,189675.0,326151,5,877235
WIN$D,M15,1769601600,189675.0,189925.0,188740.0,189205.0,312191,5,820700
WIN$D,M15,1769602500,189210.0,189310.0,188470.0,188530.0,229505,5,599847
WIN$D,M15,1769603400,188535.0,188730.0,188280.0,188505.0,209170,5,568244
WIN$D,M15,1769604300,188505.0,188995.0,188480.0,188680.0,171271,5,463839
WIN$D,M15,1769605200,188675.0,189150.0,188575.0,188630.0,166236,5,488015
WIN$D,M15,1769606100,188635.0,189020.0,188630.0,189015.0,112837,5,322245
WIN$D,M15,1769607000,189020.0,189105.0,188590.0,188860.0,124844,5,375831
WIN$D,M15,1769607900,188860.0,189085.0,188660.0,188845.0,105045,5,323569
WIN$D,M15,1769608800,188840.0,188980.0,188570.0,188725.0,138495,5,433987
WIN$D,M15,1769609700,188720.0,188730.0,188245.0,188360.0,153357,5,488996
WIN$D,M15,1769610600,188360.0,188620.0,188295.0,188495.0,102327,5,340288
WIN$D,M15,1769611500,188495.0,188870.0,188450.0,188550.0,126653,5,396685
WIN$D,M15,1769612400,188545.0,188680.0,188340.0,188385.0,98279,5,311611
WIN$D,M15,1769613300,188380.0,188625.0,188245.0,188610.0,92463,5,291883
WIN$D,M15,1769614200,188605.0,188640.0,188345.0,188570.0,88920,5,280687
WIN$D,M15,1769615100,188570.0,188585.0,187570.0,188090.0,171746,5,486365
WIN$D,M15,1769616000,188095.0,188295.0,187430.0,188060.0,218348,5,570019
WIN$D,M15,1769616900,188065.0,188495.0,187930.0,188095.0,133830,5,361757
WIN$D,M15,1769617800,188100.0,188350.0,187825.0,188160.0,184960,5,462714
WIN$D,M15,1769618700,188155.0,188930.0,188110.0,188375.0,182431,5,501349
WIN$D,M15,1769619600,188370.0,189155.0,188365.0,189015.0,169975,5,454479
WIN$D,M15,1769620500,189020.0,189255.0,188805.0,189050.0,120822,5,335604
WIN$D,M15,1769621400,189050.0,189580.0,188910.0,189330.0,121882,5,325194
WIN$D,M15,1769622300,189330.0,189935.0,189285.0,189775.0,150533,5,381334
WIN$D,M15,1769623200,189780.0,190005.0,189550.0,189910.0,91899,5,230880
WIN$D,M15,1769624100,189900.0,190030.0,189730.0,190030.0,19098,5,64584
WIN$D,M15,1769677200,191430.0,192510.0,191170.0,191915.0,342688,5,773732
WIN$D,M15,1769678100,191915.0,191960.0,191010.0,191030.0,242024,5,645175
WIN$D,M15,1769679000,191030.0,191515.0,190825.0,191275.0,319063,5,862830
WIN$D,M15,1769679900,191275.0,191595.0,191155.0,191580.0,188122,5,555431
WIN$D,M15,1769680800,191585.0,191685.0,190650.0,190850.0,319988,5,951075
WIN$D,M15,1769681700,190855.0,191040.0,190445.0,190885.0,322315,5,986530
WIN$D,M15,1769682600,190885.0,191570.0,190790.0,191110.0,286478,5,790225
WIN$D,M15,1769683500,191110.0,191125.0,190725.0,191040.0,200744,5,594113
WIN$D,M15,1769684400,191045.0,191085.0,190530.0,190595.0,216721,5,691860
WIN$D,M15,1769685300,190595.0,191155.0,190530.0,190715.0,219408,5,713771
WIN$D,M15,1769686200,190720.0,191255.0,190340.0,191190.0,279865,5,863265
WIN$D,M15,1769687100,191190.0,191215.0,189055.0,189145.0,370318,5,1151047
WIN$D,M15,1769688000,189140.0,189595.0,188155.0,188760.0,396879,5,995814
WIN$D,M15,1769688900,188765.0,189145.0,187850.0,187970.0,308665,5,762806
WIN$D,M15,1769689800,187965.0,188325.0,187265.0,187320.0,256226,5,651695
WIN$D,M15,1769690700,187325.0,187565.0,186375.0,186675.0,280528,5,740753
WIN$D,M15,1769691600,186675.0,187635.0,186615.0,187575.0,202867,5,522419
WIN$D,M15,1769692500,187575.0,187815.0,187155.0,187565.0,201504,5,537143
WIN$D,M15,1769693400,187560.0,187795.0,187195.0,187290.0,129269,5,346895
WIN$D,M15,1769694300,187285.0,187515.0,187095.0,187340.0,130429,5,363041
WIN$D,M15,1769695200,187340.0,187995.0,187310.0,187785.0,153481,5,430437
WIN$D,M15,1769696100,187790.0,188505.0,187780.0,188405.0,146786,5,433186
WIN$D,M15,1769697000,188405.0,188805.0,188080.0,188240.0,158719,5,447723
WIN$D,M15,1769697900,188240.0,188285.0,187690.0,187855.0,139015,5,406597
WIN$D,M15,1769698800,187855.0,188180.0,187490.0,188010.0,139494,5,417509
WIN$D,M15,1769699700,188010.0,188305.0,187895.0,188015.0,119260,5,356841
WIN$D,M15,1769700600,188015.0,188135.0,187775.0,187895.0,107651,5,337375
WIN$D,M15,1769701500,187895.0,188210.0,187805.0,187855.0,93567,5,285724
WIN$D,M15,1769702400,187865.0,188340.0,187765.0,188205.0,107922,5,335320
WIN$D,M15,1769703300,188210.0,188705.0,187985.0,188455.0,137117,5,430835
WIN$D,M15,1769704200,188455.0,188460.0,188070.0,188270.0,98943,5,306095
WIN$D,M15,1769705100,188265.0,188305.0,187880.0,187925.0,93918,5,303619
WIN$D,M15,1769706000,187920.0,188520.0,187900.0,188480.0,95590,5,300765
WIN$D,M15,1769706900,188480.0,188540.0,188220.0,188350.0,71656,5,225116
WIN$D,M15,1769707800,188355.0,188630.0,188225.0,188290.0,91508,5,256332
WIN$D,M15,1769708700,188290.0,188425.0,187980.0,188040.0,113244,5,283492
WIN$D,M15,1769709600,188040.0,188230.0,187885.0,188010.0,60896,5,158020
WIN$D,M15,1769710500,188005.0,188095.0,187850.0,187970.0,15742,5,67881
WIN$D,M15,1769763600,186930.0,187360.0,186520.0,187185.0,355006,5,830606
WIN$D,M15,1769764500,187185.0,187870.0,187060.0,187730.0,308135,5,769734
WIN$D,M15,1769765400,187735.0,187935.0,187300.0,187330.0,258494,5,683515
WIN$D,M15,1769766300,187325.0,187575.0,186640.0,187175.0,307812,5,809827
WIN$D,M15,1769767200,187180.0,187550.0,186950.0,187385.0,312917,5,811827
WIN$D,M15,1769768100,187385.0,188320.0,187270.0,188060.0,327272,5,883910
WIN$D,M15,1769769000,188055.0,188175.0,187510.0,187610.0,244391,5,675912
WIN$D,M15,1769769900,187615.0,187810.0,187285.0,187560.0,240750,5,703149
WIN$D,M15,1769770800,187560.0,187710.0,187375.0,187525.0,186734,5,576539
WIN$D,M15,1769771700,187525.0,187790.0,187425.0,187675.0,162396,5,500271
WIN$D,M15,1769772600,187675.0,187945.0,187345.0,187675.0,243791,5,734768
WIN$D,M15,1769773500,187675.0,188140.0,187505.0,187595.0,234239,5,728077
WIN$D,M15,1769774400,187600.0,187895.0,187390.0,187790.0,197877,5,628980
WIN$D,M15,1769775300,187785.0,188165.0,187660.0,187690.0,177000,5,548171
WIN$D,M15,1769776200,187685.0,188495.0,187620.0,188450.0,182190,5,583458
WIN$D,M15,1769777100,188445.0,188480.0,187795.0,187840.0,162176,5,526230
WIN$D,M15,1769778000,187840.0,187840.0,187305.0,187355.0,191176,5,604958
WIN$D,M15,1769778900,187355.0,187550.0,187140.0,187375.0,184390,5,606166
WIN$D,M15,1769779800,187375.0,187575.0,187250.0,187380.0,127664,5,430742
WIN$D,M15,1769780700,187380.0,187435.0,187010.0,187160.0,137550,5,468053
WIN$D,M15,1769781600,187160.0,187200.0,186175.0,186540.0,237603,5,818528
WIN$D,M15,1769782500,186540.0,186660.0,186180.0,186415.0,190296,5,638276
WIN$D,M15,1769783400,186415.0,186820.0,186375.0,186485.0,149265,5,489472
WIN$D,M15,1769784300,186480.0,186515.0,186015.0,186110.0,150550,5,497493
WIN$D,M15,1769785200,186110.0,186110.0,185700.0,185790.0,156493,5,518654
WIN$D,M15,1769786100,185790.0,185975.0,184795.0,185400.0,265537,5,859719
WIN$D,M15,1769787000,185400.0,185475.0,184835.0,185205.0,195445,5,622111
WIN$D,M15,1769787900,185205.0,186345.0,185175.0,186155.0,195190,5,598752
WIN$D,M15,1769788800,186160.0,186560.0,186080.0,186500.0,182835,5,562690
WIN$D,M15,1769789700,186500.0,186680.0,186270.0,186390.0,155378,5,507594
WIN$D,M15,1769790600,186390.0,186425.0,185880.0,186045.0,161250,5,529363
WIN$D,M15,1769791500,186045.0,186500.0,185940.0,186195.0,124439,5,404694
WIN$D,M15,1769792400,186195.0,186480.0,185325.0,185385.0,147610,5,494135
WIN$D,M15,1769793300,185385.0,185890.0,185305.0,185670.0,115888,5,365169
WIN$D,M15,1769794200,185665.0,186045.0,185560.0,185710.0,101198,5,275346
WIN$D,M15,1769795100,185715.0,186130.0,185590.0,186025.0,110796,5,282758
WIN$D,M15,1769796000,186025.0,186230.0,185835.0,186045.0,65651,5,179084
WIN$D,M15,1769796900,186045.0,186425.0,185975.0,186425.0,19145,5,81624
WIN$D,M15,1770022800,184550.0,186345.0,184550.0,186310.0,309109,5,754108
WIN$D,M15,1770023700,186305.0,186575.0,186170.0,186530.0,207717,5,561420
WIN$D,M15,1770024600,186535.0,186675.0,186195.0,186520.0,222501,5,623941
WIN$D,M15,1770025500,186515.0,186840.0,186490.0,186770.0,195965,5,557268
WIN$D,M15,1770026400,186770.0,186855.0,186095.0,186350.0,273045,5,757279
WIN$D,M15,1770027300,186345.0,187135.0,186250.0,187090.0,320326,5,898154
WIN$D,M15,1770028200,187090.0,187525.0,186975.0,187375.0,294885,5,849375
WIN$D,M15,1770029100,187375.0,187620.0,187280.0,187435.0,167594,5,449580
WIN$D,M15,1770030000,187440.0,187660.0,187030.0,187060.0,225115,5,672934
WIN$D,M15,1770030900,187060.0,187090.0,186255.0,186285.0,250405,5,763895
WIN$D,M15,1770031800,186290.0,187140.0,186125.0,186670.0,307931,5,893849
WIN$D,M15,1770032700,186665.0,186905.0,186210.0,186295.0,227074,5,682072
WIN$D,M15,1770033600,186300.0,186940.0,186045.0,186565.0,243967,5,732659
WIN$D,M15,1770034500,186565.0,187095.0,186490.0,186670.0,173829,5,514937
WIN$D,M15,1770035400,186665.0,186985.0,186545.0,186665.0,150519,5,448200
WIN$D,M15,1770036300,186665.0,186755.0,186465.0,186525.0,110479,5,328582
WIN$D,M15,1770037200,186525.0,186800.0,186205.0,186785.0,141257,5,442496
WIN$D,M15,1770038100,186785.0,186915.0,186565.0,186860.0,135236,5,444968
WIN$D,M15,1770039000,186855.0,187190.0,186800.0,187135.0,119484,5,380519
WIN$D,M15,1770039900,187135.0,187335.0,187100.0,187215.0,117251,5,379300
WIN$D,M15,1770040800,187215.0,187310.0,187040.0,187285.0,100057,5,317233
WIN$D,M15,1770041700,187285.0,187295.0,187000.0,187170.0,96915,5,322045
WIN$D,M15,1770042600,187175.0,187385.0,186875.0,187100.0,126399,5,416558
WIN$D,M15,1770043500,187105.0,187240.0,187025.0,187160.0,85209,5,283839
WIN$D,M15,1770044400,187160.0,187175.0,186710.0,186735.0,112498,5,358671
WIN$D,M15,1770045300,186735.0,186870.0,186645.0,186770.0,88347,5,290558
WIN$D,M15,1770046200,186775.0,186815.0,186600.0,186705.0,69755,5,224332
WIN$D,M15,1770047100,186705.0,186880.0,186645.0,186655.0,72859,5,241334
WIN$D,M15,1770048000,186655.0,186690.0,186435.0,186570.0,88930,5,300169
WIN$D,M15,1770048900,186575.0,186625.0,186320.0,186385.0,83905,5,289151
WIN$D,M15,1770049800,186385.0,186565.0,186290.0,186505.0,76571,5,255196
WIN$D,M15,1770050700,186505.0,186770.0,186440.0,186555.0,96798,5,331519
WIN$D,M15,1770051600,186560.0,186815.0,186445.0,186785.0,101026,5,327165
WIN$D,M15,1770052500,186785.0,187105.0,186740.0,187070.0,89243,5,301384
WIN$D,M15,1770053400,187065.0,187455.0,186995.0,187400.0,100441,5,287076
WIN$D,M15,1770054300,187400.0,187700.0,187310.0,187590.0,107765,5,269567
WIN$D,M15,1770055200,187590.0,187790.0,187340.0,187595.0,89552,5,208621
WIN$D,M15,1770056100,187590.0,187610.0,187385.0,187385.0,22164,5,70086
WIN$D,M15,1770109200,188230.0,188995.0,188220.0,188945.0,352738,5,838977
WIN$D,M15,1770110100,188950.0,189735.0,188810.0,188990.0,340183,5,890638
WIN$D,M15,1770111000,188990.0,189605.0,188950.0,189395.0,262047,5,690299
WIN$D,M15,1770111900,189395.0,189890.0,189255.0,189570.0,275722,5,758982
WIN$D,M15,1770112800,189565.0,190000.0,189370.0,189620.0,322738,5,877965
WIN$D,M15,1770113700,189620.0,189745.0,188885.0,189740.0,374780,5,970915
WIN$D,M15,1770114600,189735.0,190320.0,189575.0,190100.0,300304,5,829835
WIN$D,M15,1770115500,190100.0,190845.0,190070.0,190835.0,262677,5,791165
WIN$D,M15,1770116400,190840.0,191230.0,190680.0,191090.0,255445,5,820451
WIN$D,M15,1770117300,191090.0,191350.0,190945.0,191080.0,208135,5,698187
WIN$D,M15,1770118200,191075.0,191825.0,190980.0,191715.0,323522,5,1058773
WIN$D,M15,1770119100,191715.0,192045.0,191445.0,191465.0,244401,5,811380
WIN$D,M15,1770120000,191465.0,191545.0,190820.0,190960.0,251298,5,800265
WIN$D,M15,1770120900,190960.0,191360.0,190805.0,191045.0,215025,5,696668
WIN$D,M15,1770121800,191050.0,191235.0,190855.0,190905.0,152972,5,485985
WIN$D,M15,1770122700,190910.0,191220.0,190770.0,191075.0,134702,5,417625
WIN$D,M15,1770123600,191080.0,191150.0,190885.0,191040.0,116269,5,364374
WIN$D,M15,1770124500,191045.0,191145.0,190705.0,190740.0,125284,5,393475
WIN$D,M15,1770125400,190740.0,191060.0,190675.0,190970.0,121447,5,395380
WIN$D,M15,1770126300,190970.0,191045.0,190535.0,190585.0,116106,5,370184
WIN$D,M15,1770127200,190580.0,190630.0,190075.0,190195.0,184023,5,606835
WIN$D,M15,1770128100,190195.0,190360.0,190040.0,190155.0,149747,5,489710
WIN$D,M15,1770129000,190160.0,190265.0,189635.0,189665.0,150614,5,512078
WIN$D,M15,1770129900,189665.0,190075.0,189575.0,189960.0,143277,5,494427
WIN$D,M15,1770130800,189960.0,190025.0,189515.0,189645.0,126565,5,443629
WIN$D,M15,1770131700,189650.0,189715.0,189430.0,189445.0,125804,5,434084
WIN$D,M15,1770132600,189445.0,189660.0,189425.0,189440.0,111924,5,364384
WIN$D,M15,1770133500,189445.0,189785.0,189440.0,189575.0,106569,5,348013
WIN$D,M15,1770134400,189570.0,189970.0,189300.0,189880.0,155000,5,505185
WIN$D,M15,1770135300,189875.0,190155.0,189850.0,189885.0,140366,5,468731
WIN$D,M15,1770136200,189890.0,190205.0,189765.0,190070.0,133268,5,426145
WIN$D,M15,1770137100,190065.0,190145.0,189315.0,189770.0,193800,5,592170
WIN$D,M15,1770138000,189770.0,190105.0,189610.0,190030.0,124877,5,374977
WIN$D,M15,1770138900,190025.0,190080.0,189765.0,189930.0,83302,5,244149
WIN$D,M15,1770139800,189935.0,190425.0,189920.0,190380.0,88777,5,247629
WIN$D,M15,1770140700,190385.0,190565.0,190255.0,190360.0,60946,5,163105
WIN$D,M15,1770141600,190360.0,190425.0,190060.0,190100.0,62797,5,150035
WIN$D,M15,1770142500,190095.0,190195.0,190005.0,190195.0,21847,5,80824
WIN$D,M15,1770195600,190910.0,191165.0,189285.0,189640.0,401138,5,974001
WIN$D,M15,1770196500,189645.0,189700.0,189005.0,189080.0,301333,5,768503
WIN$D,M15,1770197400,189075.0,189230.0,188910.0,189140.0,254040,5,693447
WIN$D,M15,1770198300,189140.0,189550.0,188825.0,188910.0,297969,5,847702
WIN$D,M15,1770199200,188905.0,189230.0,188640.0,188885.0,315559,5,877729
WIN$D,M15,1770200100,188880.0,189410.0,188710.0,188965.0,294754,5,778459
WIN$D,M15,1770201000,188960.0,189030.0,188650.0,188855.0,235015,5,675662
WIN$D,M15,1770201900,188860.0,189060.0,188440.0,188450.0,199655,5,604629
WIN$D,M15,1770202800,188455.0,188525.0,187940.0,188325.0,262912,5,845296
WIN$D,M15,1770203700,188325.0,188505.0,187780.0,188230.0,227842,5,736975
WIN$D,M15,1770204600,188225.0,188305.0,187280.0,187450.0,322404,5,1018862
WIN$D,M15,1770205500,187450.0,187665.0,187210.0,187305.0,209570,5,606145
WIN$D,M15,1770206400,187305.0,187845.0,187215.0,187640.0,220474,5,633388
WIN$D,M15,1770207300,187640.0,188085.0,187615.0,187820.0,173650,5,478898
WIN$D,M15,1770208200,187815.0,187905.0,187330.0,187710.0,193952,5,531425
WIN$D,M15,1770209100,187710.0,187730.0,187010.0,187040.0,172469,5,473315
WIN$D,M15,1770210000,187040.0,187100.0,186660.0,186800.0,163471,5,472722
WIN$D,M15,1770210900,186795.0,186840.0,186330.0,186455.0,156990,5,484735
WIN$D,M15,1770211800,186455.0,186600.0,186075.0,186085.0,142618,5,425287
WIN$D,M15,1770212700,186085.0,186400.0,185815.0,186340.0,165117,5,531802
WIN$D,M15,1770213600,186340.0,186375.0,185880.0,186330.0,135904,5,416183
WIN$D,M15,1770214500,186335.0,186360.0,185555.0,185755.0,167925,5,493116
WIN$D,M15,1770215400,185760.0,185915.0,185100.0,185510.0,227298,5,683242
WIN$D,M15,1770216300,185510.0,185570.0,185245.0,185460.0,155906,5,493627
WIN$D,M15,1770217200,185465.0,185600.0,185160.0,185260.0,152289,5,489281
WIN$D,M15,1770218100,185255.0,185610.0,185115.0,185560.0,124528,5,401933
WIN$D,M15,1770219000,185565.0,185575.0,185050.0,185100.0,134276,5,448351
WIN$D,M15,1770219900,185100.0,185175.0,184770.0,184920.0,130096,5,445548
WIN$D,M15,1770220800,184930.0,185030.0,184665.0,184885.0,136499,5,462515
WIN$D,M15,1770221700,184885.0,185235.0,184870.0,184945.0,123467,5,426327
WIN$D,M15,1770222600,184945.0,185115.0,184875.0,185105.0,91603,5,319276
WIN$D,M15,1770223500,185100.0,185555.0,185085.0,185465.0,141796,5,495627
WIN$D,M15,1770224400,185470.0,186005.0,185445.0,185770.0,146168,5,518155
WIN$D,M15,1770225300,185765.0,185855.0,185645.0,185785.0,90128,5,297504
WIN$D,M15,1770226200,185790.0,186130.0,185435.0,185760.0,126688,5,357354
WIN$D,M15,1770227100,185760.0,185950.0,185560.0,185690.0,97220,5,246509
WIN$D,M15,1770228000,185690.0,186260.0,185680.0,186145.0,104277,5,245118
WIN$D,M15,1770228900,186150.0,186220.0,185955.0,186115.0,22739,5,80787
WIN$D,M15,1770282000,186100.0,186720.0,185755.0,186110.0,349012,5,822843
WIN$D,M15,1770282900,186105.0,186650.0,186025.0,186425.0,255950,5,687351
WIN$D,M15,1770283800,186425.0,186925.0,186030.0,186065.0,308055,5,859821
WIN$D,M15,1770284700,186060.0,186545.0,185950.0,186450.0,244453,5,690181
WIN$D,M15,1770285600,186450.0,186800.0,186305.0,186570.0,239991,5,670782
WIN$D,M15,1770286500,186575.0,187440.0,186490.0,186810.0,313742,5,867614
WIN$D,M15,1770287400,186810.0,187340.0,186800.0,186940.0,267937,5,731679
WIN$D,M15,1770288300,186935.0,187160.0,186805.0,186940.0,207018,5,626128
WIN$D,M15,1770289200,186935.0,187525.0,186930.0,187250.0,262378,5,812538
WIN$D,M15,1770290100,187245.0,187850.0,187180.0,187330.0,236254,5,763255
WIN$D,M15,1770291000,187335.0,188395.0,186970.0,188335.0,398424,5,1254069
WIN$D,M15,1770291900,188330.0,188600.0,187530.0,187590.0,295404,5,931869
WIN$D,M15,1770292800,187590.0,187880.0,186685.0,186690.0,266188,5,759787
WIN$D,M15,1770293700,186690.0,187095.0,186505.0,186665.0,237592,5,689658
WIN$D,M15,1770294600,186670.0,187240.0,185815.0,187120.0,282695,5,857442
WIN$D,M15,1770295500,187115.0,187280.0,186505.0,187225.0,231627,5,663325
WIN$D,M15,1770296400,187220.0,187460.0,186890.0,186955.0,200237,5,592102
WIN$D,M15,1770297300,186950.0,187560.0,186910.0,187315.0,184165,5,551957
WIN$D,M15,1770298200,187315.0,187450.0,187145.0,187325.0,149427,5,455592
WIN$D,M15,1770299100,187320.0,187535.0,187200.0,187460.0,126796,5,397012
WIN$D,M15,1770300000,187460.0,187485.0,186905.0,187010.0,124983,5,403561
WIN$D,M15,1770300900,187005.0,187800.0,186975.0,187645.0,174133,5,564987
WIN$D,M15,1770301800,187640.0,187850.0,187480.0,187745.0,156202,5,496393
WIN$D,M15,1770302700,187750.0,187955.0,187495.0,187595.0,122807,5,389061
WIN$D,M15,1770303600,187590.0,187740.0,187505.0,187655.0,97707,5,302576
WIN$D,M15,1770304500,187660.0,187780.0,187485.0,187770.0,101095,5,317150
WIN$D,M15,1770305400,187770.0,187845.0,187410.0,187550.0,113166,5,368862
WIN$D,M15,1770306300,187545.0,187565.0,187265.0,187505.0,94852,5,310802
WIN$D,M15,1770307200,187510.0,187770.0,187375.0,187665.0,100581,5,337591
WIN$D,M15,1770308100,187660.0,187855.0,187630.0,187775.0,76264,5,253325
WIN$D,M15,1770309000,187775.0,187780.0,187245.0,187290.0,98985,5,334705
WIN$D,M15,1770309900,187285.0,187410.0,186970.0,187370.0,106737,5,358786
WIN$D,M15,1770310800,187375.0,187520.0,187280.0,187380.0,82002,5,261753
WIN$D,M15,1770311700,187380.0,187390.0,186315.0,186375.0,154837,5,479795
WIN$D,M15,1770312600,186370.0,186630.0,186115.0,186235.0,134521,5,380193
WIN$D,M15,1770313500,186230.0,186710.0,186120.0,186545.0,88612,5,246794
WIN$D,M15,1770314400,186545.0,186820.0,186440.0,186650.0,61082,5,176534
WIN$D,M15,1770315300,186650.0,186835.0,186410.0,186710.0,23571,5,85601
WIN$D,M15,1770368400,187590.0,188390.0,187385.0,187470.0,370090,5,898001
WIN$D,M15,1770369300,187470.0,187510.0,186460.0,186725.0,291063,5,821220
WIN$D,M15,1770370200,186720.0,187090.0,186580.0,186760.0,247120,5,701115
WIN$D,M15,1770371100,186760.0,186905.0,186470.0,186500.0,240495,5,702136
WIN$D,M15,1770372000,186500.0,186765.0,186235.0,186280.0,308901,5,882045
WIN$D,M15,1770372900,186285.0,186755.0,185950.0,186155.0,264908,5,764908
WIN$D,M15,1770373800,186160.0,186375.0,186020.0,186310.0,204073,5,599490
WIN$D,M15,1770374700,186305.0,186360.0,185980.0,186130.0,203457,5,626472
WIN$D,M15,1770375600,186125.0,186955.0,186125.0,186535.0,320956,5,963594
WIN$D,M15,1770376500,186530.0,187040.0,186460.0,186855.0,186075,5,563912
WIN$D,M15,1770377400,186860.0,187080.0,186290.0,186535.0,357895,5,1025143
WIN$D,M15,1770378300,186530.0,186775.0,185825.0,186085.0,266319,5,780857
WIN$D,M15,1770379200,186080.0,186340.0,185655.0,186150.0,242037,5,660446
WIN$D,M15,1770380100,186150.0,186610.0,186015.0,186445.0,196000,5,566369
WIN$D,M15,1770381000,186450.0,186670.0,186190.0,186370.0,175743,5,501099
WIN$D,M15,1770381900,186370.0,186480.0,186150.0,186275.0,122881,5,345232
WIN$D,M15,1770382800,186280.0,186760.0,186170.0,186690.0,134359,5,406192
WIN$D,M15,1770383700,186695.0,187060.0,186605.0,186795.0,156615,5,481911
WIN$D,M15,1770384600,186795.0,187250.0,186760.0,187145.0,135241,5,423657
WIN$D,M15,1770385500,187150.0,187265.0,187040.0,187165.0,91492,5,291700
WIN$D,M15,1770386400,187160.0,187250.0,186930.0,186960.0,117270,5,378787
WIN$D,M15,1770387300,186965.0,187155.0,186760.0,187035.0,123362,5,391631
WIN$D,M15,1770388200,187035.0,187170.0,186780.0,187005.0,110696,5,354396
WIN$D,M15,1770389100,187010.0,187115.0,186850.0,186855.0,79394,5,256631
WIN$D,M15,1770390000,186855.0,186885.0,186500.0,186620.0,112218,5,353277
WIN$D,M15,1770390900,186620.0,186745.0,186005.0,186390.0,204480,5,654588
WIN$D,M15,1770391800,186395.0,186530.0,186240.0,186375.0,120810,5,372564
WIN$D,M15,1770392700,186375.0,186555.0,186320.0,186385.0,87861,5,275554
WIN$D,M15,1770393600,186390.0,186640.0,186345.0,186535.0,84078,5,257405
WIN$D,M15,1770394500,186535.0,186735.0,186500.0,186580.0,71229,5,217975
WIN$D,M15,1770395400,186585.0,186715.0,186415.0,186470.0,76631,5,249715
WIN$D,M15,1770396300,186470.0,186720.0,186465.0,186525.0,71091,5,231049
WIN$D,M15,1770397200,186525.0,187255.0,186495.0,187035.0,119330,5,385644
WIN$D,M15,1770398100,187035.0,187465.0,186970.0,187285.0,95140,5,291973
WIN$D,M15,1770399000,187285.0,187645.0,187055.0,187150.0,106749,5,286450
WIN$D,M15,1770399900,187145.0,187520.0,187095.0,187330.0,94545,5,214444
WIN$D,M15,1770400800,187335.0,187430.0,187015.0,187100.0,60544,5,153834
WIN$D,M15,1770401700,187100.0,187145.0,186890.0,187110.0,17627,5,74149
WIN$D,M15,1770627600,187510.0,188080.0,187430.0,187555.0,342293,5,813099
WIN$D,M15,1770628500,187555.0,188075.0,187525.0,187935.0,220094,5,581404
WIN$D,M15,1770629400,187930.0,188815.0,187895.0,188345.0,316819,5,902943
WIN$D,M15,1770630300,188345.0,188440.0,187690.0,188040.0,232305,5,670706
WIN$D,M15,1770631200,188035.0,188180.0,187575.0,187670.0,312810,5,884718
WIN$D,M15,1770632100,187670.0,187835.0,187310.0,187675.0,285478,5,817492
WIN$D,M15,1770633000,187675.0,187855.0,187315.0,187750.0,257960,5,760357
WIN$D,M15,1770633900,187755.0,187765.0,187495.0,187575.0,158791,5,466748
WIN$D,M15,1770634800,187570.0,187865.0,187515.0,187680.0,179375,5,566044
WIN$D,M15,1770635700,187675.0,187860.0,187545.0,187715.0,133061,5,414909
WIN$D,M15,1770636600,187715.0,188385.0,187610.0,188335.0,324635,5,960291
WIN$D,M15,1770637500,188335.0,188795.0,187990.0,188305.0,283364,5,876344
WIN$D,M15,1770638400,188300.0,188455.0,188110.0,188280.0,187805,5,595763
WIN$D,M15,1770639300,188285.0,188300.0,188055.0,188195.0,138026,5,435395
WIN$D,M15,1770640200,188200.0,188295.0,187935.0,188000.0,126631,5,407504
WIN$D,M15,1770641100,188000.0,188095.0,187820.0,187860.0,127436,5,413097
WIN$D,M15,1770642000,187860.0,188130.0,187720.0,188115.0,134580,5,429401
WIN$D,M15,1770642900,188110.0,188265.0,188015.0,188185.0,97539,5,304067
WIN$D,M15,1770643800,188190.0,188600.0,188155.0,188570.0,119329,5,367517
WIN$D,M15,1770644700,188570.0,189050.0,188465.0,188960.0,154838,5,510570
WIN$D,M15,1770645600,188960.0,189530.0,188910.0,189410.0,160358,5,539392
WIN$D,M15,1770646500,189410.0,189580.0,189385.0,189485.0,114826,5,385551
WIN$D,M15,1770647400,189490.0,189670.0,189455.0,189545.0,104422,5,346435
WIN$D,M15,1770648300,189540.0,189635.0,189325.0,189605.0,105343,5,345757
WIN$D,M15,1770649200,189605.0,189805.0,189540.0,189775.0,119487,5,395808
WIN$D,M15,1770650100,189770.0,189945.0,189110.0,189900.0,225455,5,725805
WIN$D,M15,1770651000,189900.0,190045.0,189730.0,189900.0,125338,5,423348
WIN$D,M15,1770651900,189905.0,190115.0,189845.0,190080.0,87685,5,293205
WIN$D,M15,1770652800,190080.0,190225.0,189945.0,190115.0,97154,5,344260
WIN$D,M15,1770653700,190120.0,190455.0,190115.0,190430.0,92657,5,326136
WIN$D,M15,1770654600,190425.0,190485.0,190245.0,190265.0,97902,5,354834
WIN$D,M15,1770655500,190265.0,190365.0,190180.0,190310.0,70130,5,242930
WIN$D,M15,1770656400,190310.0,190745.0,190285.0,190565.0,103867,5,372581
WIN$D,M15,1770657300,190565.0,190620.0,190265.0,190350.0,90503,5,306150
WIN$D,M15,1770658200,190345.0,190440.0,190300.0,190390.0,52554,5,165710
WIN$D,M15,1770659100,190385.0,190790.0,190340.0,190545.0,101931,5,318388
WIN$D,M15,1770660000,190540.0,190610.0,190385.0,190500.0,58762,5,172052
WIN$D,M15,1770660900,190500.0,190535.0,190375.0,190520.0,21291,5,81897
WIN$D,M15,1770714000,189690.0,190505.0,189580.0,189730.0,281623,5,712227
WIN$D,M15,1770714900,189730.0,190120.0,189680.0,189830.0,227189,5,639432
WIN$D,M15,1770715800,189830.0,190010.0,189685.0,189695.0,176825,5,511560
WIN$D,M15,1770716700,189690.0,189925.0,189270.0,189595.0,303625,5,872079
WIN$D,M15,1770717600,189595.0,190095.0,189550.0,189985.0,258440,5,767816
WIN$D,M15,1770718500,189985.0,190110.0,189380.0,189575.0,265062,5,791012
WIN$D,M15,1770719400,189580.0,189800.0,189235.0,189410.0,277777,5,783755
WIN$D,M15,1770720300,189410.0,189610.0,189190.0,189525.0,198822,5,611981
WIN$D,M15,1770721200,189520.0,189995.0,189365.0,189835.0,252420,5,825367
WIN$D,M15,1770722100,189840.0,190260.0,189810.0,189940.0,207945,5,670089
WIN$D,M15,1770723000,189940.0,190100.0,189580.0,190045.0,268711,5,865218
WIN$D,M15,1770723900,190050.0,190300.0,189550.0,190160.0,251457,5,822477
WIN$D,M15,1770724800,190165.0,190380.0,190030.0,190375.0,171271,5,559950
WIN$D,M15,1770725700,190380.0,191035.0,190280.0,190980.0,215312,5,730435
WIN$D,M15,1770726600,190985.0,191080.0,190645.0,190745.0,174717,5,600813
WIN$D,M15,1770727500,190745.0,190885.0,190675.0,190710.0,111671,5,384678
WIN$D,M15,1770728400,190715.0,190925.0,190510.0,190730.0,133499,5,464553
WIN$D,M15,1770729300,190730.0,190745.0,190400.0,190460.0,124918,5,440336
WIN$D,M15,1770730200,190460.0,190645.0,190260.0,190375.0,126011,5,429140
WIN$D,M15,1770731100,190370.0,190440.0,190200.0,190355.0,92845,5,312586
WIN$D,M15,1770732000,190355.0,190455.0,190205.0,190320.0,87845,5,304352
WIN$D,M15,1770732900,190320.0,190355.0,190125.0,190310.0,89961,5,317058
WIN$D,M15,1770733800,190315.0,190370.0,190010.0,190155.0,90189,5,307854
WIN$D,M15,1770734700,190160.0,190200.0,189955.0,190020.0,76217,5,265841
WIN$D,M15,1770735600,190015.0,190085.0,189910.0,189975.0,86759,5,299575
WIN$D,M15,1770736500,189980.0,190050.0,189635.0,189645.0,112943,5,399686
WIN$D,M15,1770737400,189650.0,189700.0,189290.0,189460.0,140585,5,499434
WIN$D,M15,1770738300,189460.0,189580.0,189420.0,189535.0,76768,5,269759
WIN$D,M15,1770739200,189535.0,189665.0,189460.0,189550.0,76933,5,276686
WIN$D,M15,1770740100,189550.0,189680.0,189415.0,189620.0,65965,5,224668
WIN$D,M15,1770741000,189620.0,189970.0,189520.0,189830.0,113959,5,429562
WIN$D,M15,1770741900,189830.0,189975.0,189780.0,189950.0,66605,5,234655
WIN$D,M15,1770742800,189950.0,190465.0,189930.0,190460.0,115864,5,410980
WIN$D,M15,1770743700,190460.0,190585.0,190305.0,190465.0,91449,5,323176
WIN$D,M15,1770744600,190460.0,190640.0,190075.0,190130.0,87307,5,286481
WIN$D,M15,1770745500,190135.0,190175.0,189830.0,189955.0,82964,5,233830
WIN$D,M15,1770746400,189950.0,190075.0,189900.0,190065.0,42582,5,113046
WIN$D,M15,1770747300,190060.0,190160.0,190045.0,190045.0,16345,5,70745
WIN$D,M15,1770800400,190730.0,192245.0,190650.0,191820.0,345279,5,879214
WIN$D,M15,1770801300,191820.0,191940.0,191440.0,191465.0,295347,5,774335
WIN$D,M15,1770802200,191465.0,192230.0,191355.0,192220.0,277072,5,763174
WIN$D,M15,1770803100,192220.0,192380.0,192035.0,192135.0,232148,5,645504
WIN$D,M15,1770804000,192135.0,192145.0,191550.0,191695.0,240074,5,694006
WIN$D,M15,1770804900,191700.0,192395.0,191535.0,192285.0,232721,5,659721
WIN$D,M15,1770805800,192265.0,192435.0,191595.0,192345.0,300649,5,784215
WIN$D,M15,1770806700,192345.0,192725.0,192235.0,192435.0,276420,5,809277
WIN$D,M15,1770807600,192440.0,193090.0,192260.0,193000.0,254160,5,816193
WIN$D,M15,1770808500,193000.0,193320.0,192965.0,193250.0,174671,5,570958
WIN$D,M15,1770809400,193250.0,193595.0,192945.0,193205.0,319238,5,1048738
WIN$D,M15,1770810300,193205.0,193405.0,192850.0,192905.0,197288,5,608527
WIN$D,M15,1770811200,192900.0,193045.0,192380.0,192470.0,193055,5,607333
WIN$D,M15,1770812100,192470.0,192615.0,192290.0,192380.0,187132,5,577238
WIN$D,M15,1770813000,192380.0,192710.0,192215.0,192650.0,184131,5,576774
WIN$D,M15,1770813900,192655.0,193290.0,192625.0,193165.0,201593,5,670219
WIN$D,M15,1770814800,193165.0,194160.0,193160.0,194040.0,201658,5,705145
WIN$D,M15,1770815700,194040.0,194285.0,193810.0,194070.0,164849,5,546596
WIN$D,M15,1770816600,194070.0,194685.0,194030.0,194535.0,173879,5,585978
WIN$D,M15,1770817500,194540.0,194675.0,194365.0,194510.0,111937,5,372096
WIN$D,M15,1770818400,194510.0,194615.0,194265.0,194485.0,123903,5,420413
WIN$D,M15,1770819300,194485.0,194680.0,194320.0,194360.0,120645,5,411918
WIN$D,M15,1770820200,194360.0,194375.0,194170.0,194285.0,96286,5,326565
WIN$D,M15,1770821100,194290.0,194540.0,194250.0,194365.0,99804,5,342239
WIN$D,M15,1770822000,194365.0,194385.0,193755.0,193805.0,131067,5,437134
WIN$D,M15,1770822900,193805.0,194055.0,193695.0,193780.0,132573,5,460252
WIN$D,M15,1770823800,193785.0,193805.0,193485.0,193560.0,120879,5,414481
WIN$D,M15,1770824700,193560.0,193745.0,193520.0,193555.0,97322,5,324300
WIN$D,M15,1770825600,193560.0,194100.0,193535.0,194025.0,117631,5,413015
WIN$D,M15,1770826500,194025.0,194430.0,194020.0,194405.0,115806,5,414160
WIN$D,M15,1770827400,194400.0,194400.0,194135.0,194180.0,76407,5,259544
WIN$D,M15,1770828300,194180.0,194185.0,193785.0,193850.0,92410,5,317019
WIN$D,M15,1770829200,193850.0,193965.0,193645.0,193730.0,78331,5,270117
WIN$D,M15,1770830100,193725.0,193925.0,193595.0,193860.0,84074,5,293818
WIN$D,M15,1770831000,193855.0,194290.0,193845.0,194235.0,81656,5,274766
WIN$D,M15,1770831900,194230.0,194240.0,193870.0,194030.0,100691,5,283296
WIN$D,M15,1770832800,194030.0,194080.0,193680.0,193690.0,72337,5,202838
WIN$D,M15,1770833700,193690.0,193780.0,193445.0,193610.0,24603,5,102837
WIN$D,M15,1770886800,194470.0,194955.0,193130.0,193245.0,324346,5,808521
WIN$D,M15,1770887700,193245.0,193400.0,192900.0,193090.0,224135,5,604358
WIN$D,M15,1770888600,193085.0,193130.0,192640.0,192685.0,234351,5,677544
WIN$D,M15,1770889500,192685.0,192940.0,192585.0,192860.0,183736,5,550267
WIN$D,M15,1770890400,192865.0,193370.0,192785.0,193170.0,289514,5,863642
WIN$D,M15,1770891300,193170.0,193660.0,192950.0,193295.0,283589,5,863736
WIN$D,M15,1770892200,193295.0,193555.0,193020.0,193055.0,221240,5,640306
WIN$D,M15,1770893100,193060.0,193345.0,192590.0,192705.0,254608,5,792887
WIN$D,M15,1770894000,192700.0,193325.0,192665.0,193320.0,237198,5,757459
WIN$D,M15,1770894900,193315.0,193880.0,193270.0,193560.0,265157,5,847169
WIN$D,M15,1770895800,193555.0,193605.0,193055.0,193145.0,257777,5,794040
WIN$D,M15,1770896700,193145.0,193480.0,192980.0,193290.0,195211,5,608141
WIN$D,M15,1770897600,193295.0,193980.0,193240.0,193840.0,209112,5,649489
WIN$D,M15,1770898500,193835.0,194015.0,193415.0,193515.0,170025,5,538115
WIN$D,M15,1770899400,193515.0,193585.0,193280.0,193425.0,122506,5,383728
WIN$D,M15,1770900300,193425.0,193740.0,193285.0,193305.0,137655,5,429604
WIN$D,M15,1770901200,193300.0,193400.0,192930.0,193015.0,173185,5,538065
WIN$D,M15,1770902100,193015.0,193045.0,192135.0,192230.0,272776,5,834502
WIN$D,M15,1770903000,192230.0,192905.0,192170.0,192590.0,249533,5,755294
WIN$D,M15,1770903900,192590.0,192660.0,192150.0,192400.0,182159,5,552656
WIN$D,M15,1770904800,192405.0,192495.0,192085.0,192220.0,162896,5,485387
WIN$D,M15,1770905700,192225.0,192795.0,192160.0,192425.0,179060,5,555207
WIN$D,M15,1770906600,192430.0,192740.0,192310.0,192655.0,144419,5,439695
WIN$D,M15,1770907500,192660.0,192740.0,192190.0,192255.0,124730,5,385998
WIN$D,M15,1770908400,192255.0,192260.0,191460.0,191550.0,191678,5,648708
WIN$D,M15,1770909300,191545.0,191585.0,190850.0,191000.0,202866,5,686791
WIN$D,M15,1770910200,191005.0,191535.0,190900.0,191490.0,162143,5,530445
WIN$D,M15,1770911100,191485.0,191680.0,191395.0,191590.0,137020,5,427035
WIN$D,M15,1770912000,191595.0,191875.0,191580.0,191780.0,122040,5,380308
WIN$D,M15,1770912900,191780.0,192170.0,191510.0,191620.0,160625,5,536847
WIN$D,M15,1770913800,191620.0,192050.0,191515.0,191775.0,132251,5,444027
WIN$D,M15,1770914700,191775.0,192130.0,191745.0,191915.0,116856,5,373933
WIN$D,M15,1770915600,191910.0,192385.0,191830.0,191865.0,130349,5,426170
WIN$D,M15,1770916500,191865.0,192185.0,191755.0,191845.0,110460,5,350342
WIN$D,M15,1770917400,191840.0,192300.0,191710.0,192100.0,119526,5,344258
WIN$D,M15,1770918300,192100.0,192130.0,191735.0,191855.0,114534,5,301079
WIN$D,M15,1770919200,191850.0,191865.0,191495.0,191600.0,77318,5,201989
WIN$D,M15,1770920100,191600.0,191765.0,191530.0,191735.0,18036,5,75690
WIN$D,M15,1770973200,191030.0,191270.0,189455.0,189715.0,372303,5,854243
WIN$D,M15,1770974100,189715.0,189905.0,189070.0,189175.0,245347,5,657537
WIN$D,M15,1770975000,189180.0,189465.0,188955.0,189415.0,190797,5,525735
WIN$D,M15,1770975900,189415.0,189560.0,188770.0,189150.0,271788,5,745189
WIN$D,M15,1770976800,189145.0,189235.0,188730.0,188885.0,274001,5,728865
WIN$D,M15,1770977700,188890.0,189210.0,188280.0,189055.0,292279,5,817864
WIN$D,M15,1770978600,189055.0,190115.0,188540.0,189215.0,337217,5,793407
WIN$D,M15,1770979500,189215.0,189290.0,188840.0,188940.0,179585,5,454219
WIN$D,M15,1770980400,188935.0,189160.0,188660.0,188745.0,175069,5,465525
WIN$D,M15,1770981300,188740.0,189010.0,188715.0,188855.0,126229,5,340975
WIN$D,M15,1770982200,188855.0,188955.0,187455.0,188360.0,402771,5,1057428
WIN$D,M15,1770983100,188365.0,188865.0,187615.0,187770.0,317235,5,806477
WIN$D,M15,1770984000,187770.0,188505.0,187705.0,188025.0,253080,5,615495
WIN$D,M15,1770984900,188030.0,188990.0,187780.0,188860.0,225131,5,572779
WIN$D,M15,1770985800,188860.0,189515.0,188635.0,188760.0,245058,5,655789
WIN$D,M15,1770986700,188760.0,189125.0,188505.0,188675.0,162944,5,418059
WIN$D,M15,1770987600,188680.0,188950.0,188450.0,188650.0,151054,5,396403
WIN$D,M15,1770988500,188655.0,189400.0,188630.0,189370.0,148459,5,409128
WIN$D,M15,1770989400,189370.0,189475.0,189100.0,189305.0,134865,5,381189
WIN$D,M15,1770990300,189310.0,189680.0,189190.0,189360.0,114012,5,349607
WIN$D,M15,1770991200,189360.0,189595.0,189295.0,189490.0,90545,5,281532
WIN$D,M15,1770992100,189495.0,189535.0,189215.0,189340.0,93129,5,293977
WIN$D,M15,1770993000,189335.0,190015.0,189235.0,189935.0,133037,5,453095
WIN$D,M15,1770993900,189935.0,190095.0,189730.0,189970.0,111690,5,350191
WIN$D,M15,1770994800,189970.0,190080.0,189765.0,189905.0,95809,5,302041
WIN$D,M15,1770995700,189900.0,190045.0,189515.0,189955.0,119658,5,382839
WIN$D,M15,1770996600,189960.0,190310.0,189920.0,190115.0,127601,5,391934
WIN$D,M15,1770997500,190120.0,190330.0,189895.0,190095.0,106833,5,325239
WIN$D,M15,1770998400,190095.0,190210.0,189790.0,189885.0,93600,5,286768
WIN$D,M15,1770999300,189890.0,189915.0,189385.0,189695.0,149654,5,455144
WIN$D,M15,1771000200,189700.0,190220.0,189625.0,189885.0,122133,5,343374
WIN$D,M15,1771001100,189885.0,190175.0,189755.0,189815.0,99547,5,269755
WIN$D,M15,1771002000,189815.0,190105.0,189810.0,189900.0,72415,5,194297
WIN$D,M15,1771002900,189900.0,190000.0,189535.0,189730.0,74610,5,202133
WIN$D,M15,1771003800,189730.0,189910.0,189650.0,189760.0,54915,5,145729
WIN$D,M15,1771004700,189765.0,190280.0,189720.0,190135.0,60870,5,151719
WIN$D,M15,1771005600,190130.0,190415.0,189980.0,190320.0,50122,5,136512
WIN$D,M15,1771006500,190315.0,190505.0,190225.0,190410.0,14715,5,61122
WIN$D,M15,1771419600,190460.0,191695.0,190355.0,190585.0,402488,5,900674
WIN$D,M15,1771420500,190590.0,190620.0,189860.0,190075.0,296851,5,683820
WIN$D,M15,1771421400,190075.0,190480.0,190020.0,190125.0,206487,5,515061
WIN$D,M15,1771422300,190125.0,190320.0,189870.0,189975.0,171107,5,436612
WIN$D,M15,1771423200,189975.0,190015.0,189535.0,189820.0,172057,5,459872
WIN$D,M15,1771424100,189820.0,190730.0,189790.0,190580.0,201491,5,560484
WIN$D,M15,1771425000,190575.0,190690.0,190370.0,190405.0,153325,5,429651
WIN$D,M15,1771425900,190405.0,190720.0,190125.0,190185.0,168361,5,487241
WIN$D,M15,1771426800,190185.0,190275.0,189295.0,189530.0,205723,5,556511
WIN$D,M15,1771427700,189525.0,189810.0,189330.0,189725.0,134806,5,369512
WIN$D,M15,1771428600,189720.0,189730.0,189350.0,189365.0,128378,5,368714
WIN$D,M15,1771429500,189360.0,189540.0,189175.0,189455.0,131079,5,366091
WIN$D,M15,1771430400,189450.0,189655.0,188885.0,189055.0,148166,5,411526
WIN$D,M15,1771431300,189050.0,189145.0,188915.0,188970.0,104111,5,279158
WIN$D,M15,1771432200,188970.0,189100.0,188780.0,189035.0,108798,5,298702
WIN$D,M15,1771433100,189035.0,189145.0,188820.0,189075.0,101942,5,298201
WIN$D,M15,1771434000,189070.0,189480.0,189040.0,189115.0,122025,5,372133
WIN$D,M15,1771434900,189115.0,189180.0,188855.0,188890.0,88730,5,256432
WIN$D,M15,1771435800,188890.0,189405.0,188880.0,189335.0,102236,5,280668
WIN$D,M15,1771436700,189335.0,190035.0,189265.0,189905.0,113274,5,295397
WIN$D,M15,1771437600,189910.0,190190.0,189840.0,190025.0,67687,5,170438
WIN$D,M15,1771438500,190030.0,190185.0,189990.0,190175.0,16425,5,68735
WIN$D,M15,1771491600,190465.0,190575.0,189710.0,190305.0,338116,5,793354
WIN$D,M15,1771492500,190305.0,190515.0,190060.0,190380.0,217840,5,538178
WIN$D,M15,1771493400,190380.0,190705.0,189990.0,190510.0,235395,5,598033
WIN$D,M15,1771494300,190505.0,190615.0,190055.0,190580.0,214720,5,548316
WIN$D,M15,1771495200,190580.0,190600.0,189695.0,189830.0,329964,5,826816
WIN$D,M15,1771496100,189830.0,190355.0,189830.0,190050.0,270473,5,675152
WIN$D,M15,1771497000,190055.0,190795.0,189970.0,190305.0,291032,5,715708
WIN$D,M15,1771497900,190305.0,190440.0,190000.0,190240.0,218987,5,567941
WIN$D,M15,1771498800,190235.0,190255.0,189905.0,190075.0,184015,5,495340
WIN$D,M15,1771499700,190075.0,190290.0,189900.0,190095.0,149269,5,418876
WIN$D,M15,1771500600,190090.0,190150.0,189650.0,190015.0,267972,5,698019
WIN$D,M15,1771501500,190010.0,190575.0,189820.0,190500.0,217370,5,593399
WIN$D,M15,1771502400,190500.0,191675.0,190430.0,191340.0,325397,5,907683
WIN$D,M15,1771503300,191340.0,191770.0,191155.0,191710.0,215977,5,602108
WIN$D,M15,1771504200,191710.0,192215.0,191650.0,191925.0,183229,5,532730
WIN$D,M15,1771505100,191920.0,192295.0,191775.0,192280.0,159289,5,495641
WIN$D,M15,1771506000,192285.0,192445.0,192125.0,192240.0,137901,5,423745
WIN$D,M15,1771506900,192235.0,192385.0,192130.0,192240.0,100946,5,306826
WIN$D,M15,1771507800,192240.0,192405.0,192135.0,192180.0,85533,5,257883
WIN$D,M15,1771508700,192180.0,192325.0,191930.0,192160.0,144528,5,465733
WIN$D,M15,1771509600,192160.0,192205.0,191855.0,192035.0,106227,5,331994
WIN$D,M15,1771510500,192030.0,192550.0,192000.0,192440.0,147696,5,475503
WIN$D,M15,1771511400,192435.0,192565.0,192210.0,192275.0,98526,5,310862
WIN$D,M15,1771512300,192275.0,192300.0,192000.0,192055.0,101681,5,317571
WIN$D,M15,1771513200,192050.0,192230.0,191875.0,192230.0,96581,5,304105
WIN$D,M15,1771514100,192230.0,192270.0,191910.0,191980.0,108160,5,353052
WIN$D,M15,1771515000,191980.0,192025.0,191815.0,191890.0,87069,5,267841
WIN$D,M15,1771515900,191895.0,192145.0,191875.0,191990.0,87694,5,272944
WIN$D,M15,1771516800,191990.0,192030.0,191780.0,191930.0,81054,5,256829
WIN$D,M15,1771517700,191930.0,191945.0,191730.0,191895.0,77875,5,251796
WIN$D,M15,1771518600,191895.0,192005.0,191550.0,191665.0,108898,5,358033
WIN$D,M15,1771519500,191660.0,191780.0,191530.0,191675.0,79837,5,262325
WIN$D,M15,1771520400,191675.0,191855.0,191635.0,191670.0,72178,5,224499
WIN$D,M15,1771521300,191670.0,191745.0,191455.0,191745.0,87668,5,268180
WIN$D,M15,1771522200,191740.0,192110.0,191705.0,192040.0,99335,5,298384
WIN$D,M15,1771523100,192040.0,192260.0,191980.0,192135.0,102953,5,271895
WIN$D,M15,1771524000,192130.0,192400.0,192125.0,192225.0,57482,5,151988
WIN$D,M15,1771524900,192225.0,192275.0,192065.0,192250.0,18620,5,79906
WIN$D,M15,1771578000,192345.0,192475.0,191185.0,191225.0,310192,5,779602
WIN$D,M15,1771578900,191230.0,191260.0,190860.0,191020.0,176942,5,525749
WIN$D,M15,1771579800,191020.0,191025.0,190730.0,190790.0,174890,5,496878
WIN$D,M15,1771580700,190785.0,190820.0,190585.0,190700.0,145581,5,427379
WIN$D,M15,1771581600,190705.0,190930.0,190540.0,190735.0,234974,5,665592
WIN$D,M15,1771582500,190735.0,190935.0,190600.0,190825.0,182636,5,512003
WIN$D,M15,1771583400,190820.0,190940.0,190410.0,190505.0,263494,5,729529
WIN$D,M15,1771584300,190505.0,190740.0,190260.0,190600.0,203872,5,609773
WIN$D,M15,1771585200,190595.0,190690.0,190300.0,190515.0,160619,5,499549
WIN$D,M15,1771586100,190520.0,191270.0,190505.0,191120.0,220412,5,683801
WIN$D,M15,1771587000,191115.0,191470.0,190915.0,191325.0,290569,5,874419
WIN$D,M15,1771587900,191325.0,191465.0,191070.0,191400.0,198442,5,546028
WIN$D,M15,1771588800,191405.0,192330.0,191405.0,191905.0,444018,5,1124370
WIN$D,M15,1771589700,191905.0,192630.0,191845.0,192160.0,259080,5,699831
WIN$D,M15,1771590600,192160.0,192265.0,191735.0,192190.0,216055,5,601364
WIN$D,M15,1771591500,192195.0,192460.0,192020.0,192250.0,150603,5,428602
WIN$D,M15,1771592400,192250.0,192280.0,191915.0,192120.0,152380,5,458372
WIN$D,M15,1771593300,192120.0,192225.0,191840.0,191910.0,137009,5,406387
WIN$D,M15,1771594200,191910.0,192320.0,191855.0,192265.0,106515,5,321458
WIN$D,M15,1771595100,192260.0,192320.0,192140.0,192230.0,77198,5,239584
WIN$D,M15,1771596000,192225.0,192395.0,191925.0,191950.0,112862,5,349712
WIN$D,M15,1771596900,191950.0,191970.0,191340.0,191415.0,161371,5,506754
WIN$D,M15,1771597800,191415.0,191940.0,191405.0,191865.0,132491,5,424610
WIN$D,M15,1771598700,191865.0,192550.0,191855.0,192440.0,167432,5,538409
WIN$D,M15,1771599600,192435.0,192780.0,192435.0,192650.0,127721,5,402468
WIN$D,M15,1771600500,192650.0,192945.0,192450.0,192895.0,142697,5,435999
WIN$D,M15,1771601400,192895.0,193325.0,192720.0,193130.0,236985,5,733062
WIN$D,M15,1771602300,193135.0,193260.0,192910.0,192960.0,102538,5,315746
WIN$D,M15,1771603200,192960.0,193360.0,192830.0,193310.0,102152,5,343193
WIN$D,M15,1771604100,193315.0,193340.0,193125.0,193175.0,72550,5,226747
WIN$D,M15,1771605000,193170.0,193860.0,193170.0,193830.0,125154,5,422161
WIN$D,M15,1771605900,193820.0,194045.0,193740.0,193865.0,95243,5,324059
WIN$D,M15,1771606800,193870.0,194365.0,193820.0,194325.0,89867,5,300379
WIN$D,M15,1771607700,194330.0,194400.0,193995.0,194070.0,90426,5,310056
WIN$D,M15,1771608600,194065.0,194240.0,193850.0,194110.0,69428,5,219448
WIN$D,M15,1771609500,194105.0,194200.0,193945.0,194125.0,69970,5,187890
WIN$D,M15,1771610400,194130.0,194270.0,194040.0,194210.0,52335,5,137995
WIN$D,M15,1771611300,194210.0,194230.0,193745.0,193745.0,25122,5,94778
WIN$D,M15,1771837200,193590.0,193830.0,193240.0,193395.0,276230,5,680096
WIN$D,M15,1771838100,193390.0,193430.0,192650.0,192925.0,266015,5,700959
WIN$D,M15,1771839000,192925.0,192930.0,192475.0,192725.0,207865,5,573566
WIN$D,M15,1771839900,192730.0,192835.0,192455.0,192560.0,179457,5,518130
WIN$D,M15,1771840800,192560.0,193380.0,192560.0,193015.0,323296,5,908397
WIN$D,M15,1771841700,193015.0,193160.0,192710.0,193110.0,254170,5,693973
WIN$D,M15,1771842600,193110.0,193235.0,192670.0,192730.0,218012,5,586835
WIN$D,M15,1771843500,192735.0,193065.0,192580.0,193025.0,193095,5,549206
WIN$D,M15,1771844400,193025.0,193315.0,192925.0,193120.0,183415,5,527917
WIN$D,M15,1771845300,193115.0,193330.0,192890.0,192920.0,148996,5,437175
WIN$D,M15,1771846200,192915.0,194130.0,192910.0,194030.0,371643,5,1108745
WIN$D,M15,1771847100,194030.0,194675.0,193970.0,194435.0,261943,5,776062
WIN$D,M15,1771848000,194440.0,194550.0,193435.0,193485.0,236712,5,678740
WIN$D,M15,1771848900,193480.0,193675.0,193135.0,193320.0,185255,5,541324
WIN$D,M15,1771849800,193325.0,193335.0,192860.0,193005.0,153123,5,455595
WIN$D,M15,1771850700,193005.0,193080.0,192400.0,192470.0,163669,5,515613
WIN$D,M15,1771851600,192475.0,192550.0,192200.0,192295.0,173039,5,545650
WIN$D,M15,1771852500,192295.0,192410.0,192050.0,192295.0,153690,5,483381
WIN$D,M15,1771853400,192290.0,192460.0,192140.0,192355.0,129426,5,414161
WIN$D,M15,1771854300,192350.0,192385.0,192180.0,192350.0,82651,5,254919
WIN$D,M15,1771855200,192345.0,192580.0,192110.0,192385.0,144200,5,481946
WIN$D,M15,1771856100,192385.0,192480.0,192220.0,192405.0,87038,5,269858
WIN$D,M15,1771857000,192410.0,192485.0,192135.0,192320.0,114099,5,373690
WIN$D,M15,1771857900,192320.0,192835.0,192200.0,192670.0,126020,5,406922
WIN$D,M15,1771858800,192665.0,192905.0,192630.0,192815.0,101897,5,328942
WIN$D,M15,1771859700,192810.0,192995.0,192725.0,192885.0,90834,5,288131
WIN$D,M15,1771860600,192890.0,192995.0,192705.0,192745.0,90526,5,303773
WIN$D,M15,1771861500,192745.0,192930.0,192665.0,192745.0,92664,5,307190
WIN$D,M15,1771862400,192750.0,192795.0,192295.0,192410.0,112346,5,361455
WIN$D,M15,1771863300,192405.0,192545.0,192125.0,192395.0,100242,5,320938
WIN$D,M15,1771864200,192400.0,192485.0,192190.0,192215.0,76595,5,237513
WIN$D,M15,1771865100,192215.0,192460.0,192170.0,192350.0,76598,5,244356
WIN$D,M15,1771866000,192350.0,192560.0,192300.0,192310.0,75644,5,242261
WIN$D,M15,1771866900,192310.0,192425.0,192220.0,192400.0,73901,5,233813
WIN$D,M15,1771867800,192395.0,192685.0,192380.0,192480.0,74656,5,215273
WIN$D,M15,1771868700,192480.0,192590.0,192385.0,192515.0,66464,5,177296
WIN$D,M15,1771869600,192515.0,192580.0,192320.0,192445.0,56008,5,140424
WIN$D,M15,1771870500,192440.0,192575.0,192355.0,192475.0,21304,5,82322
WIN$D,M15,1771923600,192720.0,194190.0,192515.0,194165.0,399645,5,999517
WIN$D,M15,1771924500,194165.0,194215.0,193210.0,193240.0,279027,5,731999
WIN$D,M15,1771925400,193240.0,193395.0,193080.0,193305.0,181949,5,483658
WIN$D,M15,1771926300,193300.0,193665.0,193245.0,193505.0,169477,5,454550
WIN$D,M15,1771927200,193505.0,193645.0,192910.0,193445.0,302953,5,814556
WIN$D,M15,1771928100,193445.0,193820.0,193310.0,193670.0,224399,5,596177
WIN$D,M15,1771929000,193665.0,194290.0,193290.0,193505.0,328622,5,934816
WIN$D,M15,1771929900,193510.0,193640.0,193080.0,193505.0,223685,5,632087
WIN$D,M15,1771930800,193505.0,194065.0,193490.0,193615.0,228124,5,647962
WIN$D,M15,1771931700,193610.0,193845.0,193430.0,193615.0,167117,5,477603
WIN$D,M15,1771932600,193620.0,193810.0,193155.0,193630.0,301913,5,828757
WIN$D,M15,1771933500,193630.0,194130.0,193510.0,193940.0,238867,5,656731
WIN$D,M15,1771934400,193940.0,194750.0,193770.0,194605.0,251348,5,725342
WIN$D,M15,1771935300,194605.0,194800.0,194360.0,194710.0,207695,5,619684
WIN$D,M15,1771936200,194705.0,194900.0,194445.0,194605.0,157388,5,461907
WIN$D,M15,1771937100,194610.0,194965.0,194580.0,194750.0,134577,5,421552
WIN$D,M15,1771938000,194750.0,195000.0,194630.0,194890.0,134560,5,432798
WIN$D,M15,1771938900,194885.0,195160.0,194710.0,195115.0,122044,5,393237
WIN$D,M15,1771939800,195120.0,195295.0,194855.0,194910.0,132735,5,440868
WIN$D,M15,1771940700,194905.0,194990.0,194735.0,194835.0,95760,5,307553
WIN$D,M15,1771941600,194835.0,195355.0,194835.0,195305.0,118150,5,386617
WIN$D,M15,1771942500,195305.0,195360.0,195160.0,195240.0,81144,5,273575
WIN$D,M15,1771943400,195235.0,195395.0,195180.0,195240.0,78239,5,272765
WIN$D,M15,1771944300,195240.0,195300.0,194870.0,194945.0,97460,5,324255
WIN$D,M15,1771945200,194940.0,195095.0,194805.0,194860.0,83629,5,270341
WIN$D,M15,1771946100,194860.0,195020.0,194805.0,194965.0,71692,5,245509
WIN$D,M15,1771947000,194960.0,195210.0,194915.0,195160.0,106160,5,371860
WIN$D,M15,1771947900,195165.0,195170.0,194900.0,194935.0,57308,5,190459
WIN$D,M15,1771948800,194930.0,195055.0,194690.0,194920.0,99210,5,335659
WIN$D,M15,1771949700,194920.0,194930.0,194490.0,194820.0,112216,5,382476
WIN$D,M15,1771950600,194815.0,195050.0,194805.0,195000.0,72697,5,242895
WIN$D,M15,1771951500,195005.0,195155.0,194805.0,195010.0,91112,5,308458
WIN$D,M15,1771952400,195005.0,195010.0,194710.0,194720.0,71028,5,232461
WIN$D,M15,1771953300,194720.0,194935.0,194715.0,194785.0,56855,5,184134
WIN$D,M15,1771954200,194790.0,195045.0,194665.0,195035.0,66357,5,203253
WIN$D,M15,1771955100,195035.0,195380.0,194910.0,195185.0,80822,5,244029
WIN$D,M15,1771956000,195185.0,195210.0,194965.0,195100.0,47734,5,133351
WIN$D,M15,1771956900,195100.0,195145.0,194975.0,195030.0,19997,5,76290
WIN$D,M15,1772010000,196500.0,197760.0,195835.0,196990.0,507020,5,1100361
WIN$D,M15,1772010900,196990.0,197080.0,196360.0,196370.0,259450,5,603286
WIN$D,M15,1772011800,196370.0,196560.0,196215.0,196395.0,178973,5,428592
WIN$D,M15,1772012700,196395.0,196725.0,196295.0,196660.0,163155,5,404973
WIN$D,M15,1772013600,196660.0,196710.0,195780.0,195865.0,270404,5,679766
WIN$D,M15,1772014500,195870.0,195930.0,195395.0,195645.0,219233,5,564416
WIN$D,M15,1772015400,195645.0,195830.0,195070.0,195150.0,205564,5,565054
WIN$D,M15,1772016300,195155.0,195380.0,194660.0,194965.0,246789,5,711095
WIN$D,M15,1772017200,194965.0,195380.0,194910.0,195305.0,223516,5,651511
WIN$D,M15,1772018100,195305.0,195625.0,195190.0,195295.0,187195,5,540530
WIN$D,M15,1772019000,195295.0,195460.0,194775.0,194905.0,254976,5,722948
WIN$D,M15,1772019900,194905.0,195060.0,194355.0,194525.0,202381,5,599414
WIN$D,M15,1772020800,194525.0,194630.0,194280.0,194360.0,152410,5,444736
WIN$D,M15,1772021700,194365.0,194610.0,194285.0,194470.0,146449,5,439330
WIN$D,M15,1772022600,194475.0,194475.0,194060.0,194275.0,154977,5,477583
WIN$D,M15,1772023500,194280.0,194635.0,194180.0,194545.0,128498,5,395886
WIN$D,M15,1772024400,194540.0,194720.0,194500.0,194680.0,122782,5,389626
WIN$D,M15,1772025300,194680.0,194795.0,194485.0,194580.0,106053,5,331190
WIN$D,M15,1772026200,194580.0,194680.0,194465.0,194535.0,75861,5,237066
WIN$D,M15,1772027100,194530.0,194680.0,194430.0,194645.0,72420,5,226996
WIN$D,M15,1772028000,194640.0,194795.0,194625.0,194650.0,79881,5,258565
WIN$D,M15,1772028900,194655.0,194695.0,194490.0,194640.0,78135,5,251659
WIN$D,M15,1772029800,194640.0,195010.0,194605.0,194860.0,109181,5,357373
WIN$D,M15,1772030700,194855.0,195145.0,194790.0,195075.0,85398,5,277279
WIN$D,M15,1772031600,195080.0,195115.0,194725.0,194795.0,90325,5,277164
WIN$D,M15,1772032500,194800.0,194945.0,194785.0,194850.0,63608,5,196419
WIN$D,M15,1772033400,194855.0,194915.0,194560.0,194630.0,87141,5,279055
WIN$D,M15,1772034300,194630.0,194690.0,194190.0,194310.0,124487,5,404317
WIN$D,M15,1772035200,194310.0,194325.0,193670.0,193935.0,169082,5,567555
WIN$D,M15,1772036100,193935.0,194265.0,193935.0,193990.0,97469,5,321477
WIN$D,M15,1772037000,193995.0,194155.0,193945.0,194075.0,75680,5,236284
WIN$D,M15,1772037900,194075.0,194210.0,194010.0,194095.0,63962,5,194618
WIN$D,M15,1772038800,194095.0,194220.0,193820.0,193910.0,87831,5,283191
WIN$D,M15,1772039700,193910.0,194175.0,193910.0,194085.0,73803,5,241941
WIN$D,M15,1772040600,194090.0,194575.0,194085.0,194555.0,106665,5,357706
WIN$D,M15,1772041500,194555.0,194665.0,194325.0,194495.0,97087,5,277845
WIN$D,M15,1772042400,194495.0,194645.0,194345.0,194425.0,47393,5,141694
WIN$D,M15,1772043300,194420.0,194465.0,194310.0,194310.0,18072,5,80812
WIN$D,M15,1772096400,194005.0,194600.0,193830.0,194495.0,388291,5,974293
WIN$D,M15,1772097300,194495.0,194650.0,194100.0,194530.0,269226,5,687345
WIN$D,M15,1772098200,194525.0,194540.0,193815.0,194060.0,252411,5,662482
WIN$D,M15,1772099100,194055.0,194300.0,193985.0,194295.0,160230,5,431502
WIN$D,M15,1772100000,194295.0,195035.0,194275.0,194690.0,367702,5,1026943
WIN$D,M15,1772100900,194690.0,194780.0,193945.0,194045.0,263321,5,719917
WIN$D,M15,1772101800,194045.0,194260.0,193555.0,194155.0,277050,5,744708
WIN$D,M15,1772102700,194155.0,194350.0,194030.0,194240.0,183843,5,527524
WIN$D,M15,1772103600,194240.0,194550.0,194175.0,194250.0,195736,5,572961
WIN$D,M15,1772104500,194250.0,194435.0,194035.0,194200.0,173670,5,526643
WIN$D,M15,1772105400,194205.0,194270.0,193435.0,193460.0,330528,5,974531
WIN$D,M15,1772106300,193465.0,193475.0,193050.0,193350.0,225600,5,676075
WIN$D,M15,1772107200,193350.0,193540.0,192975.0,193010.0,230558,5,693816
WIN$D,M15,1772108100,193005.0,193005.0,192170.0,192670.0,266089,5,824994
WIN$D,M15,1772109000,192665.0,193185.0,192490.0,193110.0,217327,5,667964
WIN$D,M15,1772109900,193110.0,193405.0,192825.0,193375.0,168149,5,510793
WIN$D,M15,1772110800,193370.0,193585.0,193230.0,193550.0,149160,5,456413
WIN$D,M15,1772111700,193550.0,194040.0,193530.0,193935.0,139107,5,442992
WIN$D,M15,1772112600,193930.0,194030.0,193530.0,193535.0,122533,5,382466
WIN$D,M15,1772113500,193535.0,193630.0,193305.0,193330.0,123946,5,388759
WIN$D,M15,1772114400,193330.0,193665.0,193300.0,193530.0,103086,5,318895
WIN$D,M15,1772115300,193535.0,193555.0,193155.0,193180.0,116235,5,384266
WIN$D,M15,1772116200,193180.0,193485.0,193060.0,193295.0,119765,5,393014
WIN$D,M15,1772117100,193300.0,193355.0,193050.0,193300.0,90736,5,292298
WIN$D,M15,1772118000,193295.0,193560.0,193220.0,193485.0,94426,5,285568
WIN$D,M15,1772118900,193485.0,193620.0,193385.0,193395.0,79822,5,246556
WIN$D,M15,1772119800,193395.0,193915.0,193330.0,193845.0,150485,5,467380
WIN$D,M15,1772120700,193840.0,193965.0,193705.0,193805.0,103340,5,306442
WIN$D,M15,1772121600,193800.0,194140.0,193775.0,194045.0,100013,5,320272
WIN$D,M15,1772122500,194045.0,194260.0,193965.0,194010.0,98284,5,325039
WIN$D,M15,1772123400,194010.0,194105.0,193930.0,194010.0,67788,5,214061
WIN$D,M15,1772124300,194005.0,194225.0,193955.0,194145.0,70330,5,226779
WIN$D,M15,1772125200,194145.0,194415.0,194115.0,194315.0,85548,5,280684
WIN$D,M15,1772126100,194315.0,194400.0,194150.0,194305.0,64713,5,209299
WIN$D,M15,1772127000,194300.0,194515.0,194295.0,194470.0,57500,5,176491
WIN$D,M15,1772127900,194465.0,194525.0,194225.0,194325.0,73687,5,216388
WIN$D,M15,1772128800,194320.0,194485.0,194160.0,194180.0,52685,5,158080
WIN$D,M15,1772129700,194180.0,194255.0,194085.0,194255.0,16881,5,72009
WIN$D,M15,1772182800,194155.0,194300.0,192170.0,193030.0,429820,5,1014623
WIN$D,M15,1772183700,193035.0,194040.0,193010.0,193435.0,348445,5,847184
WIN$D,M15,1772184600,193430.0,193705.0,193140.0,193145.0,216645,5,509117
WIN$D,M15,1772185500,193150.0,193630.0,192870.0,193620.0,212346,5,530906
WIN$D,M15,1772186400,193615.0,193695.0,193205.0,193340.0,245748,5,618926
WIN$D,M15,1772187300,193335.0,193660.0,192750.0,192860.0,246487,5,667845
WIN$D,M15,1772188200,192865.0,193000.0,192520.0,192860.0,284131,5,705782
WIN$D,M15,1772189100,192860.0,193240.0,192710.0,193090.0,215246,5,584602
WIN$D,M15,1772190000,193095.0,193430.0,192985.0,193425.0,164878,5,463157
WIN$D,M15,1772190900,193430.0,193445.0,192930.0,193255.0,203386,5,603972
WIN$D,M15,1772191800,193255.0,194200.0,193125.0,193250.0,390035,5,1101209
WIN$D,M15,1772192700,193250.0,193470.0,192895.0,193065.0,263893,5,660863
WIN$D,M15,1772193600,193065.0,193685.0,193015.0,193075.0,260969,5,680792
WIN$D,M15,1772194500,193070.0,193350.0,192830.0,193280.0,187188,5,511831
WIN$D,M15,1772195400,193275.0,193675.0,192975.0,193580.0,151329,5,421385
WIN$D,M15,1772196300,193580.0,193635.0,193185.0,193480.0,153591,5,437383
WIN$D,M15,1772197200,193480.0,193670.0,193330.0,193580.0,106477,5,297528
WIN$D,M15,1772198100,193585.0,193695.0,192940.0,192975.0,141152,5,422313
WIN$D,M15,1772199000,192980.0,193115.0,192895.0,192975.0,108787,5,312970
WIN$D,M15,1772199900,192980.0,193140.0,192765.0,192800.0,115431,5,333576
WIN$D,M15,1772200800,192800.0,193085.0,192680.0,192770.0,125883,5,380507
WIN$D,M15,1772201700,192775.0,192840.0,192445.0,192505.0,120434,5,356820
WIN$D,M15,1772202600,192505.0,192630.0,192255.0,192350.0,141476,5,428693
WIN$D,M15,1772203500,192350.0,192580.0,192330.0,192460.0,101387,5,312498
WIN$D,M15,1772204400,192460.0,192830.0,192450.0,192695.0,113679,5,349858
WIN$D,M15,1772205300,192690.0,192790.0,192580.0,192715.0,91889,5,285251
WIN$D,M15,1772206200,192715.0,192855.0,192645.0,192670.0,84470,5,268841
WIN$D,M15,1772207100,192670.0,192890.0,192545.0,192845.0,85968,5,269700
WIN$D,M15,1772208000,192845.0,192920.0,192550.0,192620.0,87244,5,274734
WIN$D,M15,1772208900,192620.0,192625.0,191935.0,191960.0,135041,5,456411
WIN$D,M15,1772209800,191960.0,192050.0,191650.0,191715.0,137397,5,467166
WIN$D,M15,1772210700,191710.0,191965.0,191690.0,191830.0,99863,5,324221
WIN$D,M15,1772211600,191835.0,192010.0,191740.0,191830.0,84826,5,281421
WIN$D,M15,1772212500,191830.0,192225.0,191760.0,192145.0,102483,5,341436
WIN$D,M15,1772213400,192145.0,192410.0,192025.0,192090.0,101714,5,312080
WIN$D,M15,1772214300,192090.0,192120.0,191655.0,191920.0,91071,5,236300
WIN$D,M15,1772215200,191920.0,192015.0,191675.0,191820.0,66134,5,154752
WIN$D,M15,1772216100,191825.0,191840.0,191550.0,191550.0,17878,5,61915
WIN$D,M15,1772442000,190135.0,191065.0,189850.0,191035.0,341827,5,810108
WIN$D,M15,1772442900,191035.0,191210.0,190585.0,190905.0,250980,5,614679
WIN$D,M15,1772443800,190900.0,190905.0,190040.0,190085.0,235957,5,576579
WIN$D,M15,1772444700,190090.0,190260.0,189705.0,189875.0,250442,5,646526
WIN$D,M15,1772445600,189875.0,190535.0,189845.0,190220.0,324046,5,831473
WIN$D,M15,1772446500,190225.0,191110.0,190175.0,190695.0,316807,5,825946
WIN$D,M15,1772447400,190695.0,191170.0,190540.0,190680.0,257242,5,711439
WIN$D,M15,1772448300,190680.0,190725.0,189680.0,189740.0,246263,5,702978
WIN$D,M15,1772449200,189740.0,190560.0,189555.0,190370.0,247732,5,731161
WIN$D,M15,1772450100,190365.0,190610.0,189960.0,190460.0,210963,5,616558
WIN$D,M15,1772451000,190460.0,191015.0,190235.0,190685.0,347596,5,944828
WIN$D,M15,1772451900,190680.0,191745.0,190575.0,191370.0,298248,5,844566
WIN$D,M15,1772452800,191375.0,192135.0,191220.0,191995.0,247026,5,662604
WIN$D,M15,1772453700,191995.0,192015.0,191265.0,191415.0,223914,5,635381
WIN$D,M15,1772454600,191410.0,191595.0,191000.0,191365.0,181857,5,518089
WIN$D,M15,1772455500,191365.0,191395.0,190955.0,191010.0,140669,5,413469
WIN$D,M15,1772456400,191005.0,191580.0,190860.0,191430.0,177854,5,547714
WIN$D,M15,1772457300,191430.0,191465.0,191060.0,191215.0,132744,5,400959
WIN$D,M15,1772458200,191210.0,191750.0,191045.0,191620.0,158928,5,489870
WIN$D,M15,1772459100,191625.0,191860.0,191330.0,191360.0,139291,5,431538
WIN$D,M15,1772460000,191365.0,191815.0,191305.0,191780.0,128543,5,399408
WIN$D,M15,1772460900,191780.0,191880.0,191605.0,191805.0,112652,5,345432
WIN$D,M15,1772461800,191805.0,191950.0,191530.0,191735.0,127382,5,391825
WIN$D,M15,1772462700,191735.0,192110.0,191715.0,192035.0,111393,5,366991
WIN$D,M15,1772463600,192040.0,192205.0,191820.0,192180.0,113209,5,360039
WIN$D,M15,1772464500,192185.0,192185.0,191810.0,192085.0,108526,5,343342
WIN$D,M15,1772465400,192075.0,192305.0,191965.0,192090.0,127819,5,410445
WIN$D,M15,1772466300,192095.0,192230.0,191960.0,192155.0,92722,5,296989
WIN$D,M15,1772467200,192150.0,192895.0,192145.0,192845.0,146056,5,514892
WIN$D,M15,1772468100,192845.0,193230.0,192765.0,193100.0,145597,5,494685
WIN$D,M15,1772469000,193100.0,193250.0,192960.0,192975.0,95048,5,306404
WIN$D,M15,1772469900,192980.0,193065.0,192780.0,192895.0,100563,5,327477
WIN$D,M15,1772470800,192895.0,192925.0,191855.0,191955.0,225512,5,700815
WIN$D,M15,1772471700,191950.0,192495.0,191915.0,192010.0,169948,5,494669
WIN$D,M15,1772472600,192005.0,192390.0,191995.0,192225.0,102708,5,270777
WIN$D,M15,1772473500,192230.0,192390.0,192150.0,192160.0,76024,5,179495
WIN$D,M15,1772474400,192160.0,192450.0,192135.0,192265.0,65177,5,159933
WIN$D,M15,1772475300,192270.0,192400.0,192165.0,192400.0,20618,5,74782
WIN$D,M15,1772528400,188750.0,188750.0,186865.0,188130.0,448159,5,1218683
WIN$D,M15,1772529300,188125.0,188400.0,187825.0,188100.0,290958,5,687118
WIN$D,M15,1772530200,188100.0,188105.0,187375.0,187515.0,272330,5,706218
WIN$D,M15,1772531100,187515.0,187730.0,186915.0,187265.0,286161,5,778911
WIN$D,M15,1772532000,187265.0,187465.0,186110.0,186205.0,376295,5,1004389
WIN$D,M15,1772532900,186205.0,186740.0,185930.0,186080.0,324261,5,875654
WIN$D,M15,1772533800,186080.0,186310.0,185760.0,185910.0,281297,5,794054
WIN$D,M15,1772534700,185915.0,185990.0,185350.0,185620.0,289615,5,846412
WIN$D,M15,1772535600,185610.0,185765.0,185065.0,185280.0,261593,5,748994
WIN$D,M15,1772536500,185285.0,185310.0,184950.0,185180.0,207440,5,601175
WIN$D,M15,1772537400,185175.0,185615.0,183395.0,183425.0,543044,5,1521628
WIN$D,M15,1772538300,183425.0,184380.0,183395.0,183810.0,379863,5,982785
WIN$D,M15,1772539200,183805.0,184200.0,183175.0,183720.0,335570,5,877858
WIN$D,M15,1772540100,183720.0,184215.0,183375.0,183955.0,255525,5,699319
WIN$D,M15,1772541000,183950.0,184165.0,183545.0,183755.0,248874,5,702824
WIN$D,M15,1772541900,183755.0,184450.0,183660.0,184420.0,236074,5,706540
WIN$D,M15,1772542800,184415.0,185095.0,184400.0,184990.0,248918,5,743016
WIN$D,M15,1772543700,184995.0,185615.0,184990.0,185480.0,215776,5,651651
WIN$D,M15,1772544600,185480.0,185490.0,184780.0,185290.0,239426,5,703330
WIN$D,M15,1772545500,185290.0,185745.0,185140.0,185585.0,227364,5,641255
WIN$D,M15,1772546400,185590.0,185690.0,185075.0,185640.0,204758,5,586688
WIN$D,M15,1772547300,185640.0,186085.0,185420.0,185960.0,181994,5,531966
WIN$D,M15,1772548200,185960.0,186090.0,185350.0,185975.0,185811,5,537390
WIN$D,M15,1772549100,185970.0,186160.0,185650.0,185795.0,164374,5,482167
WIN$D,M15,1772550000,185795.0,186380.0,185700.0,186320.0,166228,5,515078
WIN$D,M15,1772550900,186320.0,186890.0,186265.0,186630.0,169134,5,532191
WIN$D,M15,1772551800,186625.0,187645.0,186585.0,187505.0,229650,5,726119
WIN$D,M15,1772552700,187510.0,187665.0,186935.0,187090.0,188233,5,560411
WIN$D,M15,1772553600,187090.0,187390.0,186430.0,186590.0,205432,5,624295
WIN$D,M15,1772554500,186590.0,186635.0,185940.0,186040.0,197380,5,591014
WIN$D,M15,1772555400,186040.0,186875.0,185760.0,186725.0,258775,5,783756
WIN$D,M15,1772556300,186725.0,187080.0,185845.0,185930.0,207984,5,650844
WIN$D,M15,1772557200,185930.0,186200.0,185605.0,185890.0,152234,5,478299
WIN$D,M15,1772558100,185890.0,186455.0,185875.0,186280.0,127713,5,392126
WIN$D,M15,1772559000,186280.0,186490.0,185385.0,185530.0,144209,5,423904
WIN$D,M15,1772559900,185530.0,185870.0,185435.0,185715.0,106606,5,286972
WIN$D,M15,1772560800,185715.0,185775.0,185120.0,185165.0,105025,5,246309
WIN$D,M15,1772561700,185170.0,185285.0,184950.0,185000.0,26889,5,115216
WIN$D,M15,1772614800,185995.0,187890.0,185935.0,187660.0,348241,5,865720
WIN$D,M15,1772615700,187660.0,187690.0,187150.0,187335.0,279322,5,719620
WIN$D,M15,1772616600,187340.0,187790.0,187135.0,187750.0,253322,5,690799
WIN$D,M15,1772617500,187750.0,188420.0,187655.0,188370.0,234193,5,645292
WIN$D,M15,1772618400,188365.0,189175.0,188280.0,188955.0,337051,5,917016
WIN$D,M15,1772619300,188955.0,189250.0,188625.0,188995.0,251621,5,667556
WIN$D,M15,1772620200,188990.0,189010.0,187795.0,187940.0,292902,5,861559
WIN$D,M15,1772621100,187935.0,188205.0,187780.0,188100.0,215893,5,625215
WIN$D,M15,1772622000,188100.0,188340.0,187655.0,187815.0,226016,5,661258
WIN$D,M15,1772622900,187815.0,188120.0,187370.0,187425.0,204244,5,607598
WIN$D,M15,1772623800,187420.0,187575.0,186460.0,186480.0,427849,5,1201066
WIN$D,M15,1772624700,186475.0,186715.0,186070.0,186550.0,300790,5,791336
WIN$D,M15,1772625600,186550.0,186980.0,186320.0,186590.0,271749,5,759963
WIN$D,M15,1772626500,186590.0,187330.0,186575.0,187265.0,183863,5,506108
WIN$D,M15,1772627400,187270.0,187325.0,186835.0,186960.0,160125,5,462303
WIN$D,M15,1772628300,186960.0,187190.0,186735.0,187045.0,167811,5,506979
WIN$D,M15,1772629200,187045.0,187110.0,186550.0,186650.0,152889,5,467976
WIN$D,M15,1772630100,186655.0,186935.0,186410.0,186700.0,161340,5,483640
WIN$D,M15,1772631000,186705.0,187010.0,186655.0,186955.0,127034,5,382804
WIN$D,M15,1772631900,186955.0,187265.0,186930.0,187255.0,109699,5,341545
WIN$D,M15,1772632800,187255.0,187660.0,187225.0,187580.0,145652,5,479801
WIN$D,M15,1772633700,187585.0,187675.0,187250.0,187325.0,141130,5,452924
WIN$D,M15,1772634600,187330.0,187625.0,187035.0,187610.0,146443,5,475803
WIN$D,M15,1772635500,187615.0,187765.0,187480.0,187510.0,103150,5,336344
WIN$D,M15,1772636400,187515.0,187595.0,187165.0,187205.0,117834,5,395369
WIN$D,M15,1772637300,187205.0,187595.0,187050.0,187560.0,122624,5,409273
WIN$D,M15,1772638200,187560.0,188000.0,187515.0,187950.0,103997,5,345205
WIN$D,M15,1772639100,187955.0,188120.0,187855.0,188015.0,106927,5,364779
WIN$D,M15,1772640000,188015.0,188085.0,187785.0,188050.0,105574,5,353825
WIN$D,M15,1772640900,188050.0,188090.0,187760.0,187915.0,84745,5,280083
WIN$D,M15,1772641800,187910.0,188485.0,187860.0,188395.0,113039,5,393098
WIN$D,M15,1772642700,188400.0,188645.0,188255.0,188490.0,112812,5,388859
WIN$D,M15,1772643600,188490.0,188590.0,188120.0,188560.0,108658,5,369577
WIN$D,M15,1772644500,188565.0,188675.0,188380.0,188585.0,87565,5,294043
WIN$D,M15,1772645400,188585.0,188940.0,188565.0,188695.0,88024,5,289414
WIN$D,M15,1772646300,188695.0,188900.0,188000.0,188125.0,137747,5,400592
WIN$D,M15,1772647200,188120.0,188235.0,187750.0,187870.0,85899,5,212338
WIN$D,M15,1772648100,187875.0,187875.0,187445.0,187685.0,22953,5,87140
WIN$D,M15,1772701200,187000.0,187285.0,186370.0,186775.0,340913,5,871735
WIN$D,M15,1772702100,186775.0,188410.0,186700.0,187990.0,385595,5,941773
WIN$D,M15,1772703000,187985.0,188010.0,187105.0,187205.0,295049,5,729233
WIN$D,M15,1772703900,187205.0,187490.0,186950.0,187140.0,202563,5,523339
WIN$D,M15,1772704800,187135.0,187435.0,186745.0,187125.0,337168,5,893542
WIN$D,M15,1772705700,187125.0,187390.0,186715.0,187170.0,255403,5,695552
WIN$D,M15,1772706600,187175.0,187375.0,186585.0,186880.0,260416,5,685431
WIN$D,M15,1772707500,186880.0,187330.0,186135.0,186140.0,282672,5,805479
WIN$D,M15,1772708400,186135.0,186540.0,185795.0,185900.0,304148,5,866032
WIN$D,M15,1772709300,185895.0,185995.0,184910.0,185235.0,302908,5,929155
WIN$D,M15,1772710200,185225.0,185695.0,184330.0,184520.0,378402,5,1072887
WIN$D,M15,1772711100,184525.0,185375.0,184410.0,185195.0,274963,5,767160
WIN$D,M15,1772712000,185195.0,185610.0,184710.0,184810.0,268198,5,710317
WIN$D,M15,1772712900,184810.0,184845.0,183820.0,184140.0,290475,5,790014
WIN$D,M15,1772713800,184145.0,184450.0,183875.0,184140.0,238736,5,665575
WIN$D,M15,1772714700,184140.0,184320.0,183745.0,184195.0,183165,5,525483
WIN$D,M15,1772715600,184195.0,184350.0,183350.0,183525.0,243396,5,720535
WIN$D,M15,1772716500,183520.0,184245.0,183460.0,184105.0,204307,5,587528
WIN$D,M15,1772717400,184105.0,184565.0,183920.0,184180.0,215812,5,612033
WIN$D,M15,1772718300,184185.0,184660.0,184110.0,184390.0,165413,5,490828
WIN$D,M15,1772719200,184395.0,184580.0,183985.0,184035.0,181540,5,557935
WIN$D,M15,1772720100,184035.0,184120.0,183580.0,183615.0,185066,5,567172
WIN$D,M15,1772721000,183615.0,183690.0,182905.0,183455.0,255629,5,788535
WIN$D,M15,1772721900,183460.0,183890.0,183370.0,183485.0,178068,5,485527
WIN$D,M15,1772722800,183480.0,183630.0,183105.0,183500.0,177552,5,495232
WIN$D,M15,1772723700,183495.0,183595.0,182440.0,182815.0,235747,5,703458
WIN$D,M15,1772724600,182820.0,183400.0,182675.0,183390.0,189818,5,532807
WIN$D,M15,1772725500,183385.0,183450.0,182855.0,183215.0,148082,5,435110
WIN$D,M15,1772726400,183215.0,183350.0,182970.0,183265.0,138250,5,432808
WIN$D,M15,1772727300,183260.0,183780.0,182880.0,183110.0,176766,5,577843
WIN$D,M15,1772728200,183115.0,183470.0,182755.0,183280.0,168706,5,529115
WIN$D,M15,1772729100,183280.0,183535.0,182985.0,183130.0,136617,5,421668
WIN$D,M15,1772730000,183130.0,183705.0,182900.0,183635.0,222285,5,702859
WIN$D,M15,1772730900,183640.0,184200.0,183475.0,183705.0,180903,5,570873
WIN$D,M15,1772731800,183705.0,183750.0,183140.0,183380.0,123657,5,357405
WIN$D,M15,1772732700,183380.0,183615.0,183040.0,183315.0,147022,5,398990
WIN$D,M15,1772733600,183315.0,183355.0,182695.0,182910.0,106805,5,284260
WIN$D,M15,1772734500,182910.0,183130.0,182805.0,182805.0,19426,5,85920
WIN$D,M15,1772787600,181500.0,182100.0,181020.0,181795.0,358428,5,941439
WIN$D,M15,1772788500,181800.0,182700.0,181770.0,182620.0,327346,5,811528
WIN$D,M15,1772789400,182615.0,182735.0,182045.0,182175.0,290019,5,727848
WIN$D,M15,1772790300,182175.0,182290.0,181620.0,182040.0,230910,5,599355
WIN$D,M15,1772791200,182035.0,183055.0,181975.0,182895.0,349725,5,880293
WIN$D,M15,1772792100,182900.0,183395.0,182550.0,183075.0,252443,5,647058
WIN$D,M15,1772793000,183070.0,183790.0,182850.0,183035.0,373682,5,853975
WIN$D,M15,1772793900,183030.0,183045.0,181505.0,181760.0,425143,5,1115641
WIN$D,M15,1772794800,181760.0,181845.0,181070.0,181610.0,348187,5,923555
WIN$D,M15,1772795700,181605.0,182040.0,181355.0,182005.0,238559,5,628963
WIN$D,M15,1772796600,182005.0,182140.0,181275.0,181640.0,422393,5,1077161
WIN$D,M15,1772797500,181635.0,182010.0,181035.0,181250.0,306940,5,768007
WIN$D,M15,1772798400,181250.0,181995.0,181010.0,181810.0,292917,5,732803
WIN$D,M15,1772799300,181810.0,182475.0,181535.0,182380.0,255045,5,667473
WIN$D,M15,1772800200,182380.0,182550.0,182000.0,182265.0,202536,5,538966
WIN$D,M15,1772801100,182270.0,182630.0,182030.0,182430.0,181868,5,518397
WIN$D,M15,1772802000,182425.0,182670.0,182125.0,182180.0,186487,5,542339
WIN$D,M15,1772802900,182185.0,182790.0,182130.0,182560.0,179274,5,524604
WIN$D,M15,1772803800,182565.0,182940.0,182420.0,182520.0,183709,5,553200
WIN$D,M15,1772804700,182520.0,182795.0,181985.0,182145.0,178893,5,554380
WIN$D,M15,1772805600,182140.0,182370.0,181865.0,182225.0,182257,5,558119
WIN$D,M15,1772806500,182225.0,182580.0,182010.0,182165.0,175380,5,538957
WIN$D,M15,1772807400,182165.0,182280.0,181680.0,181765.0,163638,5,522075
WIN$D,M15,1772808300,181765.0,182120.0,181590.0,181790.0,158001,5,496322
WIN$D,M15,1772809200,181795.0,182485.0,181740.0,182380.0,161006,5,494521
WIN$D,M15,1772810100,182385.0,182695.0,182315.0,182475.0,145425,5,460884
WIN$D,M15,1772811000,182480.0,182985.0,182465.0,182590.0,151449,5,480406
WIN$D,M15,1772811900,182590.0,182705.0,182380.0,182480.0,122514,5,387656
WIN$D,M15,1772812800,182475.0,182775.0,182260.0,182440.0,127756,5,419412
WIN$D,M15,1772813700,182440.0,182755.0,182375.0,182600.0,134109,5,408681
WIN$D,M15,1772814600,182600.0,182785.0,182330.0,182395.0,136379,5,417132
WIN$D,M15,1772815500,182395.0,182420.0,182080.0,182310.0,121246,5,381589
WIN$D,M15,1772816400,182305.0,182695.0,182260.0,182575.0,129781,5,405001
WIN$D,M15,1772817300,182575.0,182630.0,181760.0,181845.0,117924,5,361873
WIN$D,M15,1772818200,181845.0,181855.0,181150.0,181500.0,159036,5,429472
WIN$D,M15,1772819100,181500.0,182240.0,181405.0,182090.0,118399,5,285057
WIN$D,M15,1772820000,182095.0,182235.0,181770.0,182080.0,73847,5,177854
WIN$D,M15,1772820900,182080.0,182265.0,181915.0,182055.0,23772,5,85025
WIN$D,M15,1773046800,180580.0,181490.0,180300.0,180990.0,362457,5,847212
WIN$D,M15,1773047700,180990.0,181325.0,180815.0,181080.0,305620,5,740640
WIN$D,M15,1773048600,181085.0,181145.0,180500.0,180850.0,235977,5,605229
WIN$D,M15,1773049500,180850.0,181040.0,180655.0,180990.0,225135,5,565256
WIN$D,M15,1773050400,180990.0,181635.0,180980.0,181390.0,366569,5,945787
WIN$D,M15,1773051300,181385.0,181760.0,181155.0,181375.0,294238,5,821939
WIN$D,M15,1773052200,181375.0,181785.0,181120.0,181625.0,459716,5,1274616
WIN$D,M15,1773053100,181625.0,181660.0,180890.0,181125.0,387600,5,1046013
WIN$D,M15,1773054000,181125.0,181225.0,179975.0,180310.0,444279,5,1166873
WIN$D,M15,1773054900,180310.0,181195.0,180300.0,180625.0,358024,5,962574
WIN$D,M15,1773055800,180620.0,181225.0,180570.0,181050.0,302776,5,799647
WIN$D,M15,1773056700,181050.0,181315.0,180855.0,181045.0,249732,5,681446
WIN$D,M15,1773057600,181040.0,181955.0,180975.0,181940.0,220675,5,622185
WIN$D,M15,1773058500,181945.0,182670.0,181900.0,182565.0,233056,5,751907
WIN$D,M15,1773059400,182565.0,182675.0,182060.0,182165.0,198769,5,611447
WIN$D,M15,1773060300,182165.0,182375.0,181995.0,182110.0,155723,5,476387
WIN$D,M15,1773061200,182115.0,182520.0,181975.0,182015.0,168222,5,529670
WIN$D,M15,1773062100,182020.0,182335.0,181700.0,182130.0,175674,5,562392
WIN$D,M15,1773063000,182135.0,182190.0,181905.0,182170.0,127145,5,394661
WIN$D,M15,1773063900,182170.0,182215.0,181720.0,181880.0,137293,5,436770
WIN$D,M15,1773064800,181885.0,181985.0,181685.0,181795.0,118849,5,377905
WIN$D,M15,1773065700,181790.0,181805.0,181300.0,181385.0,153875,5,488552
WIN$D,M15,1773066600,181385.0,181475.0,181160.0,181275.0,136910,5,438560
WIN$D,M15,1773067500,181280.0,181415.0,181145.0,181250.0,105799,5,328937
WIN$D,M15,1773068400,181250.0,181985.0,181250.0,181895.0,156179,5,505333
WIN$D,M15,1773069300,181895.0,182415.0,181875.0,182085.0,149120,5,486954
WIN$D,M15,1773070200,182090.0,182455.0,181980.0,182390.0,125656,5,415505
WIN$D,M15,1773071100,182395.0,182400.0,182015.0,182075.0,116099,5,392193
WIN$D,M15,1773072000,182080.0,182540.0,182050.0,182400.0,120649,5,414598
WIN$D,M15,1773072900,182400.0,184240.0,182375.0,184185.0,455377,5,1328687
WIN$D,M15,1773073800,184185.0,184525.0,183710.0,184075.0,355778,5,957890
WIN$D,M15,1773074700,184075.0,184185.0,183550.0,183790.0,217461,5,592014
WIN$D,M15,1773075600,183795.0,183800.0,183110.0,183365.0,133658,5,406928
WIN$D,M15,1773076500,183370.0,183995.0,183240.0,183920.0,105970,5,337126
WIN$D,M15,1773077400,183915.0,184040.0,183775.0,183960.0,79472,5,217390
WIN$D,M15,1773078300,183960.0,184135.0,183860.0,184000.0,56961,5,148787
WIN$D,M15,1773079200,184000.0,184160.0,183760.0,184040.0,62413,5,122763
WIN$D,M15,1773080100,184040.0,184050.0,183700.0,183700.0,15350,5,64842
WIN$D,M15,1773133200,183790.0,184325.0,183145.0,183840.0,418436,5,975849
WIN$D,M15,1773134100,183845.0,184230.0,183555.0,183755.0,330586,5,825421
WIN$D,M15,1773135000,183760.0,184595.0,183570.0,184580.0,299264,5,800658
WIN$D,M15,1773135900,184580.0,185080.0,184505.0,184785.0,275011,5,769283
WIN$D,M15,1773136800,184790.0,184985.0,183620.0,183700.0,369310,5,1070637
WIN$D,M15,1773137700,183695.0,184025.0,183390.0,184025.0,281390,5,830841
WIN$D,M15,1773138600,184025.0,184215.0,183650.0,183965.0,401999,5,1146177
WIN$D,M15,1773139500,183960.0,183970.0,183375.0,183685.0,287655,5,867867
WIN$D,M15,1773140400,183690.0,183760.0,182935.0,182975.0,273592,5,840888
WIN$D,M15,1773141300,182970.0,184315.0,182935.0,184280.0,280875,5,886119
WIN$D,M15,1773142200,184280.0,185570.0,184230.0,185450.0,287867,5,959666
WIN$D,M15,1773143100,185450.0,186325.0,185415.0,186305.0,250101,5,830848
WIN$D,M15,1773144000,186305.0,186555.0,186040.0,186135.0,206128,5,681780
WIN$D,M15,1773144900,186140.0,186575.0,185870.0,185900.0,165740,5,526602
WIN$D,M15,1773145800,185900.0,186250.0,185725.0,186185.0,167150,5,546463
WIN$D,M15,1773146700,186185.0,186595.0,185960.0,186465.0,155654,5,503186
WIN$D,M15,1773147600,186465.0,186570.0,186035.0,186195.0,138102,5,438180
WIN$D,M15,1773148500,186190.0,186425.0,186110.0,186255.0,106445,5,347521
WIN$D,M15,1773149400,186255.0,186585.0,186205.0,186555.0,121679,5,401356
WIN$D,M15,1773150300,186555.0,186890.0,186280.0,186760.0,150860,5,514956
WIN$D,M15,1773151200,186760.0,187405.0,186740.0,187375.0,168287,5,575293
WIN$D,M15,1773152100,187380.0,187840.0,187315.0,187760.0,181897,5,636711
WIN$D,M15,1773153000,187765.0,187800.0,186970.0,187075.0,208356,5,707893
WIN$D,M15,1773153900,187070.0,187255.0,186885.0,187035.0,132040,5,423580
WIN$D,M15,1773154800,187030.0,187225.0,186415.0,186465.0,174235,5,555649
WIN$D,M15,1773155700,186460.0,186920.0,185875.0,186645.0,347631,5,1030868
WIN$D,M15,1773156600,186650.0,186875.0,186300.0,186380.0,200653,5,591132
WIN$D,M15,1773157500,186380.0,186650.0,186180.0,186340.0,160278,5,495268
WIN$D,M15,1773158400,186340.0,186480.0,186245.0,186455.0,114919,5,357957
WIN$D,M15,1773159300,186450.0,186670.0,185940.0,186020.0,152506,5,521824
WIN$D,M15,1773160200,186015.0,186175.0,185550.0,185900.0,219930,5,759909
WIN$D,M15,1773161100,185900.0,185980.0,185415.0,185620.0,136906,5,455724
WIN$D,M15,1773162000,185625.0,186025.0,185545.0,185980.0,103330,5,336953
WIN$D,M15,1773162900,185985.0,186165.0,185845.0,186140.0,70375,5,208578
WIN$D,M15,1773163800,186135.0,186295.0,186035.0,186090.0,45836,5,149095
WIN$D,M15,1773164700,186095.0,186275.0,185965.0,186195.0,43894,5,118351
WIN$D,M15,1773165600,186200.0,186240.0,185880.0,185940.0,60261,5,120232
WIN$D,M15,1773166500,185940.0,185955.0,185710.0,185950.0,20488,5,65044
WIN$D,M15,1773219600,186000.0,186385.0,185085.0,185125.0,332610,5,807701
WIN$D,M15,1773220500,185120.0,185255.0,184855.0,185015.0,251134,5,588162
WIN$D,M15,1773221400,185020.0,185140.0,183860.0,183870.0,411140,5,952149
WIN$D,M15,1773222300,183865.0,184075.0,183625.0,183930.0,275304,5,673047
WIN$D,M15,1773223200,183925.0,185130.0,183890.0,185100.0,380459,5,955001
WIN$D,M15,1773224100,185100.0,186210.0,185035.0,186140.0,368156,5,980102
WIN$D,M15,1773225000,186135.0,187155.0,185815.0,186680.0,493269,5,1321540
WIN$D,M15,1773225900,186680.0,187545.0,186600.0,187410.0,353143,5,918903
WIN$D,M15,1773226800,187405.0,188165.0,187270.0,187715.0,440101,5,1130889
WIN$D,M15,1773227700,187710.0,187835.0,186865.0,186935.0,288269,5,771133
WIN$D,M15,1773228600,186935.0,187185.0,186670.0,186885.0,245232,5,663366
WIN$D,M15,1773229500,186880.0,187310.0,186640.0,187055.0,226839,5,655368
WIN$D,M15,1773230400,187050.0,187200.0,186545.0,186710.0,211050,5,598693
WIN$D,M15,1773231300,186715.0,186725.0,186205.0,186230.0,195013,5,575543
WIN$D,M15,1773232200,186235.0,186315.0,185710.0,185775.0,201618,5,619217
WIN$D,M15,1773233100,185780.0,185955.0,185545.0,185595.0,155269,5,460719
WIN$D,M15,1773234000,185595.0,185670.0,185230.0,185460.0,156474,5,470787
WIN$D,M15,1773234900,185455.0,185505.0,185195.0,185345.0,137981,5,411868
WIN$D,M15,1773235800,185345.0,185860.0,185330.0,185520.0,154451,5,481632
WIN$D,M15,1773236700,185515.0,185885.0,185465.0,185815.0,110143,5,331572
WIN$D,M15,1773237600,185810.0,185855.0,185475.0,185525.0,108061,5,320233
WIN$D,M15,1773238500,185520.0,185840.0,185290.0,185815.0,141565,5,430380
WIN$D,M15,1773239400,185815.0,185870.0,184780.0,185165.0,224665,5,698366
WIN$D,M15,1773240300,185170.0,185575.0,185080.0,185260.0,175980,5,520130
WIN$D,M15,1773241200,185265.0,185445.0,184965.0,185415.0,142444,5,440331
WIN$D,M15,1773242100,185420.0,185610.0,185285.0,185445.0,145793,5,451872
WIN$D,M15,1773243000,185445.0,185780.0,185380.0,185700.0,108629,5,333235
WIN$D,M15,1773243900,185700.0,185865.0,185570.0,185675.0,104477,5,333747
WIN$D,M15,1773244800,185675.0,185735.0,185330.0,185455.0,99211,5,333676
WIN$D,M15,1773245700,185455.0,185965.0,185435.0,185930.0,104507,5,342961
WIN$D,M15,1773246600,185935.0,186295.0,185815.0,186075.0,112455,5,376366
WIN$D,M15,1773247500,186075.0,186290.0,185880.0,186180.0,108242,5,347705
WIN$D,M15,1773248400,186175.0,186390.0,186040.0,186205.0,81563,5,251652
WIN$D,M15,1773249300,186200.0,186225.0,186000.0,186100.0,45259,5,143099
WIN$D,M15,1773250200,186100.0,186285.0,186025.0,186175.0,41857,5,120064
WIN$D,M15,1773251100,186180.0,186205.0,186010.0,186075.0,33897,5,91598
WIN$D,M15,1773252000,186070.0,186250.0,185665.0,185960.0,65210,5,153903
WIN$D,M15,1773252900,185960.0,186035.0,185815.0,186010.0,9916,5,45662
WIN$D,M15,1773306000,185335.0,185360.0,183395.0,183540.0,397540,5,985059
WIN$D,M15,1773306900,183540.0,184110.0,183350.0,184060.0,289838,5,689362
WIN$D,M15,1773307800,184060.0,184095.0,183645.0,183980.0,244258,5,577413
WIN$D,M15,1773308700,183980.0,184320.0,183570.0,183680.0,269982,5,677653
WIN$D,M15,1773309600,183685.0,184075.0,183410.0,183490.0,324111,5,834830
WIN$D,M15,1773310500,183495.0,183535.0,182625.0,183320.0,463526,5,1246395
WIN$D,M15,1773311400,183320.0,183355.0,181255.0,181610.0,497539,5,1397564
WIN$D,M15,1773312300,181610.0,182370.0,181410.0,181745.0,382531,5,1050283
WIN$D,M15,1773313200,181745.0,182070.0,181630.0,181935.0,280052,5,756981
WIN$D,M15,1773314100,181935.0,182140.0,181525.0,181780.0,250330,5,725277
WIN$D,M15,1773315000,181780.0,181885.0,181405.0,181870.0,260638,5,809247
WIN$D,M15,1773315900,181865.0,182220.0,181205.0,181325.0,339935,5,1010380
WIN$D,M15,1773316800,181330.0,181425.0,180520.0,180795.0,275603,5,867538
WIN$D,M15,1773317700,180800.0,181320.0,180705.0,181145.0,192077,5,592172
WIN$D,M15,1773318600,181145.0,181845.0,181030.0,181680.0,288151,5,901720
WIN$D,M15,1773319500,181680.0,181950.0,181265.0,181550.0,205046,5,599947
WIN$D,M15,1773320400,181545.0,181970.0,181360.0,181635.0,188643,5,565387
WIN$D,M15,1773321300,181635.0,182105.0,181570.0,181615.0,168501,5,518197
WIN$D,M15,1773322200,181615.0,181990.0,181535.0,181725.0,159587,5,461101
WIN$D,M15,1773323100,181725.0,182000.0,181540.0,181830.0,143568,5,415991
WIN$D,M15,1773324000,181825.0,182230.0,181790.0,181830.0,159937,5,463090
WIN$D,M15,1773324900,181830.0,182115.0,181700.0,181800.0,134632,5,415178
WIN$D,M15,1773325800,181795.0,182085.0,181655.0,181690.0,142028,5,458611
WIN$D,M15,1773326700,181695.0,181705.0,181185.0,181460.0,162831,5,529710
WIN$D,M15,1773327600,181455.0,181650.0,181345.0,181595.0,144093,5,470966
WIN$D,M15,1773328500,181595.0,181720.0,181205.0,181345.0,137974,5,452661
WIN$D,M15,1773329400,181340.0,181425.0,181160.0,181260.0,128724,5,412180
WIN$D,M15,1773330300,181260.0,181695.0,181150.0,181585.0,120622,5,397511
WIN$D,M15,1773331200,181590.0,181785.0,181340.0,181755.0,146473,5,478516
WIN$D,M15,1773332100,181750.0,181815.0,181475.0,181595.0,105479,5,328772
WIN$D,M15,1773333000,181600.0,182000.0,181405.0,181440.0,141045,5,456962
WIN$D,M15,1773333900,181440.0,181460.0,181000.0,181135.0,138805,5,484135
WIN$D,M15,1773334800,181140.0,181465.0,181030.0,181050.0,101239,5,323380
WIN$D,M15,1773335700,181045.0,181340.0,181045.0,181210.0,55803,5,177180
WIN$D,M15,1773336600,181210.0,181275.0,180910.0,181105.0,60909,5,200231
WIN$D,M15,1773337500,181100.0,181265.0,181055.0,181100.0,37118,5,116735
WIN$D,M15,1773338400,181105.0,181245.0,180995.0,181150.0,50622,5,117556
WIN$D,M15,1773339300,181150.0,181265.0,180940.0,181205.0,17554,5,72341
WIN$D,M15,1773392400,182220.0,182465.0,181550.0,181945.0,307029,5,770871
WIN$D,M15,1773393300,181945.0,182490.0,181875.0,182315.0,274684,5,697678
WIN$D,M15,1773394200,182315.0,182615.0,181865.0,182285.0,279917,5,678989
WIN$D,M15,1773395100,182280.0,182650.0,181840.0,181900.0,283812,5,709717
WIN$D,M15,1773396000,181900.0,182740.0,181725.0,182540.0,334551,5,881467
WIN$D,M15,1773396900,182540.0,183080.0,182380.0,182865.0,285196,5,775806
WIN$D,M15,1773397800,182865.0,183185.0,182565.0,182775.0,364877,5,981809
WIN$D,M15,1773398700,182780.0,183125.0,182620.0,182875.0,230329,5,680944
WIN$D,M15,1773399600,182885.0,182985.0,182245.0,182275.0,235170,5,637910
WIN$D,M15,1773400500,182275.0,182345.0,181705.0,181780.0,266805,5,772000
WIN$D,M15,1773401400,181780.0,182455.0,181685.0,181750.0,270181,5,829566
WIN$D,M15,1773402300,181750.0,181885.0,181180.0,181305.0,256828,5,774076
WIN$D,M15,1773403200,181305.0,181440.0,181015.0,181225.0,224695,5,653169
WIN$D,M15,1773404100,181220.0,181340.0,180355.0,180630.0,238196,5,734605
WIN$D,M15,1773405000,180630.0,180975.0,180515.0,180670.0,204988,5,628239
WIN$D,M15,1773405900,180675.0,181310.0,180590.0,180745.0,227713,5,692211
WIN$D,M15,1773406800,180750.0,181030.0,180625.0,180870.0,173805,5,528017
WIN$D,M15,1773407700,180870.0,181050.0,180590.0,180705.0,137249,5,401078
WIN$D,M15,1773408600,180710.0,181265.0,180670.0,181085.0,169972,5,527275
WIN$D,M15,1773409500,181090.0,181460.0,180895.0,181240.0,144675,5,451037
WIN$D,M15,1773410400,181240.0,181310.0,180715.0,181020.0,147505,5,478085
WIN$D,M15,1773411300,181015.0,181215.0,180505.0,180555.0,166538,5,537608
WIN$D,M15,1773412200,180555.0,180725.0,180105.0,180310.0,179583,5,586021
WIN$D,M15,1773413100,180310.0,180445.0,179665.0,180190.0,220633,5,760207
WIN$D,M15,1773414000,180195.0,180535.0,180070.0,180335.0,176710,5,578323
WIN$D,M15,1773414900,180335.0,180470.0,179965.0,180440.0,144785,5,477140
WIN$D,M15,1773415800,180435.0,180945.0,180305.0,180935.0,134899,5,448388
WIN$D,M15,1773416700,180930.0,180965.0,180320.0,180450.0,130490,5,436184
WIN$D,M15,1773417600,180450.0,180490.0,180200.0,180345.0,112481,5,347141
WIN$D,M15,1773418500,180345.0,180365.0,179435.0,179590.0,161376,5,523065
WIN$D,M15,1773419400,179585.0,179670.0,179340.0,179500.0,130481,5,395514
WIN$D,M15,1773420300,179500.0,179920.0,179260.0,179875.0,128991,5,425557
WIN$D,M15,1773421200,179875.0,180085.0,179680.0,179885.0,79075,5,282263
WIN$D,M15,1773422100,179885.0,179995.0,179750.0,179790.0,35534,5,116530
WIN$D,M15,1773423000,179790.0,179875.0,179610.0,179655.0,43886,5,150971
WIN$D,M15,1773423900,179650.0,179750.0,179485.0,179660.0,37638,5,116991
WIN$D,M15,1773424800,179665.0,179750.0,179380.0,179495.0,31313,5,81076
WIN$D,M15,1773425700,179495.0,179900.0,179450.0,179900.0,12358,5,53592
WIN$D,M15,1773651600,181800.0,182555.0,181265.0,182400.0,383877,5,936268
WIN$D,M15,1773652500,182400.0,182945.0,182330.0,182845.0,245825,5,621532
WIN$D,M15,1773653400,182850.0,183320.0,182755.0,182865.0,266097,5,690133
WIN$D,M15,1773654300,182860.0,183010.0,182295.0,182315.0,195011,5,514814
WIN$D,M15,1773655200,182320.0,182875.0,182220.0,182705.0,260909,5,723356
WIN$D,M15,1773656100,182710.0,182735.0,182175.0,182345.0,223651,5,642782
WIN$D,M15,1773657000,182345.0,183300.0,182145.0,183245.0,345161,5,1003538
WIN$D,M15,1773657900,183245.0,183285.0,182585.0,183100.0,283514,5,824262
WIN$D,M15,1773658800,183110.0,183215.0,182770.0,182935.0,231408,5,672273
WIN$D,M15,1773659700,182940.0,183100.0,182680.0,182690.0,168188,5,490890
WIN$D,M15,1773660600,182690.0,182750.0,181895.0,181915.0,248349,5,734359
WIN$D,M15,1773661500,181915.0,182270.0,181775.0,182185.0,181458,5,540469
WIN$D,M15,1773662400,182185.0,182320.0,181930.0,182125.0,153963,5,448397
WIN$D,M15,1773663300,182130.0,182265.0,181875.0,182120.0,127535,5,378280
WIN$D,M15,1773664200,182120.0,182415.0,182060.0,182170.0,137852,5,429461
WIN$D,M15,1773665100,182165.0,182190.0,181790.0,182050.0,132945,5,423446
WIN$D,M15,1773666000,182050.0,182235.0,181920.0,182135.0,116418,5,359579
WIN$D,M15,1773666900,182135.0,182175.0,181640.0,181660.0,156092,5,482251
WIN$D,M15,1773667800,181660.0,182015.0,181320.0,181850.0,172640,5,562728
WIN$D,M15,1773668700,181845.0,181855.0,181630.0,181665.0,103632,5,326059
WIN$D,M15,1773669600,181670.0,182185.0,181640.0,182085.0,165698,5,518577
WIN$D,M15,1773670500,182090.0,182375.0,181910.0,182105.0,124339,5,390301
WIN$D,M15,1773671400,182105.0,182335.0,181995.0,182220.0,111790,5,353037
WIN$D,M15,1773672300,182220.0,182485.0,182025.0,182330.0,119814,5,386080
WIN$D,M15,1773673200,182335.0,182940.0,182330.0,182735.0,168609,5,562726
WIN$D,M15,1773674100,182735.0,182960.0,182630.0,182720.0,136203,5,455635
WIN$D,M15,1773675000,182720.0,182935.0,182625.0,182860.0,100088,5,315613
WIN$D,M15,1773675900,182865.0,182955.0,182680.0,182755.0,83655,5,281214
WIN$D,M15,1773676800,182755.0,183100.0,182580.0,182685.0,148396,5,528198
WIN$D,M15,1773677700,182685.0,183005.0,182360.0,182420.0,136642,5,475811
WIN$D,M15,1773678600,182415.0,182580.0,182040.0,182105.0,130817,5,439759
WIN$D,M15,1773679500,182100.0,182270.0,181915.0,182195.0,112298,5,361072
WIN$D,M15,1773680400,182190.0,182210.0,181720.0,182030.0,91791,5,304513
WIN$D,M15,1773681300,182030.0,182135.0,181875.0,181980.0,45572,5,156115
WIN$D,M15,1773682200,181980.0,182200.0,181935.0,182185.0,38009,5,121080
WIN$D,M15,1773683100,182185.0,182210.0,181985.0,182065.0,40111,5,118554
WIN$D,M15,1773684000,182060.0,182155.0,181980.0,182130.0,31373,5,82139
WIN$D,M15,1773684900,182140.0,182180.0,182015.0,182145.0,14384,5,57346
WIN$D,M15,1773738000,181945.0,182685.0,180805.0,182595.0,470130,5,1206497
WIN$D,M15,1773738900,182595.0,182605.0,181780.0,182440.0,325699,5,843055
WIN$D,M15,1773739800,182445.0,182850.0,182330.0,182710.0,328432,5,900542
WIN$D,M15,1773740700,182710.0,182825.0,181915.0,182005.0,219804,5,597345
WIN$D,M15,1773741600,182010.0,182730.0,181705.0,182675.0,294968,5,806693
WIN$D,M15,1773742500,182675.0,183760.0,182280.0,183740.0,345372,5,990721
WIN$D,M15,1773743400,183740.0,183900.0,183015.0,183860.0,394774,5,1143285
WIN$D,M15,1773744300,183865.0,184665.0,183805.0,184470.0,313939,5,924778
WIN$D,M15,1773745200,184470.0,184685.0,184000.0,184110.0,258329,5,778435
WIN$D,M15,1773746100,184110.0,184200.0,183635.0,183855.0,232169,5,688178
WIN$D,M15,1773747000,183850.0,183950.0,183435.0,183825.0,212151,5,657442
WIN$D,M15,1773747900,183830.0,183890.0,183610.0,183725.0,153724,5,464019
WIN$D,M15,1773748800,183725.0,183755.0,183110.0,183140.0,176142,5,554828
WIN$D,M15,1773749700,183140.0,183170.0,182185.0,182345.0,227165,5,773444
WIN$D,M15,1773750600,182340.0,182640.0,182090.0,182495.0,152535,5,504585
WIN$D,M15,1773751500,182500.0,182685.0,182295.0,182645.0,125347,5,407883
WIN$D,M15,1773752400,182645.0,183010.0,182435.0,182820.0,165011,5,541728
WIN$D,M15,1773753300,182815.0,183420.0,182675.0,183310.0,154663,5,508437
WIN$D,M15,1773754200,183310.0,183365.0,182810.0,183190.0,142155,5,465538
WIN$D,M15,1773755100,183190.0,183340.0,183005.0,183215.0,96747,5,317472
WIN$D,M15,1773756000,183215.0,183380.0,183015.0,183090.0,96974,5,317766
WIN$D,M15,1773756900,183090.0,183345.0,183030.0,183290.0,90076,5,298407
WIN$D,M15,1773757800,183285.0,183515.0,183075.0,183275.0,132757,5,460867
WIN$D,M15,1773758700,183280.0,183660.0,183260.0,183505.0,124283,5,429379
WIN$D,M15,1773759600,183505.0,183860.0,183390.0,183475.0,143456,5,497575
WIN$D,M15,1773760500,183475.0,183500.0,182685.0,182735.0,148662,5,513789
WIN$D,M15,1773761400,182740.0,182915.0,181940.0,182070.0,218813,5,725131
WIN$D,M15,1773762300,182070.0,182700.0,181900.0,182365.0,181985,5,637490
WIN$D,M15,1773763200,182370.0,182540.0,182080.0,182475.0,108816,5,377574
WIN$D,M15,1773764100,182475.0,182515.0,181830.0,182025.0,149421,5,526107
WIN$D,M15,1773765000,182025.0,182145.0,181755.0,181880.0,106411,5,362907
WIN$D,M15,1773765900,181875.0,182060.0,181705.0,181965.0,112894,5,383978
WIN$D,M15,1773766800,181965.0,182350.0,181900.0,182265.0,80754,5,291580
WIN$D,M15,1773767700,182265.0,182380.0,182250.0,182265.0,40117,5,141912
WIN$D,M15,1773768600,182265.0,182300.0,182085.0,182160.0,33624,5,116030
WIN$D,M15,1773769500,182160.0,182380.0,182145.0,182295.0,38586,5,128024
WIN$D,M15,1773770400,182300.0,182410.0,182155.0,182250.0,26844,5,73101
WIN$D,M15,1773771300,182250.0,182335.0,182200.0,182240.0,9110,5,46697
WIN$D,M15,1773824400,183075.0,183240.0,181650.0,182130.0,416004,5,1047491
WIN$D,M15,1773825300,182135.0,182455.0,181665.0,182445.0,331315,5,806372
WIN$D,M15,1773826200,182450.0,182455.0,181355.0,181505.0,368262,5,916606
WIN$D,M15,1773827100,181505.0,181665.0,180900.0,180950.0,328513,5,881218
WIN$D,M15,1773828000,180955.0,181605.0,180860.0,181445.0,305678,5,795879
WIN$D,M15,1773828900,181445.0,182120.0,181225.0,181950.0,343583,5,987442
WIN$D,M15,1773829800,181950.0,182430.0,181885.0,182090.0,360760,5,1041177
WIN$D,M15,1773830700,182090.0,182635.0,182005.0,182625.0,249630,5,696815
WIN$D,M15,1773831600,182625.0,182945.0,182260.0,182325.0,341777,5,1014785
WIN$D,M15,1773832500,182330.0,182480.0,181545.0,181765.0,257018,5,782295
WIN$D,M15,1773833400,181760.0,182010.0,181570.0,181645.0,223660,5,666006
WIN$D,M15,1773834300,181645.0,182030.0,181560.0,182010.0,191911,5,582718
WIN$D,M15,1773835200,182010.0,182365.0,181790.0,181965.0,205314,5,643923
WIN$D,M15,1773836100,181965.0,182025.0,181500.0,181710.0,151519,5,463601
WIN$D,M15,1773837000,181710.0,181960.0,181665.0,181930.0,117161,5,340083
WIN$D,M15,1773837900,181930.0,182045.0,181800.0,181900.0,123912,5,365681
WIN$D,M15,1773838800,181900.0,182180.0,181620.0,182145.0,135850,5,410904
WIN$D,M15,1773839700,182150.0,182440.0,182055.0,182305.0,129495,5,403833
WIN$D,M15,1773840600,182305.0,182460.0,181965.0,182335.0,162003,5,518340
WIN$D,M15,1773841500,182330.0,183045.0,182260.0,183000.0,164796,5,546039
WIN$D,M15,1773842400,183000.0,183025.0,182525.0,182650.0,162035,5,510747
WIN$D,M15,1773843300,182650.0,182730.0,182480.0,182510.0,111383,5,333657
WIN$D,M15,1773844200,182510.0,182680.0,182170.0,182540.0,148252,5,467031
WIN$D,M15,1773845100,182540.0,183455.0,182500.0,183040.0,174554,5,522918
WIN$D,M15,1773846000,183040.0,183310.0,182620.0,182895.0,216560,5,542024
WIN$D,M15,1773846900,182890.0,182890.0,182405.0,182820.0,167452,5,478362
WIN$D,M15,1773847800,182825.0,182880.0,182285.0,182600.0,210778,5,608486
WIN$D,M15,1773848700,182600.0,182600.0,181720.0,181760.0,194411,5,583532
WIN$D,M15,1773849600,181760.0,182275.0,181490.0,182050.0,207532,5,629674
WIN$D,M15,1773850500,182050.0,182120.0,181475.0,181820.0,163782,5,508660
WIN$D,M15,1773851400,181820.0,182035.0,181740.0,181870.0,121215,5,349041
WIN$D,M15,1773852300,181875.0,181890.0,181405.0,181420.0,160124,5,477417
WIN$D,M15,1773853200,181420.0,181445.0,180790.0,180930.0,111776,5,351149
WIN$D,M15,1773854100,180925.0,181095.0,180580.0,180775.0,90375,5,269767
WIN$D,M15,1773855000,180770.0,180845.0,180635.0,180785.0,52987,5,160846
WIN$D,M15,1773855900,180785.0,180950.0,180410.0,180605.0,51961,5,148777
WIN$D,M15,1773856800,180605.0,180705.0,180330.0,180515.0,59888,5,126800
WIN$D,M15,1773857700,180520.0,181075.0,180415.0,180950.0,27457,5,91156
WIN$D,M15,1773910800,180020.0,180160.0,178865.0,179535.0,494527,5,1129914
WIN$D,M15,1773911700,179530.0,179730.0,177680.0,177875.0,395457,5,1028025
WIN$D,M15,1773912600,177875.0,178395.0,177480.0,178150.0,362611,5,902850
WIN$D,M15,1773913500,178150.0,178570.0,177895.0,178420.0,222607,5,574037
WIN$D,M15,1773914400,178425.0,178510.0,177670.0,178050.0,314088,5,813021
WIN$D,M15,1773915300,178050.0,179140.0,178015.0,178565.0,390622,5,1022104
WIN$D,M15,1773916200,178565.0,179640.0,178175.0,179145.0,470377,5,1262799
WIN$D,M15,1773917100,179145.0,179885.0,178940.0,179880.0,315692,5,842324
WIN$D,M15,1773918000,179880.0,180705.0,179875.0,180170.0,351654,5,971657
WIN$D,M15,1773918900,180165.0,180285.0,179450.0,179570.0,250108,5,702926
WIN$D,M15,1773919800,179575.0,180640.0,179530.0,180260.0,263248,5,766405
WIN$D,M15,1773920700,180255.0,180585.0,180040.0,180350.0,204329,5,580585
WIN$D,M15,1773921600,180350.0,181180.0,180270.0,181085.0,229594,5,699543
WIN$D,M15,1773922500,181080.0,181195.0,180370.0,180480.0,171926,5,517831
WIN$D,M15,1773923400,180485.0,180580.0,179885.0,179905.0,168594,5,502974
WIN$D,M15,1773924300,179905.0,180740.0,179705.0,180550.0,201788,5,611184
WIN$D,M15,1773925200,180550.0,180845.0,180255.0,180385.0,192355,5,582216
WIN$D,M15,1773926100,180390.0,180560.0,180095.0,180365.0,157821,5,475434
WIN$D,M15,1773927000,180360.0,180515.0,180135.0,180300.0,132507,5,382565
WIN$D,M15,1773927900,180300.0,180365.0,179910.0,180230.0,130038,5,364916
WIN$D,M15,1773928800,180235.0,180285.0,179775.0,180075.0,136684,5,389080
WIN$D,M15,1773929700,180080.0,180625.0,180055.0,180390.0,157372,5,467480
WIN$D,M15,1773930600,180390.0,180560.0,180170.0,180425.0,131531,5,389288
WIN$D,M15,1773931500,180425.0,180555.0,180135.0,180175.0,119085,5,363947
WIN$D,M15,1773932400,180170.0,180510.0,180005.0,180435.0,134471,5,415721
WIN$D,M15,1773933300,180435.0,180550.0,180265.0,180410.0,92763,5,270296
WIN$D,M15,1773934200,180405.0,180605.0,180120.0,180150.0,126166,5,390630
WIN$D,M15,1773935100,180155.0,181200.0,180130.0,181130.0,166915,5,535014
WIN$D,M15,1773936000,181130.0,183240.0,181095.0,182300.0,476944,5,1373421
WIN$D,M15,1773936900,182300.0,182735.0,181520.0,181770.0,223084,5,612736
WIN$D,M15,1773937800,181770.0,182075.0,181555.0,181905.0,150213,5,421912
WIN$D,M15,1773938700,181900.0,182065.0,181600.0,181720.0,131312,5,398421
WIN$D,M15,1773939600,181720.0,182235.0,181645.0,182145.0,91465,5,277356
WIN$D,M15,1773940500,182145.0,182630.0,182090.0,182440.0,85751,5,247852
WIN$D,M15,1773941400,182435.0,182455.0,182060.0,182095.0,65408,5,189782
WIN$D,M15,1773942300,182090.0,182350.0,182080.0,182205.0,38877,5,111438
WIN$D,M15,1773943200,182205.0,182380.0,181970.0,181970.0,28127,5,71846
WIN$D,M15,1773944100,181980.0,182095.0,181910.0,181995.0,12625,5,52696
WIN$D,M15,1773997200,180425.0,181140.0,180045.0,180935.0,409050,5,933432
WIN$D,M15,1773998100,180935.0,181475.0,180630.0,181450.0,297397,5,736866
WIN$D,M15,1773999000,181445.0,181600.0,180665.0,181020.0,287945,5,772427
WIN$D,M15,1773999900,181020.0,181095.0,180720.0,180895.0,195537,5,541528
WIN$D,M15,1774000800,180895.0,181140.0,180600.0,180685.0,241217,5,668352
WIN$D,M15,1774001700,180685.0,180740.0,180085.0,180150.0,310976,5,920791
WIN$D,M15,1774002600,180150.0,180295.0,179240.0,179845.0,418868,5,1259530
WIN$D,M15,1774003500,179850.0,180010.0,178495.0,178820.0,349706,5,1050793
WIN$D,M15,1774004400,178820.0,178960.0,177805.0,177885.0,307310,5,952344
WIN$D,M15,1774005300,177885.0,178400.0,177615.0,178190.0,286760,5,915616
WIN$D,M15,1774006200,178190.0,178710.0,178100.0,178260.0,239799,5,730178
WIN$D,M15,1774007100,178260.0,178815.0,178150.0,178455.0,233970,5,720041
WIN$D,M15,1774008000,178450.0,178970.0,178450.0,178895.0,190802,5,598450
WIN$D,M15,1774008900,178890.0,179145.0,178270.0,178445.0,222940,5,681989
WIN$D,M15,1774009800,178440.0,178770.0,178355.0,178395.0,164775,5,493627
WIN$D,M15,1774010700,178395.0,178520.0,178185.0,178295.0,131910,5,382974
WIN$D,M15,1774011600,178290.0,178490.0,178110.0,178195.0,120880,5,343133
WIN$D,M15,1774012500,178195.0,178610.0,178105.0,178205.0,135833,5,388922
WIN$D,M15,1774013400,178205.0,178225.0,177795.0,178125.0,153755,5,474218
WIN$D,M15,1774014300,178125.0,178210.0,177755.0,178015.0,124737,5,375123
WIN$D,M15,1774015200,178015.0,178130.0,177515.0,177850.0,192768,5,579980
WIN$D,M15,1774016100,177845.0,177910.0,177400.0,177495.0,172885,5,525064
WIN$D,M15,1774017000,177495.0,177630.0,177255.0,177405.0,159250,5,510586
WIN$D,M15,1774017900,177405.0,177760.0,177305.0,177705.0,112271,5,353205
WIN$D,M15,1774018800,177705.0,177895.0,177385.0,177445.0,138534,5,447198
WIN$D,M15,1774019700,177445.0,177490.0,176410.0,177020.0,239541,5,745902
WIN$D,M15,1774020600,177015.0,177155.0,176555.0,176620.0,168932,5,505409
WIN$D,M15,1774021500,176625.0,176865.0,176470.0,176805.0,132361,5,422965
WIN$D,M15,1774022400,176800.0,177015.0,176740.0,176960.0,130665,5,415296
WIN$D,M15,1774023300,176960.0,177180.0,176835.0,177040.0,128852,5,411929
WIN$D,M15,1774024200,177040.0,177070.0,176385.0,176925.0,152310,5,509015
WIN$D,M15,1774025100,176925.0,177335.0,176850.0,177195.0,157834,5,512507
WIN$D,M15,1774026000,177190.0,177840.0,177040.0,177645.0,115947,5,395405
WIN$D,M15,1774026900,177645.0,177775.0,177515.0,177585.0,56718,5,186445
WIN$D,M15,1774027800,177580.0,177875.0,177555.0,177840.0,42209,5,127778
WIN$D,M15,1774028700,177840.0,178175.0,177740.0,178075.0,65333,5,182044
WIN$D,M15,1774029600,178075.0,178150.0,177740.0,178080.0,58687,5,128148
WIN$D,M15,1774030500,178090.0,180250.0,178070.0,180250.0,44007,5,143882
WIN$D,M15,1774256400,179805.0,179895.0,177950.0,178940.0,449016,5,1021186
WIN$D,M15,1774257300,178945.0,179660.0,178880.0,179535.0,418787,5,948456
WIN$D,M15,1774258200,179530.0,180615.0,179095.0,180410.0,479331,5,1130231
WIN$D,M15,1774259100,180410.0,180860.0,180140.0,180670.0,347324,5,827575
WIN$D,M15,1774260000,180670.0,180890.0,180020.0,180585.0,353707,5,883660
WIN$D,M15,1774260900,180585.0,181370.0,180540.0,180790.0,351266,5,906192
WIN$D,M15,1774261800,180790.0,182375.0,180365.0,181745.0,557952,5,1440540
WIN$D,M15,1774262700,181745.0,182785.0,181600.0,182775.0,360104,5,979615
WIN$D,M15,1774263600,182770.0,183515.0,182725.0,183110.0,377723,5,1084733
WIN$D,M15,1774264500,183115.0,183905.0,183095.0,183870.0,280788,5,819491
WIN$D,M15,1774265400,183875.0,183975.0,183310.0,183885.0,251730,5,712453
WIN$D,M15,1774266300,183880.0,184300.0,183680.0,183970.0,252366,5,753849
WIN$D,M15,1774267200,183970.0,184415.0,183895.0,184155.0,219550,5,652468
WIN$D,M15,1774268100,184150.0,184195.0,183500.0,183810.0,202346,5,617120
WIN$D,M15,1774269000,183810.0,183895.0,183210.0,183400.0,170174,5,523508
WIN$D,M15,1774269900,183400.0,183540.0,182680.0,182745.0,247004,5,741471
WIN$D,M15,1774270800,182750.0,183185.0,182680.0,183080.0,195216,5,588468
WIN$D,M15,1774271700,183085.0,183090.0,182340.0,182375.0,178413,5,545467
WIN$D,M15,1774272600,182375.0,183250.0,182330.0,183205.0,190204,5,605473
WIN$D,M15,1774273500,183210.0,183435.0,182835.0,182980.0,169039,5,511513
WIN$D,M15,1774274400,182985.0,183180.0,182775.0,182840.0,149125,5,469641
WIN$D,M15,1774275300,182840.0,183325.0,182760.0,183230.0,155794,5,500674
WIN$D,M15,1774276200,183230.0,183985.0,183225.0,183430.0,201015,5,676478
WIN$D,M15,1774277100,183430.0,183675.0,183240.0,183530.0,115621,5,372213
WIN$D,M15,1774278000,183535.0,183660.0,182615.0,183185.0,205831,5,642203
WIN$D,M15,1774278900,183185.0,183380.0,183040.0,183260.0,117798,5,360488
WIN$D,M15,1774279800,183260.0,184600.0,183255.0,183915.0,250341,5,832696
WIN$D,M15,1774280700,183915.0,184315.0,183850.0,184170.0,125517,5,398782
WIN$D,M15,1774281600,184175.0,184245.0,183935.0,184105.0,103065,5,339344
WIN$D,M15,1774282500,184110.0,184215.0,183550.0,183610.0,132392,5,447612
WIN$D,M15,1774283400,183610.0,183900.0,183535.0,183900.0,105580,5,366287
WIN$D,M15,1774284300,183905.0,184265.0,183615.0,183755.0,159560,5,520707
WIN$D,M15,1774285200,183760.0,184210.0,183450.0,184160.0,147671,5,481396
WIN$D,M15,1774286100,184165.0,184385.0,183870.0,184225.0,73113,5,226893
WIN$D,M15,1774287000,184225.0,184345.0,184015.0,184240.0,63872,5,198269
WIN$D,M15,1774287900,184245.0,184305.0,184140.0,184185.0,39465,5,106552
WIN$D,M15,1774288800,184185.0,184295.0,183905.0,184075.0,57436,5,125351
WIN$D,M15,1774289700,184085.0,184260.0,183850.0,184200.0,25858,5,74179
WIN$D,M15,1774342800,183500.0,183700.0,182825.0,182985.0,322020,5,862673
WIN$D,M15,1774343700,182980.0,183485.0,182690.0,183405.0,293016,5,767841
WIN$D,M15,1774344600,183400.0,183435.0,182420.0,182640.0,306701,5,891436
WIN$D,M15,1774345500,182635.0,182815.0,182275.0,182455.0,279637,5,806350
WIN$D,M15,1774346400,182455.0,182690.0,181700.0,182385.0,382149,5,1131509
WIN$D,M15,1774347300,182380.0,182510.0,181190.0,181255.0,339162,5,1022900
WIN$D,M15,1774348200,181255.0,181755.0,181145.0,181515.0,355627,5,1006246
WIN$D,M15,1774349100,181520.0,182330.0,181435.0,182305.0,290951,5,862150
WIN$D,M15,1774350000,182310.0,183375.0,182210.0,182990.0,354390,5,1136789
WIN$D,M15,1774350900,182990.0,183470.0,182720.0,183210.0,278463,5,856612
WIN$D,M15,1774351800,183210.0,183395.0,182860.0,183295.0,239909,5,731672
WIN$D,M15,1774352700,183295.0,183895.0,182745.0,183205.0,435971,5,1264093
WIN$D,M15,1774353600,183210.0,183545.0,183105.0,183410.0,232278,5,616386
WIN$D,M15,1774354500,183410.0,183745.0,183340.0,183605.0,162549,5,451457
WIN$D,M15,1774355400,183610.0,184050.0,183550.0,183625.0,177142,5,534220
WIN$D,M15,1774356300,183625.0,183715.0,183190.0,183270.0,148256,5,454427
WIN$D,M15,1774357200,183275.0,183320.0,182905.0,183040.0,143406,5,448956
WIN$D,M15,1774358100,183040.0,183480.0,183010.0,183425.0,126160,5,402464
WIN$D,M15,1774359000,183430.0,183530.0,182980.0,183250.0,141279,5,458925
WIN$D,M15,1774359900,183250.0,183375.0,183030.0,183085.0,121412,5,403388
WIN$D,M15,1774360800,183085.0,183185.0,182340.0,182540.0,216098,5,679084
WIN$D,M15,1774361700,182540.0,182725.0,182305.0,182640.0,150977,5,489597
WIN$D,M15,1774362600,182640.0,182870.0,182240.0,182350.0,185875,5,629495
WIN$D,M15,1774363500,182350.0,182950.0,182195.0,182940.0,254385,5,805876
WIN$D,M15,1774364400,182935.0,183310.0,182750.0,182940.0,177485,5,531045
WIN$D,M15,1774365300,182940.0,183560.0,182720.0,183530.0,171906,5,563031
WIN$D,M15,1774366200,183535.0,183685.0,183200.0,183375.0,188491,5,611212
WIN$D,M15,1774367100,183370.0,183670.0,183255.0,183365.0,112250,5,376436
WIN$D,M15,1774368000,183365.0,183875.0,183365.0,183835.0,120888,5,400793
WIN$D,M15,1774368900,183840.0,183985.0,183570.0,183615.0,111114,5,378148
WIN$D,M15,1774369800,183615.0,183950.0,183485.0,183870.0,107741,5,367816
WIN$D,M15,1774370700,183875.0,184080.0,183705.0,183820.0,112115,5,391162
WIN$D,M15,1774371600,183820.0,184000.0,183795.0,183920.0,59747,5,190835
WIN$D,M15,1774372500,183925.0,186780.0,183915.0,185625.0,296990,5,916387
WIN$D,M15,1774373400,185625.0,186600.0,185250.0,185800.0,160944,5,446424
WIN$D,M15,1774374300,185800.0,185945.0,185490.0,185565.0,68587,5,184537
WIN$D,M15,1774375200,185565.0,185920.0,185420.0,185835.0,49981,5,108855
WIN$D,M15,1774376100,185845.0,186060.0,185665.0,185665.0,19692,5,59243
WIN$D,M15,1774429200,186880.0,187505.0,186130.0,186920.0,339261,5,878472
WIN$D,M15,1774430100,186920.0,186975.0,185655.0,185805.0,439660,5,1127084
WIN$D,M15,1774431000,185805.0,186070.0,185450.0,185835.0,280174,5,769020
WIN$D,M15,1774431900,185830.0,186420.0,185695.0,186330.0,241761,5,698685
WIN$D,M15,1774432800,186330.0,186475.0,185500.0,185625.0,361698,5,1079759
WIN$D,M15,1774433700,185630.0,186145.0,185470.0,186090.0,271239,5,812553
WIN$D,M15,1774434600,186090.0,187215.0,186015.0,186815.0,427623,5,1267202
WIN$D,M15,1774435500,186810.0,186870.0,186105.0,186315.0,329140,5,964132
WIN$D,M15,1774436400,186315.0,186425.0,185920.0,186240.0,298390,5,878209
WIN$D,M15,1774437300,186245.0,186915.0,186210.0,186650.0,284517,5,903629
WIN$D,M15,1774438200,186650.0,187050.0,186545.0,186990.0,206988,5,616483
WIN$D,M15,1774439100,186985.0,187810.0,186950.0,187300.0,246473,5,801696
WIN$D,M15,1774440000,187295.0,187370.0,186630.0,186675.0,208245,5,663244
WIN$D,M15,1774440900,186675.0,186805.0,185985.0,186645.0,231329,5,726879
WIN$D,M15,1774441800,186645.0,186895.0,186510.0,186680.0,135592,5,419969
WIN$D,M15,1774442700,186680.0,186995.0,186535.0,186855.0,137249,5,422189
WIN$D,M15,1774443600,186855.0,186915.0,186200.0,186450.0,157638,5,489838
WIN$D,M15,1774444500,186445.0,186875.0,186345.0,186680.0,144887,5,442964
WIN$D,M15,1774445400,186680.0,187245.0,186590.0,186955.0,164280,5,544547
WIN$D,M15,1774446300,186955.0,187035.0,186730.0,186855.0,115004,5,380255
WIN$D,M15,1774447200,186855.0,187005.0,186615.0,186720.0,118487,5,380395
WIN$D,M15,1774448100,186720.0,186950.0,186565.0,186675.0,115446,5,377544
WIN$D,M15,1774449000,186680.0,187430.0,186660.0,187255.0,157337,5,560029
WIN$D,M15,1774449900,187255.0,187270.0,186725.0,186915.0,164636,5,567338
WIN$D,M15,1774450800,186920.0,187445.0,186820.0,187345.0,137326,5,464347
WIN$D,M15,1774451700,187345.0,187595.0,187170.0,187195.0,144000,5,491334
WIN$D,M15,1774452600,187195.0,187415.0,186935.0,187060.0,119361,5,411798
WIN$D,M15,1774453500,187060.0,187085.0,186260.0,186775.0,166016,5,549836
WIN$D,M15,1774454400,186775.0,186780.0,186235.0,186440.0,152092,5,475461
WIN$D,M15,1774455300,186440.0,186790.0,186425.0,186640.0,114468,5,372176
WIN$D,M15,1774456200,186645.0,186675.0,186340.0,186525.0,112218,5,365558
WIN$D,M15,1774457100,186520.0,186885.0,186445.0,186855.0,121167,5,396826
WIN$D,M15,1774458000,186855.0,187205.0,186630.0,186730.0,115752,5,385242
WIN$D,M15,1774458900,186730.0,187110.0,186685.0,186780.0,82633,5,246977
WIN$D,M15,1774459800,186780.0,187045.0,186765.0,186920.0,58325,5,203673
WIN$D,M15,1774460700,186920.0,186995.0,186820.0,186960.0,41782,5,143037
WIN$D,M15,1774461600,186960.0,186975.0,186500.0,186800.0,62121,5,154710
WIN$D,M15,1774462500,186810.0,186850.0,186660.0,186850.0,13941,5,48156
WIN$D,M15,1774515600,184895.0,185355.0,183995.0,184745.0,391851,5,934853
WIN$D,M15,1774516500,184750.0,184945.0,184445.0,184710.0,242719,5,627260
WIN$D,M15,1774517400,184705.0,184730.0,183940.0,184350.0,273280,5,746316
WIN$D,M15,1774518300,184350.0,184640.0,183905.0,184565.0,249720,5,705951
WIN$D,M15,1774519200,184565.0,185085.0,184465.0,185075.0,277540,5,778271
WIN$D,M15,1774520100,185080.0,185405.0,184865.0,185155.0,304572,5,879815
WIN$D,M15,1774521000,185155.0,185640.0,184785.0,185485.0,424110,5,1233468
WIN$D,M15,1774521900,185485.0,186025.0,185375.0,185715.0,363520,5,1100361
WIN$D,M15,1774522800,185720.0,185975.0,185500.0,185885.0,255767,5,753387
WIN$D,M15,1774523700,185880.0,186215.0,185760.0,185790.0,214155,5,625325
WIN$D,M15,1774524600,185790.0,186320.0,185000.0,185080.0,342269,5,1025068
WIN$D,M15,1774525500,185080.0,185560.0,184585.0,185490.0,314869,5,947473
WIN$D,M15,1774526400,185490.0,185650.0,185245.0,185350.0,201935,5,600780
WIN$D,M15,1774527300,185350.0,185630.0,185160.0,185435.0,142293,5,423801
WIN$D,M15,1774528200,185440.0,185450.0,185070.0,185180.0,148453,5,460318
WIN$D,M15,1774529100,185180.0,185640.0,185090.0,185450.0,170378,5,535346
WIN$D,M15,1774530000,185450.0,185480.0,185210.0,185350.0,102745,5,312837
WIN$D,M15,1774530900,185350.0,185365.0,184530.0,184635.0,164028,5,513271
WIN$D,M15,1774531800,184640.0,184640.0,184205.0,184385.0,138392,5,425045
WIN$D,M15,1774532700,184385.0,184695.0,184225.0,184630.0,121209,5,380048
WIN$D,M15,1774533600,184630.0,184865.0,184385.0,184415.0,142040,5,440417
WIN$D,M15,1774534500,184415.0,184525.0,184165.0,184310.0,124540,5,386759
WIN$D,M15,1774535400,184315.0,184475.0,184115.0,184145.0,120948,5,386362
WIN$D,M15,1774536300,184140.0,184400.0,183830.0,183960.0,154305,5,493527
WIN$D,M15,1774537200,183965.0,184110.0,183870.0,184085.0,124233,5,378268
WIN$D,M15,1774538100,184085.0,184235.0,183945.0,183995.0,110203,5,333765
WIN$D,M15,1774539000,183995.0,184395.0,183965.0,184295.0,112487,5,346536
WIN$D,M15,1774539900,184295.0,184550.0,184200.0,184520.0,94032,5,304820
WIN$D,M15,1774540800,184525.0,184550.0,183725.0,183855.0,142315,5,480941
WIN$D,M15,1774541700,183855.0,184115.0,183780.0,183990.0,115146,5,381173
WIN$D,M15,1774542600,183990.0,184010.0,183735.0,183880.0,95499,5,308225
WIN$D,M15,1774543500,183880.0,184085.0,183735.0,183750.0,110334,5,381920
WIN$D,M15,1774544400,183745.0,185960.0,183735.0,184705.0,264695,5,737637
WIN$D,M15,1774545300,184705.0,184805.0,184140.0,184510.0,156047,5,388834
WIN$D,M15,1774546200,184505.0,184730.0,184340.0,184645.0,66704,5,156584
WIN$D,M15,1774547100,184650.0,184675.0,184070.0,184295.0,50890,5,115596
WIN$D,M15,1774548000,184295.0,184475.0,184155.0,184195.0,32389,5,73714
WIN$D,M15,1774548900,184190.0,184430.0,184160.0,184335.0,11222,5,47437
WIN$D,M15,1774602000,183300.0,183875.0,182675.0,182830.0,329861,5,806449
WIN$D,M15,1774602900,182830.0,183565.0,182820.0,183230.0,245829,5,672956
WIN$D,M15,1774603800,183225.0,183515.0,183060.0,183240.0,221491,5,653150
WIN$D,M15,1774604700,183240.0,183505.0,182835.0,183340.0,226041,5,653247
WIN$D,M15,1774605600,183340.0,183360.0,182415.0,182500.0,292803,5,831620
WIN$D,M15,1774606500,182495.0,182770.0,182245.0,182555.0,271562,5,800314
WIN$D,M15,1774607400,182555.0,183135.0,182325.0,183105.0,360661,5,1062502
WIN$D,M15,1774608300,183110.0,183520.0,182595.0,182880.0,299093,5,880668
WIN$D,M15,1774609200,182885.0,183340.0,182775.0,183120.0,256258,5,759843
WIN$D,M15,1774610100,183120.0,183640.0,182980.0,183220.0,239682,5,745088
WIN$D,M15,1774611000,183215.0,183330.0,182995.0,183135.0,155955,5,460418
WIN$D,M15,1774611900,183130.0,184000.0,183115.0,183910.0,224244,5,706409
WIN$D,M15,1774612800,183910.0,184650.0,183830.0,184000.0,243921,5,804466
WIN$D,M15,1774613700,183995.0,184555.0,183785.0,184165.0,210260,5,679762
WIN$D,M15,1774614600,184165.0,184480.0,184110.0,184185.0,131083,5,409439
WIN$D,M15,1774615500,184190.0,184285.0,183815.0,183880.0,99498,5,307018
WIN$D,M15,1774616400,183885.0,183990.0,183655.0,183740.0,108944,5,362526
WIN$D,M15,1774617300,183740.0,183755.0,183350.0,183605.0,114117,5,390990
WIN$D,M15,1774618200,183605.0,183710.0,183245.0,183405.0,111243,5,370821
WIN$D,M15,1774619100,183410.0,183790.0,183355.0,183415.0,122677,5,418451
WIN$D,M15,1774620000,183415.0,183455.0,182865.0,183005.0,191836,5,605373
WIN$D,M15,1774620900,183000.0,183055.0,182665.0,182735.0,103788,5,319727
WIN$D,M15,1774621800,182740.0,182875.0,182610.0,182725.0,105391,5,346719
WIN$D,M15,1774622700,182720.0,182815.0,182525.0,182600.0,89353,5,286730
WIN$D,M15,1774623600,182600.0,182630.0,182270.0,182325.0,104471,5,341686
WIN$D,M15,1774624500,182330.0,182460.0,182215.0,182330.0,119686,5,398356
WIN$D,M15,1774625400,182325.0,182720.0,182275.0,182545.0,113530,5,372570
WIN$D,M15,1774626300,182545.0,182655.0,182415.0,182515.0,77899,5,259433
WIN$D,M15,1774627200,182510.0,182610.0,182175.0,182230.0,99974,5,349770
WIN$D,M15,1774628100,182230.0,182535.0,182210.0,182465.0,84219,5,289853
WIN$D,M15,1774629000,182465.0,182570.0,182135.0,182220.0,94066,5,329259
WIN$D,M15,1774629900,182225.0,182505.0,182010.0,182420.0,117414,5,412142
WIN$D,M15,1774630800,182415.0,182790.0,182270.0,182370.0,111655,5,367029
WIN$D,M15,1774631700,182365.0,182495.0,182065.0,182470.0,68683,5,203622
WIN$D,M15,1774632600,182470.0,182510.0,182145.0,182320.0,47279,5,151254
WIN$D,M15,1774633500,182320.0,182385.0,182250.0,182350.0,19859,5,63769
WIN$D,M15,1774634400,182350.0,182410.0,182120.0,182165.0,28973,5,80289
WIN$D,M15,1774635300,182175.0,182275.0,182010.0,182115.0,14454,5,58811
WIN$D,M15,1774861200,182895.0,182900.0,181935.0,182810.0,284962,5,753964
WIN$D,M15,1774862100,182810.0,183660.0,182810.0,183590.0,211284,5,621761
WIN$D,M15,1774863000,183595.0,184260.0,183590.0,184230.0,185884,5,594857
WIN$D,M15,1774863900,184225.0,184255.0,183920.0,184170.0,160993,5,514134
WIN$D,M15,1774864800,184165.0,184705.0,184085.0,184430.0,297543,5,932418
WIN$D,M15,1774865700,184435.0,184730.0,184090.0,184305.0,235034,5,717176
WIN$D,M15,1774866600,184300.0,184970.0,184220.0,184760.0,351929,5,1064747
WIN$D,M15,1774867500,184760.0,184785.0,183355.0,183590.0,305851,5,936065
WIN$D,M15,1774868400,183600.0,184350.0,183590.0,184170.0,296863,5,885269
WIN$D,M15,1774869300,184170.0,184230.0,183650.0,183840.0,221597,5,628438
WIN$D,M15,1774870200,183835.0,184460.0,183825.0,183960.0,225815,5,671940
WIN$D,M15,1774871100,183965.0,185125.0,183870.0,185050.0,286569,5,842233
WIN$D,M15,1774872000,185055.0,185400.0,184685.0,184690.0,206452,5,656245
WIN$D,M15,1774872900,184690.0,185000.0,184565.0,184870.0,145243,5,438158
WIN$D,M15,1774873800,184870.0,185445.0,184750.0,185360.0,159091,5,485078
WIN$D,M15,1774874700,185360.0,185485.0,185135.0,185200.0,131704,5,404268
WIN$D,M15,1774875600,185200.0,185235.0,184920.0,184970.0,119668,5,373395
WIN$D,M15,1774876500,184970.0,185045.0,184530.0,184530.0,117435,5,387574
WIN$D,M15,1774877400,184530.0,184770.0,184415.0,184570.0,140897,5,471873
WIN$D,M15,1774878300,184570.0,184625.0,184315.0,184430.0,100510,5,320621
WIN$D,M15,1774879200,184425.0,184625.0,184140.0,184175.0,133153,5,435095
WIN$D,M15,1774880100,184170.0,184195.0,183625.0,183705.0,163568,5,547715
WIN$D,M15,1774881000,183710.0,183925.0,183390.0,183840.0,170978,5,566111
WIN$D,M15,1774881900,183840.0,184150.0,183610.0,183740.0,148176,5,470240
WIN$D,M15,1774882800,183735.0,183845.0,183490.0,183635.0,118107,5,366897
WIN$D,M15,1774883700,183635.0,183895.0,183455.0,183480.0,137639,5,455225
WIN$D,M15,1774884600,183480.0,183615.0,183280.0,183430.0,116066,5,378441
WIN$D,M15,1774885500,183435.0,183540.0,183125.0,183265.0,117492,5,390270
WIN$D,M15,1774886400,183265.0,183495.0,182815.0,182950.0,142272,5,478918
WIN$D,M15,1774887300,182945.0,183145.0,182795.0,183040.0,123235,5,415422
WIN$D,M15,1774888200,183040.0,183515.0,183005.0,183455.0,125989,5,420540
WIN$D,M15,1774889100,183455.0,183700.0,183300.0,183610.0,126708,5,423694
WIN$D,M15,1774890000,183605.0,183830.0,183285.0,183525.0,104522,5,344085
WIN$D,M15,1774890900,183525.0,183725.0,183520.0,183590.0,43680,5,141061
WIN$D,M15,1774891800,183590.0,183610.0,183375.0,183520.0,44297,5,145618
WIN$D,M15,1774892700,183515.0,183695.0,183455.0,183615.0,46836,5,136716
WIN$D,M15,1774893600,183620.0,183690.0,183395.0,183440.0,40611,5,96168
WIN$D,M15,1774894500,183445.0,183480.0,183215.0,183280.0,19385,5,68140
WIN$D,M15,1774947600,184900.0,186295.0,184660.0,185790.0,457359,5,1090848
WIN$D,M15,1774948500,185790.0,186775.0,185550.0,186620.0,363662,5,969627
WIN$D,M15,1774949400,186620.0,187030.0,186510.0,187010.0,227899,5,646917
WIN$D,M15,1774950300,187010.0,187025.0,186350.0,186420.0,229116,5,670681
WIN$D,M15,1774951200,186420.0,186970.0,185950.0,186795.0,355109,5,1031146
WIN$D,M15,1774952100,186790.0,187400.0,186260.0,186380.0,331367,5,1003563
WIN$D,M15,1774953000,186380.0,186780.0,185870.0,186400.0,343230,5,986300
WIN$D,M15,1774953900,186400.0,187415.0,186395.0,187120.0,268402,5,787516
WIN$D,M15,1774954800,187105.0,187455.0,187005.0,187035.0,221105,5,639558
WIN$D,M15,1774955700,187030.0,187125.0,186345.0,186500.0,228012,5,701591
WIN$D,M15,1774956600,186495.0,186935.0,185605.0,185775.0,272744,5,850896
WIN$D,M15,1774957500,185780.0,185995.0,185295.0,185395.0,244871,5,754988
WIN$D,M15,1774958400,185395.0,186425.0,185395.0,186355.0,207680,5,686401
WIN$D,M15,1774959300,186355.0,186425.0,185830.0,185870.0,160806,5,518499
WIN$D,M15,1774960200,185870.0,186385.0,185755.0,186130.0,153238,5,470424
WIN$D,M15,1774961100,186125.0,186640.0,185985.0,186135.0,155312,5,487024
WIN$D,M15,1774962000,186135.0,186555.0,186035.0,186300.0,136155,5,425352
WIN$D,M15,1774962900,186295.0,186765.0,186250.0,186565.0,115787,5,362050
WIN$D,M15,1774963800,186565.0,188320.0,186445.0,187810.0,347286,5,1000078
WIN$D,M15,1774964700,187805.0,188055.0,187340.0,187850.0,295699,5,805480
WIN$D,M15,1774965600,187845.0,188410.0,187835.0,188290.0,241636,5,707530
WIN$D,M15,1774966500,188290.0,188460.0,187625.0,187775.0,194727,5,577318
WIN$D,M15,1774967400,187770.0,188240.0,187675.0,188015.0,200332,5,571548
WIN$D,M15,1774968300,188010.0,188135.0,187670.0,187725.0,120068,5,357417
WIN$D,M15,1774969200,187725.0,188415.0,187700.0,188290.0,153488,5,481027
WIN$D,M15,1774970100,188295.0,188545.0,188055.0,188205.0,145559,5,453275
WIN$D,M15,1774971000,188205.0,188365.0,187905.0,188285.0,122237,5,388895
WIN$D,M15,1774971900,188290.0,188515.0,188115.0,188220.0,100636,5,324141
WIN$D,M15,1774972800,188225.0,188430.0,188080.0,188215.0,95227,5,299858
WIN$D,M15,1774973700,188210.0,188345.0,187860.0,188105.0,110238,5,365410
WIN$D,M15,1774974600,188100.0,188385.0,188060.0,188210.0,87811,5,299180
WIN$D,M15,1774975500,188205.0,188660.0,188175.0,188615.0,121101,5,444193
WIN$D,M15,1774976400,188610.0,188695.0,188380.0,188600.0,79033,5,288042
WIN$D,M15,1774977300,188600.0,188765.0,188530.0,188665.0,59359,5,214019
WIN$D,M15,1774978200,188665.0,188730.0,188520.0,188650.0,38440,5,128218
WIN$D,M15,1774979100,188650.0,188960.0,188545.0,188610.0,43303,5,149462
WIN$D,M15,1774980000,188610.0,188760.0,188345.0,188745.0,51166,5,119705
WIN$D,M15,1774980900,188755.0,189130.0,188610.0,188885.0,23795,5,76223
WIN$D,M15,1775034000,189825.0,190255.0,189165.0,189370.0,371633,5,866383
WIN$D,M15,1775034900,189370.0,189995.0,189365.0,189750.0,307830,5,747301
WIN$D,M15,1775035800,189755.0,190250.0,189425.0,189940.0,253117,5,684842
WIN$D,M15,1775036700,189940.0,190180.0,189060.0,189185.0,385176,5,977333
WIN$D,M15,1775037600,189190.0,189925.0,188750.0,189365.0,411122,5,1157032
WIN$D,M15,1775038500,189360.0,189525.0,188825.0,189320.0,327156,5,898707
WIN$D,M15,1775039400,189320.0,189725.0,188910.0,189190.0,364358,5,991772
WIN$D,M15,1775040300,189200.0,189320.0,188930.0,189060.0,243940,5,690327
WIN$D,M15,1775041200,189060.0,189080.0,188430.0,188545.0,303153,5,901445
WIN$D,M15,1775042100,188545.0,188730.0,188085.0,188430.0,273569,5,865505
WIN$D,M15,1775043000,188425.0,188785.0,188060.0,188655.0,279401,5,881649
WIN$D,M15,1775043900,188655.0,189325.0,188520.0,189295.0,206114,5,664324
WIN$D,M15,1775044800,189290.0,189700.0,189270.0,189425.0,198456,5,643291
WIN$D,M15,1775045700,189425.0,189830.0,189065.0,189090.0,172529,5,577602
WIN$D,M15,1775046600,189090.0,189475.0,188980.0,189420.0,152006,5,513025
WIN$D,M15,1775047500,189420.0,189595.0,189240.0,189420.0,134335,5,444537
WIN$D,M15,1775048400,189420.0,189515.0,189105.0,189165.0,119173,5,404900
WIN$D,M15,1775049300,189165.0,189260.0,189060.0,189080.0,95771,5,326657
WIN$D,M15,1775050200,189080.0,189945.0,189080.0,189860.0,181876,5,618282
WIN$D,M15,1775051100,189860.0,189965.0,189655.0,189790.0,138614,5,460780
WIN$D,M15,1775052000,189790.0,190080.0,189705.0,190020.0,113243,5,371663
WIN$D,M15,1775052900,190015.0,190045.0,189745.0,189765.0,98219,5,344469
WIN$D,M15,1775053800,189760.0,189865.0,189570.0,189625.0,111741,5,404553
WIN$D,M15,1775054700,189625.0,189780.0,189385.0,189455.0,109521,5,396710
WIN$D,M15,1775055600,189460.0,189540.0,188830.0,188860.0,165918,5,600045
WIN$D,M15,1775056500,188855.0,188875.0,188535.0,188670.0,160668,5,564950
WIN$D,M15,1775057400,188665.0,189130.0,188450.0,188900.0,178120,5,621860
WIN$D,M15,1775058300,188905.0,188950.0,188560.0,188655.0,127361,5,439227
WIN$D,M15,1775059200,188655.0,188800.0,188370.0,188690.0,136347,5,481214
WIN$D,M15,1775060100,188695.0,189205.0,188655.0,189090.0,120658,5,410789
WIN$D,M15,1775061000,189085.0,189320.0,189050.0,189150.0,118224,5,408255
WIN$D,M15,1775061900,189150.0,189205.0,188630.0,188805.0,150038,5,536223
WIN$D,M15,1775062800,188805.0,188950.0,188690.0,188860.0,81155,5,270409
WIN$D,M15,1775063700,188865.0,188885.0,188540.0,188635.0,72077,5,241480
WIN$D,M15,1775064600,188640.0,188835.0,188610.0,188735.0,36717,5,125725
WIN$D,M15,1775065500,188730.0,188860.0,188650.0,188710.0,37468,5,125593
WIN$D,M15,1775066400,188715.0,189000.0,188710.0,188935.0,41235,5,95171
WIN$D,M15,1775067300,188930.0,188975.0,188635.0,188800.0,19999,5,65550
WIN$D,M15,1775120400,186110.0,186610.0,185485.0,185780.0,318847,5,862216
WIN$D,M15,1775121300,185780.0,186135.0,185360.0,185550.0,295258,5,806174
WIN$D,M15,1775122200,185555.0,186135.0,185380.0,186095.0,258183,5,709575
WIN$D,M15,1775123100,186095.0,186450.0,185620.0,185780.0,285943,5,842255
WIN$D,M15,1775124000,185775.0,186015.0,185330.0,185980.0,311784,5,920813
WIN$D,M15,1775124900,185975.0,186590.0,185695.0,186265.0,299479,5,913096
WIN$D,M15,1775125800,186260.0,186635.0,185920.0,186125.0,335420,5,1037212
WIN$D,M15,1775126700,186125.0,187845.0,186075.0,187655.0,350070,5,1112930
WIN$D,M15,1775127600,187650.0,187945.0,187480.0,187700.0,251779,5,780413
WIN$D,M15,1775128500,187705.0,188100.0,187545.0,187685.0,211557,5,670617
WIN$D,M15,1775129400,187685.0,189660.0,187675.0,189495.0,462200,5,1387994
WIN$D,M15,1775130300,189495.0,189520.0,188505.0,188950.0,273612,5,817382
WIN$D,M15,1775131200,188950.0,189610.0,188715.0,189540.0,212445,5,621631
WIN$D,M15,1775132100,189545.0,190105.0,189050.0,189515.0,233887,5,725060
WIN$D,M15,1775133000,189510.0,189685.0,189255.0,189490.0,137564,5,402515
WIN$D,M15,1775133900,189485.0,189495.0,188865.0,188890.0,128430,5,380610
WIN$D,M15,1775134800,188895.0,189060.0,188640.0,188750.0,123150,5,376058
WIN$D,M15,1775135700,188755.0,188875.0,188100.0,188190.0,142451,5,446230
WIN$D,M15,1775136600,188190.0,188770.0,188055.0,188615.0,158740,5,485345
WIN$D,M15,1775137500,188620.0,188695.0,188260.0,188290.0,103551,5,314843
WIN$D,M15,1775138400,188295.0,188565.0,188105.0,188495.0,121718,5,384764
WIN$D,M15,1775139300,188490.0,188645.0,188335.0,188575.0,93095,5,298421
WIN$D,M15,1775140200,188570.0,188620.0,188135.0,188280.0,102398,5,338465
WIN$D,M15,1775141100,188280.0,188335.0,187825.0,188125.0,124466,5,415169
WIN$D,M15,1775142000,188125.0,188400.0,188110.0,188305.0,93445,5,312976
WIN$D,M15,1775142900,188305.0,188335.0,188085.0,188205.0,80412,5,257719
WIN$D,M15,1775143800,188210.0,188215.0,187915.0,188195.0,99582,5,325760
WIN$D,M15,1775144700,188200.0,188645.0,188165.0,188440.0,111579,5,375753
WIN$D,M15,1775145600,188440.0,188690.0,188325.0,188645.0,100310,5,337529
WIN$D,M15,1775146500,188645.0,188780.0,188490.0,188675.0,102534,5,332801
WIN$D,M15,1775147400,188675.0,188935.0,188575.0,188590.0,94501,5,309507
WIN$D,M15,1775148300,188595.0,188840.0,188405.0,188710.0,105180,5,358281
WIN$D,M15,1775149200,188710.0,188770.0,188465.0,188745.0,68945,5,211022
WIN$D,M15,1775150100,188750.0,188860.0,188435.0,188540.0,54821,5,173060
WIN$D,M15,1775151000,188535.0,188610.0,188465.0,188540.0,30395,5,96548
WIN$D,M15,1775151900,188540.0,188575.0,188415.0,188485.0,23220,5,66330
WIN$D,M15,1775152800,188485.0,188640.0,188350.0,188555.0,37144,5,101069
WIN$D,M15,1775153700,188555.0,188660.0,188460.0,188660.0,11458,5,52789
